0.748842
0.488954
0.570009
0.542293
0.012084
0.004509
0.717742
0.556067
0.488954
0.502019
0.642105
0.876885
0.876885
0.316435
0.598384
0.316435
0.450885
0.041890
0.243187
0.104913
0.642105
0.347298
0.844429
0.438578
0.347298
0.296891
0.502019
0.476075
0.269120
0.027817
0.528691
0.687103
0.671970
0.515265
0.991760
0.656969
0.828296
0.812236
0.598384
0.048537
0.733237
0.000209
0.488954
0.717742
0.909549
0.234946
0.515265
0.027817
0.958816
0.702362
0.671970
0.876885
0.100560
0.860628
0.488954
0.687103
0.612808
0.414552
0.151120
0.975282
0.656969
0.000038
0.598384
0.050940
0.515265
0.269120
0.528691
0.402837
0.733237
0.084569
0.860628
0.893194
0.169560
0.687103
0.671970
0.092287
0.556067
0.476075
0.584117
0.860628
0.556067
0.260273
0.176068
0.368902
0.975282
0.893194
0.925942
0.975282
0.347298
0.015221
0.061573
0.925942
0.046229
0.796253
0.109414
0.796253
0.780356
0.391323
0.050940
0.844429
0.612808
0.064501
0.134249
0.182760
0.958816
0.211416
0.748842
0.909549
0.402837
0.145326
0.139703
0.163235
0.096352
0.476075
0.139703
0.123837
0.942367
0.476075
0.570009
0.463385
0.067542
0.812236
0.909549
0.114066
0.357997
0.502019
0.488954
0.488954
0.991760
0.287429
0.163235
0.733237
0.627383
0.942367
0.211416
0.796253
0.025015
0.958816
0.211416
0.612808
0.306560
0.003246
0.828296
0.368902
0.942367
0.025015
0.909549
0.893194
0.463385
0.942367
0.828296
0.402837
0.642105
0.717742
0.925942
0.687103
0.114066
0.748842
0.570009
0.860628
0.450885
0.942367
0.426467
0.844429
0.627383
0.876885
0.542293
0.402837
0.139703
0.000986
0.556067
0.104913
0.909549
0.687103
0.391323
0.326516
0.812236
0.463385
0.463385
0.196706
0.570009
0.391323
0.627383
0.812236
0.796253
0.542293
0.211416
0.702362
0.627383
0.114066
0.476075
0.114066
0.463385
0.627383
0.145326
0.844429
0.702362
0.780356
0.860628
0.064501
0.287429
0.306560
0.671970
0.347298
0.893194
0.008448
0.169560
0.733237
0.260273
0.502019
0.139703
0.687103
0.476075
0.958816
0.096352
0.084569
0.909549
0.189638
0.438578
0.528691
0.502019
0.748842
0.733237
0.226905
0.426467
0.975282
0.316435
0.269120
0.380011
0.070701
0.780356
0.151120
0.109414
0.812236
0.109414
0.139703
0.942367
0.627383
0.008976
0.006202
0.391323
0.612808
0.151120
0.812236
0.975282
0.088360
0.104913
0.942367
0.925942
0.018025
0.780356
0.528691
0.296891
0.048537
0.570009
0.502019
0.088360
0.438578
0.656969
0.134249
0.958816
0.687103
0.347298
0.219062
0.991760
0.234946
0.061573
0.828296
0.893194
0.287429
0.438578
0.067542
0.114066
0.991760
0.226905
0.064501
0.925942
0.347298
0.391323
0.036031
0.203964
0.189638
0.844429
0.656969
0.064501
0.702362
0.942367
0.975282
0.717742
0.402837
0.671970
0.584117
0.528691
0.476075
0.114066
0.316435
0.316435
0.100560
0.844429
0.077382
0.211416
0.975282
0.687103
0.909549
0.828296
0.080911
0.189638
0.039854
0.438578
0.196706
0.925942
0.556067
0.004809
0.656969
0.189638
0.958816
0.702362
0.502019
0.096352
0.157089
0.151120
0.357997
0.671970
0.010741
0.402837
0.010121
0.828296
0.036031
0.368902
0.067542
0.176068
0.975282
0.780356
0.764550
0.642105
0.243187
0.100560
0.118873
0.828296
0.080911
0.463385
0.084569
0.189638
0.642105
0.114066
0.203964
0.584117
0.502019
0.402837
0.316435
0.687103
0.169560
0.502019
0.073980
0.748842
0.426467
0.029317
0.687103
0.347298
0.073980
0.080911
0.336804
0.021271
0.828296
0.226905
0.488954
0.687103
0.642105
0.860628
0.556067
0.570009
0.296891
0.656969
0.748842
0.151120
0.114066
0.296891
0.780356
0.612808
0.109414
0.733237
0.219062
0.515265
0.733237
0.157089
0.828296
0.463385
0.642105
0.991760
0.176068
0.909549
0.488954
0.463385
0.702362
0.991760
0.347298
0.163235
0.733237
0.251628
0.796253
0.584117
0.893194
0.077382
0.157089
0.009533
0.050940
0.909549
0.189638
0.070701
0.278172
0.812236
0.278172
0.123837
0.812236
0.226905
0.234946
0.260273
0.176068
0.488954
0.169560
0.942367
0.488954
0.104913
0.426467
0.642105
0.528691
0.426467
0.975282
0.243187
0.488954
0.234946
0.764550
0.196706
0.828296
0.260273
0.925942
0.764550
0.476075
0.391323
0.642105
0.702362
0.733237
0.796253
0.157089
0.687103
0.269120
0.556067
0.612808
0.942367
0.336804
0.336804
0.702362
0.450885
0.893194
0.296891
0.357997
0.717742
0.528691
0.203964
0.687103
0.139703
0.368902
0.357997
0.717742
0.876885
0.764550
0.196706
0.844429
0.542293
0.764550
0.251628
0.780356
0.050940
0.123837
0.717742
0.001416
0.909549
0.780356
0.656969
0.958816
0.182760
0.570009
0.812236
0.942367
0.096352
0.612808
0.234946
0.844429
0.037901
0.139703
0.627383
0.702362
0.357997
0.357997
0.925942
0.893194
0.860628
0.450885
0.380011
0.016110
0.476075
0.780356
0.556067
0.764550
0.598384
0.488954
0.025015
0.812236
0.812236
0.733237
0.844429
0.326516
0.169560
0.145326
0.828296
0.780356
0.796253
0.702362
0.612808
0.000986
0.502019
0.502019
0.488954
0.671970
0.671970
0.211416
0.764550
0.004509
0.096352
0.347298
0.584117
0.764550
0.037901
0.450885
0.627383
0.958816
0.958816
0.070701
0.748842
0.812236
0.219062
0.391323
0.269120
0.642105
0.909549
0.488954
0.053443
0.039854
0.656969
0.925942
0.687103
0.196706
0.100560
0.118873
0.991760
0.542293
0.347298
0.414552
0.123837
0.876885
0.515265
0.584117
0.733237
0.876885
0.909549
0.598384
0.958816
0.598384
0.717742
0.612808
0.357997
0.860628
0.893194
0.176068
0.357997
0.584117
