0.432028
0.986353
0.780400
0.838470
0.027146
0.926900
0.692436
0.121289
0.832659
0.088812
0.000000
0.185294
0.832659
0.353757
0.304880
0.797022
0.998379
0.910214
0.913160
0.327960
0.672703
0.521217
0.091785
0.368905
0.458608
0.844164
0.088081
0.340741
0.529641
0.521217
0.654627
0.918852
0.456549
0.968586
0.936734
0.826730
0.811408
0.590668
0.396060
0.621886
0.829709
0.650574
0.148627
0.646509
0.355635
0.690480
0.997942
0.916984
0.004436
0.232211
0.219107
0.388222
0.310128
0.129941
0.019423
0.269519
0.588574
0.136986
0.644472
0.630134
0.676681
0.000000
0.264671
0.489747
0.959401
0.976450
0.177745
0.672703
0.946965
0.117587
0.464801
0.165649
0.172834
0.873338
0.333408
0.968122
0.949652
0.045608
0.018441
0.085204
0.263066
0.134944
0.860530
0.864452
0.863152
0.301408
0.193061
0.117587
0.159826
0.690480
0.380446
0.859207
0.446286
0.401978
0.601117
0.849739
0.388222
0.217681
0.601117
0.000699
0.489747
0.491837
0.863152
0.580185
0.529641
0.350015
0.199702
0.245802
0.143249
0.100372
0.464801
0.466869
0.201048
0.368905
0.357517
0.834122
0.009568
0.357517
0.342587
0.279371
0.644472
0.726855
0.692436
0.704076
0.425961
0.123172
0.559150
0.690480
0.757841
0.908213
0.320766
0.010113
0.190448
0.565467
0.965227
0.736133
0.860530
0.918852
0.099566
0.335234
0.877032
0.068898
0.407928
0.088081
0.937509
0.423944
0.232211
0.104478
0.563362
0.327960
0.253561
0.630134
0.277715
0.415910
0.001752
0.964725
0.085204
0.634244
0.938277
0.797022
0.702147
0.296240
0.795389
0.320766
0.694386
0.159826
0.540179
0.506502
0.923395
0.792104
0.120355
0.335234
0.322557
0.202401
0.535963
0.060410
0.907201
0.117587
0.974550
0.081715
0.764892
0.411912
0.320766
0.974550
0.289426
0.210644
0.535963
0.011921
0.276064
0.531748
0.454491
0.044355
0.834122
0.743459
0.752491
0.005049
0.678664
0.728721
0.892248
0.081715
0.304880
0.737973
0.533855
0.510702
0.344437
0.000000
0.582284
0.313653
0.310128
0.676681
0.881851
0.423944
0.739807
0.357517
0.072557
0.206495
0.601117
0.812972
0.384326
0.868306
0.267897
0.763139
0.483487
0.927758
0.914127
0.573882
0.674694
0.475163
0.955927
0.039259
0.033360
0.417913
0.707920
0.656649
0.039632
0.113084
0.098765
0.276064
0.933568
0.694386
0.870837
0.955927
0.299680
0.634244
0.575984
0.544396
0.739807
0.083794
0.241218
0.980237
0.013866
0.304880
0.392133
0.340741
0.713652
0.491837
0.996895
0.256706
0.276064
0.224871
0.220539
0.921600
0.340741
0.421931
0.820687
0.936734
0.066543
0.504403
0.839905
0.728721
0.975704
0.141138
0.253561
0.808259
0.000219
0.016263
0.331587
0.139050
0.438122
0.795389
0.970391
0.248888
0.873338
0.322557
0.160979
0.747089
0.122228
0.157539
0.983522
0.337065
0.048205
0.666709
0.444241
0.863152
0.996682
0.271147
0.892248
0.092541
0.165649
0.044770
0.878248
0.761379
0.460670
0.913160
0.028245
0.925162
0.357517
0.052811
0.241218
0.519112
0.118505
0.434057
0.438122
0.548612
0.489747
0.531748
0.209255
0.143249
0.646509
0.197027
0.660683
0.997687
0.090289
0.569676
0.893365
0.456549
0.732438
0.094837
0.006901
0.310128
0.149721
0.326154
0.698275
0.887703
0.734288
0.468940
0.464801
0.500209
0.960511
0.338901
0.822208
0.609448
0.106157
0.133932
0.704076
0.094067
0.846966
0.963705
0.452436
0.000001
0.828223
0.036729
0.440159
0.421931
0.961058
0.165649
0.217681
0.955927
0.573882
0.013866
0.229257
0.168020
0.837028
0.127979
0.308373
0.780400
0.485572
0.155276
0.075726
0.750696
0.282700
0.350015
0.800267
0.027691
0.432028
0.928609
0.946965
0.442199
0.338901
0.893365
0.730582
0.698275
0.879457
0.201048
0.766640
0.844164
0.299680
0.248888
0.739807
0.353757
0.413909
0.747089
0.481403
0.853842
0.044355
0.561256
0.704076
0.925162
0.368905
0.615676
0.803484
0.051861
0.475163
0.012450
0.175278
0.561256
0.084497
0.984862
0.442199
0.924282
0.692436
0.886548
0.853842
0.925162
0.803484
0.521217
0.603202
0.413909
0.571780
0.678664
0.750696
0.805083
0.504403
0.525428
0.573882
0.400001
0.745276
0.931943
0.801879
0.310128
0.394095
0.125078
0.029673
0.226326
0.801879
0.660683
0.702147
0.662695
0.678664
0.987278
0.147540
0.575984
0.350015
0.800267
0.483487
0.000000
0.127979
0.580185
0.817622
0.491837
0.025568
0.181492
0.301408
0.912185
0.224871
0.554935
0.557043
0.797022
0.177745
0.068898
0.139050
0.750696
0.108715
0.686558
0.051392
0.082404
0.761379
0.045187
0.954110
0.792104
0.491837
0.510702
0.006443
0.783776
0.248888
0.483487
0.329771
0.140091
0.630134
0.112199
0.931120
0.790452
0.514906
0.496021
0.060947
0.065391
0.322557
0.372735
0.754280
0.438122
0.680643
0.770117
0.194377
0.798648
0.294528
0.971262
0.730582
0.881851
0.113084
0.126039
0.346291
0.471012
0.968122
0.409918
0.350015
0.136986
0.732438
0.575984
0.741635
0.975704
0.580185
0.745276
0.145383
0.952236
0.734288
0.893365
0.806675
0.961058
0.996136
0.164473
0.759613
0.064256
0.074445
0.991170
0.046033
0.282700
0.592760
0.000946
0.997406
0.220539
0.984862
0.559150
0.276064
0.891123
0.946277
0.923395
0.569676
0.269519
0.775287
0.757841
0.638343
0.434057
0.872091
0.353757
0.281033
0.527534
0.032403
0.324353
0.269519
0.048650
0.951600
0.450384
0.525428
0.452436
0.829709
0.748895
0.066543
0.792104
0.878248
0.857877
0.548612
0.232211
0.115770
0.194377
0.311888
0.000000
0.692436
0.668710
0.102820
0.344437
0.067126
0.079008
0.936734
0.525428
0.370818
0.016263
