0.688886
0.296976
0.842832
0.215179
0.791203
0.109708
0.368001
0.336038
0.041385
0.466945
0.865306
0.484166
0.513404
0.872271
0.986815
0.425583
0.087188
0.463625
0.964842
0.732218
0.436297
0.234713
0.764024
0.243926
0.995371
0.033162
0.541493
0.072679
0.109176
0.860557
0.735588
0.731838
0.168659
0.577830
0.169518
0.701114
0.329453
0.157007
0.950276
0.942359
0.070790
0.065959
0.942324
0.706945
0.567027
0.218941
0.121837
0.129106
0.897088
0.119120
0.089629
0.673187
0.438765
0.178439
0.455955
0.811303
0.991562
0.811303
0.277812
0.680480
0.210079
0.000000
0.006839
0.195435
0.476130
0.194300
0.438499
0.188807
0.320123
0.844967
0.272133
0.920698
0.375599
0.269838
0.149696
0.402483
0.557165
0.350876
0.675148
0.116284
0.578590
0.958077
0.709414
0.847625
0.675668
0.146931
0.381290
0.469323
0.334859
0.363849
0.380737
0.389148
0.659134
0.572428
0.548801
0.682001
0.227026
0.567898
0.430050
0.260284
0.298974
0.386691
0.278167
0.141260
0.105234
0.722868
0.714338
0.280477
0.775027
0.633554
0.113348
0.995705
0.656546
0.613030
0.912000
0.100651
0.154028
0.763397
0.989244
0.877427
0.399332
0.506163
0.627950
0.396984
0.293353
0.753282
0.726654
0.818457
0.537243
0.297259
0.678818
0.048254
0.602564
0.463439
0.959203
0.734627
0.095394
0.903234
0.601805
0.752165
0.718432
0.943005
0.295939
0.581817
0.814119
0.577652
0.041001
0.105368
0.145782
0.557185
0.876153
0.749083
0.469945
0.346818
0.214480
0.615930
0.203421
0.498463
0.357829
0.861009
0.113859
0.646783
0.462248
0.188239
0.461751
0.630540
0.064908
0.718255
0.110040
0.247881
0.916288
0.634712
0.487895
0.583945
0.765698
0.143407
0.454586
0.508823
0.909086
0.145376
0.128837
0.049892
0.673738
0.672393
0.441975
0.118471
0.599024
0.849018
0.007632
0.014674
0.042024
0.073965
0.628967
0.642104
0.097930
0.648000
0.973805
0.231914
0.092191
0.659134
0.040364
0.326995
0.007000
0.686809
0.796232
0.018360
0.927559
0.159176
0.204681
0.219041
0.298104
0.266996
0.107025
0.128392
0.910185
0.163275
0.627390
0.764509
0.991296
0.702766
0.478766
0.693678
0.077000
0.336804
0.100562
0.606158
0.211705
0.425996
0.556456
0.642765
0.528528
0.673264
0.084496
0.746664
0.196674
0.091777
0.570635
0.769268
0.337916
0.149696
0.684987
0.006208
0.044005
0.290215
0.195361
0.522960
0.196702
0.848528
0.035864
0.589565
0.670188
0.780458
0.507690
0.006717
0.637652
0.381677
0.686867
0.501899
0.828151
0.326392
0.822373
0.570177
0.386986
0.015211
0.243132
0.265647
0.240388
0.336886
0.207285
0.796261
0.872501
0.827359
0.342658
0.669872
0.717421
0.639157
0.152273
0.109426
0.379981
0.879141
0.143944
0.960754
0.598291
0.239291
0.986548
0.691808
0.685598
0.465671
0.796253
0.296891
0.000588
0.553820
0.096399
0.482468
0.207285
0.437366
0.196941
0.829737
0.512604
0.243380
0.602672
0.439049
0.660599
0.592837
0.751941
0.348558
0.948116
0.086786
0.426414
0.958346
0.291357
0.566006
0.655752
0.251624
0.670188
0.764853
0.009440
0.692406
0.128898
0.959280
0.279951
0.763518
0.054119
0.209801
0.226637
0.426466
0.095226
0.219065
0.471641
0.796322
0.161033
0.493036
0.419645
0.645634
0.657731
0.103025
0.764571
0.100415
0.169269
0.636653
0.360413
0.982534
0.823140
0.196424
0.644243
0.260234
0.005431
0.911316
0.191822
0.300163
0.731017
0.942122
0.278088
0.419082
0.940590
0.508790
0.800688
0.780458
0.596059
0.041351
0.020537
0.051665
0.957740
0.642677
0.991803
0.812091
0.200276
0.712056
0.271811
0.528778
0.230315
0.635654
0.329714
0.762689
0.626421
0.992147
0.911162
0.658054
0.415503
0.988146
0.766731
0.176401
0.860627
0.574427
0.083611
0.289520
0.256251
0.962323
0.640687
0.793676
0.796967
0.526531
0.864580
0.763669
0.486365
0.871456
0.077947
0.597737
0.286542
0.230135
0.305839
0.284599
0.822084
0.488501
0.590091
0.163232
0.415485
0.610284
0.208602
0.827119
0.249180
0.876814
0.556685
0.781916
0.145653
0.459614
0.198403
0.081726
0.733230
0.726128
0.957037
0.294582
0.958773
0.338717
0.576377
0.953625
0.895826
0.144807
0.502469
0.816065
0.812661
0.150853
0.811515
0.437129
0.685735
0.140293
0.189832
0.799754
0.035995
0.814875
0.595193
0.447116
0.780478
0.441146
0.646182
0.006108
0.473204
0.189832
0.907779
0.430244
0.058889
0.831918
0.665077
0.673275
0.238509
0.550349
0.893216
0.030812
0.019461
0.812235
0.259627
0.959659
0.629251
0.175965
0.438572
0.569882
0.653214
0.770329
0.046152
0.702177
0.688738
0.729723
0.492065
0.543513
0.860698
0.995030
0.896223
0.914458
0.973805
0.124207
0.502605
0.639879
0.721881
0.686744
0.451163
0.779433
0.668769
0.845738
0.012025
0.656098
0.930696
0.124761
0.201737
0.625009
0.162455
0.843889
0.065532
0.035978
0.289621
0.999038
0.702721
0.013514
0.990282
0.413861
0.296618
0.765577
0.626063
0.177788
0.040514
0.391763
0.797679
0.164624
0.924007
0.986107
0.606100
0.673187
0.843892
0.673187
0.479304
0.546495
0.845256
0.844471
0.405437
0.226813
0.037862
0.371525
0.833797
0.118733
0.073806
0.993870
0.428063
0.027815
0.203960
0.569088
0.652710
0.036026
0.341276
0.929868
0.807505
0.435637
0.370199
0.717734
0.114615
0.745305
0.670336
0.260419
0.926386
0.690244
0.104965
0.105343
0.750528
0.555798
0.692944
0.612714
0.543635
0.226999
0.221749
0.629369
0.987814
0.487678
0.141013
0.585641
0.287512
0.508318
0.233070
0.000829
0.698231
0.643707
0.115149
0.047496
0.210731
0.516454
0.306559
0.268595
0.956507
0.812339
