0.690166
0.513281
0.690166
0.055312
0.713075
0.084803
0.290658
0.137917
0.350951
0.246759
0.649688
0.535389
0.513281
0.173237
0.350951
0.421575
0.250182
0.067775
0.429087
0.848789
0.106369
0.470257
0.535389
0.884948
0.978604
0.727244
0.667094
0.580543
0.574890
0.766291
0.787927
0.269851
0.704484
0.203680
0.951979
0.021268
0.626544
0.589144
0.146673
0.793201
0.150086
0.891273
0.758020
0.241635
0.521553
0.744157
0.103042
0.340005
0.521553
0.409279
0.284858
0.727244
0.991213
0.681504
0.643949
0.860501
0.491556
0.597771
0.884948
0.681504
0.340005
0.496903
0.434080
0.713075
0.527033
0.026438
0.322949
0.649688
0.635244
0.971109
0.836720
0.067775
0.306500
0.580543
0.426518
0.620815
0.971109
0.749684
0.626544
0.449423
0.290658
0.549354
0.279144
0.867378
0.169385
0.643949
0.401971
0.279144
0.327120
0.368979
0.927324
0.429087
0.215763
0.357661
0.947760
0.269851
0.626544
0.401971
0.513281
0.434080
0.147829
0.801128
0.779856
0.233315
0.848789
0.589144
0.518727
0.406779
0.658394
0.312615
0.821730
0.612135
0.246759
0.594827
0.594827
0.801128
0.496903
0.141156
0.144460
0.441715
0.329292
0.183833
0.159490
0.316692
0.141156
0.255445
0.251967
0.312615
0.077446
0.316692
0.597771
0.141156
0.916674
0.387593
0.766291
0.549354
0.758020
0.913005
0.050328
0.001172
0.829282
0.051648
0.429087
0.749684
0.667094
0.821730
0.046970
0.690166
0.801128
0.612135
0.978604
0.829282
0.829282
0.357661
0.499678
0.603471
0.907293
0.029186
0.994555
0.049040
0.612135
0.050328
0.808960
0.505064
0.387593
0.446787
0.190711
0.704484
0.454542
0.658394
0.255445
0.043818
0.635244
0.470257
0.681504
0.245003
0.658394
0.771705
0.860501
0.009546
0.112510
0.310521
0.170690
0.284858
0.727244
0.848789
0.513281
0.434080
0.580543
0.626544
0.059212
0.011106
0.499678
0.829282
0.505064
0.557828
0.394742
0.808960
0.612135
0.816691
0.735726
0.907293
0.801128
0.766291
0.597771
0.589144
0.549354
0.907293
0.322949
0.340005
0.150086
0.690166
0.434080
0.004043
0.053907
0.000109
0.735726
0.801128
0.626544
0.414138
0.153566
0.540922
0.787927
0.000067
0.147829
0.848789
0.441715
0.010298
0.836720
0.984769
0.951979
0.620815
0.841556
0.327120
0.681504
0.991213
0.414138
0.891273
0.241635
0.090535
0.727244
0.112510
0.055312
0.470257
0.223587
0.005418
0.749684
0.996919
0.077446
0.566341
0.094284
0.491556
0.779856
0.269851
0.329292
0.340005
0.449423
0.112510
0.457201
0.758020
0.470257
0.333520
0.640981
0.795913
0.042685
0.050328
0.860501
0.589144
0.505064
0.612135
0.236593
0.580543
0.612135
0.032771
0.735726
0.779856
0.649688
0.139014
0.117048
0.635244
0.147829
0.375911
0.250182
0.056256
0.194957
0.951979
0.340005
0.594827
0.571972
0.566341
0.306500
0.312615
0.922090
0.580543
0.874110
0.215763
0.978604
0.190711
0.821730
0.513281
0.340005
0.194957
0.017866
0.300471
0.082732
0.449423
0.057717
0.635244
0.255445
0.801128
0.409279
0.275424
0.884948
0.744157
0.913005
0.199280
0.981075
0.681504
0.340005
0.891273
0.021268
0.141156
0.255445
0.000846
0.808960
0.310521
0.690166
0.092778
0.159490
0.470257
0.557828
0.107244
0.667094
0.057717
0.557828
0.409279
0.771705
0.017543
0.147829
0.958545
0.713075
0.470257
0.228410
0.698805
0.971109
0.779856
0.557828
0.922090
0.612135
0.187953
0.907293
0.704484
0.316692
0.978604
0.260793
0.801128
0.658394
0.122729
0.491556
0.264363
0.290658
0.951979
0.922090
0.357661
0.088340
0.951979
0.441715
0.557828
0.829282
0.808960
0.401971
0.695863
0.935597
0.255445
0.066084
0.108126
0.177160
0.860501
0.907293
0.612135
0.327120
0.183833
0.350951
0.353229
0.090535
0.390021
0.821730
0.215763
0.940331
0.978604
0.527033
0.927324
0.284858
0.735726
0.620815
0.023508
0.795913
0.535389
0.206623
0.735726
0.344325
0.848789
0.057717
0.543791
0.316692
0.978604
0.984769
0.246759
0.250182
0.192150
0.947760
0.626544
0.713075
0.635244
0.245003
0.475494
0.848789
0.681504
0.290658
0.626544
0.603471
0.132684
0.329292
0.173237
0.441715
0.965738
0.951979
0.727244
0.491556
0.793201
0.255445
0.255445
0.014571
0.643949
0.192150
0.441715
0.907293
0.322949
0.364456
0.695863
0.649688
0.808960
0.316692
0.434080
0.333520
0.958545
0.922090
0.721628
0.766291
0.626544
0.594827
0.727244
0.713075
0.043818
0.414138
0.848789
0.004372
0.333520
0.848789
0.766291
0.499678
0.215763
0.300471
0.483494
0.841556
0.549354
0.935597
0.612135
0.033659
0.635244
0.535389
0.916674
0.735726
0.057717
0.000310
0.971109
0.103042
0.269851
0.070668
0.275424
0.112510
0.170690
0.082732
0.233315
0.044980
0.667094
0.475494
0.713075
0.470257
0.470257
0.848789
0.241635
0.350951
0.496903
0.901408
0.681504
0.836720
0.771705
0.340005
0.658394
0.566341
0.350951
0.841556
0.306500
0.033659
0.275424
0.112510
0.080707
0.629509
0.401971
0.187953
0.241635
0.273514
0.690166
0.061772
0.690166
0.441715
0.357661
0.867378
0.704484
0.690166
0.518727
0.135818
0.390021
0.901408
0.340005
0.922090
0.475494
0.922090
0.082732
0.695863
0.394742
0.589144
0.940331
0.649688
0.082732
0.974087
0.223587
0.771705
0.215763
0.962240
0.867378
0.130653
0.429087
0.421575
0.147829
0.483494
0.848789
0.557828
0.672823
0.901408
0.947760
0.387593
0.962240
0.306500
0.340005
0.170690
0.098170
0.223587
0.535389
0.901408
0.735726
0.475494
0.350951
0.922090
0.449423
0.223587
0.744157
0.264363
0.713075
0.166886
0.322949
0.070668
0.649688
0.290658
0.462365
