0.483494
0.658394
0.635244
0.867378
0.821730
0.406779
0.144460
0.013909
0.454542
0.867378
0.023291
0.867378
0.535389
0.667094
0.801128
0.907293
0.475494
0.930673
0.589144
0.848789
0.557828
0.382926
0.855893
0.874110
0.199280
0.300471
0.681504
0.913005
0.735726
0.022875
0.155897
0.117048
0.049040
0.667094
0.758020
0.013276
0.441715
0.401971
0.971109
0.290658
0.223587
0.470257
0.808960
0.735726
0.635244
0.340005
0.681504
0.947760
0.306500
0.279144
0.594827
0.787927
0.801128
0.241635
0.047782
0.698805
0.860501
0.316692
0.449423
0.409279
0.913005
0.177160
0.971109
0.084803
0.015409
0.310521
0.543791
0.801128
0.316692
0.589144
0.735726
0.012317
0.557828
0.215763
0.935597
0.006832
0.269851
0.119859
0.848789
0.020692
0.527033
0.241635
0.848789
0.956001
0.333520
0.322949
0.483494
0.958545
0.333520
0.269851
0.513281
0.848789
0.150086
0.603471
0.787927
0.744157
0.236593
0.483494
0.984769
0.848789
0.557828
0.635244
0.557828
0.333520
0.922090
0.681504
0.971109
0.594827
0.635244
0.779856
0.971109
0.279144
0.907293
0.855893
0.521553
0.467559
0.758020
0.787927
0.635244
0.986757
0.513281
0.306500
0.867378
0.462365
0.867378
0.211153
0.300471
0.867378
0.617854
0.927324
0.779856
0.787927
0.166886
0.153566
0.312615
0.019768
0.695863
0.467559
0.597771
0.829282
0.916674
0.749684
0.986757
0.658394
0.867378
0.867378
0.589144
0.241635
0.649688
0.543791
0.986757
0.521553
0.470257
0.563435
0.159490
0.718717
0.771705
0.009277
0.766291
0.535389
0.048208
0.067775
0.695863
0.801128
0.940331
0.695863
0.223587
0.241635
0.690166
0.935597
0.483494
0.316692
0.039801
0.874110
0.991213
0.426518
0.306500
0.475494
0.505064
0.284858
0.260793
0.640981
0.041952
0.930673
0.228410
0.211153
0.580543
0.571972
0.829282
0.462365
0.258960
0.589144
0.483494
0.721628
0.649688
0.346575
0.491556
0.535389
0.713075
0.735726
0.513281
0.333520
0.779856
0.580543
0.250182
0.841556
0.039801
0.612135
0.704484
0.658394
0.779856
0.187953
0.713075
0.930673
0.935597
0.239907
0.947760
0.829282
0.922090
0.066084
0.927324
0.001669
0.421575
0.340005
0.727244
0.667094
0.414138
0.357661
0.867378
0.135818
0.483494
0.597771
0.074303
0.978604
0.371333
0.549354
0.269851
0.860501
0.340005
0.620815
0.779856
0.713075
0.658394
0.215763
0.001865
0.848789
0.829282
0.250182
0.779856
0.012317
0.617854
0.580543
0.119859
0.401971
0.916674
0.829282
0.203680
0.672823
0.958545
0.470257
0.241635
0.144460
0.000285
0.603471
0.749684
0.612135
0.821730
0.735726
0.163153
0.496903
0.744157
0.491556
0.312615
0.821730
0.626544
0.357661
0.421575
0.735726
0.401971
0.375911
0.557828
0.821730
0.478214
0.371333
0.022875
0.098170
0.275424
0.072465
0.848789
0.344325
0.947760
0.006832
0.612135
0.505064
0.218844
0.848789
0.371333
0.387593
0.290658
0.704484
0.867378
0.922090
0.173237
0.580543
0.144460
0.350951
0.245003
0.901408
0.211153
0.047782
0.801128
0.744157
0.880693
0.483494
0.672823
0.635244
0.727244
0.771705
0.233315
0.913005
0.505064
0.294528
0.758020
0.236593
0.766291
0.067775
0.218844
0.505064
0.103042
0.255445
0.483494
0.580543
0.401971
0.011425
0.940331
0.290658
0.441715
0.878466
0.505064
0.766291
0.306500
0.045761
0.744157
0.713075
0.787927
0.441715
0.580543
0.132684
0.994555
0.571972
0.491556
0.535389
0.801128
0.855893
0.721628
0.421575
0.698805
0.779856
0.867378
0.721628
0.907293
0.281082
0.169385
0.779856
0.421575
0.061772
0.269851
0.994555
0.382926
0.848789
0.580543
0.793201
0.766291
0.231634
0.695863
0.848789
0.771705
0.771705
0.421575
0.496903
0.891273
0.672823
0.744157
0.867378
0.031348
0.704484
0.580543
0.300471
0.150086
0.735726
0.927324
0.118894
0.994555
0.681504
0.874110
0.690166
0.779856
0.589144
0.617854
0.848789
0.527033
0.947760
0.535389
0.836720
0.995551
0.884948
0.022875
0.841556
0.255445
0.446787
0.589144
0.185229
0.635244
0.475494
0.144460
0.984769
0.007378
0.192150
0.801128
0.462365
0.884948
0.001172
0.916674
0.505064
0.441715
0.771705
0.499678
0.362130
0.612135
0.916674
0.667094
0.382926
0.269851
0.015409
0.848789
0.612135
0.092778
0.891273
0.597771
0.491556
0.483494
0.704484
0.483494
0.513281
0.290658
0.808960
0.901408
0.766291
0.535389
0.795913
0.333520
0.166886
0.159490
0.566341
0.713075
0.821730
0.454542
0.779856
0.406779
0.981075
0.231634
0.557828
0.047782
0.766291
0.984769
0.306500
0.109849
0.626544
0.779856
0.713075
0.821730
0.275424
0.735726
0.316692
0.658394
0.462365
0.010298
0.031348
0.441715
0.971109
0.478214
0.658394
0.695863
0.681504
0.304435
0.401971
0.496903
0.635244
0.333520
0.801128
0.635244
0.333520
0.808960
0.557828
0.426518
0.690166
0.951979
0.727244
0.749684
0.635244
0.088340
0.787927
0.718717
0.540922
0.766291
0.649688
0.199280
0.068911
0.617854
0.566341
0.203680
0.971109
0.068911
0.117048
0.566341
0.612135
0.916674
0.134742
0.194957
0.704484
0.399498
0.658394
0.475494
0.580543
0.454542
0.874110
0.000820
0.340005
0.090535
0.166886
0.612135
0.364456
0.255445
0.571972
0.284858
0.421575
0.681504
0.907293
0.848789
0.066084
0.612135
0.704484
0.218844
0.401971
0.571972
0.658394
0.566341
0.566341
0.855893
0.867378
0.241635
0.329292
0.672823
0.011974
0.344325
0.483494
0.194957
0.199280
0.067775
0.043818
0.086192
0.971109
0.454542
0.223587
0.316692
0.059212
0.626544
0.258960
0.766291
0.907293
0.907293
0.580543
0.166886
0.874110
0.236593
0.375911
