0.907293
0.382926
0.329292
0.891273
0.275424
0.589144
0.855893
0.951979
0.215763
0.571972
0.916674
0.704484
0.958545
0.727244
0.935597
0.322949
0.109849
0.401971
0.744157
0.192150
0.549354
0.758020
0.049040
0.049040
0.449423
0.029186
0.758020
0.166886
0.382926
0.350951
0.580543
0.991213
0.603471
0.429087
0.749684
0.867378
0.329292
0.681504
0.540922
0.009822
0.098985
0.521553
0.749684
0.340005
0.284858
0.913005
0.589144
0.013909
0.231634
0.643949
0.246759
0.072465
0.127623
0.053907
0.429087
0.052535
0.749684
0.713075
0.603471
0.841556
0.984769
0.727244
0.658394
0.713075
0.704484
0.350951
0.836720
0.173237
0.434080
0.001922
0.766291
0.566341
0.690166
0.364456
0.333520
0.580543
0.867378
0.187953
0.999575
0.795913
0.245003
0.658394
0.643949
0.144460
0.056256
0.368979
0.589144
0.667094
0.821730
0.727244
0.681504
0.186540
0.426518
0.086192
0.233315
0.658394
0.735726
0.620815
0.107244
0.496903
0.051648
0.100580
0.962240
0.250182
0.000002
0.344325
0.478214
0.649688
0.543791
0.215763
0.124654
0.153566
0.672823
0.867378
0.513281
0.816691
0.421575
0.016595
0.620815
0.981075
0.907293
0.779856
0.357661
0.215763
0.704484
0.310521
0.401971
0.535389
0.183833
0.441715
0.019230
0.122729
0.635244
0.127623
0.649688
0.414138
0.211153
0.446787
0.414138
0.036127
0.082732
0.107244
0.132684
0.246759
0.758020
0.808960
0.735726
0.766291
0.643949
0.344325
0.333520
0.429087
0.137917
0.462365
0.907293
0.068911
0.454542
0.100580
0.121744
0.236593
0.749684
0.462365
0.916674
0.848789
0.117048
0.236593
0.695863
0.124654
0.603471
0.940331
0.401971
0.003850
0.000268
0.821730
0.589144
0.483494
0.155897
0.109849
0.177160
0.543791
0.491556
0.901408
0.704484
0.795913
0.571972
0.375911
0.340005
0.100580
0.015695
0.035500
0.375911
0.421575
0.690166
0.009822
0.808960
0.816691
0.962240
0.744157
0.649688
0.658394
0.935597
0.808960
0.409279
0.177160
0.643949
0.571972
0.040498
0.513281
0.153566
0.505064
0.357661
0.557828
0.690166
0.735726
0.357661
0.643949
0.470257
0.667094
0.269851
0.002146
0.848789
0.580543
0.429087
0.860501
0.241635
0.681504
0.066084
0.758020
0.690166
0.421575
0.117048
0.015409
0.984769
0.434080
0.922090
0.199280
0.103042
0.978604
0.135818
0.557828
0.603471
0.223587
0.930673
0.368979
0.951979
0.612135
0.884948
0.003193
0.434080
0.940331
0.215763
0.766291
0.947760
0.704484
0.672823
0.279144
0.597771
0.643949
0.649688
0.727244
0.612135
0.787927
0.462365
0.535389
0.867378
0.350951
0.557828
0.008436
0.643949
0.160731
0.787927
0.223587
0.749684
0.088340
0.166886
0.681504
0.704484
0.801128
0.446787
0.382926
0.808960
0.127623
0.766291
0.566341
0.667094
0.260793
0.867378
0.557828
0.199280
0.462365
0.144460
0.294528
0.801128
0.935597
0.874110
0.787927
0.735726
0.758020
0.177160
0.801128
0.735726
0.978604
0.260793
0.513281
0.626544
0.626544
0.051648
0.681504
0.626544
0.749684
0.211153
0.406779
0.241635
0.192150
0.594827
0.147829
0.017378
0.006511
0.475494
0.394742
0.269851
0.549354
0.064431
0.766291
0.620815
0.771705
0.098170
0.454542
0.658394
0.801128
0.874110
0.436675
0.478214
0.571972
0.713075
0.971109
0.038764
0.179787
0.061772
0.971109
0.434080
0.867378
0.032199
0.566341
0.962240
0.927324
0.836720
0.795913
0.475494
0.978604
0.884948
0.371333
0.187953
0.635244
0.505064
0.951979
0.848789
0.375911
0.713075
0.758020
0.901408
0.075538
0.387593
0.635244
0.290658
0.042685
0.681504
0.036127
0.836720
0.801128
0.275424
0.273514
0.978604
0.603471
0.878466
0.727244
0.187953
0.306500
0.119859
0.202171
0.681504
0.978604
0.206623
0.119859
0.449423
0.962240
0.713075
0.808960
0.681504
0.658394
0.758020
0.063362
0.446787
0.620815
0.394742
0.649688
0.658394
0.250182
0.074303
0.848789
0.557828
0.643949
0.421575
0.454542
0.169385
0.173237
0.566341
0.215763
0.566341
0.401971
0.127623
0.801128
0.275424
0.940331
0.273514
0.690166
0.749684
0.874110
0.527033
0.626544
0.441715
0.061772
0.310521
0.549354
0.462365
0.357661
0.543791
0.758020
0.758020
0.860501
0.848789
0.681504
0.457201
0.527033
0.527033
0.848789
0.681504
0.867378
0.202171
0.597771
0.907293
0.758020
0.194957
0.211153
0.901408
0.470257
0.667094
0.333520
0.589144
0.316692
0.704484
0.011425
0.228410
0.808960
0.535389
0.580543
0.269851
0.426518
0.119859
0.713075
0.891273
0.816691
0.306500
0.129613
0.364456
0.462365
0.279144
0.620815
0.681504
0.549354
0.956001
0.163153
0.080707
0.749684
0.801128
0.603471
0.112510
0.322949
0.867378
0.907293
0.077446
0.183833
0.635244
0.891273
0.491556
0.535389
0.816691
0.329292
0.387593
0.269851
0.735726
0.382926
0.922090
0.557828
0.153566
0.401971
0.649688
0.603471
0.947760
0.475494
0.513281
0.848789
0.061772
0.371333
0.998868
0.306500
0.971109
0.031348
0.535389
0.821730
0.713075
0.467559
0.375911
0.436675
0.829282
0.491556
0.505064
0.884948
0.744157
0.241635
0.801128
0.421575
0.891273
0.137917
0.023935
0.279144
0.051648
0.375911
0.695863
0.771705
0.194957
0.414138
0.535389
0.897436
0.513281
0.483494
0.211153
0.029186
0.462365
0.860501
0.971109
0.816691
0.441715
0.233315
0.884948
0.836720
0.426518
0.643949
0.836720
0.483494
0.658394
0.758020
0.457201
0.681504
0.187953
0.300471
0.956001
0.589144
0.667094
0.322949
0.206623
0.505064
0.566341
0.735726
0.284858
0.998463
0.382926
0.848789
0.801128
0.808960
0.513281
0.612135
0.088340
0.635244
0.275424
0.150086
