0.940331
0.255445
0.571972
0.357661
0.005687
0.518727
0.758020
0.867378
0.884948
0.901408
0.505064
0.884948
0.401971
0.290658
0.829282
0.007032
0.475494
0.855893
0.322949
0.667094
0.958545
0.758020
0.454542
0.429087
0.735726
0.940331
0.744157
0.312615
0.704484
0.300471
0.027164
0.829282
0.744157
0.860501
0.713075
0.808960
0.829282
0.922090
0.787927
0.667094
0.891273
0.518727
0.727244
0.922090
0.429087
0.333520
0.603471
0.088340
0.300471
0.250182
0.829282
0.735726
0.884948
0.005855
0.951979
0.597771
0.978604
0.891273
0.040498
0.643949
0.505064
0.211153
0.250182
0.483494
0.749684
0.086192
0.829282
0.000390
0.505064
0.387593
0.749684
0.787927
0.603471
0.521553
0.196422
0.930673
0.958545
0.382926
0.597771
0.049040
0.038764
0.635244
0.626544
0.681504
0.829282
0.867378
0.727244
0.211153
0.124654
0.246759
0.441715
0.996919
0.848789
0.059212
0.981075
0.935597
0.183833
0.421575
0.012317
0.004728
0.557828
0.808960
0.927324
0.340005
0.867378
0.051648
0.867378
0.635244
0.874110
0.704484
0.273514
0.250182
0.316692
0.033659
0.704484
0.409279
0.462365
0.787927
0.296545
0.571972
0.068911
0.023291
0.766291
0.316692
0.135818
0.005418
0.884948
0.978604
0.124654
0.922090
0.340005
0.279144
0.350951
0.483494
0.446787
0.003099
0.681504
0.698805
0.371333
0.505064
0.002567
0.296545
0.867378
0.406779
0.100580
0.801128
0.007378
0.169385
0.704484
0.004043
0.284858
0.971109
0.160731
0.626544
0.667094
0.505064
0.380525
0.279144
0.543791
0.194957
0.695863
0.117048
0.704484
0.543791
0.721628
0.406779
0.483494
0.357661
0.364456
0.603471
0.346575
0.121744
0.535389
0.050328
0.112510
0.483494
0.527033
0.841556
0.346575
0.063362
0.057717
0.166886
0.275424
0.042685
0.951979
0.035180
0.867378
0.589144
0.580543
0.589144
0.499678
0.119859
0.322949
0.922090
0.250182
0.475494
0.518727
0.999892
0.580543
0.449423
0.672823
0.758020
0.223587
0.848789
0.082732
0.916674
0.549354
0.698805
0.749684
0.241635
0.766291
0.649688
0.658394
0.658394
0.649688
0.169385
0.075538
0.335721
0.535389
0.916674
0.203680
0.549354
0.033659
0.549354
0.527033
0.475494
0.718717
0.135818
0.368979
0.951979
0.194957
0.434080
0.907293
0.801128
0.787927
0.357661
0.357661
0.735726
0.779856
0.821730
0.704484
0.441715
0.011106
0.947760
0.060217
0.829282
0.967937
0.375911
0.535389
0.029186
0.940331
0.414138
0.294528
0.199280
0.549354
0.014305
0.046554
0.126604
0.316692
0.187953
0.727244
0.316692
0.848789
0.090535
0.037099
0.223587
0.626544
0.549354
0.478214
0.860501
0.505064
0.543791
0.907293
0.441715
0.380525
0.612135
0.829282
0.878466
0.626544
0.375911
0.603471
0.112510
0.135818
0.891273
0.082732
0.635244
0.233315
0.867378
0.658394
0.187953
0.449423
0.513281
0.620815
0.434080
0.483494
0.735726
0.426518
0.491556
0.322949
0.236593
0.019230
0.316692
0.023508
0.940331
0.211153
0.635244
0.821730
0.658394
0.199280
0.322949
0.414138
0.491556
0.454542
0.322949
0.867378
0.340005
0.978604
0.394742
0.713075
0.001421
0.401971
0.364456
0.312615
0.316692
0.935597
0.848789
0.382926
0.004963
0.971109
0.491556
0.681504
0.199280
0.047782
0.589144
0.231634
0.279144
0.364456
0.013032
0.874110
0.072465
0.375911
0.449423
0.518727
0.758020
0.690166
0.935597
0.211153
0.346575
0.771705
0.121744
0.891273
0.758020
0.505064
0.867378
0.019768
0.580543
0.316692
0.690166
0.690166
0.749684
0.518727
0.434080
0.922090
0.105557
0.340005
0.414138
0.704484
0.658394
0.540922
0.841556
0.375911
0.612135
0.478214
0.004728
0.153566
0.612135
0.626544
0.841556
0.255445
0.566341
0.643949
0.066084
0.375911
0.401971
0.505064
0.169385
0.884948
0.758020
0.362130
0.279144
0.801128
0.390021
0.157114
0.429087
0.470257
0.695863
0.695863
0.672823
0.264363
0.695863
0.169385
0.513281
0.322949
0.901408
0.223587
0.801128
0.549354
0.635244
0.505064
0.046554
0.108126
0.626544
0.279144
0.183833
0.779856
0.179787
0.350951
0.880693
0.390021
0.986757
0.617854
0.935597
0.603471
0.406779
0.016139
0.153566
0.566341
0.010795
0.681504
0.046970
0.103042
0.658394
0.984769
0.155897
0.322949
0.667094
0.635244
0.951979
0.290658
0.779856
0.667094
0.535389
0.940331
0.878466
0.916674
0.829282
0.290658
0.364456
0.401971
0.008436
0.127623
0.848789
0.014985
0.062816
0.053907
0.165605
0.626544
0.713075
0.916674
0.935597
0.962240
0.394742
0.206623
0.727244
0.382926
0.848789
0.141156
0.434080
0.316692
0.124654
0.206623
0.387593
0.414138
0.758020
0.050328
0.483494
0.867378
0.250182
0.513281
0.322949
0.787927
0.620815
0.704484
0.589144
0.513281
0.672823
0.727244
0.401971
0.241635
0.735726
0.226757
0.848789
0.446787
0.371333
0.603471
0.255445
0.891273
0.535389
0.884948
0.635244
0.557828
0.141156
0.529876
0.884948
0.635244
0.387593
0.049040
0.505064
0.901408
0.552238
0.228410
0.787927
0.947760
0.801128
0.771705
0.996919
0.206623
0.758020
0.967937
0.916674
0.505064
0.132684
0.350951
0.090535
0.991213
0.981075
0.681504
0.269851
0.375911
0.626544
0.999575
0.867378
0.002189
0.612135
0.658394
0.467559
0.713075
0.255445
0.771705
0.580543
0.704484
0.962240
0.620815
0.340005
0.441715
0.626544
0.322949
0.483494
0.368979
0.907293
0.771705
0.380525
0.681504
0.068911
0.250182
0.077446
0.446787
0.181158
0.022875
0.704484
0.874110
0.094284
0.947760
0.836720
0.165605
0.779856
0.935597
0.901408
0.612135
0.144460
0.690166
0.907293
0.617854
0.112510
0.316692
0.735726
