0.958545
0.801128
0.266225
0.589144
0.306500
0.316692
0.025274
0.357661
0.505064
0.713075
0.829282
0.364456
0.394742
0.690166
0.907293
0.030518
0.284858
0.635244
0.068911
0.749684
0.141156
0.829282
0.322949
0.300471
0.449423
0.094284
0.426518
0.429087
0.935597
0.779856
0.434080
0.907293
0.744157
0.549354
0.173237
0.007378
0.574890
0.011640
0.518727
0.170690
0.364456
0.667094
0.454542
0.527033
0.114294
0.521553
0.454542
0.382926
0.187953
0.698805
0.749684
0.649688
0.375911
0.032199
0.258960
0.269851
0.704484
0.129613
0.808960
0.491556
0.571972
0.779856
0.483494
0.000000
0.880693
0.329292
0.491556
0.406779
0.258960
0.005855
0.264363
0.848789
0.269851
0.364456
0.007593
0.066084
0.462365
0.774492
0.215763
0.841556
0.094284
0.713075
0.434080
0.175815
0.426518
0.478214
0.580543
0.245003
0.394742
0.031348
0.557828
0.294528
0.927324
0.922090
0.543791
0.394742
0.119859
0.727244
0.543791
0.483494
0.284858
0.891273
0.749684
0.594827
0.084092
0.884948
0.414138
0.350951
0.353229
0.612135
0.346575
0.414138
0.713075
0.543791
0.635244
0.434080
0.215763
0.612135
0.173237
0.884948
0.978604
0.340005
0.231634
0.947760
0.026914
0.690166
0.228410
0.690166
0.394742
0.549354
0.626544
0.153566
0.829282
0.153566
0.884948
0.841556
0.749684
0.557828
0.260793
0.962240
0.060217
0.394742
0.322949
0.848789
0.549354
0.867378
0.681504
0.801128
0.874110
0.513281
0.690166
0.787927
0.566341
0.771705
0.340005
0.462365
0.735726
0.681504
0.513281
0.166886
0.974087
0.971109
0.681504
0.199280
0.848789
0.589144
0.090535
0.382926
0.994555
0.329292
0.312615
0.635244
0.808960
0.808960
0.658394
0.951979
0.306500
0.913005
0.153566
0.491556
0.121744
0.749684
0.000073
0.635244
0.566341
0.994555
0.187953
0.635244
0.829282
0.867378
0.290658
0.612135
0.713075
0.971109
0.612135
0.891273
0.103042
0.250182
0.449423
0.801128
0.901408
0.907293
0.169385
0.045761
0.580543
0.177160
0.070668
0.141156
0.874110
0.281082
0.441715
0.801128
0.304435
0.758020
0.375911
0.958545
0.603471
0.649688
0.978604
0.766291
0.215763
0.166886
0.144460
0.357661
0.667094
0.233315
0.690166
0.971109
0.574890
0.382926
0.758020
0.357661
0.901408
0.053907
0.821730
0.766291
0.643949
0.005262
0.462365
0.603471
0.340005
0.300471
0.867378
0.284858
0.681504
0.927324
0.401971
0.470257
0.884948
0.787927
0.144460
0.566341
0.394742
0.236593
0.958545
0.658394
0.978604
0.951979
0.841556
0.549354
0.364456
0.327120
0.566341
0.626544
0.421575
0.603471
0.518727
0.362130
0.075538
0.446787
0.658394
0.935597
0.829282
0.713075
0.462365
0.166886
0.199280
0.713075
0.483494
0.829282
0.612135
0.382926
0.454542
0.667094
0.260793
0.793201
0.010298
0.103042
0.260793
0.111596
0.580543
0.340005
0.999575
0.394742
0.947760
0.100580
0.867378
0.635244
0.779856
0.744157
0.166886
0.549354
0.612135
0.107244
0.135818
0.808960
0.228410
0.704484
0.771705
0.527033
0.194957
0.922090
0.771705
0.626544
0.557828
0.612135
0.649688
0.454542
0.008354
0.290658
0.441715
0.228410
0.462365
0.566341
0.907293
0.199280
0.603471
0.848789
0.401971
0.296545
0.580543
0.635244
0.549354
0.470257
0.603471
0.491556
0.011425
0.329292
0.284858
0.643949
0.226757
0.284858
0.874110
0.449423
0.183833
0.744157
0.421575
0.357661
0.135818
0.177160
0.543791
0.462365
0.421575
0.594827
0.779856
0.000561
0.727244
0.704484
0.735726
0.203680
0.187953
0.144460
0.496903
0.135818
0.690166
0.014305
0.927324
0.000348
0.589144
0.535389
0.236593
0.306500
0.658394
0.718717
0.681504
0.821730
0.978604
0.527033
0.135818
0.344325
0.690166
0.153566
0.409279
0.841556
0.241635
0.922090
0.518727
0.771705
0.521553
0.049040
0.406779
0.922090
0.681504
0.033659
0.187953
0.735726
0.483494
0.441715
0.258960
0.310521
0.362130
0.022258
0.394742
0.557828
0.483494
0.124654
0.891273
0.626544
0.658394
0.306500
0.667094
0.927324
0.779856
0.997586
0.836720
0.978604
0.940331
0.779856
0.930673
0.496903
0.749684
0.505064
0.874110
0.749684
0.241635
0.848789
0.228410
0.749684
0.170690
0.470257
0.848789
0.284858
0.935597
0.658394
0.275424
0.329292
0.491556
0.046970
0.127623
0.549354
0.218844
0.771705
0.991213
0.346575
0.434080
0.147829
0.322949
0.008354
0.316692
0.513281
0.340005
0.779856
0.916674
0.007378
0.836720
0.978604
0.027908
0.039801
0.543791
0.491556
0.643949
0.409279
0.841556
0.758020
0.012907
0.766291
0.690166
0.173237
0.371333
0.978604
0.808960
0.779856
0.735726
0.269851
0.695863
0.535389
0.483494
0.449423
0.620815
0.971109
0.521553
0.779856
0.454542
0.935597
0.821730
0.475494
0.735726
0.907293
0.829282
0.958545
0.907293
0.727244
0.996919
0.521553
0.626544
0.884948
0.322949
0.713075
0.981075
0.236593
0.984769
0.059212
0.245003
0.935597
0.223587
0.986757
0.163153
0.922090
0.735726
0.940331
0.255445
0.880693
0.194957
0.082732
0.194957
0.203680
0.690166
0.053907
0.279144
0.399498
0.462365
0.867378
0.375911
0.306500
0.129613
0.441715
0.096609
0.032199
0.491556
0.801128
0.752533
0.329292
0.841556
0.387593
0.009016
0.382926
0.735726
0.801128
0.667094
0.199280
0.094284
0.394742
0.153566
0.406779
0.150086
0.612135
0.119859
0.441715
0.580543
0.580543
0.543791
0.000187
0.462365
0.228410
0.549354
0.429087
0.574890
0.848789
0.478214
0.038094
0.394742
0.951979
0.672823
0.713075
0.183833
0.935597
0.462365
0.808960
0.053907
0.594827
0.793201
0.535389
0.874110
0.032771
0.787927
0.580543
