0.063362
0.177160
0.233315
0.867378
0.801128
0.543791
0.264363
0.096609
0.375911
0.401971
0.255445
0.884948
0.414138
0.290658
0.994555
0.050328
0.603471
0.721628
0.007593
0.787927
0.649688
0.429087
0.414138
0.220452
0.543791
0.290658
0.549354
0.967937
0.003559
0.958545
0.808960
0.000544
0.041952
0.470257
0.848789
0.935597
0.147829
0.260793
0.199280
0.147829
0.658394
0.597771
0.727244
0.643949
0.505064
0.166886
0.698805
0.735726
0.922090
0.667094
0.540922
0.816691
0.649688
0.429087
0.566341
0.891273
0.414138
0.998463
0.704484
0.409279
0.187953
0.344325
0.390021
0.394742
0.449423
0.521553
0.470257
0.016595
0.727244
0.566341
0.951979
0.153566
0.322949
0.766291
0.290658
0.801128
0.951979
0.907293
0.527033
0.340005
0.991213
0.787927
0.513281
0.132684
0.962240
0.316692
0.454542
0.801128
0.429087
0.971109
0.236593
0.922090
0.505064
0.132684
0.094284
0.491556
0.421575
0.275424
0.672823
0.612135
0.704484
0.375911
0.241635
0.603471
0.744157
0.808960
0.387593
0.061772
0.735726
0.055312
0.044581
0.848789
0.109849
0.382926
0.129613
0.681504
0.927324
0.994555
0.505064
0.454542
0.275424
0.260793
0.033659
0.051648
0.016293
0.199280
0.491556
0.971109
0.695863
0.841556
0.024596
0.382926
0.779856
0.187953
0.084803
0.557828
0.617854
0.462365
0.521553
0.658394
0.986757
0.044581
0.984769
0.927324
0.635244
0.031348
0.462365
0.713075
0.124654
0.643949
0.022875
0.667094
0.907293
0.922090
0.549354
0.159490
0.566341
0.521553
0.112510
0.322949
0.848789
0.322949
0.449423
0.296545
0.907293
0.491556
0.779856
0.891273
0.821730
0.144460
0.878466
0.984769
0.695863
0.787927
0.211153
0.771705
0.907293
0.951979
0.549354
0.589144
0.082732
0.891273
0.713075
0.025731
0.406779
0.744157
0.713075
0.157114
0.179787
0.496903
0.429087
0.907293
0.014711
0.848789
0.758020
0.727244
0.978604
0.557828
0.018368
0.808960
0.771705
0.884948
0.543791
0.947760
0.462365
0.462365
0.316692
0.092778
0.713075
0.884948
0.375911
0.015845
0.735726
0.114294
0.122729
0.913005
0.535389
0.808960
0.505064
0.603471
0.727244
0.284858
0.462365
0.603471
0.766291
0.079397
0.649688
0.874110
0.035500
0.052535
0.100580
0.206623
0.322949
0.320806
0.441715
0.951979
0.848789
0.727244
0.787927
0.284858
0.667094
0.557828
0.927324
0.364456
0.848789
0.434080
0.935597
0.357661
0.037099
0.006832
0.340005
0.913005
0.580543
0.821730
0.153566
0.848789
0.808960
0.049040
0.821730
0.603471
0.690166
0.996919
0.643949
0.922090
0.454542
0.053907
0.801128
0.241635
0.166886
0.704484
0.008597
0.901408
0.580543
0.364456
0.151265
0.135818
0.566341
0.787927
0.141156
0.483494
0.462365
0.203680
0.690166
0.470257
0.735726
0.187953
0.801128
0.441715
0.505064
0.264363
0.023508
0.000764
0.808960
0.874110
0.011640
0.808960
0.779856
0.874110
0.475494
0.019230
0.414138
0.513281
0.829282
0.449423
0.695863
0.021859
0.816691
0.855893
0.281082
0.382926
0.470257
0.015845
0.848789
0.749684
0.758020
0.109849
0.316692
0.462365
0.137917
0.141156
0.874110
0.927324
0.139014
0.860501
0.907293
0.907293
0.155897
0.279144
0.901408
0.848789
0.153566
0.475494
0.635244
0.962240
0.552238
0.801128
0.060217
0.333520
0.135818
0.220452
0.617854
0.001540
0.848789
0.429087
0.449423
0.483494
0.483494
0.470257
0.667094
0.907293
0.571972
0.981075
0.884948
0.310521
0.626544
0.045761
0.279144
0.017866
0.014305
0.589144
0.064990
0.173237
0.080707
0.848789
0.084803
0.117048
0.002725
0.574890
0.580543
0.063362
0.166886
0.829282
0.022875
0.483494
0.147829
0.121744
0.566341
0.971109
0.429087
0.052535
0.766291
0.808960
0.010595
0.290658
0.557828
0.007378
0.922090
0.566341
0.574890
0.499678
0.566341
0.566341
0.821730
0.203680
0.505064
0.907293
0.364456
0.375911
0.566341
0.350951
0.187953
0.203680
0.007593
0.470257
0.449423
0.475494
0.643949
0.891273
0.808960
0.940331
0.357661
0.002863
0.421575
0.505064
0.801128
0.580543
0.836720
0.675784
0.580543
0.594827
0.787927
0.779856
0.491556
0.036127
0.409279
0.821730
0.658394
0.421575
0.290658
0.160731
0.491556
0.907293
0.667094
0.021859
0.000222
0.635244
0.829282
0.848789
0.874110
0.594827
0.884948
0.429087
0.241635
0.713075
0.836720
0.290658
0.649688
0.290658
0.672823
0.434080
0.922090
0.521553
0.749684
0.704484
0.127623
0.066084
0.226757
0.552238
0.597771
0.357661
0.535389
0.907293
0.215763
0.626544
0.441715
0.580543
0.771705
0.470257
0.971109
0.470257
0.713075
0.549354
0.681504
0.260793
0.801128
0.236593
0.434080
0.284858
0.421575
0.951979
0.505064
0.491556
0.394742
0.470257
0.884948
0.018368
0.001809
0.527033
0.571972
0.935597
0.491556
0.521553
0.300471
0.766291
0.340005
0.002146
0.626544
0.891273
0.364456
0.441715
0.727244
0.698805
0.095811
0.275424
0.151265
0.527033
0.294528
0.749684
0.056256
0.357661
0.183833
0.043818
0.092778
0.617854
0.027164
0.147829
0.037099
0.187953
0.735726
0.088340
0.543791
0.132684
0.241635
0.260793
0.255445
0.253642
0.758020
0.017378
0.658394
0.020320
0.033659
0.635244
0.816691
0.935597
0.117048
0.626544
0.063362
0.667094
0.039801
0.891273
0.375911
0.266225
0.766291
0.284858
0.441715
0.199280
0.491556
0.884948
0.690166
0.233315
0.841556
0.891273
0.166886
0.009822
0.031348
0.787927
0.434080
0.294528
0.223587
0.566341
0.603471
0.658394
0.009104
0.860501
0.119859
0.199280
0.449423
0.808960
0.589144
0.571972
0.808960
0.793201
0.074303
0.801128
0.580543
0.808960
