0.766291
0.566341
0.962240
0.357661
0.535389
0.897436
0.589144
0.357661
0.223587
0.884948
0.557828
0.475494
0.667094
0.649688
0.727244
0.535389
0.187953
0.992594
0.658394
0.078727
0.255445
0.589144
0.681504
0.046970
0.821730
0.406779
0.735726
0.580543
0.612135
0.203680
0.329292
0.527033
0.350951
0.001246
0.566341
0.475494
0.513281
0.426518
0.978604
0.695863
0.735726
0.406779
0.505064
0.891273
0.589144
0.095811
0.704484
0.841556
0.580543
0.922090
0.672823
0.848789
0.203680
0.571972
0.649688
0.032771
0.552238
0.203680
0.462365
0.344325
0.821730
0.027652
0.380525
0.401971
0.513281
0.571972
0.491556
0.735726
0.935597
0.612135
0.513281
0.029186
0.306500
0.284858
0.758020
0.549354
0.681504
0.194957
0.380525
0.916674
0.449423
0.787927
0.434080
0.860501
0.897436
0.649688
0.223587
0.046970
0.935597
0.727244
0.681504
0.612135
0.965738
0.527033
0.951979
0.867378
0.695863
0.350951
0.571972
0.513281
0.635244
0.940331
0.275424
0.082732
0.409279
0.181158
0.984769
0.173237
0.387593
0.597771
0.499678
0.658394
0.617854
0.994555
0.821730
0.449423
0.483494
0.713075
0.557828
0.821730
0.258960
0.513281
0.382926
0.034568
0.635244
0.038764
0.470257
0.211153
0.649688
0.250182
0.462365
0.649688
0.088340
0.704484
0.013654
0.571972
0.109849
0.986757
0.620815
0.155897
0.704484
0.284858
0.626544
0.300471
0.165605
0.907293
0.543791
0.211153
0.344325
0.462365
0.527033
0.801128
0.884948
0.916674
0.635244
0.462365
0.855893
0.114294
0.658394
0.940331
0.612135
0.626544
0.808960
0.947760
0.808960
0.346575
0.841556
0.727244
0.589144
0.127623
0.626544
0.470257
0.543791
0.940331
0.401971
0.245003
0.991213
0.821730
0.922090
0.758020
0.967937
0.098985
0.698805
0.795913
0.025970
0.713075
0.166886
0.094284
0.375911
0.978604
0.981075
0.173237
0.117048
0.054829
0.758020
0.043818
0.491556
0.483494
0.329292
0.874110
0.199280
0.974087
0.557828
0.884948
0.012317
0.658394
0.932372
0.279144
0.907293
0.067775
0.713075
0.808960
0.935597
0.399498
0.228410
0.121744
0.397198
0.518727
0.483494
0.940331
0.801128
0.690166
0.294528
0.704484
0.855893
0.635244
0.114294
0.401971
0.771705
0.735726
0.758020
0.401971
0.357661
0.667094
0.275424
0.774492
0.996919
0.566341
0.421575
0.135818
0.109849
0.241635
0.626544
0.082732
0.727244
0.571972
0.649688
0.316692
0.159490
0.829282
0.333520
0.483494
0.735726
0.829282
0.170690
0.340005
0.446787
0.215763
0.127623
0.603471
0.758020
0.223587
0.165605
0.483494
0.907293
0.527033
0.063362
0.084803
0.821730
0.996919
0.829282
0.126604
0.241635
0.999892
0.649688
0.364456
0.690166
0.848789
0.603471
0.907293
0.891273
0.635244
0.284858
0.414138
0.362130
0.779856
0.580543
0.916674
0.163153
0.681504
0.322949
0.649688
0.316692
0.947760
0.316692
0.603471
0.144460
0.233315
0.626544
0.082732
0.649688
0.808960
0.801128
0.816691
0.535389
0.695863
0.808960
0.414138
0.580543
0.306500
0.094284
0.612135
0.056256
0.279144
0.793201
0.350951
0.867378
0.901408
0.047782
0.695863
0.449423
0.787927
0.333520
0.190711
0.072465
0.897436
0.478214
0.416665
0.962240
0.446787
0.409279
0.848789
0.144460
0.951979
0.414138
0.499678
0.580543
0.867378
0.718717
0.617854
0.449423
0.483494
0.098985
0.001246
0.505064
0.766291
0.312615
0.070668
0.434080
0.535389
0.626544
0.394742
0.947760
0.594827
0.470257
0.462365
0.505064
0.281082
0.779856
0.183833
0.518727
0.543791
0.375911
0.340005
0.721628
0.535389
0.527033
0.375911
0.387593
0.040864
0.421575
0.333520
0.884948
0.084803
0.836720
0.090535
0.368979
0.194957
0.594827
0.434080
0.901408
0.137917
0.021268
0.036127
0.965738
0.922090
0.273514
0.779856
0.535389
0.758020
0.333520
0.721628
0.223587
0.034568
0.589144
0.766291
0.333520
0.878466
0.816691
0.124654
0.801128
0.594827
0.362130
0.758020
0.718717
0.513281
0.884948
0.836720
0.434080
0.241635
0.617854
0.603471
0.166886
0.848789
0.626544
0.808960
0.549354
0.016595
0.387593
0.681504
0.434080
0.801128
0.535389
0.421575
0.984769
0.535389
0.527033
0.312615
0.897436
0.907293
0.160731
0.848789
0.626544
0.704484
0.971109
0.930673
0.499678
0.284858
0.603471
0.735726
0.300471
0.557828
0.033071
0.003455
0.829282
0.649688
0.054829
0.597771
0.884948
0.713075
0.203680
0.449423
0.109849
0.322949
0.758020
0.652656
0.552238
0.467559
0.867378
0.735726
0.260793
0.264363
0.290658
0.387593
0.103042
0.187953
0.322949
0.416665
0.935597
0.394742
0.275424
0.681504
0.594827
0.927324
0.821730
0.821730
0.907293
0.462365
0.958545
0.024596
0.626544
0.454542
0.264363
0.779856
0.409279
0.044581
0.612135
0.978604
0.672823
0.135818
0.574890
0.029982
0.787927
0.527033
0.658394
0.735726
0.375911
0.704484
0.884948
0.801128
0.082732
0.394742
0.401971
0.421575
0.749684
0.713075
0.322949
0.779856
0.527033
0.269851
0.571972
0.344325
0.231634
0.063362
0.187953
0.421575
0.704484
0.801128
0.801128
0.387593
0.177160
0.496903
0.867378
0.032199
0.589144
0.434080
0.454542
0.475494
0.462365
0.462365
0.290658
0.505064
0.163153
0.126604
0.333520
0.907293
0.735726
0.112510
0.462365
0.269851
0.779856
0.997586
0.218844
0.965738
0.986757
0.727244
0.346575
0.821730
0.704484
0.333520
0.496903
0.612135
0.749684
0.940331
0.269851
0.620815
0.260793
0.426518
0.426518
0.075538
0.735726
0.096609
0.357661
0.907293
0.718717
0.284858
0.322949
0.557828
0.566341
0.421575
0.991213
0.223587
0.375911
0.357661
0.901408
0.597771
