0.279144
0.801128
0.527033
0.371333
0.649688
0.401971
0.860501
0.612135
0.940331
0.269851
0.496903
0.557828
0.958545
0.038764
0.795913
0.787927
0.475494
0.505064
0.787927
0.704484
0.000829
0.779856
0.001669
0.401971
0.860501
0.483494
0.841556
0.028409
0.787927
0.364456
0.704484
0.848789
0.357661
0.139014
0.036127
0.491556
0.935597
0.821730
0.981075
0.580543
0.974087
0.557828
0.787927
0.002779
0.181158
0.681504
0.947760
0.571972
0.874110
0.279144
0.275424
0.821730
0.199280
0.380525
0.513281
0.513281
0.571972
0.874110
0.801128
0.779856
0.947760
0.362130
0.690166
0.557828
0.406779
0.589144
0.350951
0.841556
0.018368
0.787927
0.766291
0.535389
0.462365
0.713075
0.612135
0.535389
0.658394
0.406779
0.364456
0.658394
0.414138
0.294528
0.922090
0.907293
0.620815
0.867378
0.056256
0.073672
0.594827
0.566341
0.454542
0.103042
0.316692
0.513281
0.821730
0.063362
0.350951
0.462365
0.643949
0.157114
0.119859
0.612135
0.068911
0.787927
0.505064
0.535389
0.284858
0.901408
0.771705
0.046970
0.421575
0.940331
0.279144
0.008597
0.907293
0.020692
0.075538
0.206623
0.375911
0.771705
0.808960
0.344325
0.441715
0.984769
0.829282
0.612135
0.535389
0.159490
0.483494
0.166886
0.758020
0.333520
0.891273
0.884948
0.681504
0.491556
0.010795
0.084803
0.241635
0.147829
0.727244
0.059212
0.603471
0.735726
0.478214
0.643949
0.055312
0.718717
0.901408
0.907293
0.505064
0.836720
0.672823
0.401971
0.057717
0.088340
0.848789
0.421575
0.316692
0.079397
0.316692
0.505064
0.557828
0.907293
0.429087
0.867378
0.744157
0.557828
0.117048
0.141156
0.543791
0.829282
0.867378
0.088340
0.505064
0.727244
0.735726
0.441715
0.626544
0.203680
0.518727
0.521553
0.704484
0.429087
0.603471
0.557828
0.566341
0.127623
0.787927
0.649688
0.255445
0.758020
0.930673
0.114294
0.040498
0.704484
0.867378
0.603471
0.787927
0.891273
0.401971
0.505064
0.153566
0.300471
0.901408
0.951979
0.475494
0.368979
0.007378
0.721628
0.434080
0.829282
0.907293
0.620815
0.758020
0.196422
0.704484
0.218844
0.884948
0.635244
0.927324
0.681504
0.635244
0.434080
0.795913
0.713075
0.940331
0.735726
0.294528
0.441715
0.916674
0.513281
0.930673
0.040864
0.758020
0.027164
0.104694
0.375911
0.169385
0.808960
0.971109
0.236593
0.848789
0.505064
0.255445
0.296545
0.441715
0.947760
0.038094
0.390021
0.414138
0.275424
0.264363
0.382926
0.612135
0.155897
0.727244
0.829282
0.713075
0.241635
0.371333
0.084803
0.006447
0.310521
0.266225
0.672823
0.513281
0.181158
0.387593
0.021859
0.727244
0.157114
0.409279
0.160731
0.940331
0.364456
0.491556
0.758020
0.021859
0.260793
0.735726
0.557828
0.986757
0.549354
0.758020
0.375911
0.594827
0.994555
0.478214
0.290658
0.867378
0.727244
0.978604
0.667094
0.758020
0.571972
0.275424
0.907293
0.594827
0.069506
0.841556
0.589144
0.718717
0.421575
0.635244
0.000222
0.922090
0.072465
0.362130
0.808960
0.155897
0.735726
0.947760
0.978604
0.350951
0.306500
0.787927
0.049040
0.187953
0.721628
0.421575
0.513281
0.344325
0.787927
0.891273
0.246759
0.266225
0.962240
0.066084
0.316692
0.535389
0.057717
0.867378
0.841556
0.279144
0.779856
0.557828
0.771705
0.891273
0.927324
0.496903
0.029186
0.649688
0.322949
0.626544
0.169385
0.571972
0.695863
0.255445
0.019768
0.312615
0.690166
0.535389
0.867378
0.667094
0.984769
0.441715
0.153566
0.951979
0.483494
0.749684
0.557828
0.333520
0.269851
0.649688
0.649688
0.228410
0.571972
0.382926
0.250182
0.808960
0.401971
0.617854
0.549354
0.177160
0.986757
0.603471
0.364456
0.021268
0.279144
0.163153
0.821730
0.643949
0.658394
0.891273
0.901408
0.380525
0.884948
0.779856
0.329292
0.635244
0.735726
0.421575
0.841556
0.549354
0.543791
0.635244
0.387593
0.829282
0.505064
0.414138
0.183833
0.241635
0.891273
0.658394
0.635244
0.401971
0.907293
0.612135
0.571972
0.821730
0.025970
0.316692
0.643949
0.695863
0.470257
0.491556
0.704484
0.306500
0.589144
0.821730
0.312615
0.340005
0.801128
0.766291
0.626544
0.505064
0.690166
0.535389
0.203680
0.836720
0.004164
0.199280
0.020320
0.566341
0.181158
0.505064
0.527033
0.986757
0.050328
0.002863
0.927324
0.901408
0.626544
0.758020
0.329292
0.557828
0.043818
0.962240
0.462365
0.787927
0.060217
0.735726
0.801128
0.179787
0.394742
0.535389
0.940331
0.681504
0.649688
0.117048
0.008197
0.316692
0.090535
0.884948
0.394742
0.250182
0.002517
0.454542
0.364456
0.667094
0.589144
0.557828
0.414138
0.080027
0.841556
0.130653
0.557828
0.860501
0.499678
0.475494
0.013654
0.177160
0.916674
0.387593
0.496903
0.907293
0.264363
0.527033
0.155897
0.557828
0.426518
0.496903
0.947760
0.940331
0.735726
0.758020
0.922090
0.470257
0.446787
0.414138
0.421575
0.997586
0.862861
0.704484
0.375911
0.441715
0.635244
0.038094
0.329292
0.390021
0.513281
0.183833
0.801128
0.146673
0.346575
0.603471
0.382926
0.617854
0.848789
0.779856
0.667094
0.930673
0.329292
0.836720
0.535389
0.327120
0.044581
0.947760
0.505064
0.535389
0.166886
0.368979
0.094284
0.170690
0.612135
0.518727
0.250182
0.491556
0.922090
0.107244
0.855893
0.241635
0.557828
0.340005
0.947760
0.454542
0.064431
0.626544
0.080707
0.994555
0.672823
0.406779
0.695863
0.758020
0.848789
0.571972
0.177160
0.434080
0.059212
0.421575
0.079397
0.157114
0.991213
0.721628
0.603471
0.681504
0.667094
0.808960
0.971109
0.454542
0.589144
0.821730
0.098985
0.735726
0.690166
