0.635244
0.635244
0.266225
0.177160
0.867378
0.028409
0.649688
0.771705
0.758020
0.580543
0.082732
0.269851
0.779856
0.421575
0.080707
0.787927
0.491556
0.935597
0.951979
0.250182
0.127623
0.102197
0.681504
0.177160
0.375911
0.269851
0.704484
0.744157
0.021268
0.449423
0.421575
0.306500
0.183833
0.401971
0.698805
0.848789
0.306500
0.566341
0.346575
0.208158
0.535389
0.449423
0.284858
0.362130
0.940331
0.441715
0.649688
0.907293
0.000740
0.735726
0.922090
0.704484
0.880693
0.031348
0.681504
0.177160
0.735726
0.713075
0.821730
0.793201
0.375911
0.327120
0.025970
0.557828
0.992594
0.897436
0.300471
0.744157
0.441715
0.916674
0.340005
0.505064
0.704484
0.848789
0.543791
0.978604
0.801128
0.527033
0.088340
0.003193
0.290658
0.199280
0.549354
0.891273
0.867378
0.535389
0.043818
0.421575
0.208158
0.527033
0.441715
0.978604
0.867378
0.597771
0.310521
0.449423
0.958545
0.704484
0.884948
0.867378
0.053907
0.290658
0.231634
0.962240
0.566341
0.552238
0.199280
0.228410
0.901408
0.971109
0.187953
0.394742
0.454542
0.406779
0.005855
0.981075
0.010595
0.496903
0.758020
0.884948
0.056256
0.228410
0.543791
0.589144
0.787927
0.603471
0.907293
0.640981
0.002517
0.457201
0.951979
0.704484
0.203680
0.449423
0.787927
0.000020
0.681504
0.044581
0.061772
0.867378
0.735726
0.290658
0.033659
0.169385
0.681504
0.147829
0.690166
0.296545
0.744157
0.421575
0.704484
0.713075
0.690166
0.346575
0.390021
0.935597
0.001271
0.935597
0.478214
0.518727
0.181158
0.375911
0.589144
0.010795
0.124654
0.848789
0.269851
0.612135
0.897436
0.306500
0.984769
0.273514
0.039801
0.667094
0.681504
0.690166
0.597771
0.808960
0.371333
0.771705
0.971109
0.475494
0.681504
0.841556
0.589144
0.139014
0.183833
0.626544
0.401971
0.552238
0.984769
0.848789
0.220452
0.935597
0.088340
0.039801
0.421575
0.132684
0.009822
0.496903
0.793201
0.368979
0.891273
0.061772
0.491556
0.704484
0.821730
0.521553
0.449423
0.033659
0.841556
0.245003
0.991213
0.316692
0.449423
0.978604
0.253642
0.962240
0.491556
0.735726
0.681504
0.749684
0.294528
0.153566
0.470257
0.316692
0.535389
0.260793
0.273514
0.874110
0.649688
0.867378
0.290658
0.735726
0.891273
0.643949
0.597771
0.543791
0.971109
0.527033
0.340005
0.434080
0.284858
0.951979
0.897436
0.808960
0.255445
0.543791
0.029982
0.907293
0.867378
0.179787
0.574890
0.867378
0.535389
0.974087
0.294528
0.836720
0.758020
0.901408
0.649688
0.088340
0.571972
0.109849
0.635244
0.998868
0.971109
0.499678
0.836720
0.594827
0.387593
0.907293
0.690166
0.441715
0.018883
0.350951
0.382926
0.681504
0.626544
0.635244
0.884948
0.100580
0.735726
0.649688
0.643949
0.603471
0.518727
0.695863
0.557828
0.580543
0.226757
0.357661
0.658394
0.603471
0.228410
0.971109
0.787927
0.658394
0.771705
0.922090
0.787927
0.612135
0.829282
0.223587
0.821730
0.617854
0.258960
0.922090
0.635244
0.801128
0.491556
0.300471
0.535389
0.597771
0.421575
0.269851
0.031348
0.571972
0.907293
0.727244
0.279144
0.421575
0.241635
0.211153
0.346575
0.104694
0.589144
0.246759
0.874110
0.940331
0.626544
0.096609
0.758020
0.316692
0.024596
0.991213
0.994555
0.505064
0.984769
0.749684
0.226757
0.867378
0.340005
0.836720
0.557828
0.203680
0.269851
0.958545
0.499678
0.681504
0.169385
0.713075
0.190711
0.414138
0.735726
0.940331
0.357661
0.306500
0.024596
0.177160
0.470257
0.922090
0.940331
0.483494
0.155897
0.441715
0.290658
0.758020
0.421575
0.801128
0.421575
0.206623
0.848789
0.749684
0.194957
0.735726
0.414138
0.117048
0.513281
0.312615
0.713075
0.223587
0.758020
0.658394
0.228410
0.855893
0.300471
0.284858
0.344325
0.147829
0.867378
0.375911
0.068911
0.841556
0.836720
0.007378
0.672823
0.557828
0.009277
0.867378
0.124654
0.829282
0.027164
0.897436
0.766291
0.394742
0.557828
0.449423
0.387593
0.223587
0.580543
0.063362
0.103042
0.867378
0.735726
0.094284
0.333520
0.017063
0.109849
0.991213
0.429087
0.672823
0.185229
0.947760
0.658394
0.974087
0.612135
0.426518
0.787927
0.801128
0.387593
0.132684
0.829282
0.855893
0.626544
0.727244
0.626544
0.821730
0.808960
0.173237
0.735726
0.801128
0.483494
0.483494
0.147829
0.749684
0.513281
0.401971
0.057717
0.808960
0.153566
0.223587
0.414138
0.101413
0.316692
0.978604
0.884948
0.603471
0.273514
0.454542
0.499678
0.848789
0.603471
0.962240
0.042685
0.535389
0.580543
0.841556
0.658394
0.962240
0.749684
0.401971
0.073672
0.935597
0.144460
0.491556
0.967937
0.281082
0.107244
0.580543
0.483494
0.829282
0.816691
0.401971
0.978604
0.594827
0.475494
0.006832
0.454542
0.557828
0.300471
0.922090
0.652656
0.364456
0.279144
0.766291
0.962240
0.841556
0.907293
0.483494
0.848789
0.801128
0.173237
0.690166
0.034568
0.034568
0.867378
0.441715
0.571972
0.470257
0.721628
0.340005
0.901408
0.996919
0.069506
0.704484
0.215763
0.994555
0.211153
0.557828
0.793201
0.795913
0.333520
0.801128
0.626544
0.052535
0.771705
0.874110
0.002124
0.147829
0.527033
0.635244
0.032771
0.246759
0.322949
0.635244
0.414138
0.787927
0.203680
0.779856
0.779856
0.713075
0.597771
0.916674
0.867378
0.350951
0.375911
0.744157
0.082732
0.121744
0.004043
0.744157
0.713075
0.766291
0.766291
0.527033
0.612135
0.206623
0.434080
0.758020
0.891273
0.032771
0.333520
0.891273
0.690166
0.144460
0.991213
0.589144
0.891273
0.316692
0.046970
0.228410
0.021268
0.787927
0.040864
0.758020
