0.787927
0.643949
0.049040
0.848789
0.050328
0.491556
0.557828
0.316692
0.962240
0.350951
0.173237
0.603471
0.841556
0.713075
0.527033
0.375911
0.290658
0.867378
0.816691
0.499678
0.580543
0.211153
0.066084
0.829282
0.228410
0.031348
0.965738
0.153566
0.735726
0.269851
0.169385
0.635244
0.236593
0.771705
0.978604
0.690166
0.199280
0.300471
0.491556
0.203680
0.698805
0.735726
0.441715
0.884948
0.681504
0.122729
0.215763
0.002443
0.406779
0.100580
0.067775
0.727244
0.758020
0.192150
0.364456
0.566341
0.594827
0.421575
0.848789
0.603471
0.368979
0.907293
0.649688
0.421575
0.989675
0.549354
0.340005
0.771705
0.617854
0.795913
0.187953
0.891273
0.449423
0.816691
0.357661
0.316692
0.626544
0.513281
0.841556
0.521553
0.218844
0.787927
0.744157
0.387593
0.821730
0.223587
0.922090
0.801128
0.658394
0.787927
0.139014
0.540922
0.183833
0.962240
0.897436
0.483494
0.141156
0.072465
0.727244
0.475494
0.255445
0.589144
0.518727
0.441715
0.000094
0.713075
0.042685
0.163153
0.199280
0.228410
0.470257
0.713075
0.067195
0.300471
0.779856
0.787927
0.986757
0.027164
0.690166
0.874110
0.922090
0.658394
0.940331
0.088340
0.470257
0.462365
0.483494
0.032771
0.273514
0.163153
0.135818
0.787927
0.801128
0.867378
0.202171
0.039801
0.098985
0.901408
0.016595
0.580543
0.922090
0.092008
0.940331
0.907293
0.462365
0.829282
0.177160
0.462365
0.033071
0.245003
0.215763
0.667094
0.294528
0.441715
0.121744
0.907293
0.047782
0.907293
0.971109
0.017866
0.441715
0.499678
0.989675
0.290658
0.779856
0.749684
0.821730
0.223587
0.821730
0.947760
0.681504
0.620815
0.129613
0.718717
0.340005
0.199280
0.088340
0.023935
0.457201
0.449423
0.414138
0.821730
0.109849
0.246759
0.808960
0.284858
0.163153
0.034568
0.566341
0.371333
0.454542
0.735726
0.658394
0.269851
0.978604
0.713075
0.901408
0.390021
0.034255
0.927324
0.758020
0.589144
0.005418
0.535389
0.927324
0.727244
0.132684
0.053907
0.643949
0.218844
0.635244
0.340005
0.005855
0.183833
0.758020
0.483494
0.658394
0.597771
0.223587
0.082732
0.758020
0.080707
0.521553
0.626544
0.994555
0.681504
0.008597
0.483494
0.475494
0.787927
0.713075
0.250182
0.626544
0.401971
0.364456
0.603471
0.014985
0.368979
0.290658
0.223587
0.787927
0.357661
0.991213
0.779856
0.986757
0.951979
0.574890
0.105557
0.848789
0.758020
0.199280
0.557828
0.947760
0.294528
0.989675
0.350951
0.801128
0.735726
0.245003
0.571972
0.927324
0.635244
0.589144
0.589144
0.779856
0.735726
0.589144
0.147829
0.112510
0.913005
0.092778
0.003738
0.557828
0.462365
0.290658
0.496903
0.153566
0.163153
0.406779
0.727244
0.147829
0.187953
0.951979
0.836720
0.535389
0.441715
0.994555
0.801128
0.250182
0.275424
0.409279
0.241635
0.375911
0.042685
0.675784
0.513281
0.922090
0.787927
0.124654
0.855893
0.401971
0.848789
0.103042
0.801128
0.236593
0.649688
0.566341
0.491556
0.462365
0.758020
0.612135
0.475494
0.199280
0.766291
0.594827
0.364456
0.382926
0.021859
0.626544
0.375911
0.521553
0.971109
0.884948
0.357661
0.346575
0.704484
0.223587
0.958545
0.971109
0.635244
0.612135
0.449423
0.543791
0.119859
0.434080
0.401971
0.681504
0.580543
0.284858
0.867378
0.052535
0.364456
0.019768
0.771705
0.211153
0.103042
0.236593
0.774492
0.153566
0.718717
0.518727
0.499678
0.597771
0.061772
0.580543
0.935597
0.543791
0.441715
0.681504
0.223587
0.916674
0.255445
0.491556
0.855893
0.045761
0.429087
0.462365
0.971109
0.346575
0.505064
0.421575
0.491556
0.855893
0.362130
0.441715
0.855893
0.462365
0.735726
0.935597
0.787927
0.421575
0.713075
0.841556
0.589144
0.163153
0.344325
0.787927
0.801128
0.940331
0.940331
0.713075
0.981075
0.206623
0.109849
0.821730
0.635244
0.513281
0.735726
0.199280
0.264363
0.434080
0.612135
0.454542
0.284858
0.821730
0.935597
0.855893
0.039801
0.612135
0.264363
0.029186
0.841556
0.808960
0.603471
0.190711
0.421575
0.306500
0.907293
0.672823
0.580543
0.787927
0.036127
0.505064
0.375911
0.434080
0.749684
0.306500
0.695863
0.935597
0.441715
0.491556
0.414138
0.535389
0.571972
0.535389
0.996919
0.690166
0.721628
0.183833
0.891273
0.801128
0.649688
0.181158
0.004043
0.011974
0.704484
0.081393
0.434080
0.681504
0.643949
0.322949
0.290658
0.147829
0.994555
0.316692
0.446787
0.727244
0.971109
0.241635
0.735726
0.897436
0.962240
0.801128
0.141156
0.855893
0.681504
0.505064
0.284858
0.867378
0.394742
0.816691
0.306500
0.867378
0.727244
0.346575
0.649688
0.043818
0.375911
0.132684
0.978604
0.096609
0.114294
0.626544
0.766291
0.603471
0.194957
0.713075
0.713075
0.884948
0.580543
0.874110
0.333520
0.362130
0.951979
0.787927
0.771705
0.421575
0.072465
0.971109
0.075538
0.223587
0.279144
0.241635
0.206623
0.721628
0.357661
0.401971
0.387593
0.513281
0.951979
0.974087
0.617854
0.294528
0.855893
0.766291
0.721628
0.907293
0.927324
0.589144
0.006325
0.316692
0.566341
0.927324
0.194957
0.884948
0.114294
0.043818
0.557828
0.649688
0.867378
0.947760
0.836720
0.483494
0.228410
0.927324
0.801128
0.454542
0.046970
0.414138
0.727244
0.758020
0.901408
0.571972
0.421575
0.635244
0.434080
0.269851
0.713075
0.991213
0.166886
0.177160
0.698805
0.382926
0.549354
0.816691
0.322949
0.199280
0.130653
0.260793
0.483494
0.153566
0.667094
0.787927
0.199280
0.681504
0.808960
0.808960
0.922090
0.368979
0.612135
0.380525
0.571972
0.907293
0.173237
0.092778
0.667094
