0.401971
0.364456
0.816691
0.643949
0.589144
0.333520
0.589144
0.401971
0.290658
0.281082
0.000000
0.821730
0.947760
0.566341
0.779856
0.643949
0.449423
0.801128
0.421575
0.927324
0.014711
0.001027
0.215763
0.241635
0.194957
0.382926
0.991213
0.758020
0.758020
0.462365
0.211153
0.513281
0.848789
0.951979
0.457201
0.192150
0.658394
0.294528
0.163153
0.346575
0.580543
0.109849
0.612135
0.793201
0.704484
0.194957
0.112510
0.744157
0.029186
0.333520
0.375911
0.241635
0.346575
0.922090
0.421575
0.829282
0.000378
0.414138
0.045761
0.916674
0.344325
0.557828
0.779856
0.603471
0.236593
0.300471
0.077446
0.860501
0.073672
0.290658
0.421575
0.571972
0.426518
0.978604
0.513281
0.183833
0.947760
0.907293
0.008847
0.535389
0.147829
0.070668
0.543791
0.192150
0.111596
0.233315
0.690166
0.940331
0.223587
0.074303
0.597771
0.241635
0.368979
0.971109
0.891273
0.771705
0.766291
0.429087
0.690166
0.357661
0.013276
0.589144
0.848789
0.518727
0.549354
0.907293
0.429087
0.626544
0.109849
0.667094
0.284858
0.000411
0.727244
0.034568
0.109849
0.704484
0.333520
0.000829
0.841556
0.002443
0.978604
0.758020
0.333520
0.203680
0.406779
0.005855
0.901408
0.698805
0.375911
0.275424
0.027164
0.013909
0.505064
0.999892
0.290658
0.281082
0.808960
0.891273
0.891273
0.801128
0.340005
0.088340
0.275424
0.483494
0.382926
0.018883
0.462365
0.521553
0.000628
0.000294
0.566341
0.735726
0.000112
0.643949
0.163153
0.114294
0.316692
0.681504
0.958545
0.667094
0.166886
0.139014
0.109849
0.603471
0.779856
0.001922
0.281082
0.735726
0.922090
0.649688
0.255445
0.848789
0.922090
0.521553
0.589144
0.727244
0.014711
0.300471
0.434080
0.984769
0.848789
0.513281
0.635244
0.496903
0.801128
0.667094
0.690166
0.310521
0.340005
0.088340
0.429087
0.513281
0.409279
0.935597
0.713075
0.187953
0.713075
0.848789
0.672823
0.027164
0.041578
0.518727
0.119859
0.269851
0.177160
0.000000
0.441715
0.436675
0.236593
0.016595
0.092778
0.667094
0.371333
0.228410
0.855893
0.566341
0.749684
0.375911
0.103042
0.626544
0.037099
0.146673
0.543791
0.513281
0.971109
0.681504
0.505064
0.160731
0.223587
0.758020
0.667094
0.958545
0.626544
0.157114
0.434080
0.513281
0.340005
0.704484
0.681504
0.491556
0.779856
0.357661
0.758020
0.127623
0.527033
0.322949
0.350951
0.478214
0.787927
0.394742
0.215763
0.620815
0.617854
0.322949
0.483494
0.183833
0.491556
0.215763
0.000058
0.907293
0.290658
0.002082
0.635244
0.971109
0.735726
0.119859
0.018883
0.029982
0.922090
0.855893
0.821730
0.003455
0.801128
0.394742
0.003039
0.901408
0.066084
0.589144
0.368979
0.649688
0.421575
0.406779
0.787927
0.860501
0.704484
0.002863
0.462365
0.779856
0.364456
0.841556
0.034568
0.014711
0.025970
0.005110
0.139014
0.557828
0.072465
0.513281
0.848789
0.681504
0.371333
0.241635
0.940331
0.603471
0.269851
0.521553
0.269851
0.978604
0.930673
0.649688
0.192150
0.434080
0.009277
0.394742
0.357661
0.589144
0.891273
0.371333
0.357661
0.401971
0.801128
0.264363
0.322949
0.667094
0.290658
0.549354
0.104694
0.070668
0.543791
0.874110
0.236593
0.521553
0.441715
0.483494
0.109849
0.927324
0.735726
0.353229
0.594827
0.808960
0.626544
0.922090
0.658394
0.001421
0.549354
0.017866
0.935597
0.667094
0.704484
0.478214
0.557828
0.499678
0.580543
0.891273
0.421575
0.836720
0.513281
0.002863
0.483494
0.218844
0.064990
0.275424
0.580543
0.860501
0.135818
0.787927
0.025274
0.157114
0.329292
0.005418
0.713075
0.117048
0.058699
0.228410
0.187953
0.935597
0.357661
0.130653
0.566341
0.867378
0.139014
0.003008
0.441715
0.290658
0.836720
0.157114
0.491556
0.774492
0.130653
0.713075
0.090535
0.727244
0.816691
0.306500
0.496903
0.667094
0.727244
0.620815
0.284858
0.962240
0.139014
0.199280
0.375911
0.744157
0.022875
0.312615
0.269851
0.874110
0.139014
0.107244
0.513281
0.620815
0.958545
0.035500
0.163153
0.039801
0.635244
0.414138
0.478214
0.713075
0.375911
0.779856
0.543791
0.035180
0.543791
0.018368
0.241635
0.241635
0.194957
0.549354
0.264363
0.612135
0.144460
0.066084
0.681504
0.758020
0.735726
0.181158
0.103042
0.275424
0.061772
0.371333
0.891273
0.387593
0.962240
0.000000
0.518727
0.766291
0.956001
0.020886
0.011974
0.269851
0.821730
0.163153
0.401971
0.340005
0.375911
0.449423
0.643949
0.000068
0.580543
0.220452
0.387593
0.088340
0.014985
0.589144
0.340005
0.658394
0.574890
0.157114
0.203680
0.214182
0.079397
0.884948
0.001027
0.290658
0.521553
0.867378
0.199280
0.635244
0.211153
0.626544
0.470257
0.713075
0.690166
0.744157
0.394742
0.035500
0.758020
0.401971
0.935597
0.829282
0.935597
0.947760
0.649688
0.357661
0.594827
0.704484
0.364456
0.429087
0.543791
0.981075
0.364456
0.127623
0.774492
0.269851
0.735726
0.589144
0.951979
0.667094
0.801128
0.643949
0.160731
0.057717
0.681504
0.462365
0.771705
0.371333
0.183833
0.829282
0.470257
0.203680
0.884948
0.187953
0.978604
0.808960
0.246759
0.643949
0.658394
0.787927
0.922090
0.312615
0.836720
0.962240
0.965738
0.006637
0.449423
0.626544
0.758020
0.491556
0.264363
0.163153
0.012317
0.735726
0.974087
0.233315
0.051648
0.897436
0.841556
0.808960
0.735726
0.744157
0.681504
0.333520
0.052535
0.758020
0.246759
0.855893
0.566341
0.994555
0.603471
0.007739
0.141156
0.649688
0.612135
0.322949
0.375911
0.446787
0.787927
0.364456
0.690166
0.364456
0.019768
0.821730
0.416665
0.947760
