0.681504
0.449423
0.549354
0.589144
0.001809
0.340005
0.907293
0.897436
0.019768
0.681504
0.255445
0.127623
0.192150
0.401971
0.322949
0.574890
0.215763
0.173237
0.409279
0.867378
0.421575
0.475494
0.779856
0.157114
0.275424
0.491556
0.557828
0.713075
0.695863
0.521553
0.549354
0.927324
0.681504
0.867378
0.316692
0.035180
0.643949
0.540922
0.357661
0.449423
0.649688
0.192150
0.012907
0.119859
0.821730
0.177160
0.589144
0.704484
0.023935
0.667094
0.070668
0.801128
0.409279
0.264363
0.758020
0.052535
0.199280
0.681504
0.855893
0.974087
0.211153
0.333520
0.808960
0.316692
0.801128
0.454542
0.194957
0.962240
0.040864
0.704484
0.841556
0.848789
0.867378
0.284858
0.801128
0.401971
0.867378
0.496903
0.991213
0.290658
0.306500
0.994555
0.215763
0.962240
0.371333
0.117048
0.744157
0.787927
0.434080
0.429087
0.574890
0.409279
0.958545
0.208158
0.626544
0.744157
0.074303
0.787927
0.449423
0.766291
0.475494
0.962240
0.070668
0.340005
0.483494
0.594827
0.121744
0.626544
0.907293
0.340005
0.996919
0.787927
0.434080
0.527033
0.401971
0.513281
0.649688
0.821730
0.223587
0.735726
0.491556
0.922090
0.690166
0.245003
0.643949
0.241635
0.571972
0.891273
0.580543
0.177160
0.744157
0.322949
0.643949
0.382926
0.574890
0.727244
0.667094
0.951979
0.527033
0.848789
0.030518
0.672823
0.884948
0.901408
0.049040
0.045761
0.513281
0.612135
0.454542
0.375911
0.096609
0.855893
0.901408
0.735726
0.901408
0.124654
0.382926
0.135818
0.094284
0.187953
0.119859
0.808960
0.527033
0.681504
0.922090
0.015409
0.690166
0.891273
0.414138
0.758020
0.000084
0.090535
0.897436
0.603471
0.779856
0.483494
0.057717
0.346575
0.483494
0.874110
0.513281
0.848789
0.935597
0.927324
0.695863
0.690166
0.375911
0.535389
0.620815
0.084092
0.079397
0.173237
0.346575
0.364456
0.681504
0.994555
0.543791
0.194957
0.401971
0.867378
0.275424
0.935597
0.513281
0.170690
0.483494
0.002020
0.250182
0.704484
0.187953
0.867378
0.421575
0.053907
0.867378
0.316692
0.316692
0.721628
0.382926
0.040498
0.434080
0.483494
0.874110
0.713075
0.801128
0.991213
0.491556
0.483494
0.626544
0.095811
0.962240
0.098985
0.922090
0.223587
0.159490
0.496903
0.109849
0.421575
0.329292
0.779856
0.082732
0.829282
0.829282
0.344325
0.951979
0.112510
0.940331
0.026438
0.166886
0.322949
0.387593
0.594827
0.103042
0.620815
0.163153
0.521553
0.491556
0.390021
0.429087
0.901408
0.535389
0.922090
0.549354
0.015845
0.779856
0.836720
0.704484
0.735726
0.094284
0.059212
0.350951
0.163153
0.958545
0.177160
0.867378
0.306500
0.589144
0.401971
0.414138
0.144460
0.841556
0.012317
0.821730
0.698805
0.535389
0.978604
0.316692
0.962240
0.603471
0.552238
0.612135
0.690166
0.414138
0.867378
0.483494
0.766291
0.130653
0.922090
0.043818
0.779856
0.612135
0.635244
0.855893
0.848789
0.744157
0.163153
0.571972
0.727244
0.986757
0.801128
0.401971
0.401971
0.513281
0.457201
0.612135
0.462365
0.350951
0.766291
0.626544
0.735726
0.958545
0.940331
0.226757
0.907293
0.940331
0.971109
0.801128
0.658394
0.713075
0.290658
0.203680
0.971109
0.079397
0.713075
0.177160
0.698805
0.907293
0.922090
0.771705
0.491556
0.044581
0.620815
0.727244
0.916674
0.681504
0.454542
0.758020
0.643949
0.080707
0.264363
0.119859
0.779856
0.884948
0.112510
0.758020
0.571972
0.015409
0.483494
0.635244
0.690166
0.312615
0.874110
0.951979
0.821730
0.735726
0.231634
0.874110
0.758020
0.001669
0.991213
0.874110
0.007739
0.264363
0.829282
0.077446
0.371333
0.290658
0.521553
0.306500
0.046970
0.779856
0.658394
0.749684
0.643949
0.571972
0.147829
0.989675
0.255445
0.744157
0.147829
0.867378
0.695863
0.007593
0.808960
0.223587
0.454542
0.220452
0.994555
0.063362
0.300471
0.362130
0.874110
0.112510
0.357661
0.758020
0.260793
0.008197
0.406779
0.098170
0.549354
0.409279
0.368979
0.255445
0.340005
0.006144
0.007378
0.535389
0.075538
0.984769
0.449423
0.021268
0.540922
0.006637
0.580543
0.940331
0.434080
0.758020
0.014985
0.787927
0.940331
0.086919
0.971109
0.681504
0.658394
0.779856
0.491556
0.390021
0.043818
0.603471
0.617854
0.821730
0.766291
0.300471
0.658394
0.891273
0.589144
0.316692
0.549354
0.434080
0.449423
0.566341
0.139014
0.001636
0.394742
0.935597
0.571972
0.475494
0.357661
0.421575
0.057717
0.169385
0.867378
0.695863
0.139014
0.499678
0.891273
0.163153
0.891273
0.275424
0.779856
0.681504
0.935597
0.549354
0.617854
0.667094
0.901408
0.513281
0.543791
0.713075
0.513281
0.635244
0.454542
0.194957
0.603471
0.012670
0.029186
0.255445
0.031348
0.139014
0.462365
0.612135
0.667094
0.462365
0.269851
0.801128
0.401971
0.922090
0.735726
0.913005
0.635244
0.727244
0.073672
0.626544
0.414138
0.310521
0.779856
0.144460
0.070668
0.462365
0.255445
0.771705
0.891273
0.264363
0.527033
0.037099
0.491556
0.913005
0.535389
0.962240
0.390021
0.215763
0.704484
0.891273
0.617854
0.211153
0.808960
0.521553
0.704484
0.082732
0.935597
0.589144
0.901408
0.867378
0.787927
0.340005
0.181158
0.011425
0.829282
0.704484
0.727244
0.658394
0.518727
0.255445
0.821730
0.284858
0.269851
0.028409
0.306500
0.269851
0.441715
0.907293
0.014305
0.421575
0.380525
0.075538
0.521553
0.649688
0.491556
0.543791
0.891273
0.007378
0.580543
0.306500
0.594827
0.907293
0.350951
0.580543
0.518727
0.758020
0.409279
0.203680
0.884948
0.867378
0.848789
0.998868
0.306500
0.626544
0.695863
