0.779856
0.821730
0.986757
0.713075
0.829282
0.236593
0.199280
0.059212
0.589144
0.475494
0.107244
0.675784
0.620815
0.017866
0.300471
0.848789
0.429087
0.521553
0.958545
0.612135
0.916674
0.848789
0.580543
0.535389
0.612135
0.275424
0.535389
0.499678
0.580543
0.735726
0.103042
0.649688
0.084803
0.316692
0.992594
0.117048
0.749684
0.275424
0.566341
0.922090
0.513281
0.718717
0.612135
0.429087
0.580543
0.971109
0.446787
0.306500
0.072465
0.626544
0.426518
0.357661
0.951979
0.580543
0.848789
0.491556
0.927324
0.774492
0.589144
0.801128
0.635244
0.181158
0.580543
0.074303
0.829282
0.521553
0.449423
0.884948
0.505064
0.416665
0.414138
0.580543
0.401971
0.635244
0.147829
0.147829
0.350951
0.549354
0.255445
0.462365
0.223587
0.727244
0.779856
0.981075
0.375911
0.462365
0.808960
0.744157
0.255445
0.935597
0.612135
0.557828
0.658394
0.735726
0.841556
0.019768
0.779856
0.808960
0.922090
0.228410
0.727244
0.060743
0.215763
0.013276
0.496903
0.141156
0.300471
0.269851
0.965738
0.470257
0.215763
0.023935
0.922090
0.635244
0.681504
0.047782
0.368979
0.704484
0.441715
0.704484
0.375911
0.549354
0.194957
0.635244
0.092008
0.368979
0.612135
0.505064
0.527033
0.808960
0.098985
0.935597
0.483494
0.626544
0.144460
0.574890
0.513281
0.096609
0.855893
0.652656
0.612135
0.658394
0.401971
0.744157
0.940331
0.008847
0.891273
0.406779
0.074303
0.483494
0.801128
0.462365
0.401971
0.974087
0.649688
0.163153
0.449423
0.346575
0.183833
0.436675
0.749684
0.704484
0.387593
0.255445
0.499678
0.375911
0.174566
0.269851
0.231634
0.368979
0.695863
0.891273
0.836720
0.449423
0.916674
0.626544
0.597771
0.177160
0.884948
0.907293
0.867378
0.658394
0.192150
0.962240
0.421575
0.075538
0.255445
0.704484
0.574890
0.057717
0.735726
0.787927
0.159490
0.429087
0.698805
0.907293
0.241635
0.371333
0.005523
0.808960
0.421575
0.735726
0.177160
0.316692
0.612135
0.801128
0.589144
0.147829
0.241635
0.130653
0.006144
0.816691
0.449423
0.041952
0.077446
0.704484
0.927324
0.962240
0.566341
0.821730
0.867378
0.279144
0.758020
0.836720
0.364456
0.394742
0.114294
0.580543
0.454542
0.855893
0.643949
0.841556
0.053907
0.913005
0.589144
0.984769
0.758020
0.470257
0.951979
0.322949
0.867378
0.704484
0.635244
0.187953
0.061772
0.848789
0.045761
0.279144
0.984769
0.821730
0.617854
0.275424
0.387593
0.589144
0.527033
0.284858
0.127623
0.836720
0.962240
0.907293
0.940331
0.841556
0.279144
0.543791
0.340005
0.483494
0.916674
0.971109
0.901408
0.603471
0.874110
0.109849
0.357661
0.072465
0.901408
0.527033
0.658394
0.521553
0.589144
0.121744
0.612135
0.580543
0.981075
0.429087
0.251967
0.675784
0.940331
0.275424
0.088340
0.002517
0.117048
0.045761
0.496903
0.829282
0.061772
0.855893
0.260793
0.117048
0.513281
0.891273
0.027908
0.269851
0.557828
0.635244
0.034568
0.075538
0.927324
0.603471
0.025274
0.055312
0.744157
0.401971
0.557828
0.499678
0.279144
0.284858
0.166886
0.449423
0.927324
0.597771
0.958545
0.735726
0.239907
0.958545
0.290658
0.409279
0.612135
0.177160
0.566341
0.049040
0.981075
0.535389
0.441715
0.067775
0.436675
0.350951
0.855893
0.758020
0.310521
0.163153
0.635244
0.454542
0.333520
0.766291
0.053907
0.429087
0.007593
0.947760
0.617854
0.008436
0.063362
0.255445
0.018368
0.603471
0.375911
0.375911
0.269851
0.177160
0.994555
0.667094
0.513281
0.549354
0.527033
0.867378
0.874110
0.346575
0.991213
0.089083
0.275424
0.401971
0.322949
0.147829
0.808960
0.829282
0.867378
0.891273
0.667094
0.698805
0.935597
0.322949
0.880693
0.462365
0.880693
0.169385
0.787927
0.860501
0.704484
0.795913
0.236593
0.312615
0.535389
0.015409
0.454542
0.269851
0.557828
0.855893
0.549354
0.829282
0.496903
0.475494
0.144460
0.867378
0.984769
0.300471
0.749684
0.055312
0.521553
0.364456
0.050328
0.566341
0.841556
0.364456
0.199280
0.107244
0.672823
0.962240
0.269851
0.956001
0.940331
0.306500
0.643949
0.130653
0.007739
0.322949
0.643949
0.829282
0.727244
0.672823
0.974087
0.045761
0.203680
0.357661
0.441715
0.907293
0.766291
0.023508
0.643949
0.580543
0.382926
0.549354
0.951979
0.406779
0.059212
0.250182
0.841556
0.766291
0.779856
0.441715
0.808960
0.884948
0.491556
0.316692
0.808960
0.841556
0.434080
0.974087
0.436675
0.513281
0.275424
0.758020
0.727244
0.127623
0.223587
0.787927
0.045761
0.300471
0.250182
0.457201
0.935597
0.991213
0.771705
0.409279
0.635244
0.690166
0.382926
0.690166
0.029186
0.144460
0.053907
0.194957
0.141156
0.580543
0.163153
0.269851
0.735726
0.855893
0.829282
0.203680
0.681504
0.103042
0.079397
0.214182
0.974087
0.603471
0.203680
0.681504
0.836720
0.681504
0.749684
0.478214
0.084803
0.521553
0.021268
0.649688
0.643949
0.779856
0.362130
0.039801
0.275424
0.535389
0.787927
0.836720
0.603471
0.787927
0.153566
0.935597
0.421575
0.841556
0.626544
0.971109
0.574890
0.704484
0.535389
0.320806
0.947760
0.704484
0.179787
0.181158
0.505064
0.951979
0.766291
0.346575
0.255445
0.491556
0.006511
0.211153
0.658394
0.199280
0.994555
0.060217
0.139014
0.441715
0.300471
0.951979
0.829282
0.855893
0.690166
0.727244
0.727244
0.962240
0.971109
0.421575
0.041578
0.035180
0.884948
0.829282
0.119859
0.779856
0.704484
0.150086
0.499678
0.079397
0.449423
0.059212
0.603471
0.077446
0.300471
0.382926
0.535389
0.414138
0.897436
0.566341
0.571972
0.223587
0.033659
0.758020
