0.727244
0.245003
0.829282
0.475494
0.084803
0.658394
0.079397
0.667094
0.199280
0.891273
0.016595
0.635244
0.173237
0.649688
0.236593
0.580543
0.350951
0.557828
0.612135
0.557828
0.727244
0.626544
0.704484
0.266225
0.557828
0.100580
0.907293
0.368979
0.513281
0.505064
0.779856
0.357661
0.197797
0.947760
0.821730
0.350951
0.084803
0.690166
0.874110
0.135818
0.793201
0.965738
0.333520
0.269851
0.382926
0.947760
0.357661
0.019768
0.483494
0.766291
0.521553
0.241635
0.675784
0.617854
0.901408
0.907293
0.867378
0.951979
0.543791
0.350951
0.051648
0.841556
0.527033
0.082732
0.044581
0.163153
0.119859
0.371333
0.901408
0.333520
0.897436
0.183833
0.774492
0.566341
0.951979
0.841556
0.829282
0.549354
0.612135
0.045761
0.566341
0.470257
0.187953
0.462365
0.092778
0.300471
0.635244
0.922090
0.462365
0.620815
0.891273
0.681504
0.223587
0.787927
0.421575
0.749684
0.535389
0.612135
0.566341
0.995551
0.758020
0.681504
0.801128
0.580543
0.202171
0.766291
0.306500
0.098170
0.978604
0.197797
0.808960
0.681504
0.891273
0.202171
0.891273
0.496903
0.414138
0.971109
0.197797
0.543791
0.589144
0.658394
0.429087
0.015263
0.612135
0.901408
0.594827
0.940331
0.612135
0.713075
0.434080
0.635244
0.357661
0.935597
0.829282
0.462365
0.269851
0.375911
0.672823
0.829282
0.236593
0.294528
0.721628
0.874110
0.434080
0.891273
0.218844
0.916674
0.690166
0.704484
0.860501
0.284858
0.951979
0.635244
0.589144
0.421575
0.043818
0.233315
0.346575
0.394742
0.643949
0.045761
0.766291
0.275424
0.735726
0.681504
0.382926
0.483494
0.226757
0.907293
0.132684
0.713075
0.003039
0.236593
0.491556
0.735726
0.779856
0.735726
0.088340
0.681504
0.649688
0.312615
0.549354
0.986757
0.426518
0.626544
0.421575
0.930673
0.535389
0.855893
0.603471
0.727244
0.612135
0.264363
0.836720
0.357661
0.922090
0.040498
0.454542
0.129613
0.603471
0.333520
0.978604
0.658394
0.441715
0.340005
0.681504
0.841556
0.005687
0.518727
0.042685
0.867378
0.470257
0.462365
0.749684
0.589144
0.055312
0.704484
0.880693
0.884948
0.505064
0.206623
0.033659
0.316692
0.867378
0.375911
0.635244
0.329292
0.829282
0.549354
0.612135
0.998868
0.749684
0.529876
0.681504
0.891273
0.187953
0.409279
0.475494
0.922090
0.134742
0.518727
0.255445
0.808960
0.250182
0.713075
0.483494
0.557828
0.916674
0.589144
0.589144
0.155897
0.521553
0.288671
0.316692
0.015409
0.069506
0.841556
0.042685
0.316692
0.557828
0.144460
0.549354
0.015409
0.166886
0.098170
0.571972
0.986757
0.758020
0.543791
0.698805
0.758020
0.571972
0.364456
0.335721
0.434080
0.255445
0.649688
0.958545
0.978604
0.246759
0.649688
0.727244
0.947760
0.382926
0.535389
0.421575
0.098985
0.505064
0.787927
0.727244
0.884948
0.246759
0.250182
0.449423
0.107244
0.414138
0.092008
0.589144
0.340005
0.681504
0.974087
0.540922
0.454542
0.848789
0.612135
0.421575
0.658394
0.787927
0.223587
0.394742
0.231634
0.429087
0.255445
0.187953
0.994555
0.658394
0.978604
0.401971
0.327120
0.208158
0.003193
0.239907
0.327120
0.901408
0.275424
0.801128
0.907293
0.357661
0.994555
0.401971
0.643949
0.260793
0.735726
0.119859
0.808960
0.829282
0.884948
0.275424
0.580543
0.735726
0.075538
0.483494
0.067775
0.808960
0.704484
0.441715
0.922090
0.801128
0.848789
0.179787
0.206623
0.269851
0.681504
0.513281
0.001721
0.557828
0.109849
0.009546
0.744157
0.690166
0.658394
0.434080
0.294528
0.989675
0.223587
0.312615
0.549354
0.187953
0.612135
0.344325
0.557828
0.022258
0.421575
0.034568
0.779856
0.333520
0.727244
0.284858
0.340005
0.513281
0.540922
0.713075
0.075538
0.704484
0.273514
0.841556
0.986757
0.357661
0.829282
0.007739
0.626544
0.441715
0.236593
0.406779
0.316692
0.927324
0.727244
0.749684
0.698805
0.264363
0.206623
0.223587
0.635244
0.483494
0.300471
0.801128
0.441715
0.867378
0.801128
0.962240
0.394742
0.907293
0.421575
0.735726
0.808960
0.394742
0.401971
0.667094
0.364456
0.499678
0.922090
0.135818
0.589144
0.891273
0.787927
0.214182
0.962240
0.543791
0.962240
0.901408
0.612135
0.749684
0.491556
0.727244
0.801128
0.749684
0.603471
0.808960
0.505064
0.114294
0.884948
0.183833
0.935597
0.290658
0.124654
0.704484
0.387593
0.867378
0.540922
0.284858
0.153566
0.690166
0.194957
0.409279
0.991213
0.421575
0.429087
0.821730
0.667094
0.874110
0.223587
0.735726
0.258960
0.215763
0.306500
0.735726
0.681504
0.211153
0.535389
0.758020
0.984769
0.022875
0.821730
0.922090
0.916674
0.150086
0.658394
0.084803
0.907293
0.491556
0.004372
0.255445
0.557828
0.690166
0.635244
0.192150
0.223587
0.580543
0.071276
0.187953
0.603471
0.867378
0.025274
0.557828
0.667094
0.658394
0.991213
0.275424
0.589144
0.007593
0.390021
0.333520
0.157114
0.956001
0.867378
0.626544
0.658394
0.922090
0.643949
0.183833
0.749684
0.027164
0.040498
0.264363
0.147829
0.867378
0.294528
0.112510
0.505064
0.951979
0.535389
0.050328
0.860501
0.333520
0.713075
0.008197
0.535389
0.991213
0.658394
0.779856
0.779856
0.329292
0.649688
0.327120
0.566341
0.901408
0.962240
0.364456
0.279144
0.821730
0.749684
0.801128
0.279144
0.848789
0.250182
0.981075
0.457201
0.050328
0.368979
0.290658
0.718717
0.114294
0.496903
0.922090
0.467559
0.454542
0.841556
0.124654
0.672823
0.223587
0.695863
0.860501
0.557828
0.549354
0.475494
0.014711
0.603471
0.901408
0.074303
0.483494
0.322949
0.284858
0.074303
0.401971
0.749684
