0.540922
0.269851
0.203680
0.496903
0.375911
0.333520
0.284858
0.119859
0.333520
0.998868
0.620815
0.233315
0.250182
0.635244
0.181158
0.744157
0.808960
0.704484
0.109849
0.566341
0.470257
0.891273
0.375911
0.038094
0.779856
0.947760
0.901408
0.962240
0.571972
0.681504
0.580543
0.260793
0.867378
0.284858
0.658394
0.211153
0.327120
0.401971
0.333520
0.368979
0.612135
0.704484
0.907293
0.626544
0.801128
0.727244
0.649688
0.681504
0.005262
0.211153
0.322949
0.962240
0.907293
0.010009
0.521553
0.649688
0.829282
0.513281
0.626544
0.649688
0.580543
0.848789
0.727244
0.821730
0.255445
0.667094
0.382926
0.141156
0.505064
0.658394
0.275424
0.183833
0.801128
0.357661
0.658394
0.187953
0.704484
0.134742
0.549354
0.841556
0.766291
0.801128
0.779856
0.557828
0.801128
0.050328
0.462365
0.884948
0.735726
0.223587
0.046970
0.173237
0.394742
0.566341
0.855893
0.589144
0.658394
0.375911
0.808960
0.989675
0.580543
0.681504
0.170690
0.462365
0.808960
0.735726
0.667094
0.727244
0.749684
0.015409
0.571972
0.031348
0.096609
0.527033
0.867378
0.543791
0.333520
0.449423
0.429087
0.848789
0.566341
0.793201
0.491556
0.019230
0.082732
0.132684
0.571972
0.848789
0.690166
0.462365
0.250182
0.658394
0.612135
0.357661
0.749684
0.808960
0.094284
0.808960
0.096609
0.284858
0.749684
0.049040
0.147829
0.884948
0.635244
0.766291
0.406779
0.382926
0.513281
0.300471
0.382926
0.735726
0.891273
0.246759
0.462365
0.848789
0.357661
0.290658
0.241635
0.589144
0.927324
0.916674
0.051648
0.109849
0.166886
0.181158
0.144460
0.594827
0.713075
0.771705
0.109849
0.521553
0.194957
0.758020
0.505064
0.841556
0.409279
0.255445
0.589144
0.364456
0.848789
0.971109
0.300471
0.771705
0.441715
0.206623
0.329292
0.874110
0.245003
0.340005
0.322949
0.620815
0.446787
0.867378
0.594827
0.808960
0.994555
0.801128
0.228410
0.117048
0.061772
0.211153
0.771705
0.094284
0.841556
0.704484
0.279144
0.713075
0.951979
0.368979
0.681504
0.368979
0.695863
0.499678
0.667094
0.255445
0.429087
0.947760
0.521553
0.681504
0.401971
0.758020
0.821730
0.446787
0.884948
0.294528
0.124654
0.808960
0.566341
0.962240
0.829282
0.801128
0.801128
0.153566
0.916674
0.626544
0.527033
0.098985
0.557828
0.589144
0.375911
0.483494
0.014985
0.478214
0.414138
0.557828
0.255445
0.658394
0.078727
0.901408
0.848789
0.749684
0.449423
0.429087
0.758020
0.855893
0.681504
0.867378
0.072465
0.009277
0.557828
0.478214
0.566341
0.147829
0.194957
0.626544
0.096609
0.414138
0.667094
0.681504
0.333520
0.758020
0.009016
0.294528
0.446787
0.626544
0.991213
0.322949
0.269851
0.984769
0.927324
0.594827
0.491556
0.409279
0.496903
0.771705
0.206623
0.086192
0.821730
0.223587
0.848789
0.580543
0.394742
0.643949
0.070668
0.681504
0.426518
0.107244
0.255445
0.951979
0.513281
0.704484
0.543791
0.779856
0.160731
0.491556
0.037099
0.913005
0.766291
0.505064
0.264363
0.513281
0.139014
0.821730
0.390021
0.867378
0.001310
0.414138
0.454542
0.183833
0.658394
0.092778
0.273514
0.758020
0.267971
0.841556
0.513281
0.375911
0.340005
0.874110
0.470257
0.986757
0.072465
0.867378
0.269851
0.179787
0.681504
0.006637
0.978604
0.947760
0.986757
0.380525
0.535389
0.922090
0.527033
0.626544
0.190711
0.112510
0.922090
0.105557
0.758020
0.816691
0.535389
0.104694
0.245003
0.475494
0.617854
0.387593
0.414138
0.454542
0.382926
0.848789
0.635244
0.867378
0.571972
0.421575
0.183833
0.758020
0.027908
0.884948
0.194957
0.922090
0.253642
0.566341
0.284858
0.801128
0.329292
0.051648
0.340005
0.681504
0.829282
0.580543
0.971109
0.649688
0.030518
0.891273
0.150086
0.940331
0.848789
0.513281
0.841556
0.382926
0.901408
0.228410
0.253642
0.855893
0.135818
0.000004
0.364456
0.897436
0.454542
0.991213
0.454542
0.521553
0.974087
0.971109
0.962240
0.855893
0.346575
0.163153
0.513281
0.829282
0.109849
0.927324
0.971109
0.499678
0.483494
0.119859
0.836720
0.251967
0.011640
0.375911
0.672823
0.891273
0.518727
0.264363
0.491556
0.727244
0.566341
0.779856
0.269851
0.999892
0.721628
0.279144
0.901408
0.749684
0.603471
0.375911
0.735726
0.478214
0.441715
0.635244
0.454542
0.441715
0.580543
0.000602
0.199280
0.617854
0.649688
0.962240
0.382926
0.429087
0.284858
0.801128
0.322949
0.057717
0.667094
0.821730
0.036765
0.557828
0.005855
0.153566
0.211153
0.014985
0.612135
0.841556
0.916674
0.006028
0.362130
0.203680
0.580543
0.821730
0.891273
0.730141
0.390021
0.241635
0.855893
0.044581
0.382926
0.891273
0.927324
0.346575
0.935597
0.344325
0.052535
0.203680
0.449423
0.626544
0.215763
0.758020
0.681504
0.414138
0.003926
0.094284
0.907293
0.144460
0.836720
0.821730
0.475494
0.566341
0.874110
0.713075
0.141156
0.084803
0.940331
0.000129
0.275424
0.028409
0.779856
0.667094
0.090535
0.022875
0.867378
0.518727
0.002808
0.043429
0.603471
0.771705
0.421575
0.086919
0.394742
0.004868
0.884948
0.211153
0.744157
0.771705
0.589144
0.996919
0.603471
0.082732
0.109849
0.117048
0.735726
0.535389
0.025274
0.350951
0.077446
0.718717
0.281082
0.704484
0.470257
0.935597
0.441715
0.003738
0.340005
0.901408
0.401971
0.681504
0.958545
0.535389
0.020692
0.269851
0.496903
0.039801
0.290658
0.010298
0.518727
0.382926
0.566341
0.779856
0.421575
0.855893
0.027908
0.704484
0.829282
0.073672
0.735726
0.241635
0.019768
0.884948
0.816691
0.094284
0.916674
0.203680
0.203680
0.153566
