0.103042
0.192150
0.971109
0.160731
0.491556
0.916674
0.513281
0.626544
0.513281
0.513281
0.589144
0.766291
0.566341
0.603471
0.260793
0.449423
0.867378
0.848789
0.505064
0.527033
0.635244
0.119859
0.071276
0.086192
0.735726
0.441715
0.112510
0.153566
0.344325
0.535389
0.002124
0.704484
0.013909
0.704484
0.380525
0.144460
0.779856
0.580543
0.223587
0.056256
0.008197
0.848789
0.470257
0.758020
0.077446
0.940331
0.836720
0.333520
0.860501
0.829282
0.571972
0.891273
0.766291
0.649688
0.027164
0.793201
0.050328
0.735726
0.279144
0.891273
0.018883
0.375911
0.346575
0.603471
0.401971
0.758020
0.808960
0.916674
0.704484
0.758020
0.044581
0.681504
0.713075
0.821730
0.821730
0.144460
0.658394
0.848789
0.414138
0.215763
0.006325
0.038764
0.821730
0.000020
0.766291
0.913005
0.735726
0.535389
0.758020
0.874110
0.260793
0.635244
0.749684
0.226757
0.329292
0.962240
0.159490
0.491556
0.340005
0.994555
0.758020
0.704484
0.612135
0.000696
0.215763
0.594827
0.735726
0.808960
0.916674
0.821730
0.829282
0.478214
0.255445
0.333520
0.434080
0.063362
0.012907
0.000006
0.192150
0.787927
0.491556
0.884948
0.690166
0.860501
0.153566
0.015845
0.635244
0.491556
0.821730
0.766291
0.535389
0.913005
0.829282
0.246759
0.580543
0.475494
0.704484
0.758020
0.991213
0.527033
0.462365
0.713075
0.478214
0.079397
0.758020
0.449423
0.626544
0.735726
0.375911
0.801128
0.626544
0.241635
0.255445
0.063362
0.077446
0.401971
0.170690
0.836720
0.329292
0.505064
0.147829
0.223587
0.470257
0.177160
0.704484
0.704484
0.801128
0.004728
0.874110
0.496903
0.382926
0.971109
0.296545
0.250182
0.907293
0.163153
0.527033
0.414138
0.269851
0.241635
0.483494
0.255445
0.491556
0.779856
0.658394
0.077446
0.557828
0.236593
0.891273
0.327120
0.571972
0.603471
0.080707
0.045761
0.557828
0.350951
0.649688
0.667094
0.483494
0.333520
0.571972
0.505064
0.735726
0.019230
0.735726
0.199280
0.322949
0.382926
0.022258
0.505064
0.166886
0.357661
0.255445
0.940331
0.199280
0.649688
0.884948
0.441715
0.357661
0.483494
0.901408
0.333520
0.047782
0.030798
0.316692
0.658394
0.090535
0.364456
0.916674
0.658394
0.114294
0.375911
0.735726
0.269851
0.157114
0.801128
0.704484
0.681504
0.491556
0.275424
0.649688
0.874110
0.368979
0.316692
0.394742
0.340005
0.279144
0.603471
0.513281
0.346575
0.316692
0.233315
0.375911
0.296545
0.300471
0.375911
0.513281
0.935597
0.713075
0.978604
0.327120
0.203680
0.350951
0.947760
0.907293
0.014305
0.635244
0.340005
0.513281
0.246759
0.635244
0.357661
0.829282
0.758020
0.357661
0.867378
0.368979
0.962240
0.801128
0.340005
0.603471
0.300471
0.264363
0.603471
0.672823
0.557828
0.505064
0.294528
0.116102
0.357661
0.935597
0.521553
0.984769
0.848789
0.144460
0.808960
0.173237
0.848789
0.635244
0.169385
0.421575
0.005013
0.130653
0.364456
0.698805
0.284858
0.329292
0.166886
0.884948
0.557828
0.816691
0.007965
0.491556
0.375911
0.449423
0.364456
0.962240
0.306500
0.589144
0.421575
0.997586
0.518727
0.288671
0.801128
0.048208
0.491556
0.612135
0.897436
0.020692
0.947760
0.874110
0.718717
0.860501
0.612135
0.667094
0.281082
0.012907
0.457201
0.947760
0.063362
0.758020
0.053907
0.025970
0.340005
0.194957
0.150086
0.434080
0.449423
0.580543
0.344325
0.829282
0.580543
0.713075
0.203680
0.300471
0.860501
0.300471
0.236593
0.744157
0.088340
0.002645
0.306500
0.000011
0.971109
0.986757
0.571972
0.316692
0.867378
0.557828
0.947760
0.441715
0.620815
0.951979
0.635244
0.521553
0.940331
0.429087
0.860501
0.874110
0.194957
0.505064
0.774492
0.269851
0.387593
0.066084
0.163153
0.080707
0.658394
0.603471
0.848789
0.144460
0.441715
0.166886
0.357661
0.816691
0.829282
0.808960
0.211153
0.557828
0.290658
0.735726
0.779856
0.306500
0.667094
0.874110
0.214182
0.635244
0.194957
0.470257
0.867378
0.986757
0.793201
0.027908
0.157114
0.478214
0.874110
0.860501
0.571972
0.808960
0.177160
0.829282
0.635244
0.836720
0.434080
0.250182
0.157114
0.056750
0.620815
0.029186
0.050328
0.635244
0.735726
0.141156
0.935597
0.409279
0.704484
0.147829
0.766291
0.269851
0.421575
0.801128
0.139014
0.070668
0.649688
0.658394
0.620815
0.284858
0.540922
0.922090
0.449423
0.884948
0.787927
0.935597
0.173237
0.055312
0.421575
0.727244
0.971109
0.718717
0.275424
0.727244
0.704484
0.394742
0.978604
0.620815
0.649688
0.704484
0.290658
0.072465
0.935597
0.589144
0.107244
0.401971
0.333520
0.382926
0.589144
0.713075
0.357661
0.441715
0.346575
0.177160
0.179787
0.060217
0.672823
0.891273
0.023508
0.774492
0.153566
0.491556
0.416665
0.848789
0.867378
0.505064
0.454542
0.758020
0.907293
0.735726
0.580543
0.017866
0.635244
0.771705
0.801128
0.816691
0.801128
0.704484
0.098985
0.429087
0.808960
0.310521
0.612135
0.002020
0.867378
0.521553
0.913005
0.401971
0.965738
0.223587
0.033659
0.333520
0.368979
0.357661
0.779856
0.947760
0.535389
0.114294
0.009016
0.246759
0.010595
0.758020
0.994555
0.612135
0.779856
0.350951
0.617854
0.907293
0.015845
0.084803
0.475494
0.589144
0.907293
0.157114
0.643949
0.141156
0.891273
0.269851
0.290658
0.962240
0.105557
0.322949
0.867378
0.121744
0.787927
0.371333
0.855893
0.557828
0.406779
0.901408
0.779856
0.713075
0.907293
0.848789
0.635244
0.496903
0.758020
0.056256
0.098985
0.327120
0.535389
0.808960
0.867378
0.084803
0.998868
0.566341
0.382926
0.690166
0.766291
