0.867378
0.580543
0.179787
0.658394
0.499678
0.236593
0.513281
0.406779
0.454542
0.284858
0.801128
0.744157
0.589144
0.001208
0.907293
0.649688
0.260793
0.401971
0.409279
0.090535
0.612135
0.441715
0.382926
0.907293
0.153566
0.382926
0.394742
0.306500
0.635244
0.535389
0.635244
0.758020
0.454542
0.994555
0.446787
0.310521
0.513281
0.014985
0.998868
0.475494
0.801128
0.658394
0.695863
0.540922
0.505064
0.109849
0.535389
0.166886
0.758020
0.695863
0.387593
0.441715
0.935597
0.135818
0.996919
0.962240
0.090535
0.241635
0.787927
0.735726
0.275424
0.505064
0.421575
0.721628
0.884948
0.735726
0.557828
0.203680
0.190711
0.626544
0.333520
0.766291
0.675784
0.566341
0.891273
0.913005
0.643949
0.462365
0.626544
0.394742
0.001588
0.557828
0.612135
0.000590
0.441715
0.749684
0.571972
0.079397
0.194957
0.000846
0.329292
0.236593
0.206623
0.681504
0.401971
0.192150
0.557828
0.922090
0.566341
0.860501
0.264363
0.766291
0.449423
0.880693
0.211153
0.951979
0.284858
0.521553
0.035500
0.056256
0.518727
0.855893
0.002808
0.421575
0.499678
0.375911
0.190711
0.255445
0.681504
0.758020
0.255445
0.462365
0.114294
0.483494
0.322949
0.199280
0.922090
0.401971
0.713075
0.141156
0.649688
0.649688
0.962240
0.940331
0.236593
0.612135
0.880693
0.203680
0.414138
0.157114
0.192150
0.543791
0.072465
0.096609
0.829282
0.390021
0.236593
0.375911
0.597771
0.483494
0.505064
0.241635
0.649688
0.429087
0.327120
0.236593
0.401971
0.667094
0.264363
0.491556
0.735726
0.141156
0.962240
0.855893
0.907293
0.543791
0.190711
0.801128
0.580543
0.258960
0.667094
0.617854
0.004164
0.255445
0.779856
0.626544
0.867378
0.527033
0.557828
0.003559
0.206623
0.779856
0.891273
0.316692
0.901408
0.916674
0.429087
0.721628
0.491556
0.884948
0.597771
0.141156
0.449423
0.454542
0.163153
0.199280
0.735726
0.766291
0.008436
0.635244
0.766291
0.672823
0.721628
0.382926
0.421575
0.186540
0.269851
0.675784
0.947760
0.300471
0.821730
0.922090
0.907293
0.603471
0.940331
0.958545
0.635244
0.316692
0.787927
0.735726
0.749684
0.513281
0.462365
0.119859
0.233315
0.758020
0.626544
0.635244
0.727244
0.758020
0.063362
0.333520
0.721628
0.513281
0.612135
0.139014
0.779856
0.414138
0.549354
0.357661
0.758020
0.491556
0.704484
0.718717
0.119859
0.264363
0.023508
0.462365
0.012317
0.867378
0.535389
0.549354
0.350951
0.491556
0.766291
0.549354
0.947760
0.603471
0.951979
0.483494
0.841556
0.580543
0.626544
0.922090
0.626544
0.346575
0.190711
0.518727
0.144460
0.974087
0.179787
0.897436
0.483494
0.159490
0.643949
0.004043
0.414138
0.557828
0.735726
0.779856
0.808960
0.000590
0.704484
0.470257
0.050328
0.483494
0.382926
0.713075
0.434080
0.177160
0.557828
0.491556
0.039801
0.535389
0.068911
0.713075
0.414138
0.483494
0.236593
0.735726
0.163153
0.105557
0.704484
0.109849
0.316692
0.672823
0.891273
0.409279
0.170690
0.867378
0.478214
0.758020
0.901408
0.107244
0.787927
0.704484
0.121744
0.713075
0.543791
0.589144
0.112510
0.971109
0.499678
0.483494
0.821730
0.390021
0.758020
0.470257
0.649688
0.986757
0.147829
0.284858
0.394742
0.129613
0.874110
0.681504
0.394742
0.535389
0.340005
0.713075
0.922090
0.855893
0.409279
0.704484
0.848789
0.774492
0.940331
0.922090
0.821730
0.557828
0.626544
0.038764
0.658394
0.390021
0.346575
0.055312
0.166886
0.163153
0.241635
0.612135
0.681504
0.002950
0.855893
0.251967
0.947760
0.002189
0.935597
0.557828
0.446787
0.086919
0.421575
0.951979
0.801128
0.874110
0.667094
0.245003
0.269851
0.375911
0.401971
0.848789
0.658394
0.713075
0.449423
0.698805
0.672823
0.454542
0.643949
0.612135
0.483494
0.829282
0.346575
0.094284
0.434080
0.672823
0.965738
0.260793
0.727244
0.727244
0.499678
0.258960
0.580543
0.971109
0.021859
0.672823
0.935597
0.821730
0.505064
0.643949
0.744157
0.916674
0.258960
0.470257
0.199280
0.801128
0.821730
0.119859
0.635244
0.829282
0.897436
0.787927
0.574890
0.681504
0.874110
0.557828
0.181158
0.816691
0.779856
0.462365
0.620815
0.177160
0.603471
0.147829
0.255445
0.991213
0.203680
0.340005
0.132684
0.841556
0.364456
0.766291
0.063362
0.874110
0.958545
0.107244
0.002779
0.986757
0.589144
0.801128
0.940331
0.082732
0.779856
0.290658
0.098985
0.927324
0.978604
0.275424
0.681504
0.236593
0.758020
0.821730
0.891273
0.535389
0.346575
0.884948
0.394742
0.681504
0.935597
0.513281
0.874110
0.203680
0.626544
0.375911
0.441715
0.549354
0.580543
0.981075
0.241635
0.626544
0.025274
0.535389
0.316692
0.855893
0.704484
0.927324
0.429087
0.771705
0.758020
0.387593
0.333520
0.758020
0.521553
0.535389
0.758020
0.922090
0.462365
0.329292
0.018368
0.713075
0.580543
0.462365
0.713075
0.061772
0.056256
0.907293
0.874110
0.571972
0.658394
0.951979
0.718717
0.004637
0.991213
0.897436
0.454542
0.454542
0.096609
0.808960
0.635244
0.901408
0.098985
0.829282
0.088340
0.907293
0.312615
0.491556
0.203680
0.704484
0.241635
0.981075
0.350951
0.491556
0.449423
0.626544
0.801128
0.236593
0.211153
0.141156
0.958545
0.521553
0.513281
0.401971
0.880693
0.779856
0.594827
0.177160
0.552238
0.829282
0.801128
0.617854
0.801128
0.727244
0.306500
0.513281
0.163153
0.496903
0.527033
0.250182
0.704484
0.215763
0.589144
0.543791
0.935597
0.269851
0.421575
0.571972
0.620815
0.922090
0.612135
0.667094
0.922090
0.758020
0.603471
0.462365
0.986757
0.001310
0.612135
0.470257
