0.269851
0.935597
0.867378
0.290658
0.971109
0.421575
0.483494
0.907293
0.713075
0.713075
0.518727
0.483494
0.457201
0.566341
0.867378
0.867378
0.513281
0.223587
0.884948
0.300471
0.907293
0.626544
0.241635
0.290658
0.387593
0.549354
0.713075
0.635244
0.829282
0.300471
0.612135
0.250182
0.426518
0.907293
0.566341
0.744157
0.758020
0.505064
0.821730
0.505064
0.275424
0.867378
0.036127
0.316692
0.829282
0.744157
0.449423
0.181158
0.000740
0.713075
0.088340
0.019230
0.821730
0.483494
0.727244
0.971109
0.913005
0.962240
0.059212
0.878466
0.322949
0.808960
0.135818
0.186540
0.505064
0.070668
0.527033
0.300471
0.220452
0.107244
0.681504
0.269851
0.884948
0.414138
0.744157
0.421575
0.236593
0.690166
0.521553
0.144460
0.144460
0.816691
0.727244
0.264363
0.449423
0.978604
0.169385
0.316692
0.774492
0.643949
0.329292
0.141156
0.795913
0.922090
0.848789
0.375911
0.068911
0.603471
0.649688
0.795913
0.044581
0.801128
0.848789
0.401971
0.375911
0.187953
0.434080
0.160731
0.816691
0.649688
0.675784
0.068911
0.749684
0.077446
0.340005
0.727244
0.241635
0.421575
0.978604
0.279144
0.867378
0.744157
0.141156
0.658394
0.713075
0.841556
0.727244
0.626544
0.084092
0.206623
0.808960
0.690166
0.580543
0.421575
0.916674
0.543791
0.312615
0.414138
0.078727
0.027164
0.211153
0.414138
0.029708
0.228410
0.930673
0.421575
0.940331
0.704484
0.612135
0.322949
0.801128
0.855893
0.454542
0.090535
0.801128
0.749684
0.801128
0.940331
0.986757
0.022875
0.236593
0.766291
0.109849
0.223587
0.011425
0.848789
0.667094
0.241635
0.322949
0.643949
0.594827
0.549354
0.499678
0.713075
0.067775
0.884948
0.375911
0.855893
0.350951
0.441715
0.333520
0.414138
0.580543
0.986757
0.916674
0.181158
0.787927
0.735726
0.364456
0.672823
0.713075
0.635244
0.958545
0.971109
0.211153
0.787927
0.454542
0.958545
0.635244
0.275424
0.594827
0.390021
0.475494
0.829282
0.020130
0.744157
0.294528
0.540922
0.005968
0.922090
0.387593
0.695863
0.727244
0.055312
0.218844
0.088340
0.907293
0.779856
0.643949
0.179787
0.306500
0.033659
0.574890
0.867378
0.704484
0.962240
0.698805
0.173237
0.103042
0.357661
0.170690
0.867378
0.223587
0.603471
0.848789
0.713075
0.092008
0.841556
0.848789
0.203680
0.030518
0.597771
0.557828
0.454542
0.375911
0.194957
0.059212
0.727244
0.612135
0.681504
0.284858
0.991213
0.672823
0.962240
0.173237
0.557828
0.346575
0.984769
0.316692
0.019768
0.549354
0.002146
0.643949
0.096609
0.971109
0.958545
0.132684
0.052535
0.916674
0.127623
0.713075
0.203680
0.406779
0.127623
0.008197
0.603471
0.409279
0.749684
0.672823
0.612135
0.000500
0.462365
0.327120
0.390021
0.667094
0.275424
0.922090
0.067775
0.841556
0.306500
0.580543
0.994555
0.535389
0.284858
0.635244
0.483494
0.284858
0.580543
0.183833
0.643949
0.150086
0.884948
0.018706
0.884948
0.306500
0.649688
0.752533
0.626544
0.357661
0.074303
0.543791
0.340005
0.758020
0.449423
0.312615
0.557828
0.223587
0.061772
0.026438
0.801128
0.491556
0.829282
0.612135
0.907293
0.111596
0.779856
0.100580
0.620815
0.499678
0.177160
0.181158
0.401971
0.060217
0.220452
0.061772
0.279144
0.571972
0.848789
0.001960
0.264363
0.727244
0.566341
0.589144
0.922090
0.713075
0.454542
0.364456
0.505064
0.766291
0.718717
0.787927
0.322949
0.187953
0.401971
0.166886
0.808960
0.368979
0.064431
0.758020
0.841556
0.884948
0.505064
0.801128
0.187953
0.884948
0.947760
0.667094
0.589144
0.181158
0.635244
0.223587
0.787927
0.166886
0.196422
0.004868
0.173237
0.333520
0.779856
0.891273
0.962240
0.836720
0.779856
0.771705
0.801128
0.749684
0.580543
0.749684
0.735726
0.159490
0.290658
0.236593
0.935597
0.801128
0.032771
0.958545
0.033659
0.940331
0.340005
0.681504
0.350951
0.181158
0.505064
0.462365
0.009277
0.922090
0.364456
0.294528
0.346575
0.434080
0.814067
0.294528
0.971109
0.635244
0.901408
0.675784
0.574890
0.643949
0.139014
0.160731
0.478214
0.310521
0.566341
0.557828
0.117048
0.612135
0.119859
0.467559
0.580543
0.793201
0.672823
0.971109
0.779856
0.841556
0.434080
0.300471
0.434080
0.771705
0.056256
0.713075
0.766291
0.848789
0.543791
0.096609
0.387593
0.166886
0.690166
0.382926
0.603471
0.891273
0.441715
0.766291
0.801128
0.801128
0.505064
0.597771
0.454542
0.462365
0.535389
0.626544
0.891273
0.667094
0.698805
0.848789
0.617854
0.884948
0.713075
0.874110
0.744157
0.016595
0.236593
0.836720
0.836720
0.643949
0.594827
0.179787
0.667094
0.223587
0.462365
0.505064
0.357661
0.821730
0.704484
0.239907
0.260793
0.543791
0.346575
0.470257
0.860501
0.643949
0.141156
0.947760
0.340005
0.129613
0.816691
0.543791
0.441715
0.643949
0.626544
0.620815
0.557828
0.290658
0.557828
0.382926
0.255445
0.371333
0.801128
0.860501
0.457201
0.984769
0.470257
0.290658
0.306500
0.421575
0.704484
0.566341
0.063362
0.114294
0.067775
0.002082
0.735726
0.187953
0.855893
0.808960
0.543791
0.816691
0.027164
0.962240
0.350951
0.978604
0.779856
0.288671
0.597771
0.139014
0.135818
0.922090
0.566341
0.434080
0.470257
0.649688
0.250182
0.194957
0.779856
0.096609
0.454542
0.891273
0.129613
0.260793
0.956001
0.098170
0.215763
0.574890
0.612135
0.069506
0.947760
0.112510
0.640981
0.141156
0.749684
0.557828
0.107244
0.434080
0.290658
0.658394
0.779856
0.727244
0.426518
0.192150
0.962240
0.056256
0.643949
0.841556
0.643949
0.620815
0.414138
0.434080
0.758020
