0.199280
0.704484
0.698805
0.275424
0.867378
0.658394
0.141156
0.255445
0.483494
0.527033
0.867378
0.749684
0.884948
0.322949
0.848789
0.721628
0.801128
0.971109
0.273514
0.047782
0.429087
0.264363
0.364456
0.076183
0.470257
0.801128
0.962240
0.223587
0.620815
0.260793
0.119859
0.891273
0.470257
0.275424
0.329292
0.848789
0.612135
0.187953
0.566341
0.704484
0.281082
0.429087
0.236593
0.779856
0.675784
0.021859
0.038764
0.566341
0.003559
0.535389
0.867378
0.635244
0.758020
0.922090
0.505064
0.421575
0.867378
0.690166
0.681504
0.793201
0.470257
0.779856
0.011753
0.449423
0.681504
0.617854
0.015409
0.749684
0.855893
0.421575
0.513281
0.612135
0.421575
0.681504
0.300471
0.617854
0.907293
0.105557
0.025274
0.044980
0.275424
0.470257
0.603471
0.039801
0.779856
0.695863
0.874110
0.223587
0.002567
0.199280
0.848789
0.399498
0.340005
0.333520
0.735726
0.557828
0.306500
0.557828
0.735726
0.119859
0.441715
0.884948
0.867378
0.042685
0.470257
0.735726
0.735726
0.543791
0.667094
0.475494
0.017063
0.124654
0.454542
0.449423
0.681504
0.744157
0.057717
0.713075
0.333520
0.406779
0.704484
0.951979
0.275424
0.010595
0.907293
0.414138
0.922090
0.603471
0.064990
0.394742
0.072465
0.462365
0.000294
0.166886
0.566341
0.166886
0.322949
0.540922
0.566341
0.086919
0.855893
0.223587
0.015409
0.891273
0.038764
0.255445
0.275424
0.940331
0.001588
0.690166
0.620815
0.901408
0.787927
0.552238
0.382926
0.801128
0.735726
0.643949
0.215763
0.518727
0.187953
0.951979
0.300471
0.535389
0.014305
0.951979
0.139014
0.017543
0.690166
0.543791
0.727244
0.935597
0.194957
0.841556
0.449423
0.626544
0.269851
0.159490
0.727244
0.002189
0.848789
0.884948
0.821730
0.884948
0.891273
0.029186
0.166886
0.505064
0.766291
0.836720
0.793201
0.735726
0.808960
0.947760
0.421575
0.922090
0.344325
0.127623
0.441715
0.801128
0.947760
0.375911
0.462365
0.620815
0.300471
0.340005
0.580543
0.690166
0.153566
0.231634
0.549354
0.951979
0.735726
0.752533
0.566341
0.446787
0.779856
0.042685
0.105557
0.275424
0.821730
0.860501
0.246759
0.713075
0.603471
0.787927
0.491556
0.612135
0.690166
0.735726
0.401971
0.406779
0.884948
0.758020
0.177160
0.010298
0.121744
0.000590
0.808960
0.913005
0.672823
0.153566
0.947760
0.394742
0.681504
0.057717
0.848789
0.306500
0.643949
0.649688
0.635244
0.540922
0.589144
0.612135
0.989675
0.916674
0.901408
0.667094
0.057717
0.000249
0.974087
0.935597
0.350951
0.300471
0.891273
0.855893
0.951979
0.098985
0.483494
0.758020
0.032199
0.589144
0.002950
0.855893
0.364456
0.221961
0.147829
0.901408
0.047782
0.454542
0.491556
0.255445
0.421575
0.109849
0.527033
0.109849
0.399498
0.947760
0.580543
0.023508
0.557828
0.072465
0.566341
0.001865
0.935597
0.406779
0.951979
0.713075
0.744157
0.635244
0.855893
0.118894
0.779856
0.658394
0.203680
0.681504
0.549354
0.589144
0.603471
0.860501
0.808960
0.787927
0.041952
0.139014
0.147829
0.649688
0.007032
0.787927
0.535389
0.713075
0.589144
0.310521
0.019768
0.117048
0.589144
0.310521
0.612135
0.000756
0.535389
0.092778
0.612135
0.056256
0.848789
0.958545
0.290658
0.658394
0.848789
0.006325
0.718717
0.907293
0.907293
0.255445
0.401971
0.010298
0.848789
0.603471
0.069506
0.098170
0.371333
0.375911
0.215763
0.935597
0.766291
0.808960
0.505064
0.521553
0.981075
0.061772
0.505064
0.713075
0.470257
0.704484
0.867378
0.187953
0.947760
0.672823
0.027164
0.787927
0.829282
0.406779
0.375911
0.449423
0.698805
0.025274
0.409279
0.255445
0.801128
0.284858
0.275424
0.141156
0.491556
0.698805
0.566341
0.571972
0.940331
0.667094
0.649688
0.462365
0.294528
0.891273
0.947760
0.086192
0.907293
0.874110
0.986757
0.241635
0.922090
0.300471
0.088340
0.947760
0.002863
0.927324
0.907293
0.589144
0.603471
0.505064
0.284858
0.008597
0.350951
0.130653
0.727244
0.935597
0.401971
0.690166
0.043818
0.045761
0.901408
0.151265
0.096609
0.109849
0.658394
0.026438
0.046970
0.643949
0.340005
0.409279
0.635244
0.100580
0.640981
0.878466
0.821730
0.284858
0.375911
0.096609
0.571972
0.927324
0.088340
0.449423
0.269851
0.387593
0.978604
0.907293
0.521553
0.841556
0.122729
0.092008
0.375911
0.041578
0.275424
0.681504
0.215763
0.927324
0.681504
0.231634
0.907293
0.454542
0.518727
0.658394
0.658394
0.449423
0.255445
0.962240
0.626544
0.571972
0.052535
0.735726
0.107244
0.241635
0.255445
0.250182
0.643949
0.749684
0.353229
0.626544
0.658394
0.855893
0.787927
0.880693
0.571972
0.779856
0.962240
0.727244
0.951979
0.589144
0.505064
0.801128
0.187953
0.801128
0.704484
0.884948
0.771705
0.848789
0.401971
0.779856
0.429087
0.986757
0.821730
0.658394
0.935597
0.667094
0.094284
0.727244
0.215763
0.183833
0.735726
0.612135
0.279144
0.527033
0.491556
0.084803
0.306500
0.549354
0.713075
0.241635
0.300471
0.620815
0.255445
0.704484
0.589144
0.658394
0.077446
0.499678
0.557828
0.096609
0.414138
0.296545
0.735726
0.860501
0.940331
0.672823
0.100580
0.144460
0.264363
0.808960
0.978604
0.055312
0.612135
0.658394
0.382926
0.635244
0.916674
0.695863
0.048208
0.260793
0.984769
0.907293
0.690166
0.026438
0.058699
0.001774
0.139014
0.194957
0.667094
0.269851
0.612135
0.150086
0.922090
0.667094
0.159490
0.557828
0.986757
0.245003
0.867378
0.704484
0.735726
0.758020
0.916674
0.483494
0.635244
0.000696
0.223587
0.891273
0.211153
0.681504
0.228410
0.364456
