0.727244
0.241635
0.255445
0.175815
0.566341
0.049886
0.907293
0.940331
0.535389
0.681504
0.766291
0.771705
0.704484
0.434080
0.096609
0.024158
0.031348
0.233315
0.066084
0.454542
0.978604
0.505064
0.658394
0.211153
0.470257
0.161896
0.203680
0.169385
0.543791
0.704484
0.829282
0.382926
0.958545
0.320806
0.329292
0.841556
0.867378
0.667094
0.132684
0.907293
0.994555
0.829282
0.223587
0.153566
0.245003
0.999575
0.580543
0.681504
0.597771
0.612135
0.947760
0.414138
0.695863
0.667094
0.557828
0.499678
0.362130
0.288671
0.779856
0.491556
0.454542
0.300471
0.901408
0.658394
0.974087
0.951979
0.612135
0.491556
0.183833
0.848789
0.173237
0.394742
0.848789
0.040864
0.735726
0.884948
0.793201
0.215763
0.269851
0.901408
0.549354
0.907293
0.109849
0.273514
0.364456
0.897436
0.340005
0.951979
0.821730
0.535389
0.057717
0.226757
0.327120
0.848789
0.927324
0.020320
0.962240
0.836720
0.066084
0.333520
0.867378
0.039801
0.333520
0.357661
0.571972
0.024596
0.557828
0.695863
0.064431
0.749684
0.649688
0.557828
0.183833
0.848789
0.779856
0.462365
0.470257
0.470257
0.075538
0.643949
0.566341
0.557828
0.801128
0.333520
0.801128
0.698805
0.340005
0.735726
0.357661
0.681504
0.057717
0.264363
0.704484
0.672823
0.098170
0.891273
0.260793
0.181158
0.766291
0.421575
0.821730
0.187953
0.269851
0.223587
0.681504
0.829282
0.735726
0.947760
0.521553
0.153566
0.173237
0.821730
0.521553
0.223587
0.044980
0.787927
0.250182
0.364456
0.483494
0.231634
0.940331
0.626544
0.626544
0.462365
0.981075
0.947760
0.816691
0.779856
0.475494
0.353229
0.951979
0.821730
0.157114
0.005013
0.241635
0.735726
0.350951
0.310521
0.529876
0.758020
0.505064
0.874110
0.045761
0.884948
0.157114
0.340005
0.735726
0.713075
0.350951
0.061772
0.535389
0.940331
0.540922
0.310521
0.744157
0.704484
0.713075
0.462365
0.821730
0.681504
0.658394
0.067775
0.947760
0.965738
0.088340
0.329292
0.787927
0.681504
0.028409
0.255445
0.009546
0.304435
0.984769
0.801128
0.368979
0.350951
0.141156
0.971109
0.024596
0.801128
0.635244
0.310521
0.971109
0.434080
0.250182
0.891273
0.978604
0.505064
0.589144
0.580543
0.947760
0.594827
0.713075
0.001048
0.681504
0.998463
0.375911
0.018368
0.907293
0.273514
0.766291
0.801128
0.543791
0.695863
0.421575
0.566341
0.922090
0.801128
0.821730
0.055312
0.891273
0.821730
0.935597
0.475494
0.245003
0.483494
0.312615
0.916674
0.589144
0.557828
0.258960
0.015695
0.603471
0.312615
0.421575
0.300471
0.434080
0.535389
0.322949
0.340005
0.829282
0.316692
0.571972
0.368979
0.153566
0.340005
0.206623
0.513281
0.589144
0.901408
0.612135
0.061772
0.483494
0.306500
0.829282
0.017866
0.264363
0.649688
0.566341
0.306500
0.808960
0.704484
0.935597
0.603471
0.454542
0.300471
0.860501
0.589144
0.808960
0.855893
0.016595
0.695863
0.119859
0.194957
0.082732
0.643949
0.935597
0.658394
0.821730
0.681504
0.382926
0.375911
0.094284
0.658394
0.340005
0.401971
0.177160
0.779856
0.206623
0.255445
0.907293
0.382926
0.749684
0.566341
0.704484
0.002020
0.690166
0.300471
0.971109
0.173237
0.281082
0.409279
0.695863
0.862861
0.159490
0.907293
0.203680
0.557828
0.306500
0.951979
0.316692
0.042685
0.557828
0.340005
0.491556
0.255445
0.744157
0.907293
0.947760
0.139014
0.603471
0.884948
0.922090
0.117048
0.049040
0.382926
0.264363
0.187953
0.658394
0.891273
0.589144
0.421575
0.206623
0.779856
0.179787
0.449423
0.821730
0.758020
0.406779
0.907293
0.169385
0.505064
0.808960
0.429087
0.346575
0.449423
0.475494
0.535389
0.848789
0.543791
0.387593
0.236593
0.704484
0.935597
0.012317
0.004963
0.236593
0.183833
0.617854
0.962240
0.267971
0.848789
0.766291
0.042685
0.357661
0.499678
0.981075
0.496903
0.787927
0.721628
0.727244
0.867378
0.779856
0.922090
0.275424
0.744157
0.787927
0.505064
0.860501
0.505064
0.199280
0.066084
0.549354
0.848789
0.735726
0.704484
0.557828
0.667094
0.394742
0.649688
0.922090
0.491556
0.867378
0.801128
0.971109
0.394742
0.294528
0.199280
0.981075
0.246759
0.907293
0.250182
0.940331
0.478214
0.874110
0.382926
0.829282
0.041952
0.470257
0.006144
0.132684
0.801128
0.335721
0.112510
0.421575
0.104694
0.901408
0.236593
0.414138
0.855893
0.340005
0.658394
0.034568
0.177160
0.649688
0.521553
0.801128
0.658394
0.275424
0.053907
0.103042
0.446787
0.884948
0.255445
0.401971
0.107244
0.170690
0.211153
0.063362
0.499678
0.951979
0.426518
0.557828
0.124654
0.947760
0.658394
0.735726
0.005418
0.535389
0.978604
0.141156
0.173237
0.312615
0.801128
0.223587
0.749684
0.005687
0.483494
0.643949
0.414138
0.649688
0.333520
0.713075
0.130653
0.672823
0.153566
0.382926
0.626544
0.322949
0.940331
0.994555
0.557828
0.991213
0.951979
0.801128
0.962240
0.704484
0.401971
0.704484
0.233315
0.218844
0.884948
0.867378
0.132684
0.907293
0.808960
0.127623
0.626544
0.612135
0.549354
0.922090
0.414138
0.462365
0.749684
0.194957
0.006144
0.829282
0.310521
0.713075
0.449423
0.421575
0.801128
0.867378
0.462365
0.713075
0.603471
0.935597
0.421575
0.346575
0.092008
0.891273
0.135818
0.867378
0.855893
0.056256
0.434080
0.390021
0.543791
0.357661
0.727244
0.020886
0.350951
0.787927
0.603471
0.713075
0.269851
0.009822
0.962240
0.855893
0.841556
0.246759
0.594827
0.727244
0.787927
0.978604
0.414138
0.264363
0.483494
0.382926
0.264363
0.841556
0.491556
0.626544
0.499678
0.922090
0.727244
