0.787927
0.194957
0.401971
0.284858
0.771705
0.421575
0.721628
0.449423
0.316692
0.449423
0.935597
0.457201
0.246759
0.947760
0.475494
0.658394
0.014711
0.470257
0.483494
0.681504
0.984769
0.114294
0.072465
0.127623
0.821730
0.231634
0.320806
0.927324
0.177160
0.441715
0.916674
0.779856
0.867378
0.808960
0.421575
0.580543
0.478214
0.470257
0.603471
0.077446
0.441715
0.322949
0.808960
0.028409
0.535389
0.589144
0.521553
0.801128
0.007378
0.787927
0.105557
0.867378
0.986757
0.643949
0.649688
0.103042
0.535389
0.007168
0.978604
0.406779
0.000071
0.364456
0.215763
0.580543
0.758020
0.935597
0.626544
0.327120
0.690166
0.681504
0.774492
0.375911
0.441715
0.951979
0.589144
0.475494
0.316692
0.166886
0.758020
0.927324
0.744157
0.543791
0.801128
0.387593
0.462365
0.965738
0.649688
0.649688
0.986757
0.571972
0.203680
0.441715
0.749684
0.951979
0.478214
0.401971
0.074303
0.441715
0.034568
0.718717
0.981075
0.787927
0.264363
0.907293
0.382926
0.275424
0.284858
0.462365
0.300471
0.681504
0.566341
0.603471
0.984769
0.571972
0.597771
0.971109
0.971109
0.974087
0.401971
0.281082
0.649688
0.922090
0.077446
0.704484
0.163153
0.250182
0.014985
0.003256
0.127623
0.749684
0.658394
0.787927
0.597771
0.927324
0.962240
0.626544
0.364456
0.620815
0.848789
0.580543
0.475494
0.316692
0.958545
0.231634
0.368979
0.211153
0.947760
0.108126
0.086192
0.228410
0.612135
0.496903
0.801128
0.179787
0.766291
0.421575
0.643949
0.382926
0.867378
0.357661
0.017543
0.997586
0.470257
0.713075
0.758020
0.096609
0.667094
0.245003
0.306500
0.907293
0.505064
0.922090
0.015409
0.454542
0.557828
0.940331
0.801128
0.312615
0.449423
0.019230
0.643949
0.704484
0.371333
0.267971
0.059212
0.036127
0.971109
0.907293
0.935597
0.094284
0.327120
0.580543
0.177160
0.947760
0.454542
0.808960
0.795913
0.322949
0.848789
0.690166
0.758020
0.735726
0.947760
0.681504
0.241635
0.462365
0.649688
0.310521
0.364456
0.867378
0.735726
0.965738
0.821730
0.965738
0.368979
0.989675
0.649688
0.922090
0.891273
0.884948
0.986757
0.713075
0.649688
0.649688
0.626544
0.333520
0.974087
0.518727
0.429087
0.281082
0.505064
0.816691
0.034568
0.681504
0.333520
0.279144
0.346575
0.735726
0.194957
0.552238
0.922090
0.371333
0.187953
0.241635
0.681504
0.749684
0.203680
0.535389
0.141156
0.808960
0.766291
0.603471
0.371333
0.350951
0.449423
0.096609
0.704484
0.290658
0.084803
0.855893
0.901408
0.031348
0.357661
0.749684
0.594827
0.779856
0.215763
0.434080
0.505064
0.867378
0.713075
0.667094
0.821730
0.649688
0.513281
0.913005
0.382926
0.766291
0.483494
0.940331
0.279144
0.434080
0.801128
0.434080
0.978604
0.649688
0.023508
0.322949
0.635244
0.513281
0.617854
0.690166
0.322949
0.160731
0.589144
0.505064
0.841556
0.077446
0.867378
0.147829
0.080707
0.549354
0.316692
0.454542
0.013654
0.001774
0.316692
0.589144
0.084803
0.364456
0.690166
0.557828
0.867378
0.612135
0.132684
0.695863
0.713075
0.695863
0.179787
0.543791
0.626544
0.072465
0.505064
0.758020
0.406779
0.300471
0.521553
0.574890
0.597771
0.416665
0.758020
0.916674
0.704484
0.166886
0.897436
0.801128
0.368979
0.150086
0.795913
0.626544
0.594827
0.874110
0.008197
0.935597
0.589144
0.045761
0.829282
0.580543
0.867378
0.907293
0.829282
0.884948
0.962240
0.006637
0.496903
0.153566
0.380525
0.340005
0.223587
0.470257
0.951979
0.540922
0.045761
0.211153
0.574890
0.779856
0.069506
0.643949
0.801128
0.907293
0.658394
0.557828
0.626544
0.713075
0.203680
0.159490
0.228410
0.255445
0.758020
0.927324
0.855893
0.117048
0.841556
0.672823
0.035180
0.166886
0.721628
0.183833
0.014305
0.284858
0.986757
0.643949
0.787927
0.491556
0.735726
0.449423
0.406779
0.922090
0.166886
0.491556
0.667094
0.475494
0.658394
0.296545
0.704484
0.922090
0.978604
0.735726
0.199280
0.704484
0.779856
0.173237
0.470257
0.296545
0.218844
0.483494
0.713075
0.612135
0.698805
0.029982
0.867378
0.414138
0.527033
0.589144
0.779856
0.603471
0.139014
0.771705
0.045761
0.672823
0.658394
0.300471
0.507859
0.658394
0.316692
0.177160
0.483494
0.513281
0.215763
0.070668
0.749684
0.223587
0.155897
0.382926
0.713075
0.848789
0.535389
0.580543
0.779856
0.675784
0.157114
0.829282
0.434080
0.429087
0.557828
0.333520
0.787927
0.434080
0.491556
0.333520
0.713075
0.922090
0.922090
0.401971
0.758020
0.649688
0.848789
0.841556
0.681504
0.255445
0.672823
0.829282
0.860501
0.535389
0.735726
0.048208
0.901408
0.907293
0.940331
0.245003
0.589144
0.449423
0.082732
0.022875
0.255445
0.382926
0.426518
0.658394
0.153566
0.821730
0.935597
0.005855
0.364456
0.163153
0.658394
0.801128
0.187953
0.441715
0.735726
0.491556
0.462365
0.462365
0.535389
0.112510
0.758020
0.166886
0.675784
0.194957
0.821730
0.916674
0.018883
0.421575
0.382926
0.713075
0.127623
0.907293
0.626544
0.848789
0.139014
0.462365
0.052535
0.749684
0.841556
0.848789
0.594827
0.086192
0.223587
0.787927
0.007168
0.462365
0.037099
0.543791
0.922090
0.855893
0.557828
0.401971
0.758020
0.930673
0.566341
0.346575
0.998868
0.758020
0.874110
0.496903
0.643949
0.127623
0.491556
0.566341
0.264363
0.848789
0.690166
0.557828
0.580543
0.557828
0.704484
0.552238
0.077446
0.357661
0.947760
0.974087
0.414138
0.867378
0.808960
0.779856
0.228410
0.505064
0.146673
0.884948
0.279144
0.206623
0.082732
0.033659
0.597771
0.382926
0.513281
0.758020
