0.681504
0.848789
0.088340
0.930673
0.228410
0.382926
0.042685
0.364456
0.409279
0.974087
0.566341
0.940331
0.947760
0.766291
0.279144
0.884948
0.357661
0.735726
0.922090
0.246759
0.072465
0.801128
0.387593
0.121744
0.364456
0.364456
0.940331
0.421575
0.499678
0.589144
0.513281
0.672823
0.681504
0.019768
0.603471
0.681504
0.612135
0.421575
0.848789
0.220452
0.635244
0.344325
0.855893
0.612135
0.549354
0.947760
0.005262
0.483494
0.080707
0.060217
0.007815
0.658394
0.449423
0.766291
0.457201
0.841556
0.571972
0.279144
0.192150
0.006832
0.690166
0.306500
0.014711
0.867378
0.947760
0.612135
0.589144
0.704484
0.855893
0.002082
0.658394
0.998868
0.357661
0.177160
0.211153
0.643949
0.246759
0.163153
0.793201
0.713075
0.620815
0.594827
0.045761
0.163153
0.535389
0.704484
0.159490
0.269851
0.779856
0.704484
0.658394
0.357661
0.462365
0.721628
0.795913
0.434080
0.690166
0.187953
0.346575
0.867378
0.962240
0.457201
0.557828
0.496903
0.421575
0.214182
0.042685
0.382926
0.991213
0.704484
0.635244
0.340005
0.357661
0.350951
0.346575
0.333520
0.057717
0.901408
0.144460
0.667094
0.306500
0.978604
0.891273
0.394742
0.236593
0.114294
0.557828
0.891273
0.867378
0.884948
0.446787
0.077446
0.171915
0.612135
0.829282
0.255445
0.012317
0.612135
0.901408
0.635244
0.612135
0.594827
0.891273
0.513281
0.878466
0.626544
0.003965
0.098170
0.399498
0.672823
0.713075
0.107244
0.635244
0.860501
0.031348
0.122729
0.897436
0.821730
0.117048
0.421575
0.947760
0.505064
0.199280
0.543791
0.758020
0.907293
0.589144
0.014985
0.771705
0.344325
0.228410
0.841556
0.109849
0.571972
0.681504
0.974087
0.999892
0.375911
0.141156
0.491556
0.758020
0.362130
0.704484
0.589144
0.496903
0.294528
0.269851
0.296545
0.414138
0.082732
0.951979
0.884948
0.986757
0.329292
0.635244
0.527033
0.255445
0.829282
0.749684
0.144460
0.978604
0.901408
0.874110
0.597771
0.612135
0.258960
0.316692
0.571972
0.228410
0.346575
0.589144
0.206623
0.434080
0.922090
0.766291
0.449423
0.749684
0.215763
0.269851
0.470257
0.779856
0.001208
0.470257
0.695863
0.008847
0.394742
0.406779
0.130653
0.170690
0.333520
0.246759
0.735726
0.316692
0.821730
0.269851
0.801128
0.658394
0.382926
0.658394
0.978604
0.855893
0.255445
0.649688
0.580543
0.589144
0.434080
0.927324
0.273514
0.426518
0.829282
0.368979
0.535389
0.228410
0.231634
0.290658
0.382926
0.382926
0.275424
0.220452
0.927324
0.273514
0.557828
0.241635
0.316692
0.462365
0.922090
0.974087
0.758020
0.008597
0.483494
0.414138
0.758020
0.749684
0.704484
0.721628
0.470257
0.255445
0.505064
0.135818
0.566341
0.612135
0.984769
0.340005
0.808960
0.177160
0.090535
0.787927
0.535389
0.766291
0.927324
0.382926
0.549354
0.255445
0.884948
0.375911
0.727244
0.375911
0.090535
0.518727
0.744157
0.406779
0.346575
0.441715
0.521553
0.855893
0.192150
0.758020
0.603471
0.401971
0.281082
0.135818
0.848789
0.649688
0.300471
0.991213
0.236593
0.808960
0.986757
0.053907
0.401971
0.916674
0.449423
0.153566
0.119859
0.771705
0.704484
0.037752
0.749684
0.004591
0.054829
0.571972
0.649688
0.994555
0.766291
0.284858
0.897436
0.409279
0.483494
0.038764
0.566341
0.681504
0.620815
0.971109
0.951979
0.192150
0.322949
0.284858
0.416665
0.141156
0.986757
0.667094
0.199280
0.499678
0.901408
0.829282
0.735726
0.260793
0.241635
0.294528
0.958545
0.350951
0.986757
0.704484
0.137917
0.771705
0.527033
0.021268
0.971109
0.718717
0.735726
0.421575
0.513281
0.414138
0.580543
0.496903
0.350951
0.566341
0.279144
0.046970
0.414138
0.462365
0.626544
0.090535
0.421575
0.187953
0.067775
0.009546
0.758020
0.543791
0.462365
0.821730
0.681504
0.978604
0.090535
0.264363
0.867378
0.574890
0.978604
0.841556
0.470257
0.795913
0.215763
0.483494
0.808960
0.190711
0.322949
0.127623
0.884948
0.974087
0.409279
0.462365
0.635244
0.421575
0.310521
0.264363
0.462365
0.368979
0.935597
0.635244
0.795913
0.333520
0.543791
0.649688
0.357661
0.470257
0.801128
0.513281
0.513281
0.704484
0.704484
0.446787
0.603471
0.727244
0.064990
0.913005
0.269851
0.580543
0.855893
0.704484
0.727244
0.245003
0.779856
0.513281
0.994555
0.104694
0.713075
0.681504
0.916674
0.454542
0.426518
0.884948
0.187953
0.132684
0.491556
0.033659
0.907293
0.658394
0.513281
0.571972
0.649688
0.916674
0.603471
0.449423
0.935597
0.269851
0.718717
0.626544
0.989675
0.880693
0.951979
0.021268
0.166886
0.841556
0.375911
0.513281
0.557828
0.429087
0.571972
0.951979
0.727244
0.264363
0.962240
0.658394
0.269851
0.836720
0.496903
0.209600
0.589144
0.643949
0.922090
0.643949
0.704484
0.199280
0.527033
0.521553
0.290658
0.589144
0.962240
0.290658
0.364456
0.713075
0.891273
0.891273
0.540922
0.771705
0.649688
0.672823
0.441715
0.635244
0.505064
0.612135
0.199280
0.401971
0.513281
0.658394
0.003039
0.855893
0.364456
0.571972
0.090535
0.658394
0.344325
0.002443
0.947760
0.801128
0.279144
0.727244
0.667094
0.978604
0.962240
0.228410
0.173237
0.521553
0.829282
0.758020
0.462365
0.107244
0.681504
0.294528
0.044581
0.626544
0.801128
0.947760
0.884948
0.991213
0.241635
0.951979
0.340005
0.721628
0.441715
0.527033
0.194957
0.491556
0.913005
0.035500
0.978604
0.316692
0.749684
0.414138
0.749684
0.589144
0.540922
0.658394
0.084803
0.527033
0.884948
0.557828
0.874110
0.704484
0.000112
0.884948
0.470257
0.612135
0.749684
0.470257
0.947760
