0.907293
0.603471
0.774492
0.626544
0.667094
0.350951
0.077446
0.077446
0.681504
0.787927
0.434080
0.434080
0.867378
0.329292
0.658394
0.935597
0.626544
0.580543
0.260793
0.704484
0.867378
0.203680
0.635244
0.566341
0.371333
0.013276
0.735726
0.962240
0.549354
0.394742
0.333520
0.153566
0.019230
0.375911
0.557828
0.103042
0.255445
0.014985
0.406779
0.346575
0.401971
0.962240
0.658394
0.228410
0.005262
0.758020
0.505064
0.594827
0.022258
0.787927
0.727244
0.821730
0.779856
0.010595
0.540922
0.002255
0.454542
0.867378
0.848789
0.264363
0.713075
0.255445
0.991213
0.000320
0.275424
0.241635
0.462365
0.004868
0.316692
0.157114
0.394742
0.010298
0.139014
0.306500
0.192150
0.034568
0.779856
0.139014
0.521553
0.681504
0.215763
0.109849
0.867378
0.735726
0.658394
0.478214
0.643949
0.521553
0.255445
0.000544
0.612135
0.958545
0.105557
0.233315
0.132684
0.589144
0.211153
0.571972
0.290658
0.635244
0.177160
0.462365
0.801128
0.483494
0.306500
0.496903
0.357661
0.344325
0.891273
0.401971
0.462365
0.064431
0.874110
0.421575
0.187953
0.571972
0.874110
0.735726
0.357661
0.816691
0.907293
0.441715
0.250182
0.947760
0.414138
0.704484
0.527033
0.672823
0.947760
0.947760
0.155897
0.758020
0.382926
0.543791
0.922090
0.346575
0.672823
0.527033
0.766291
0.566341
0.749684
0.580543
0.829282
0.300471
0.801128
0.690166
0.635244
0.521553
0.340005
0.364456
0.735726
0.779856
0.211153
0.640981
0.255445
0.344325
0.483494
0.368979
0.429087
0.049040
0.499678
0.390021
0.749684
0.043818
0.735726
0.935597
0.153566
0.306500
0.434080
0.848789
0.758020
0.681504
0.241635
0.612135
0.940331
0.744157
0.574890
0.901408
0.421575
0.194957
0.401971
0.695863
0.000437
0.344325
0.072465
0.535389
0.211153
0.426518
0.505064
0.721628
0.441715
0.713075
0.867378
0.429087
0.704484
0.907293
0.612135
0.867378
0.357661
0.713075
0.475494
0.935597
0.672823
0.940331
0.049886
0.589144
0.290658
0.612135
0.841556
0.922090
0.787927
0.124654
0.901408
0.681504
0.580543
0.368979
0.038764
0.958545
0.848789
0.132684
0.735726
0.013909
0.382926
0.612135
0.255445
0.006144
0.535389
0.713075
0.103042
0.016595
0.808960
0.132684
0.535389
0.045761
0.951979
0.527033
0.072465
0.483494
0.505064
0.713075
0.483494
0.194957
0.535389
0.779856
0.758020
0.978604
0.998868
0.382926
0.779856
0.290658
0.867378
0.109849
0.897436
0.086192
0.649688
0.269851
0.441715
0.891273
0.749684
0.027164
0.620815
0.626544
0.897436
0.387593
0.713075
0.855893
0.984769
0.626544
0.672823
0.380525
0.112510
0.891273
0.667094
0.947760
0.535389
0.357661
0.401971
0.535389
0.255445
0.713075
0.808960
0.571972
0.907293
0.302517
0.003850
0.294528
0.364456
0.787927
0.241635
0.114294
0.829282
0.124654
0.603471
0.357661
0.681504
0.144460
0.543791
0.236593
0.031348
0.867378
0.223587
0.848789
0.284858
0.150086
0.066084
0.713075
0.721628
0.462365
0.177160
0.344325
0.100580
0.153566
0.999575
0.483494
0.658394
0.808960
0.594827
0.901408
0.491556
0.626544
0.414138
0.907293
0.612135
0.159490
0.897436
0.144460
0.279144
0.779856
0.907293
0.290658
0.080707
0.310521
0.589144
0.117048
0.821730
0.643949
0.597771
0.801128
0.566341
0.521553
0.672823
0.211153
0.626544
0.269851
0.470257
0.940331
0.681504
0.231634
0.409279
0.470257
0.084803
0.505064
0.867378
0.082732
0.848789
0.215763
0.749684
0.394742
0.779856
0.566341
0.130653
0.241635
0.406779
0.758020
0.340005
0.144460
0.801128
0.027164
0.874110
0.907293
0.549354
0.344325
0.787927
0.518727
0.793201
0.454542
0.958545
0.989675
0.199280
0.446787
0.017063
0.070668
0.681504
0.626544
0.046970
0.667094
0.829282
0.951979
0.236593
0.491556
0.758020
0.008354
0.626544
0.735726
0.962240
0.098985
0.104694
0.735726
0.406779
0.626544
0.672823
0.044581
0.375911
0.713075
0.658394
0.375911
0.241635
0.387593
0.409279
0.758020
0.329292
0.816691
0.535389
0.681504
0.951979
0.695863
0.927324
0.063362
0.681504
0.695863
0.698805
0.549354
0.695863
0.947760
0.891273
0.704484
0.675784
0.771705
0.913005
0.603471
0.907293
0.300471
0.907293
0.013276
0.346575
0.698805
0.220452
0.127623
0.690166
0.387593
0.250182
0.594827
0.206623
0.153566
0.218844
0.364456
0.907293
0.033659
0.867378
0.829282
0.211153
0.907293
0.540922
0.077446
0.913005
0.513281
0.927324
0.421575
0.758020
0.626544
0.045761
0.153566
0.681504
0.218844
0.962240
0.940331
0.681504
0.718717
0.766291
0.401971
0.821730
0.557828
0.704484
0.103042
0.518727
0.793201
0.401971
0.549354
0.913005
0.603471
0.698805
0.535389
0.362130
0.300471
0.068911
0.557828
0.922090
0.681504
0.672823
0.801128
0.620815
0.054829
0.612135
0.874110
0.841556
0.860501
0.401971
0.867378
0.860501
0.922090
0.675784
0.401971
0.496903
0.713075
0.874110
0.505064
0.357661
0.505064
0.594827
0.958545
0.382926
0.787927
0.141156
0.626544
0.626544
0.603471
0.306500
0.166886
0.713075
0.793201
0.421575
0.215763
0.118894
0.658394
0.612135
0.513281
0.107244
0.978604
0.521553
0.300471
0.074303
0.050328
0.758020
0.209600
0.434080
0.801128
0.375911
0.004164
0.991213
0.013276
0.144460
0.922090
0.922090
0.580543
0.571972
0.922090
0.704484
0.322949
0.236593
0.779856
0.187953
0.667094
0.658394
0.119859
0.288671
0.441715
0.300471
0.771705
0.922090
0.051648
0.496903
0.848789
0.779856
0.758020
0.434080
0.470257
0.190711
0.505064
0.183833
0.867378
0.571972
0.141156
0.652656
0.829282
0.808960
0.727244
