0.521553
0.052535
0.223587
0.735726
0.206623
0.848789
0.037099
0.368979
0.211153
0.114294
0.735726
0.620815
0.635244
0.017866
0.072465
0.549354
0.779856
0.214182
0.766291
0.371333
0.275424
0.922090
0.306500
0.907293
0.159490
0.098170
0.549354
0.513281
0.735726
0.557828
0.603471
0.104694
0.620815
0.860501
0.163153
0.967937
0.203680
0.735726
0.940331
0.020692
0.801128
0.109849
0.986757
0.821730
0.177160
0.394742
0.580543
0.649688
0.681504
0.183833
0.098170
0.901408
0.829282
0.409279
0.446787
0.935597
0.223587
0.088340
0.414138
0.449423
0.316692
0.855893
0.667094
0.206623
0.346575
0.930673
0.884948
0.713075
0.183833
0.862861
0.340005
0.944872
0.211153
0.549354
0.603471
0.758020
0.801128
0.329292
0.086919
0.454542
0.698805
0.860501
0.549354
0.007965
0.658394
0.390021
0.346575
0.557828
0.491556
0.998868
0.643949
0.290658
0.681504
0.808960
0.033659
0.884948
0.612135
0.475494
0.867378
0.513281
0.527033
0.571972
0.084803
0.109849
0.935597
0.981075
0.848789
0.357661
0.901408
0.821730
0.808960
0.316692
0.077446
0.364456
0.808960
0.907293
0.004503
0.462365
0.082732
0.867378
0.971109
0.557828
0.580543
0.821730
0.163153
0.499678
0.340005
0.695863
0.589144
0.855893
0.304435
0.771705
0.571972
0.884948
0.829282
0.084803
0.766291
0.540922
0.491556
0.382926
0.401971
0.177160
0.758020
0.454542
0.157114
0.535389
0.491556
0.681504
0.279144
0.779856
0.333520
0.150086
0.793201
0.571972
0.808960
0.513281
0.758020
0.290658
0.984769
0.387593
0.008197
0.275424
0.449423
0.255445
0.211153
0.483494
0.505064
0.038094
0.004503
0.927324
0.549354
0.626544
0.681504
0.290658
0.557828
0.535389
0.829282
0.100580
0.441715
0.310521
0.643949
0.994555
0.203680
0.962240
0.429087
0.913005
0.727244
0.166886
0.543791
0.211153
0.387593
0.874110
0.284858
0.072465
0.935597
0.626544
0.713075
0.260793
0.153566
0.441715
0.808960
0.897436
0.713075
0.626544
0.603471
0.426518
0.543791
0.951979
0.177160
0.141156
0.368979
0.821730
0.401971
0.681504
0.727244
0.029186
0.169385
0.829282
0.350951
0.978604
0.357661
0.795913
0.940331
0.667094
0.026438
0.073672
0.721628
0.322949
0.540922
0.382926
0.848789
0.735726
0.766291
0.269851
0.620815
0.031348
0.183833
0.166886
0.382926
0.801128
0.922090
0.874110
0.971109
0.147829
0.491556
0.658394
0.649688
0.874110
0.727244
0.050328
0.913005
0.549354
0.296545
0.891273
0.779856
0.322949
0.901408
0.695863
0.340005
0.801128
0.829282
0.141156
0.483494
0.357661
0.681504
0.549354
0.735726
0.971109
0.004728
0.035180
0.589144
0.082732
0.704484
0.426518
0.635244
0.922090
0.290658
0.018368
0.329292
0.114294
0.535389
0.387593
0.340005
0.867378
0.527033
0.704484
0.211153
0.084803
0.255445
0.704484
0.549354
0.228410
0.999575
0.166886
0.922090
0.749684
0.594827
0.109849
0.874110
0.594827
0.735726
0.667094
0.470257
0.300471
0.974087
0.350951
0.801128
0.557828
0.891273
0.681504
0.907293
0.157114
0.513281
0.672823
0.681504
0.499678
0.816691
0.454542
0.874110
0.947760
0.643949
0.617854
0.236593
0.177160
0.752533
0.589144
0.052535
0.535389
0.727244
0.589144
0.056256
0.855893
0.922090
0.521553
0.294528
0.713075
0.922090
0.127623
0.183833
0.441715
0.848789
0.690166
0.535389
0.350951
0.787927
0.059212
0.496903
0.589144
0.290658
0.947760
0.962240
0.470257
0.626544
0.986757
0.401971
0.991213
0.296545
0.978604
0.940331
0.787927
0.199280
0.211153
0.727244
0.690166
0.690166
0.771705
0.801128
0.589144
0.594827
0.454542
0.144460
0.907293
0.124654
0.901408
0.989675
0.735726
0.891273
0.935597
0.284858
0.255445
0.269851
0.114294
0.031906
0.028409
0.891273
0.096609
0.284858
0.199280
0.090535
0.129613
0.727244
0.206623
0.316692
0.649688
0.566341
0.787927
0.971109
0.787927
0.467559
0.197797
0.025731
0.649688
0.344325
0.357661
0.962240
0.478214
0.132684
0.092008
0.612135
0.594827
0.255445
0.060743
0.535389
0.329292
0.681504
0.173237
0.269851
0.620815
0.284858
0.478214
0.974087
0.658394
0.236593
0.394742
0.513281
0.294528
0.758020
0.557828
0.727244
0.635244
0.050328
0.935597
0.690166
0.150086
0.056256
0.056256
0.014305
0.441715
0.626544
0.566341
0.626544
0.855893
0.177160
0.462365
0.290658
0.667094
0.681504
0.255445
0.681504
0.012317
0.940331
0.056256
0.891273
0.046970
0.250182
0.971109
0.907293
0.173237
0.984769
0.758020
0.580543
0.571972
0.535389
0.829282
0.255445
0.335721
0.462365
0.368979
0.505064
0.793201
0.273514
0.223587
0.346575
0.215763
0.505064
0.096609
0.927324
0.766291
0.891273
0.192150
0.000411
0.681504
0.566341
0.434080
0.549354
0.147829
0.704484
0.589144
0.350951
0.269851
0.713075
0.821730
0.907293
0.626544
0.092008
0.597771
0.867378
0.346575
0.821730
0.735726
0.462365
0.023935
0.284858
0.050328
0.867378
0.269851
0.346575
0.884948
0.984769
0.406779
0.727244
0.658394
0.350951
0.951979
0.491556
0.698805
0.749684
0.421575
0.449423
0.300471
0.535389
0.357661
0.978604
0.077446
0.947760
0.357661
0.306500
0.947760
0.749684
0.787927
0.690166
0.181158
0.801128
0.571972
0.505064
0.375911
0.281082
0.927324
0.779856
0.132684
0.681504
0.571972
0.907293
0.218844
0.340005
0.513281
0.681504
0.119859
0.603471
0.727244
0.012317
0.816691
0.713075
0.513281
0.704484
0.649688
0.226757
0.543791
0.306500
0.816691
0.340005
0.275424
0.491556
0.808960
0.907293
0.658394
0.626544
0.658394
0.281082
0.199280
0.316692
0.009016
0.690166
0.543791
0.462365
0.713075
