0.543791
0.260793
0.580543
0.199280
0.758020
0.031348
0.779856
0.771705
0.387593
0.649688
0.109849
0.821730
0.401971
0.718717
0.557828
0.574890
0.060743
0.658394
0.080707
0.375911
0.096609
0.597771
0.329292
0.043818
0.735726
0.727244
0.867378
0.316692
0.967937
0.044980
0.049040
0.947760
0.735726
0.626544
0.231634
0.401971
0.429087
0.735726
0.067775
0.441715
0.322949
0.364456
0.329292
0.612135
0.758020
0.075538
0.038764
0.260793
0.055312
0.603471
0.758020
0.947760
0.275424
0.749684
0.478214
0.414138
0.649688
0.046970
0.695863
0.333520
0.269851
0.483494
0.033659
0.132684
0.290658
0.829282
0.047782
0.907293
0.449423
0.357661
0.449423
0.264363
0.192150
0.901408
0.867378
0.947760
0.521553
0.300471
0.891273
0.340005
0.981075
0.375911
0.848789
0.026438
0.935597
0.620815
0.958545
0.855893
0.462365
0.549354
0.874110
0.333520
0.566341
0.035180
0.340005
0.135818
0.434080
0.543791
0.231634
0.658394
0.580543
0.795913
0.566341
0.727244
0.962240
0.153566
0.829282
0.735726
0.922090
0.294528
0.667094
0.226757
0.194957
0.513281
0.462365
0.233315
0.658394
0.421575
0.454542
0.414138
0.549354
0.704484
0.269851
0.984769
0.535389
0.300471
0.718717
0.250182
0.978604
0.951979
0.340005
0.557828
0.940331
0.275424
0.406779
0.927324
0.053907
0.007378
0.236593
0.187953
0.139014
0.056256
0.521553
0.157114
0.962240
0.196422
0.236593
0.518727
0.848789
0.454542
0.801128
0.974087
0.535389
0.153566
0.643949
0.749684
0.203680
0.667094
0.667094
0.672823
0.513281
0.801128
0.681504
0.897436
0.594827
0.580543
0.483494
0.082732
0.557828
0.841556
0.727244
0.643949
0.808960
0.264363
0.816691
0.597771
0.394742
0.580543
0.690166
0.290658
0.563435
0.735726
0.483494
0.157114
0.294528
0.394742
0.989675
0.922090
0.346575
0.735726
0.635244
0.401971
0.855893
0.867378
0.077446
0.414138
0.518727
0.884948
0.414138
0.350951
0.779856
0.060217
0.098985
0.211153
0.735726
0.208158
0.907293
0.434080
0.848789
0.223587
0.082732
0.874110
0.867378
0.255445
0.603471
0.380525
0.787927
0.250182
0.001149
0.566341
0.038764
0.690166
0.884948
0.744157
0.626544
0.505064
0.281082
0.672823
0.801128
0.067775
0.958545
0.867378
0.808960
0.491556
0.897436
0.096609
0.771705
0.088340
0.491556
0.390021
0.749684
0.997586
0.223587
0.690166
0.841556
0.382926
0.173237
0.074303
0.357661
0.441715
0.681504
0.884948
0.848789
0.801128
0.713075
0.159490
0.594827
0.549354
0.874110
0.018368
0.927324
0.758020
0.132684
0.470257
0.580543
0.072465
0.357661
0.549354
0.965738
0.801128
0.382926
0.491556
0.236593
0.000149
0.034568
0.640981
0.429087
0.072465
0.801128
0.446787
0.194957
0.004043
0.907293
0.211153
0.766291
0.499678
0.766291
0.940331
0.626544
0.704484
0.922090
0.177160
0.901408
0.867378
0.421575
0.275424
0.935597
0.027652
0.727244
0.429087
0.020320
0.848789
0.829282
0.421575
0.922090
0.681504
0.241635
0.090535
0.394742
0.549354
0.077446
0.250182
0.346575
0.758020
0.821730
0.878466
0.867378
0.001556
0.874110
0.368979
0.228410
0.549354
0.245003
0.771705
0.046970
0.907293
0.922090
0.426518
0.962240
0.357661
0.434080
0.749684
0.771705
0.163153
0.913005
0.907293
0.139014
0.986757
0.269851
0.166886
0.758020
0.003559
0.246759
0.766291
0.649688
0.527033
0.069506
0.010298
0.612135
0.441715
0.513281
0.758020
0.874110
0.401971
0.491556
0.033659
0.187953
0.744157
0.965738
0.194957
0.251967
0.241635
0.535389
0.340005
0.848789
0.571972
0.368979
0.667094
0.779856
0.978604
0.821730
0.008847
0.848789
0.275424
0.316692
0.974087
0.643949
0.483494
0.255445
0.681504
0.375911
0.375911
0.496903
0.801128
0.255445
0.177160
0.787927
0.527033
0.346575
0.333520
0.704484
0.421575
0.088340
0.991213
0.306500
0.758020
0.884948
0.549354
0.681504
0.255445
0.513281
0.735726
0.255445
0.612135
0.947760
0.766291
0.744157
0.333520
0.617854
0.329292
0.357661
0.340005
0.072465
0.971109
0.922090
0.821730
0.173237
0.223587
0.255445
0.441715
0.513281
0.153566
0.170690
0.787927
0.346575
0.160731
0.787927
0.157114
0.681504
0.092778
0.744157
0.513281
0.441715
0.821730
0.057717
0.434080
0.749684
0.913005
0.173237
0.735726
0.421575
0.681504
0.015409
0.901408
0.829282
0.362130
0.462365
0.518727
0.022258
0.958545
0.749684
0.935597
0.103042
0.640981
0.557828
0.713075
0.681504
0.264363
0.571972
0.787927
0.612135
0.454542
0.300471
0.635244
0.897436
0.978604
0.117048
0.203680
0.571972
0.300471
0.011753
0.053907
0.157114
0.414138
0.713075
0.874110
0.922090
0.690166
0.088340
0.163153
0.774492
0.658394
0.513281
0.518727
0.841556
0.284858
0.340005
0.698805
0.589144
0.441715
0.704484
0.322949
0.107244
0.672823
0.808960
0.649688
0.290658
0.264363
0.499678
0.779856
0.690166
0.135818
0.779856
0.340005
0.681504
0.635244
0.640981
0.177160
0.024596
0.535389
0.090535
0.499678
0.978604
0.132684
0.344325
0.848789
0.874110
0.387593
0.566341
0.695863
0.401971
0.667094
0.658394
0.300471
0.695863
0.132684
0.658394
0.848789
0.401971
0.264363
0.891273
0.901408
0.527033
0.513281
0.916674
0.296545
0.144460
0.749684
0.346575
0.695863
0.922090
0.340005
0.401971
0.470257
0.312615
0.470257
0.000437
0.612135
0.284858
0.848789
0.891273
0.626544
0.891273
0.042685
0.375911
0.626544
0.594827
0.470257
0.483494
0.233315
0.996919
0.017866
0.426518
0.635244
0.333520
0.612135
0.643949
0.535389
0.434080
0.346575
0.078727
0.103042
0.744157
0.513281
0.867378
0.984769
