0.475494
0.470257
0.690166
0.652656
0.527033
0.962240
0.183833
0.727244
0.491556
0.927324
0.860501
0.306500
0.594827
0.956001
0.848789
0.958545
0.322949
0.513281
0.880693
0.981075
0.135818
0.202171
0.505064
0.672823
0.068911
0.483494
0.157114
0.744157
0.146673
0.801128
0.557828
0.223587
0.483494
0.340005
0.316692
0.658394
0.226757
0.121744
0.060743
0.454542
0.643949
0.829282
0.612135
0.704484
0.994555
0.061772
0.580543
0.300471
0.475494
0.521553
0.540922
0.475494
0.635244
0.329292
0.371333
0.612135
0.935597
0.394742
0.971109
0.015845
0.667094
0.597771
0.695863
0.340005
0.255445
0.527033
0.284858
0.032771
0.478214
0.535389
0.231634
0.984769
0.801128
0.735726
0.401971
0.100580
0.329292
0.935597
0.250182
0.032771
0.626544
0.491556
0.462365
0.063362
0.787927
0.350951
0.040864
0.612135
0.141156
0.300471
0.096609
0.135818
0.414138
0.069506
0.603471
0.779856
0.019768
0.574890
0.566341
0.177160
0.310521
0.013909
0.801128
0.681504
0.727244
0.344325
0.612135
0.350951
0.620815
0.580543
0.434080
0.521553
0.749684
0.215763
0.566341
0.690166
0.300471
0.057717
0.771705
0.190711
0.357661
0.290658
0.505064
0.284858
0.922090
0.901408
0.557828
0.991213
0.766291
0.549354
0.829282
0.913005
0.713075
0.658394
0.306500
0.557828
0.951979
0.275424
0.891273
0.713075
0.713075
0.316692
0.048208
0.316692
0.758020
0.203680
0.027164
0.496903
0.626544
0.353229
0.333520
0.333520
0.566341
0.310521
0.901408
0.421575
0.505064
0.681504
0.681504
0.375911
0.467559
0.940331
0.035180
0.758020
0.962240
0.011106
0.163153
0.421575
0.088340
0.183833
0.513281
0.808960
0.994555
0.947760
0.695863
0.935597
0.855893
0.310521
0.350951
0.535389
0.513281
0.922090
0.470257
0.603471
0.166886
0.557828
0.884948
0.535389
0.907293
0.475494
0.612135
0.414138
0.594827
0.153566
0.434080
0.675784
0.690166
0.695863
0.080707
0.940331
0.527033
0.808960
0.997586
0.557828
0.821730
0.603471
0.518727
0.991213
0.971109
0.543791
0.749684
0.387593
0.350951
0.467559
0.958545
0.749684
0.984769
0.995551
0.426518
0.981075
0.103042
0.375911
0.038764
0.848789
0.922090
0.163153
0.801128
0.922090
0.971109
0.816691
0.643949
0.344325
0.279144
0.891273
0.290658
0.758020
0.848789
0.787927
0.801128
0.056256
0.449423
0.340005
0.713075
0.281082
0.549354
0.566341
0.368979
0.096609
0.771705
0.250182
0.281082
0.416665
0.426518
0.635244
0.258960
0.735726
0.258960
0.848789
0.916674
0.112510
0.981075
0.344325
0.874110
0.597771
0.571972
0.658394
0.170690
0.566341
0.557828
0.880693
0.771705
0.672823
0.787927
0.127623
0.848789
0.841556
0.000846
0.735726
0.505064
0.382926
0.114294
0.228410
0.880693
0.090535
0.462365
0.672823
0.306500
0.779856
0.974087
0.057717
0.199280
0.462365
0.236593
0.672823
0.518727
0.414138
0.275424
0.808960
0.251967
0.250182
0.098985
0.018883
0.124654
0.735726
0.022258
0.001721
0.333520
0.434080
0.635244
0.306500
0.096609
0.947760
0.649688
0.357661
0.612135
0.457201
0.000030
0.994555
0.626544
0.971109
0.603471
0.421575
0.922090
0.017543
0.255445
0.801128
0.787927
0.007378
0.094284
0.913005
0.549354
0.117048
0.779856
0.010595
0.350951
0.394742
0.557828
0.029708
0.749684
0.994555
0.749684
0.322949
0.109849
0.860501
0.434080
0.749684
0.951979
0.357661
0.704484
0.045761
0.874110
0.681504
0.521553
0.203680
0.779856
0.050328
0.033659
0.177160
0.020692
0.603471
0.727244
0.096609
0.470257
0.183833
0.735726
0.704484
0.414138
0.070668
0.667094
0.329292
0.483494
0.940331
0.135818
0.735726
0.821730
0.690166
0.821730
0.220452
0.284858
0.594827
0.749684
0.394742
0.947760
0.848789
0.779856
0.505064
0.951979
0.470257
0.603471
0.094284
0.991213
0.718717
0.387593
0.749684
0.306500
0.434080
0.491556
0.922090
0.021268
0.003455
0.681504
0.974087
0.513281
0.589144
0.414138
0.163153
0.153566
0.387593
0.727244
0.449423
0.002146
0.300471
0.704484
0.000718
0.457201
0.124654
0.429087
0.801128
0.580543
0.801128
0.658394
0.787927
0.449423
0.880693
0.603471
0.735726
0.467559
0.690166
0.340005
0.340005
0.491556
0.891273
0.766291
0.394742
0.855893
0.935597
0.183833
0.096609
0.891273
0.021268
0.913005
0.749684
0.269851
0.446787
0.206623
0.375911
0.787927
0.749684
0.821730
0.329292
0.527033
0.333520
0.346575
0.635244
0.829282
0.557828
0.543791
0.344325
0.135818
0.163153
0.199280
0.505064
0.901408
0.997586
0.922090
0.322949
0.808960
0.535389
0.005262
0.603471
0.401971
0.681504
0.758020
0.901408
0.441715
0.025274
0.096609
0.658394
0.971109
0.000082
0.322949
0.340005
0.119859
0.549354
0.681504
0.758020
0.194957
0.253642
0.907293
0.322949
0.744157
0.735726
0.103042
0.867378
0.241635
0.571972
0.016139
0.368979
0.350951
0.449423
0.922090
0.316692
0.223587
0.735726
0.121744
0.649688
0.004043
0.250182
0.429087
0.603471
0.475494
0.491556
0.132684
0.971109
0.322949
0.037099
0.211153
0.735726
0.350951
0.713075
0.713075
0.344325
0.122729
0.387593
0.290658
0.821730
0.829282
0.801128
0.704484
0.744157
0.907293
0.658394
0.935597
0.978604
0.758020
0.005855
0.350951
0.779856
0.527033
0.260793
0.005418
0.527033
0.566341
0.012907
0.333520
0.829282
0.884948
0.080707
0.681504
0.658394
0.141156
0.749684
0.387593
0.901408
0.312615
0.269851
0.064990
0.557828
0.475494
0.884948
0.543791
0.612135
0.041578
0.667094
0.535389
0.922090
0.891273
0.040864
0.446787
0.927324
0.491556
0.907293
0.713075
0.540922
0.284858
0.139014
