0.421575
0.031348
0.441715
0.061772
0.163153
0.316692
0.008197
0.090535
0.049040
0.375911
0.357661
0.672823
0.603471
0.735726
0.187953
0.735726
0.119859
0.491556
0.829282
0.874110
0.855893
0.329292
0.049040
0.177160
0.874110
0.144460
0.658394
0.635244
0.181158
0.681504
0.552238
0.816691
0.130653
0.829282
0.841556
0.050328
0.635244
0.787927
0.109849
0.552238
0.103042
0.690166
0.557828
0.713075
0.446787
0.094284
0.543791
0.029186
0.390021
0.658394
0.566341
0.421575
0.848789
0.153566
0.771705
0.962240
0.163153
0.958545
0.612135
0.103042
0.290658
0.026438
0.429087
0.462365
0.727244
0.039801
0.612135
0.426518
0.603471
0.589144
0.907293
0.808960
0.535389
0.907293
0.139014
0.758020
0.626544
0.713075
0.549354
0.549354
0.269851
0.022875
0.470257
0.306500
0.053907
0.215763
0.255445
0.758020
0.774492
0.306500
0.612135
0.996919
0.744157
0.749684
0.521553
0.649688
0.612135
0.421575
0.390021
0.044581
0.612135
0.077446
0.836720
0.231634
0.801128
0.300471
0.971109
0.100580
0.766291
0.713075
0.566341
0.766291
0.758020
0.015409
0.505064
0.329292
0.626544
0.049040
0.475494
0.001208
0.557828
0.130653
0.449423
0.029982
0.003289
0.549354
0.346575
0.441715
0.667094
0.658394
0.521553
0.779856
0.580543
0.436675
0.626544
0.907293
0.557828
0.981075
0.034568
0.821730
0.766291
0.499678
0.958545
0.787927
0.153566
0.713075
0.695863
0.059212
0.088340
0.635244
0.000378
0.491556
0.907293
0.446787
0.375911
0.043818
0.518727
0.543791
0.114294
0.037099
0.300471
0.194957
0.998868
0.735726
0.690166
0.043818
0.779856
0.787927
0.284858
0.643949
0.947760
0.496903
0.169385
0.064990
0.549354
0.626544
0.007965
0.535389
0.253642
0.269851
0.535389
0.935597
0.527033
0.727244
0.518727
0.848789
0.535389
0.821730
0.312615
0.141156
0.483494
0.187953
0.020320
0.092008
0.913005
0.860501
0.884948
0.612135
0.787927
0.543791
0.603471
0.884948
0.891273
0.779856
0.535389
0.117048
0.658394
0.290658
0.880693
0.273514
0.667094
0.215763
0.787927
0.690166
0.017543
0.962240
0.566341
0.690166
0.513281
0.996919
0.063362
0.695863
0.039801
0.483494
0.721628
0.151265
0.994555
0.043818
0.255445
0.962240
0.016595
0.991213
0.513281
0.549354
0.119859
0.690166
0.922090
0.816691
0.787927
0.215763
0.771705
0.206623
0.001540
0.211153
0.758020
0.962240
0.467559
0.166886
0.891273
0.947760
0.296545
0.003354
0.594827
0.927324
0.626544
0.935597
0.194957
0.580543
0.375911
0.535389
0.223587
0.848789
0.147829
0.922090
0.801128
0.014711
0.108126
0.002082
0.513281
0.672823
0.681504
0.704484
0.220452
0.735726
0.491556
0.681504
0.269851
0.179787
0.907293
0.549354
0.056256
0.166886
0.368979
0.075538
0.808960
0.635244
0.566341
0.690166
0.058699
0.580543
0.040864
0.115226
0.177160
0.901408
0.072465
0.364456
0.643949
0.658394
0.223587
0.513281
0.218844
0.758020
0.848789
0.829282
0.513281
0.940331
0.022466
0.793201
0.434080
0.241635
0.855893
0.429087
0.215763
0.787927
0.061772
0.312615
0.306500
0.535389
0.414138
0.088340
0.848789
0.922090
0.727244
0.368979
0.045761
0.672823
0.054829
0.264363
0.462365
0.626544
0.735726
0.306500
0.535389
0.223587
0.185229
0.612135
0.002020
0.181158
0.649688
0.620815
0.901408
0.766291
0.829282
0.951979
0.070668
0.157114
0.513281
0.390021
0.667094
0.589144
0.434080
0.364456
0.771705
0.860501
0.612135
0.401971
0.186540
0.241635
0.681504
0.279144
0.041952
0.364456
0.947760
0.322949
0.017063
0.580543
0.848789
0.635244
0.779856
0.002863
0.011425
0.580543
0.449423
0.015845
0.940331
0.951979
0.884948
0.029186
0.612135
0.704484
0.574890
0.626544
0.779856
0.000172
0.114294
0.335721
0.441715
0.958545
0.808960
0.891273
0.470257
0.635244
0.996919
0.401971
0.394742
0.290658
0.801128
0.808960
0.491556
0.658394
0.829282
0.916674
0.713075
0.808960
0.836720
0.994555
0.571972
0.557828
0.236593
0.026438
0.594827
0.322949
0.192150
0.566341
0.971109
0.127623
0.346575
0.801128
0.690166
0.127623
0.521553
0.132684
0.275424
0.947760
0.552238
0.735726
0.589144
0.808960
0.269851
0.540922
0.074303
0.594827
0.552238
0.260793
0.163153
0.103042
0.626544
0.552238
0.165605
0.357661
0.841556
0.098985
0.135818
0.735726
0.566341
0.139014
0.127623
0.357661
0.203680
0.063362
0.566341
0.005262
0.279144
0.643949
0.080707
0.744157
0.771705
0.284858
0.228410
0.421575
0.483494
0.940331
0.594827
0.841556
0.194957
0.279144
0.935597
0.462365
0.991213
0.557828
0.543791
0.829282
0.620815
0.589144
0.855893
0.947760
0.713075
0.891273
0.241635
0.681504
0.401971
0.658394
0.346575
0.296545
0.088340
0.557828
0.649688
0.580543
0.375911
0.629509
0.082732
0.566341
0.044581
0.177160
0.986757
0.496903
0.236593
0.974087
0.681504
0.157114
0.981075
0.491556
0.141156
0.215763
0.971109
0.382926
0.916674
0.211153
0.211153
0.375911
0.922090
0.543791
0.340005
0.006325
0.275424
0.322949
0.409279
0.574890
0.821730
0.434080
0.505064
0.690166
0.571972
0.005855
0.505064
0.103042
0.971109
0.521553
0.260793
0.727244
0.874110
0.935597
0.643949
0.557828
0.491556
0.540922
0.382926
0.672823
0.913005
0.713075
0.635244
0.368979
0.132684
0.867378
0.927324
0.119859
0.194957
0.552238
0.382926
0.462365
0.449423
0.922090
0.429087
0.801128
0.958545
0.795913
0.521553
0.215763
0.096609
0.364456
0.513281
0.771705
0.333520
0.940331
0.848789
0.300471
0.527033
0.434080
0.382926
0.434080
0.019768
0.054829
0.094284
0.891273
0.991213
0.421575
