0.080707
0.199280
0.446787
0.713075
0.718717
0.667094
0.779856
0.549354
0.727244
0.874110
0.169385
0.434080
0.612135
0.077446
0.051194
0.151265
0.658394
0.275424
0.543791
0.821730
0.475494
0.649688
0.727244
0.401971
0.916674
0.491556
0.836720
0.658394
0.527033
0.357661
0.635244
0.549354
0.312615
0.421575
0.012670
0.735726
0.241635
0.211153
0.566341
0.848789
0.867378
0.173237
0.012907
0.891273
0.649688
0.357661
0.072465
0.758020
0.382926
0.375911
0.690166
0.153566
0.483494
0.194957
0.829282
0.855893
0.727244
0.549354
0.727244
0.163153
0.000005
0.004164
0.735726
0.505064
0.580543
0.394742
0.057717
0.394742
0.867378
0.269851
0.260793
0.027908
0.947760
0.353229
0.153566
0.913005
0.141156
0.382926
0.940331
0.144460
0.991213
0.049040
0.108126
0.603471
0.727244
0.891273
0.290658
0.177160
0.557828
0.279144
0.491556
0.589144
0.907293
0.901408
0.658394
0.371333
0.836720
0.766291
0.414138
0.935597
0.220452
0.620815
0.907293
0.005855
0.867378
0.884948
0.103042
0.901408
0.255445
0.566341
0.462365
0.340005
0.713075
0.203680
0.793201
0.649688
0.829282
0.518727
0.269851
0.012907
0.956001
0.414138
0.779856
0.194957
0.901408
0.766291
0.483494
0.758020
0.940331
0.483494
0.132684
0.203680
0.989675
0.382926
0.220452
0.935597
0.971109
0.375911
0.749684
0.667094
0.187953
0.527033
0.107244
0.032199
0.727244
0.236593
0.269851
0.947760
0.801128
0.177160
0.223587
0.935597
0.467559
0.935597
0.695863
0.574890
0.867378
0.264363
0.735726
0.965738
0.496903
0.304435
0.483494
0.667094
0.594827
0.571972
0.981075
0.543791
0.294528
0.951979
0.658394
0.001310
0.735726
0.000899
0.884948
0.434080
0.470257
0.483494
0.010795
0.122729
0.016293
0.704484
0.787927
0.231634
0.571972
0.000003
0.974087
0.082732
0.183833
0.043818
0.891273
0.310521
0.267971
0.603471
0.375911
0.284858
0.635244
0.441715
0.787927
0.603471
0.434080
0.187953
0.749684
0.766291
0.434080
0.228410
0.998868
0.721628
0.050328
0.246759
0.907293
0.007032
0.470257
0.649688
0.566341
0.643949
0.735726
0.971109
0.055312
0.612135
0.658394
0.350951
0.129613
0.100580
0.401971
0.382926
0.821730
0.935597
0.603471
0.848789
0.566341
0.082732
0.766291
0.574890
0.612135
0.077446
0.829282
0.275424
0.749684
0.589144
0.300471
0.306500
0.922090
0.658394
0.779856
0.199280
0.231634
0.144460
0.867378
0.727244
0.258960
0.059212
0.878466
0.658394
0.958545
0.901408
0.589144
0.340005
0.695863
0.713075
0.414138
0.704484
0.821730
0.329292
0.698805
0.704484
0.958545
0.491556
0.891273
0.874110
0.940331
0.735726
0.617854
0.543791
0.078727
0.658394
0.571972
0.409279
0.346575
0.816691
0.409279
0.063362
0.105557
0.649688
0.073672
0.744157
0.211153
0.033659
0.916674
0.758020
0.848789
0.434080
0.940331
0.874110
0.414138
0.284858
0.962240
0.891273
0.808960
0.735726
0.758020
0.454542
0.995551
0.109849
0.808960
0.429087
0.848789
0.744157
0.801128
0.001465
0.848789
0.513281
0.735726
0.322949
0.589144
0.059212
0.571972
0.483494
0.269851
0.735726
0.304435
0.441715
0.169385
0.362130
0.067775
0.211153
0.836720
0.004868
0.003738
0.011106
0.183833
0.927324
0.874110
0.744157
0.449423
0.267971
0.434080
0.801128
0.667094
0.766291
0.667094
0.141156
0.951979
0.907293
0.927324
0.643949
0.275424
0.375911
0.362130
0.529876
0.690166
0.144460
0.449423
0.513281
0.163153
0.951979
0.704484
0.603471
0.196422
0.735726
0.429087
0.766291
0.667094
0.264363
0.269851
0.978604
0.801128
0.527033
0.103042
0.170690
0.005968
0.913005
0.907293
0.735726
0.364456
0.070668
0.695863
0.513281
0.157114
0.527033
0.947760
0.649688
0.635244
0.808960
0.947760
0.124654
0.557828
0.043818
0.001774
0.094284
0.218844
0.698805
0.947760
0.566341
0.891273
0.340005
0.891273
0.649688
0.713075
0.594827
0.841556
0.454542
0.079397
0.658394
0.141156
0.007168
0.483494
0.907293
0.344325
0.163153
0.907293
0.829282
0.015409
0.795913
0.841556
0.801128
0.333520
0.566341
0.142275
0.346575
0.543791
0.067775
0.316692
0.340005
0.346575
0.194957
0.364456
0.922090
0.580543
0.971109
0.779856
0.255445
0.848789
0.513281
0.589144
0.658394
0.084092
0.721628
0.269851
0.801128
0.322949
0.801128
0.470257
0.580543
0.491556
0.527033
0.364456
0.821730
0.940331
0.475494
0.475494
0.535389
0.478214
0.114294
0.199280
0.206623
0.401971
0.571972
0.951979
0.074303
0.446787
0.401971
0.816691
0.922090
0.241635
0.269851
0.860501
0.635244
0.290658
0.211153
0.258960
0.626544
0.749684
0.758020
0.994555
0.045761
0.690166
0.179787
0.513281
0.867378
0.735726
0.284858
0.364456
0.441715
0.713075
0.454542
0.483494
0.836720
0.043818
0.704484
0.787927
0.771705
0.884948
0.340005
0.029982
0.409279
0.513281
0.135818
0.160731
0.589144
0.462365
0.470257
0.749684
0.316692
0.566341
0.935597
0.690166
0.698805
0.589144
0.947760
0.635244
0.499678
0.414138
0.667094
0.635244
0.406779
0.626544
0.848789
0.211153
0.187953
0.867378
0.603471
0.382926
0.382926
0.273514
0.211153
0.571972
0.475494
0.475494
0.166886
0.848789
0.658394
0.658394
0.401971
0.947760
0.454542
0.010298
0.713075
0.255445
0.135818
0.735726
0.144460
0.589144
0.135818
0.549354
0.016595
0.121744
0.779856
0.713075
0.290658
0.080707
0.462365
0.173237
0.589144
0.206623
0.612135
0.779856
0.821730
0.499678
0.375911
0.907293
0.986757
0.771705
0.296545
0.971109
0.401971
0.758020
0.940331
0.787927
0.409279
0.109849
0.698805
0.787927
0.801128
0.841556
0.991213
