0.867378
0.713075
0.001636
0.022875
0.109849
0.635244
0.057717
0.901408
0.294528
0.007378
0.672823
0.801128
0.124654
0.109849
0.144460
0.801128
0.543791
0.571972
0.441715
0.580543
0.935597
0.658394
0.940331
0.749684
0.658394
0.260793
0.580543
0.177160
0.009546
0.159490
0.421575
0.735726
0.901408
0.940331
0.264363
0.475494
0.483494
0.513281
0.766291
0.681504
0.399498
0.916674
0.001114
0.620815
0.119859
0.589144
0.649688
0.223587
0.223587
0.000500
0.787927
0.513281
0.626544
0.855893
0.027908
0.801128
0.643949
0.027164
0.294528
0.927324
0.364456
0.131630
0.150086
0.340005
0.603471
0.434080
0.075538
0.841556
0.901408
0.597771
0.808960
0.001922
0.991213
0.306500
0.333520
0.981075
0.681504
0.727244
0.549354
0.177160
0.233315
0.727244
0.891273
0.940331
0.434080
0.884948
0.658394
0.202171
0.236593
0.580543
0.364456
0.228410
0.947760
0.434080
0.449423
0.004868
0.206623
0.874110
0.470257
0.771705
0.829282
0.922090
0.007965
0.441715
0.787927
0.421575
0.449423
0.024596
0.867378
0.658394
0.364456
0.935597
0.215763
0.658394
0.357661
0.695863
0.867378
0.681504
0.821730
0.239907
0.147829
0.901408
0.808960
0.735726
0.727244
0.177160
0.874110
0.927324
0.612135
0.848789
0.218844
0.897436
0.426518
0.603471
0.024596
0.758020
0.874110
0.867378
0.255445
0.153566
0.718717
0.112510
0.496903
0.394742
0.735726
0.672823
0.401971
0.375911
0.922090
0.878466
0.821730
0.105557
0.255445
0.483494
0.340005
0.935597
0.571972
0.543791
0.082732
0.808960
0.135818
0.223587
0.264363
0.787927
0.681504
0.836720
0.978604
0.571972
0.848789
0.916674
0.223587
0.721628
0.848789
0.874110
0.429087
0.801128
0.527033
0.441715
0.821730
0.169385
0.346575
0.535389
0.132684
0.821730
0.462365
0.951979
0.867378
0.649688
0.549354
0.255445
0.935597
0.290658
0.808960
0.867378
0.549354
0.643949
0.884948
0.771705
0.962240
0.735726
0.958545
0.055312
0.279144
0.114294
0.250182
0.801128
0.727244
0.612135
0.223587
0.275424
0.310521
0.727244
0.092008
0.211153
0.177160
0.122729
0.255445
0.255445
0.018368
0.401971
0.478214
0.211153
0.749684
0.241635
0.063362
0.382926
0.499678
0.233315
0.220452
0.841556
0.597771
0.067775
0.434080
0.269851
0.690166
0.169385
0.082732
0.521553
0.322949
0.718717
0.922090
0.470257
0.044980
0.333520
0.994555
0.566341
0.695863
0.787927
0.597771
0.940331
0.250182
0.951979
0.704484
0.566341
0.053907
0.483494
0.401971
0.033659
0.139014
0.766291
0.421575
0.029982
0.626544
0.513281
0.013276
0.589144
0.566341
0.518727
0.513281
0.169385
0.867378
0.491556
0.860501
0.109849
0.735726
0.001669
0.040864
0.574890
0.421575
0.130653
0.749684
0.513281
0.848789
0.206623
0.279144
0.603471
0.589144
0.505064
0.294528
0.192150
0.981075
0.013276
0.897436
0.053907
0.103042
0.527033
0.603471
0.935597
0.612135
0.058699
0.160731
0.971109
0.649688
0.255445
0.821730
0.603471
0.029186
0.922090
0.681504
0.153566
0.260793
0.907293
0.340005
0.841556
0.829282
0.735726
0.300471
0.821730
0.603471
0.513281
0.057717
0.333520
0.157114
0.774492
0.841556
0.233315
0.758020
0.867378
0.749684
0.612135
0.658394
0.744157
0.147829
0.414138
0.967937
0.735726
0.935597
0.513281
0.449423
0.635244
0.470257
0.322949
0.916674
0.382926
0.394742
0.470257
0.206623
0.635244
0.940331
0.021268
0.284858
0.758020
0.264363
0.094284
0.505064
0.088340
0.350951
0.758020
0.228410
0.855893
0.787927
0.499678
0.829282
0.070668
0.580543
0.951979
0.612135
0.940331
0.821730
0.462365
0.855893
0.841556
0.829282
0.316692
0.449423
0.050328
0.122729
0.821730
0.449423
0.013524
0.163153
0.496903
0.841556
0.135818
0.203680
0.635244
0.104694
0.357661
0.130653
0.246759
0.462365
0.801128
0.744157
0.860501
0.855893
0.005262
0.375911
0.566341
0.829282
0.626544
0.897436
0.649688
0.040864
0.681504
0.117048
0.340005
0.449423
0.312615
0.907293
0.357661
0.841556
0.382926
0.940331
0.930673
0.681504
0.279144
0.897436
0.787927
0.727244
0.269851
0.051194
0.014711
0.787927
0.626544
0.713075
0.119859
0.658394
0.215763
0.199280
0.470257
0.094284
0.394742
0.187953
0.177160
0.771705
0.801128
0.375911
0.981075
0.416665
0.704484
0.848789
0.801128
0.566341
0.449423
0.183833
0.540922
0.223587
0.153566
0.690166
0.749684
0.441715
0.874110
0.340005
0.362130
0.574890
0.406779
0.340005
0.052535
0.735726
0.153566
0.441715
0.962240
0.513281
0.758020
0.175815
0.749684
0.766291
0.690166
0.735726
0.203680
0.382926
0.092778
0.107244
0.667094
0.082732
0.907293
0.836720
0.986757
0.991213
0.787927
0.364456
0.022466
0.036127
0.675784
0.142275
0.841556
0.264363
0.787927
0.079397
0.310521
0.635244
0.023508
0.441715
0.841556
0.658394
0.907293
0.246759
0.829282
0.000661
0.992594
0.549354
0.394742
0.935597
0.779856
0.414138
0.981075
0.006325
0.050328
0.312615
0.667094
0.000829
0.117048
0.571972
0.166886
0.350951
0.153566
0.704484
0.061772
0.951979
0.874110
0.454542
0.269851
0.150086
0.978604
0.540922
0.867378
0.434080
0.967937
0.589144
0.215763
0.962240
0.294528
0.357661
0.310521
0.626544
0.841556
0.375911
0.612135
0.382926
0.255445
0.194957
0.001774
0.009104
0.589144
0.340005
0.117048
0.470257
0.571972
0.505064
0.513281
0.401971
0.505064
0.580543
0.255445
0.984769
0.658394
0.236593
0.635244
0.597771
0.000378
0.612135
0.088340
0.549354
0.626544
0.836720
0.947760
0.867378
0.072465
0.390021
0.206623
0.084803
0.103042
0.478214
0.016902
0.808960
0.483494
