0.841556
0.194957
0.429087
0.855893
0.401971
0.749684
0.557828
0.306500
0.681504
0.658394
0.000561
0.449423
0.049040
0.357661
0.821730
0.401971
0.891273
0.922090
0.808960
0.034568
0.414138
0.766291
0.978604
0.829282
0.991213
0.241635
0.496903
0.346575
0.462365
0.580543
0.557828
0.449423
0.658394
0.643949
0.658394
0.357661
0.255445
0.766291
0.327120
0.971109
0.758020
0.316692
0.681504
0.891273
0.620815
0.978604
0.758020
0.787927
0.211153
0.021656
0.935597
0.236593
0.907293
0.199280
0.467559
0.991213
0.779856
0.667094
0.441715
0.056256
0.801128
0.159490
0.643949
0.203680
0.025274
0.346575
0.981075
0.478214
0.310521
0.002567
0.884948
0.735726
0.109849
0.681504
0.649688
0.535389
0.003738
0.995551
0.135818
0.771705
0.144460
0.704484
0.984769
0.571972
0.997586
0.658394
0.643949
0.962240
0.470257
0.907293
0.364456
0.821730
0.102197
0.821730
0.672823
0.855893
0.322949
0.721628
0.891273
0.100580
0.218844
0.620815
0.505064
0.901408
0.290658
0.103042
0.535389
0.322949
0.281082
0.513281
0.727244
0.061772
0.003193
0.375911
0.275424
0.543791
0.306500
0.808960
0.635244
0.549354
0.387593
0.050328
0.029186
0.612135
0.801128
0.031348
0.535389
0.947760
0.279144
0.571972
0.855893
0.446787
0.626544
0.007378
0.965738
0.635244
0.362130
0.467559
0.956001
0.031348
0.735726
0.211153
0.808960
0.867378
0.258960
0.215763
0.042685
0.829282
0.364456
0.483494
0.543791
0.177160
0.808960
0.096609
0.766291
0.571972
0.025274
0.039801
0.735726
0.098985
0.884948
0.010795
0.603471
0.199280
0.275424
0.594827
0.127623
0.649688
0.357661
0.649688
0.340005
0.603471
0.658394
0.173237
0.241635
0.635244
0.874110
0.147829
0.041578
0.094284
0.793201
0.801128
0.635244
0.735726
0.300471
0.434080
0.848789
0.375911
0.470257
0.333520
0.867378
0.947760
0.787927
0.233315
0.371333
0.549354
0.672823
0.038094
0.414138
0.179787
0.713075
0.300471
0.127623
0.316692
0.199280
0.649688
0.387593
0.246759
0.294528
0.612135
0.521553
0.884948
0.255445
0.139014
0.163153
0.192150
0.874110
0.626544
0.414138
0.571972
0.947760
0.082732
0.580543
0.082732
0.040864
0.255445
0.375911
0.994555
0.690166
0.758020
0.658394
0.535389
0.829282
0.947760
0.727244
0.971109
0.884948
0.787927
0.690166
0.991213
0.132684
0.478214
0.441715
0.064990
0.060217
0.735726
0.713075
0.848789
0.649688
0.566341
0.940331
0.096609
0.387593
0.649688
0.841556
0.478214
0.836720
0.300471
0.620815
0.446787
0.322949
0.821730
0.808960
0.177160
0.626544
0.483494
0.231634
0.855893
0.744157
0.841556
0.357661
0.016595
0.409279
0.483494
0.228410
0.589144
0.649688
0.159490
0.612135
0.557828
0.589144
0.965738
0.194957
0.735726
0.053907
0.127623
0.150086
0.194957
0.043818
0.077446
0.462365
0.112510
0.226757
0.155897
0.566341
0.163153
0.306500
0.629509
0.187953
0.112510
0.713075
0.187953
0.635244
0.107244
0.749684
0.090535
0.340005
0.003850
0.129613
0.940331
0.535389
0.215763
0.713075
0.290658
0.250182
0.735726
0.735726
0.667094
0.316692
0.401971
0.571972
0.848789
0.808960
0.454542
0.441715
0.766291
0.279144
0.005687
0.867378
0.848789
0.704484
0.543791
0.103042
0.233315
0.513281
0.029186
0.690166
0.771705
0.984769
0.779856
0.916674
0.190711
0.153566
0.951979
0.787927
0.667094
0.002370
0.795913
0.986757
0.927324
0.107244
0.364456
0.409279
0.483494
0.475494
0.031348
0.649688
0.006963
0.690166
0.927324
0.064990
0.543791
0.199280
0.122729
0.721628
0.513281
0.241635
0.079397
0.874110
0.255445
0.580543
0.779856
0.649688
0.483494
0.951979
0.649688
0.978604
0.371333
0.401971
0.940331
0.884948
0.070668
0.074303
0.884948
0.566341
0.322949
0.681504
0.713075
0.603471
0.766291
0.163153
0.060217
0.771705
0.150086
0.072465
0.626544
0.672823
0.357661
0.057717
0.571972
0.801128
0.643949
0.603471
0.574890
0.394742
0.580543
0.329292
0.643949
0.192150
0.266225
0.958545
0.255445
0.907293
0.462365
0.050328
0.880693
0.735726
0.094284
0.144460
0.927324
0.300471
0.401971
0.891273
0.829282
0.166886
0.029982
0.867378
0.571972
0.119859
0.051648
0.000764
0.571972
0.580543
0.940331
0.981075
0.218844
0.357661
0.779856
0.779856
0.394742
0.543791
0.626544
0.063362
0.045761
0.681504
0.236593
0.513281
0.103042
0.021268
0.635244
0.294528
0.758020
0.735726
0.505064
0.105557
0.505064
0.758020
0.014711
0.658394
0.947760
0.681504
0.316692
0.795913
0.566341
0.255445
0.907293
0.414138
0.037099
0.978604
0.306500
0.206623
0.829282
0.681504
0.658394
0.947760
0.513281
0.681504
0.177160
0.571972
0.704484
0.884948
0.019768
0.891273
0.549354
0.406779
0.074303
0.956001
0.626544
0.617854
0.808960
0.181158
0.194957
0.658394
0.462365
0.612135
0.192150
0.300471
0.215763
0.549354
0.766291
0.132684
0.074303
0.258960
0.414138
0.643949
0.867378
0.695863
0.491556
0.157114
0.401971
0.409279
0.100580
0.978604
0.672823
0.013654
0.241635
0.005013
0.571972
0.013276
0.135818
0.007032
0.049040
0.940331
0.310521
0.499678
0.617854
0.109849
0.612135
0.617854
0.535389
0.441715
0.922090
0.045761
0.052535
0.470257
0.874110
0.848789
0.364456
0.012317
0.735726
0.260793
0.704484
0.401971
0.758020
0.589144
0.603471
0.223587
0.672823
0.758020
0.543791
0.841556
0.429087
0.916674
0.170690
0.557828
0.109849
0.597771
0.940331
0.322949
0.998868
0.891273
0.215763
0.749684
0.927324
0.704484
0.141156
0.681504
0.635244
0.779856
0.735726
0.074303
0.690166
0.667094
0.518727
0.088340
0.059212
