0.357661
0.269851
0.997586
0.513281
0.421575
0.787927
0.816691
0.353229
0.612135
0.173237
0.855893
0.860501
0.848789
0.454542
0.401971
0.441715
0.190711
0.758020
0.223587
0.535389
0.771705
0.766291
0.727244
0.649688
0.649688
0.951979
0.704484
0.513281
0.816691
0.808960
0.916674
0.284858
0.672823
0.965738
0.434080
0.891273
0.808960
0.744157
0.940331
0.333520
0.521553
0.023935
0.441715
0.144460
0.681504
0.306500
0.260793
0.771705
0.414138
0.758020
0.260793
0.713075
0.401971
0.841556
0.884948
0.340005
0.032771
0.626544
0.518727
0.603471
0.052535
0.779856
0.159490
0.643949
0.258960
0.394742
0.499678
0.037099
0.284858
0.103042
0.375911
0.382926
0.884948
0.571972
0.218844
0.821730
0.112510
0.940331
0.284858
0.109849
0.310521
0.159490
0.672823
0.574890
0.704484
0.713075
0.658394
0.375911
0.043818
0.978604
0.808960
0.255445
0.951979
0.681504
0.429087
0.779856
0.329292
0.821730
0.462365
0.241635
0.891273
0.382926
0.808960
0.449423
0.357661
0.215763
0.357661
0.346575
0.675784
0.916674
0.357661
0.916674
0.483494
0.527033
0.808960
0.566341
0.017866
0.017866
0.173237
0.635244
0.897436
0.681504
0.429087
0.713075
0.350951
0.951979
0.012199
0.940331
0.771705
0.974087
0.704484
0.029982
0.643949
0.962240
0.749684
0.255445
0.434080
0.690166
0.557828
0.695863
0.557828
0.935597
0.884948
0.998868
0.855893
0.513281
0.535389
0.045761
0.658394
0.001080
0.603471
0.127623
0.721628
0.228410
0.704484
0.045761
0.779856
0.808960
0.266225
0.001351
0.350951
0.626544
0.441715
0.364456
0.958545
0.727244
0.612135
0.557828
0.470257
0.580543
0.300471
0.535389
0.967937
0.103042
0.310521
0.449423
0.986757
0.279144
0.681504
0.626544
0.855893
0.139014
0.543791
0.340005
0.284858
0.713075
0.690166
0.867378
0.163153
0.841556
0.974087
0.779856
0.429087
0.981075
0.690166
0.771705
0.159490
0.891273
0.231634
0.962240
0.066084
0.121744
0.649688
0.713075
0.897436
0.658394
0.971109
0.496903
0.978604
0.658394
0.300471
0.667094
0.787927
0.535389
0.808960
0.855893
0.901408
0.421575
0.304435
0.206623
0.675784
0.505064
0.749684
0.566341
0.649688
0.375911
0.281082
0.986757
0.192150
0.010795
0.571972
0.984769
0.340005
0.090535
0.667094
0.935597
0.713075
0.223587
0.275424
0.867378
0.088340
0.192150
0.744157
0.260793
0.117048
0.462365
0.649688
0.483494
0.735726
0.157114
0.801128
0.007378
0.884948
0.258960
0.228410
0.382926
0.275424
0.557828
0.350951
0.848789
0.620815
0.867378
0.483494
0.841556
0.015409
0.821730
0.090535
0.571972
0.421575
0.124654
0.907293
0.241635
0.255445
0.029186
0.394742
0.023508
0.518727
0.306500
0.860501
0.922090
0.897436
0.434080
0.462365
0.927324
0.146673
0.421575
0.250182
0.589144
0.758020
0.333520
0.935597
0.841556
0.124654
0.841556
0.394742
0.346575
0.069506
0.119859
0.088340
0.880693
0.891273
0.704484
0.935597
0.031348
0.190711
0.574890
0.681504
0.848789
0.867378
0.727244
0.971109
0.635244
0.612135
0.735726
0.344325
0.971109
0.119859
0.779856
0.124654
0.245003
0.039801
0.096609
0.096609
0.829282
0.449423
0.117048
0.357661
0.513281
0.735726
0.350951
0.250182
0.675784
0.766291
0.187953
0.470257
0.181158
0.409279
0.206623
0.026438
0.241635
0.841556
0.704484
0.454542
0.414138
0.199280
0.394742
0.829282
0.223587
0.233315
0.441715
0.187953
0.947760
0.643949
0.779856
0.499678
0.571972
0.333520
0.103042
0.658394
0.672823
0.179787
0.667094
0.557828
0.394742
0.643949
0.635244
0.127623
0.874110
0.658394
0.086192
0.426518
0.454542
0.084803
0.829282
0.421575
0.940331
0.327120
0.505064
0.380525
0.620815
0.231634
0.527033
0.690166
0.038094
0.704484
0.165605
0.549354
0.401971
0.855893
0.901408
0.457201
0.050328
0.675784
0.357661
0.190711
0.718717
0.246759
0.580543
0.626544
0.721628
0.998868
0.279144
0.470257
0.603471
0.643949
0.046970
0.704484
0.166886
0.454542
0.535389
0.058699
0.141156
0.612135
0.306500
0.077446
0.855893
0.758020
0.998463
0.111596
0.540922
0.034568
0.735726
0.421575
0.183833
0.513281
0.916674
0.612135
0.255445
0.491556
0.483494
0.841556
0.401971
0.306500
0.001027
0.306500
0.848789
0.951979
0.735726
0.947760
0.816691
0.300471
0.109849
0.387593
0.312615
0.223587
0.951979
0.094284
0.375911
0.025274
0.350951
0.406779
0.043818
0.088340
0.681504
0.704484
0.275424
0.566341
0.744157
0.211153
0.421575
0.643949
0.749684
0.499678
0.991213
0.986757
0.913005
0.829282
0.962240
0.187953
0.649688
0.690166
0.441715
0.316692
0.290658
0.935597
0.513281
0.836720
0.690166
0.735726
0.626544
0.441715
0.801128
0.322949
0.635244
0.549354
0.874110
0.434080
0.090535
0.284858
0.187953
0.333520
0.236593
0.245003
0.029982
0.135818
0.368979
0.793201
0.059212
0.690166
0.672823
0.874110
0.294528
0.848789
0.922090
0.930673
0.940331
0.357661
0.874110
0.658394
0.922090
0.801128
0.727244
0.421575
0.787927
0.160731
0.829282
0.867378
0.808960
0.002189
0.766291
0.066084
0.557828
0.787927
0.155897
0.758020
0.922090
0.462365
0.721628
0.821730
0.306500
0.322949
0.236593
0.015409
0.690166
0.884948
0.808960
0.069506
0.241635
0.801128
0.874110
0.901408
0.441715
0.735726
0.867378
0.935597
0.421575
0.860501
0.513281
0.713075
0.930673
0.727244
0.441715
0.836720
0.580543
0.021859
0.284858
0.491556
0.713075
0.667094
0.841556
0.787927
0.727244
0.215763
0.884948
0.329292
0.808960
0.612135
0.580543
0.290658
0.735726
0.690166
0.884948
0.434080
0.056256
0.115226
0.094284
