0.050328
0.867378
0.620815
0.891273
0.119859
0.306500
0.147829
0.821730
0.626544
0.269851
0.996919
0.841556
0.020692
0.199280
0.075538
0.316692
0.801128
0.997586
0.211153
0.841556
0.779856
0.735726
0.141156
0.891273
0.557828
0.147829
0.231634
0.735726
0.096609
0.505064
0.146673
0.704484
0.766291
0.521553
0.094284
0.860501
0.829282
0.068911
0.996919
0.206623
0.121744
0.922090
0.429087
0.028409
0.958545
0.513281
0.470257
0.801128
0.429087
0.409279
0.635244
0.357661
0.491556
0.255445
0.589144
0.190711
0.566341
0.470257
0.626544
0.808960
0.166886
0.672823
0.454542
0.829282
0.491556
0.867378
0.513281
0.695863
0.066084
0.721628
0.901408
0.147829
0.045761
0.192150
0.557828
0.884948
0.997586
0.735726
0.527033
0.401971
0.603471
0.241635
0.951979
0.855893
0.860501
0.441715
0.626544
0.169385
0.078727
0.475494
0.284858
0.829282
0.401971
0.421575
0.787927
0.025274
0.107244
0.499678
0.387593
0.414138
0.246759
0.603471
0.635244
0.475494
0.774492
0.626544
0.549354
0.042685
0.594827
0.382926
0.867378
0.329292
0.203680
0.947760
0.255445
0.496903
0.649688
0.947760
0.505064
0.187953
0.874110
0.704484
0.907293
0.170690
0.434080
0.382926
0.223587
0.312615
0.836720
0.362130
0.047782
0.874110
0.571972
0.829282
0.690166
0.177160
0.434080
0.658394
0.874110
0.521553
0.841556
0.031348
0.316692
0.971109
0.449423
0.387593
0.594827
0.233315
0.039801
0.681504
0.793201
0.390021
0.153566
0.441715
0.499678
0.364456
0.454542
0.401971
0.038094
0.727244
0.429087
0.109849
0.801128
0.441715
0.475494
0.779856
0.958545
0.603471
0.690166
0.387593
0.300471
0.589144
0.984769
0.981075
0.329292
0.603471
0.758020
0.279144
0.183833
0.779856
0.364456
0.127623
0.218844
0.406779
0.306500
0.951979
0.958545
0.603471
0.626544
0.066084
0.294528
0.449423
0.698805
0.681504
0.779856
0.037752
0.974087
0.387593
0.107244
0.505064
0.801128
0.758020
0.589144
0.414138
0.829282
0.470257
0.483494
0.922090
0.215763
0.300471
0.808960
0.841556
0.300471
0.603471
0.042685
0.713075
0.117048
0.241635
0.144460
0.681504
0.880693
0.312615
0.603471
0.159490
0.552238
0.884948
0.090535
0.580543
0.589144
0.612135
0.771705
0.011425
0.713075
0.150086
0.441715
0.704484
0.040498
0.357661
0.284858
0.414138
0.829282
0.855893
0.025274
0.758020
0.409279
0.571972
0.612135
0.907293
0.340005
0.991213
0.462365
0.421575
0.333520
0.884948
0.127623
0.884948
0.580543
0.042685
0.074303
0.867378
0.012317
0.335721
0.727244
0.620815
0.080707
0.891273
0.499678
0.617854
0.962240
0.226757
0.829282
0.549354
0.467559
0.766291
0.758020
0.735726
0.233315
0.135818
0.735726
0.930673
0.394742
0.344325
0.290658
0.922090
0.543791
0.884948
0.758020
0.146673
0.841556
0.255445
0.867378
0.269851
0.470257
0.543791
0.000044
0.357661
0.617854
0.434080
0.518727
0.214182
0.046970
0.382926
0.192150
0.153566
0.549354
0.269851
0.296545
0.749684
0.160731
0.580543
0.971109
0.958545
0.112510
0.414138
0.821730
0.821730
0.344325
0.603471
0.617854
0.387593
0.157114
0.019230
0.016139
0.829282
0.483494
0.635244
0.010493
0.695863
0.867378
0.958545
0.801128
0.626544
0.046970
0.007168
0.958545
0.901408
0.273514
0.758020
0.414138
0.984769
0.808960
0.026438
0.695863
0.727244
0.159490
0.758020
0.153566
0.758020
0.429087
0.704484
0.183833
0.958545
0.658394
0.907293
0.779856
0.177160
0.294528
0.462365
0.003850
0.855893
0.580543
0.566341
0.255445
0.329292
0.153566
0.105557
0.449423
0.072465
0.974087
0.603471
0.940331
0.860501
0.255445
0.058699
0.766291
0.394742
0.855893
0.808960
0.557828
0.658394
0.962240
0.649688
0.612135
0.891273
0.449423
0.571972
0.047782
0.067775
0.897436
0.643949
0.801128
0.901408
0.401971
0.658394
0.658394
0.014711
0.884948
0.672823
0.951979
0.884948
0.643949
0.801128
0.215763
0.401971
0.153566
0.951979
0.316692
0.499678
0.690166
0.603471
0.771705
0.543791
0.795913
0.860501
0.375911
0.344325
0.927324
0.690166
0.236593
0.612135
0.951979
0.801128
0.505064
0.491556
0.867378
0.848789
0.566341
0.340005
0.758020
0.735726
0.470257
0.434080
0.011425
0.082732
0.047782
0.483494
0.390021
0.470257
0.364456
0.603471
0.228410
0.589144
0.643949
0.713075
0.594827
0.483494
0.316692
0.169385
0.322949
0.884948
0.690166
0.951979
0.147829
0.771705
0.101413
0.540922
0.094284
0.891273
0.821730
0.681504
0.199280
0.132684
0.574890
0.681504
0.603471
0.483494
0.897436
0.462365
0.998868
0.643949
0.884948
0.246759
0.475494
0.855893
0.043818
0.329292
0.364456
0.496903
0.612135
0.951979
0.589144
0.246759
0.094284
0.499678
0.000271
0.779856
0.483494
0.808960
0.535389
0.571972
0.758020
0.713075
0.779856
0.527033
0.549354
0.139014
0.246759
0.801128
0.836720
0.290658
0.713075
0.821730
0.475494
0.635244
0.704484
0.841556
0.690166
0.971109
0.836720
0.535389
0.744157
0.449423
0.867378
0.499678
0.821730
0.922090
0.527033
0.121744
0.643949
0.521553
0.951979
0.643949
0.194957
0.284858
0.571972
0.475494
0.749684
0.475494
0.771705
0.416665
0.690166
0.749684
0.836720
0.333520
0.635244
0.462365
0.505064
0.421575
0.022875
0.371333
0.250182
0.187953
0.196422
0.300471
0.135818
0.132684
0.082732
0.626544
0.626544
0.935597
0.375911
0.801128
0.779856
0.429087
0.626544
0.658394
0.690166
0.735726
0.527033
0.042685
0.735726
0.727244
0.166886
0.841556
0.713075
0.658394
0.821730
0.306500
0.187953
0.264363
0.022466
0.801128
0.580543
0.350951
0.150086
0.690166
