0.041578
0.147829
0.279144
0.867378
0.667094
0.096609
0.034568
0.061772
0.848789
0.787927
0.004963
0.721628
0.916674
0.901408
0.107244
0.098985
0.829282
0.478214
0.795913
0.491556
0.816691
0.787927
0.192150
0.612135
0.034568
0.801128
0.269851
0.758020
0.344325
0.713075
0.744157
0.855893
0.045761
0.483494
0.357661
0.566341
0.527033
0.005855
0.713075
0.994555
0.758020
0.001114
0.787927
0.793201
0.672823
0.735726
0.557828
0.269851
0.255445
0.177160
0.144460
0.874110
0.635244
0.635244
0.340005
0.215763
0.163153
0.483494
0.390021
0.290658
0.470257
0.829282
0.462365
0.571972
0.084803
0.681504
0.989675
0.801128
0.236593
0.316692
0.594827
0.681504
0.855893
0.867378
0.643949
0.067775
0.681504
0.580543
0.795913
0.344325
0.260793
0.880693
0.046970
0.994555
0.483494
0.513281
0.505064
0.236593
0.491556
0.306500
0.496903
0.535389
0.704484
0.874110
0.690166
0.978604
0.153566
0.449423
0.907293
0.033659
0.187953
0.375911
0.603471
0.962240
0.779856
0.421575
0.300471
0.300471
0.223587
0.801128
0.041578
0.103042
0.801128
0.940331
0.505064
0.713075
0.320806
0.027164
0.073672
0.266225
0.695863
0.848789
0.713075
0.483494
0.913005
0.922090
0.446787
0.922090
0.513281
0.211153
0.940331
0.962240
0.771705
0.192150
0.163153
0.998868
0.333520
0.935597
0.535389
0.821730
0.779856
0.421575
0.978604
0.173237
0.203680
0.535389
0.483494
0.011425
0.364456
0.649688
0.713075
0.294528
0.527033
0.491556
0.947760
0.023508
0.884948
0.141156
0.891273
0.690166
0.264363
0.306500
0.758020
0.758020
0.836720
0.049040
0.017543
0.223587
0.821730
0.860501
0.549354
0.771705
0.187953
0.643949
0.901408
0.535389
0.017063
0.721628
0.171915
0.206623
0.603471
0.735726
0.658394
0.589144
0.549354
0.829282
0.130653
0.891273
0.109849
0.951979
0.470257
0.620815
0.758020
0.371333
0.922090
0.962240
0.808960
0.505064
0.518727
0.421575
0.841556
0.901408
0.333520
0.594827
0.483494
0.316692
0.470257
0.690166
0.505064
0.155897
0.758020
0.006832
0.000682
0.368979
0.787927
0.735726
0.496903
0.829282
0.109849
0.211153
0.462365
0.250182
0.300471
0.557828
0.867378
0.034568
0.947760
0.951979
0.284858
0.218844
0.255445
0.010795
0.829282
0.643949
0.441715
0.779856
0.808960
0.368979
0.589144
0.045761
0.333520
0.793201
0.681504
0.260793
0.841556
0.557828
0.187953
0.787927
0.037099
0.177160
0.020320
0.008597
0.202171
0.988571
0.793201
0.421575
0.047782
0.264363
0.090535
0.735726
0.406779
0.160731
0.612135
0.779856
0.874110
0.177160
0.281082
0.721628
0.962240
0.758020
0.513281
0.185229
0.483494
0.462365
0.779856
0.368979
0.190711
0.681504
0.801128
0.649688
0.290658
0.658394
0.984769
0.535389
0.897436
0.891273
0.001981
0.620815
0.774492
0.483494
0.457201
0.236593
0.340005
0.010298
0.836720
0.390021
0.626544
0.758020
0.019768
0.681504
0.713075
0.316692
0.922090
0.749684
0.192150
0.329292
0.612135
0.808960
0.801128
0.848789
0.557828
0.557828
0.421575
0.793201
0.077446
0.997586
0.518727
0.735726
0.681504
0.067775
0.146673
0.681504
0.527033
0.635244
0.505064
0.535389
0.821730
0.421575
0.758020
0.787927
0.375911
0.394742
0.368979
0.074303
0.368979
0.211153
0.913005
0.478214
0.187953
0.051648
0.208158
0.635244
0.513281
0.580543
0.421575
0.434080
0.008597
0.211153
0.626544
0.589144
0.612135
0.566341
0.801128
0.491556
0.001421
0.269851
0.994555
0.006832
0.322949
0.300471
0.223587
0.698805
0.978604
0.841556
0.429087
0.144460
0.067775
0.992594
0.771705
0.922090
0.007378
0.192150
0.236593
0.535389
0.971109
0.727244
0.744157
0.478214
0.978604
0.808960
0.119859
0.103042
0.382926
0.223587
0.007965
0.147829
0.698805
0.401971
0.241635
0.793201
0.848789
0.449423
0.698805
0.079397
0.704484
0.441715
0.215763
0.721628
0.841556
0.013276
0.521553
0.275424
0.483494
0.744157
0.907293
0.025970
0.713075
0.907293
0.457201
0.483494
0.449423
0.104694
0.290658
0.643949
0.580543
0.215763
0.735726
0.114294
0.603471
0.034568
0.566341
0.543791
0.962240
0.390021
0.346575
0.603471
0.010595
0.667094
0.829282
0.695863
0.557828
0.457201
0.681504
0.255445
0.874110
0.260793
0.406779
0.416665
0.132684
0.884948
0.727244
0.049040
0.401971
0.758020
0.535389
0.643949
0.312615
0.735726
0.713075
0.196422
0.704484
0.658394
0.735726
0.521553
0.035180
0.935597
0.179787
0.816691
0.848789
0.105557
0.821730
0.597771
0.327120
0.907293
0.160731
0.758020
0.275424
0.535389
0.704484
0.557828
0.275424
0.901408
0.935597
0.105557
0.401971
0.382926
0.867378
0.223587
0.713075
0.549354
0.836720
0.414138
0.566341
0.626544
0.218844
0.281082
0.766291
0.467559
0.241635
0.713075
0.922090
0.192150
0.808960
0.090535
0.322949
0.527033
0.971109
0.603471
0.991213
0.962240
0.119859
0.698805
0.922090
0.269851
0.483494
0.470257
0.779856
0.050328
0.549354
0.127623
0.735726
0.306500
0.543791
0.713075
0.157114
0.187953
0.962240
0.681504
0.643949
0.991213
0.801128
0.255445
0.540922
0.040864
0.580543
0.821730
0.981075
0.730141
0.211153
0.340005
0.643949
0.927324
0.787927
0.540922
0.077446
0.273514
0.958545
0.860501
0.269851
0.049040
0.603471
0.001246
0.057717
0.704484
0.211153
0.727244
0.060217
0.690166
0.779856
0.535389
0.971109
0.867378
0.986757
0.421575
0.304435
0.779856
0.089781
0.025970
0.974087
0.037099
0.543791
0.007032
0.643949
0.223587
0.901408
0.589144
0.848789
0.916674
0.867378
0.984769
0.704484
0.867378
0.005262
0.109849
0.061772
0.414138
