0.036127
0.922090
0.436675
0.340005
0.084092
0.874110
0.695863
0.612135
0.718717
0.387593
0.454542
0.808960
0.144460
0.549354
0.779856
0.603471
0.483494
0.998463
0.549354
0.603471
0.787927
0.092008
0.855893
0.215763
0.021859
0.250182
0.597771
0.891273
0.290658
0.329292
0.057717
0.086192
0.718717
0.535389
0.713075
0.589144
0.535389
0.891273
0.744157
0.300471
0.907293
0.801128
0.414138
0.380525
0.436675
0.061772
0.027652
0.635244
0.090535
0.387593
0.496903
0.951979
0.816691
0.124654
0.375911
0.340005
0.855893
0.986757
0.801128
0.860501
0.841556
0.300471
0.000001
0.589144
0.491556
0.340005
0.098170
0.951979
0.836720
0.667094
0.891273
0.766291
0.787927
0.250182
0.284858
0.841556
0.505064
0.183833
0.891273
0.074303
0.513281
0.690166
0.496903
0.300471
0.901408
0.310521
0.043818
0.322949
0.014711
0.891273
0.589144
0.626544
0.454542
0.801128
0.626544
0.414138
0.043818
0.496903
0.727244
0.052535
0.535389
0.236593
0.333520
0.787927
0.620815
0.891273
0.566341
0.991213
0.981075
0.947760
0.082732
0.874110
0.640981
0.935597
0.483494
0.658394
0.269851
0.333520
0.527033
0.801128
0.426518
0.999575
0.862861
0.105557
0.997586
0.727244
0.891273
0.513281
0.151265
0.897436
0.589144
0.362130
0.024158
0.241635
0.787927
0.000872
0.269851
0.649688
0.060217
0.462365
0.333520
0.635244
0.672823
0.470257
0.357661
0.177160
0.787927
0.053907
0.643949
0.971109
0.658394
0.483494
0.199280
0.401971
0.491556
0.571972
0.135818
0.316692
0.203680
0.771705
0.092778
0.454542
0.695863
0.117048
0.025274
0.971109
0.002725
0.620815
0.135818
0.322949
0.922090
0.496903
0.194957
0.956001
0.758020
0.580543
0.203680
0.462365
0.316692
0.206623
0.860501
0.907293
0.821730
0.848789
0.829282
0.228410
0.029186
0.269851
0.958545
0.000210
0.749684
0.540922
0.713075
0.672823
0.141156
0.096609
0.350951
0.000378
0.008197
0.454542
0.978604
0.124654
0.793201
0.449423
0.333520
0.860501
0.801128
0.015845
0.329292
0.109849
0.434080
0.667094
0.340005
0.284858
0.281082
0.718717
0.194957
0.290658
0.658394
0.543791
0.801128
0.571972
0.082732
0.891273
0.658394
0.571972
0.357661
0.971109
0.758020
0.779856
0.535389
0.967937
0.848789
0.658394
0.667094
0.470257
0.462365
0.127623
0.891273
0.187953
0.821730
0.462365
0.713075
0.491556
0.704484
0.907293
0.144460
0.312615
0.233315
0.758020
0.735726
0.594827
0.153566
0.535389
0.483494
0.801128
0.771705
0.836720
0.012317
0.312615
0.491556
0.808960
0.454542
0.077446
0.891273
0.543791
0.199280
0.552238
0.580543
0.991213
0.758020
0.735726
0.409279
0.401971
0.192150
0.916674
0.153566
0.333520
0.350951
0.749684
0.721628
0.228410
0.527033
0.841556
0.801128
0.057717
0.901408
0.505064
0.951979
0.279144
0.333520
0.241635
0.119859
0.316692
0.255445
0.841556
0.855893
0.721628
0.907293
0.057717
0.491556
0.916674
0.841556
0.163153
0.808960
0.848789
0.518727
0.801128
0.841556
0.829282
0.124654
0.749684
0.032199
0.246759
0.039801
0.340005
0.057717
0.527033
0.574890
0.470257
0.787927
0.513281
0.042685
0.107244
0.735726
0.749684
0.429087
0.006325
0.457201
0.357661
0.462365
0.357661
0.279144
0.649688
0.177160
0.454542
0.848789
0.475494
0.860501
0.375911
0.626544
0.357661
0.264363
0.170690
0.808960
0.848789
0.020320
0.594827
0.003455
0.535389
0.518727
0.947760
0.617854
0.387593
0.978604
0.612135
0.177160
0.269851
0.241635
0.105557
0.192150
0.860501
0.787927
0.758020
0.258960
0.848789
0.084803
0.483494
0.612135
0.475494
0.357661
0.082732
0.124654
0.340005
0.211153
0.183833
0.491556
0.429087
0.981075
0.658394
0.284858
0.029186
0.874110
0.779856
0.727244
0.449423
0.070668
0.300471
0.718717
0.275424
0.930673
0.190711
0.041578
0.658394
0.935597
0.382926
0.146673
0.658394
0.031348
0.704484
0.260793
0.462365
0.153566
0.626544
0.821730
0.394742
0.704484
0.166886
0.916674
0.132684
0.766291
0.449423
0.117048
0.119859
0.635244
0.821730
0.571972
0.033659
0.612135
0.390021
0.951979
0.603471
0.013654
0.984769
0.132684
0.994555
0.916674
0.483494
0.426518
0.749684
0.231634
0.787927
0.690166
0.329292
0.387593
0.017866
0.589144
0.978604
0.935597
0.690166
0.922090
0.231634
0.414138
0.264363
0.009822
0.426518
0.173237
0.211153
0.744157
0.922090
0.236593
0.744157
0.735726
0.454542
0.375911
0.901408
0.304435
0.114294
0.672823
0.144460
0.046970
0.218844
0.749684
0.681504
0.141156
0.527033
0.713075
0.441715
0.971109
0.922090
0.310521
0.475494
0.070668
0.801128
0.441715
0.779856
0.829282
0.667094
0.704484
0.000129
0.860501
0.049040
0.956001
0.462365
0.589144
0.333520
0.290658
0.848789
0.316692
0.841556
0.704484
0.228410
0.255445
0.329292
0.727244
0.779856
0.808960
0.103042
0.603471
0.749684
0.269851
0.841556
0.269851
0.996919
0.603471
0.521553
0.086192
0.947760
0.907293
0.015845
0.255445
0.153566
0.300471
0.749684
0.758020
0.199280
0.013276
0.841556
0.580543
0.947760
0.070668
0.056750
0.021268
0.962240
0.350951
0.144460
0.535389
0.713075
0.310521
0.922090
0.496903
0.228410
0.245003
0.122729
0.179787
0.907293
0.223587
0.612135
0.281082
0.922090
0.958545
0.483494
0.795913
0.808960
0.589144
0.635244
0.513281
0.019768
0.306500
0.947760
0.135818
0.505064
0.695863
0.401971
0.808960
0.454542
0.758020
0.223587
0.394742
0.300471
0.375911
0.414138
0.779856
0.260793
0.333520
0.290658
0.635244
0.891273
0.667094
0.199280
0.147829
0.690166
0.103042
0.527033
0.690166
0.535389
