0.713075
0.406779
0.855893
0.483494
0.258960
0.119859
0.848789
0.690166
0.090535
0.045761
0.744157
0.643949
0.441715
0.658394
0.061772
0.409279
0.649688
0.147829
0.135818
0.658394
0.350951
0.340005
0.891273
0.141156
0.132684
0.735726
0.098985
0.640981
0.177160
0.643949
0.681504
0.153566
0.226757
0.521553
0.735726
0.557828
0.394742
0.513281
0.394742
0.527033
0.690166
0.836720
0.580543
0.667094
0.695863
0.109849
0.245003
0.940331
0.061772
0.603471
0.166886
0.771705
0.667094
0.364456
0.483494
0.496903
0.787927
0.068911
0.290658
0.589144
0.350951
0.375911
0.340005
0.382926
0.211153
0.766291
0.406779
0.316692
0.040864
0.801128
0.913005
0.821730
0.340005
0.401971
0.275424
0.121744
0.513281
0.250182
0.580543
0.535389
0.940331
0.037099
0.867378
0.070668
0.603471
0.749684
0.310521
0.962240
0.793201
0.808960
0.821730
0.643949
0.829282
0.991213
0.199280
0.836720
0.518727
0.735726
0.527033
0.112510
0.094284
0.658394
0.173237
0.821730
0.907293
0.735726
0.273514
0.150086
0.322949
0.199280
0.594827
0.056256
0.409279
0.127623
0.505064
0.399498
0.690166
0.316692
0.037099
0.771705
0.368979
0.956001
0.617854
0.166886
0.322949
0.930673
0.316692
0.401971
0.901408
0.897436
0.690166
0.735726
0.478214
0.727244
0.470257
0.434080
0.758020
0.056256
0.429087
0.916674
0.223587
0.329292
0.364456
0.749684
0.766291
0.513281
0.401971
0.779856
0.801128
0.117048
0.010298
0.409279
0.036127
0.744157
0.194957
0.284858
0.127623
0.050328
0.658394
0.974087
0.300471
0.390021
0.025970
0.981075
0.173237
0.808960
0.829282
0.735726
0.855893
0.766291
0.571972
0.462365
0.771705
0.580543
0.962240
0.916674
0.658394
0.169385
0.320806
0.962240
0.891273
0.144460
0.434080
0.090535
0.290658
0.264363
0.316692
0.971109
0.580543
0.441715
0.478214
0.795913
0.163153
0.658394
0.350951
0.462365
0.211153
0.727244
0.135818
0.766291
0.483494
0.626544
0.620815
0.513281
0.040864
0.672823
0.612135
0.779856
0.771705
0.891273
0.940331
0.036127
0.017063
0.922090
0.612135
0.199280
0.275424
0.594827
0.406779
0.132684
0.406779
0.166886
0.119859
0.300471
0.064431
0.421575
0.441715
0.045761
0.401971
0.698805
0.927324
0.658394
0.246759
0.635244
0.779856
0.044581
0.758020
0.635244
0.211153
0.094284
0.258960
0.346575
0.658394
0.658394
0.449423
0.771705
0.998868
0.535389
0.704484
0.401971
0.649688
0.749684
0.543791
0.322949
0.535389
0.375911
0.935597
0.940331
0.816691
0.589144
0.441715
0.103042
0.346575
0.901408
0.907293
0.597771
0.744157
0.202171
0.421575
0.322949
0.241635
0.223587
0.505064
0.527033
0.589144
0.907293
0.414138
0.206623
0.260793
0.273514
0.808960
0.478214
0.816691
0.475494
0.947760
0.829282
0.505064
0.620815
0.658394
0.003193
0.368979
0.266225
0.183833
0.491556
0.387593
0.462365
0.771705
0.513281
0.350951
0.016139
0.749684
0.033659
0.901408
0.333520
0.005687
0.050328
0.779856
0.001465
0.620815
0.535389
0.153566
0.382926
0.518727
0.672823
0.704484
0.153566
0.144460
0.470257
0.891273
0.401971
0.735726
0.147829
0.758020
0.713075
0.127623
0.055312
0.040864
0.884948
0.483494
0.050328
0.203680
0.749684
0.521553
0.986757
0.907293
0.672823
0.294528
0.571972
0.962240
0.475494
0.046970
0.100580
0.228410
0.139014
0.470257
0.394742
0.940331
0.284858
0.006325
0.000485
0.008597
0.878466
0.119859
0.290658
0.098170
0.713075
0.390021
0.434080
0.951979
0.695863
0.557828
0.749684
0.322949
0.549354
0.211153
0.994555
0.020130
0.505064
0.004372
0.971109
0.264363
0.695863
0.594827
0.829282
0.930673
0.421575
0.241635
0.580543
0.173237
0.288671
0.626544
0.681504
0.215763
0.907293
0.848789
0.024596
0.907293
0.658394
0.884948
0.401971
0.549354
0.795913
0.255445
0.000023
0.891273
0.855893
0.766291
0.150086
0.513281
0.580543
0.713075
0.346575
0.051648
0.513281
0.421575
0.848789
0.181158
0.300471
0.294528
0.333520
0.704484
0.406779
0.382926
0.306500
0.535389
0.984769
0.808960
0.327120
0.027164
0.971109
0.543791
0.891273
0.658394
0.329292
0.540922
0.117048
0.496903
0.496903
0.346575
0.566341
0.821730
0.357661
0.891273
0.612135
0.566341
0.658394
0.040864
0.414138
0.597771
0.801128
0.275424
0.994555
0.044581
0.749684
0.387593
0.434080
0.194957
0.652656
0.387593
0.527033
0.594827
0.557828
0.884948
0.157114
0.867378
0.077446
0.406779
0.269851
0.505064
0.290658
0.735726
0.947760
0.841556
0.038094
0.124654
0.246759
0.467559
0.808960
0.749684
0.735726
0.549354
0.867378
0.215763
0.867378
0.150086
0.527033
0.690166
0.041578
0.958545
0.535389
0.727244
0.566341
0.094284
0.951979
0.874110
0.543791
0.056256
0.375911
0.801128
0.962240
0.984769
0.505064
0.112510
0.801128
0.052535
0.475494
0.057717
0.808960
0.296545
0.884948
0.449423
0.718717
0.735726
0.681504
0.491556
0.088340
0.165605
0.649688
0.390021
0.612135
0.000109
0.000696
0.022258
0.612135
0.275424
0.441715
0.549354
0.483494
0.231634
0.462365
0.758020
0.009822
0.867378
0.223587
0.312615
0.535389
0.177160
0.829282
0.470257
0.566341
0.571972
0.808960
0.855893
0.867378
0.867378
0.874110
0.163153
0.787927
0.080707
0.527033
0.082732
0.401971
0.727244
0.368979
0.344325
0.231634
0.250182
0.793201
0.187953
0.072465
0.475494
0.758020
0.119859
0.290658
0.033071
0.901408
0.406779
0.513281
0.364456
0.735726
0.735726
0.441715
0.169385
0.749684
0.084803
0.735726
0.787927
0.549354
0.132684
0.940331
0.462365
0.250182
0.007378
0.079397
0.922090
0.406779
