0.236593
0.913005
0.042685
0.241635
0.157114
0.713075
0.300471
0.394742
0.860501
0.549354
0.958545
0.535389
0.312615
0.860501
0.153566
0.077446
0.421575
0.543791
0.612135
0.922090
0.163153
0.978604
0.187953
0.146673
0.986757
0.177160
0.612135
0.340005
0.375911
0.050328
0.984769
0.527033
0.649688
0.922090
0.518727
0.364456
0.848789
0.735726
0.566341
0.344325
0.612135
0.284858
0.026438
0.594827
0.735726
0.878466
0.275424
0.617854
0.978604
0.695863
0.223587
0.119859
0.727244
0.535389
0.004503
0.848789
0.672823
0.643949
0.005162
0.449423
0.000085
0.075538
0.401971
0.698805
0.884948
0.462365
0.758020
0.483494
0.779856
0.147829
0.051194
0.994555
0.727244
0.836720
0.713075
0.003523
0.566341
0.382926
0.922090
0.916674
0.566341
0.978604
0.971109
0.000544
0.434080
0.626544
0.758020
0.491556
0.947760
0.357661
0.072465
0.036127
0.316692
0.527033
0.690166
0.787927
0.316692
0.070668
0.643949
0.695863
0.922090
0.518727
0.382926
0.001588
0.543791
0.821730
0.406779
0.552238
0.907293
0.228410
0.727244
0.620815
0.766291
0.935597
0.901408
0.163153
0.744157
0.322949
0.829282
0.163153
0.793201
0.907293
0.884948
0.394742
0.986757
0.047782
0.649688
0.166886
0.981075
0.382926
0.333520
0.658394
0.300471
0.549354
0.848789
0.649688
0.096609
0.913005
0.496903
0.774492
0.080707
0.907293
0.557828
0.064990
0.306500
0.105557
0.867378
0.260793
0.150086
0.821730
0.505064
0.658394
0.054829
0.535389
0.867378
0.935597
0.340005
0.557828
0.421575
0.603471
0.612135
0.891273
0.867378
0.848789
0.935597
0.406779
0.821730
0.744157
0.758020
0.947760
0.626544
0.214182
0.166886
0.446787
0.821730
0.153566
0.884948
0.132684
0.557828
0.984769
0.144460
0.951979
0.927324
0.260793
0.681504
0.429087
0.713075
0.457201
0.916674
0.535389
0.382926
0.721628
0.246759
0.290658
0.808960
0.032199
0.082732
0.153566
0.457201
0.496903
0.612135
0.223587
0.316692
0.940331
0.543791
0.771705
0.897436
0.643949
0.681504
0.434080
0.884948
0.187953
0.848789
0.434080
0.132684
0.467559
0.557828
0.617854
0.250182
0.821730
0.357661
0.434080
0.978604
0.000609
0.025274
0.643949
0.801128
0.483494
0.557828
0.090535
0.713075
0.947760
0.241635
0.808960
0.011425
0.521553
0.758020
0.414138
0.958545
0.884948
0.421575
0.978604
0.290658
0.867378
0.096609
0.594827
0.589144
0.390021
0.064990
0.801128
0.362130
0.935597
0.848789
0.112510
0.727244
0.454542
0.681504
0.454542
0.394742
0.449423
0.549354
0.574890
0.394742
0.094284
0.421575
0.470257
0.454542
0.603471
0.978604
0.758020
0.801128
0.874110
0.441715
0.470257
0.626544
0.787927
0.922090
0.951979
0.808960
0.884948
0.667094
0.114294
0.603471
0.275424
0.580543
0.173237
0.821730
0.681504
0.414138
0.884948
0.394742
0.454542
0.441715
0.626544
0.681504
0.535389
0.855893
0.947760
0.626544
0.429087
0.962240
0.713075
0.589144
0.505064
0.535389
0.771705
0.157114
0.841556
0.974087
0.157114
0.907293
0.194957
0.589144
0.121744
0.713075
0.549354
0.658394
0.771705
0.690166
0.787927
0.236593
0.594827
0.340005
0.735726
0.713075
0.513281
0.836720
0.223587
0.713075
0.821730
0.535389
0.513281
0.801128
0.021859
0.626544
0.000157
0.005687
0.612135
0.779856
0.557828
0.529876
0.072465
0.994555
0.978604
0.836720
0.649688
0.406779
0.505064
0.105557
0.535389
0.695863
0.194957
0.236593
0.260793
0.300471
0.566341
0.635244
0.467559
0.543791
0.241635
0.470257
0.000000
0.117048
0.566341
0.829282
0.022875
0.672823
0.867378
0.344325
0.284858
0.035500
0.867378
0.962240
0.382926
0.284858
0.649688
0.793201
0.672823
0.916674
0.141156
0.368979
0.808960
0.364456
0.974087
0.951979
0.735726
0.368979
0.848789
0.735726
0.814067
0.735726
0.067775
0.042685
0.867378
0.001865
0.462365
0.713075
0.907293
0.036127
0.019768
0.483494
0.316692
0.922090
0.713075
0.357661
0.620815
0.344325
0.179787
0.066084
0.758020
0.543791
0.414138
0.978604
0.406779
0.721628
0.329292
0.658394
0.401971
0.434080
0.801128
0.612135
0.841556
0.046970
0.165605
0.698805
0.513281
0.406779
0.549354
0.183833
0.704484
0.390021
0.290658
0.986757
0.681504
0.322949
0.935597
0.157114
0.521553
0.124654
0.117048
0.643949
0.322949
0.269851
0.695863
0.658394
0.922090
0.011640
0.190711
0.907293
0.004868
0.940331
0.010900
0.808960
0.475494
0.643949
0.557828
0.527033
0.821730
0.808960
0.635244
0.891273
0.316692
0.436675
0.543791
0.505064
0.771705
0.681504
0.916674
0.916674
0.206623
0.713075
0.004963
0.927324
0.801128
0.841556
0.491556
0.940331
0.426518
0.478214
0.063362
0.269851
0.808960
0.974087
0.350951
0.557828
0.414138
0.284858
0.375911
0.986757
0.470257
0.112510
0.713075
0.284858
0.454542
0.549354
0.771705
0.070668
0.264363
0.603471
0.574890
0.552238
0.721628
0.023508
0.935597
0.357661
0.329292
0.907293
0.681504
0.958545
0.032199
0.194957
0.306500
0.269851
0.735726
0.414138
0.635244
0.173237
0.236593
0.441715
0.549354
0.848789
0.269851
0.104694
0.368979
0.951979
0.288671
0.414138
0.505064
0.535389
0.072465
0.039801
0.901408
0.947760
0.860501
0.340005
0.535389
0.808960
0.521553
0.962240
0.491556
0.072465
0.206623
0.202171
0.721628
0.223587
0.401971
0.306500
0.603471
0.157114
0.214182
0.462365
0.043818
0.848789
0.173237
0.387593
0.434080
0.643949
0.470257
0.620815
0.603471
0.535389
0.173237
0.077446
0.698805
0.713075
0.421575
0.649688
0.112510
0.478214
0.801128
0.566341
0.014305
0.362130
0.441715
0.913005
0.350951
