0.203680
0.667094
0.100580
0.153566
0.704484
0.535389
0.930673
0.672823
0.829282
0.070668
0.233315
0.513281
0.241635
0.434080
0.603471
0.491556
0.100580
0.690166
0.557828
0.951979
0.801128
0.157114
0.346575
0.874110
0.462365
0.643949
0.626544
0.704484
0.483494
0.441715
0.139014
0.787927
0.891273
0.571972
0.434080
0.690166
0.635244
0.064431
0.848789
0.264363
0.698805
0.612135
0.264363
0.194957
0.603471
0.037752
0.867378
0.758020
0.735726
0.935597
0.658394
0.971109
0.841556
0.300471
0.246759
0.758020
0.199280
0.901408
0.771705
0.421575
0.362130
0.681504
0.368979
0.187953
0.284858
0.390021
0.029186
0.434080
0.566341
0.808960
0.974087
0.704484
0.981075
0.658394
0.658394
0.260793
0.192150
0.173237
0.967937
0.518727
0.241635
0.446787
0.333520
0.549354
0.329292
0.521553
0.329292
0.793201
0.867378
0.064431
0.001137
0.594827
0.483494
0.483494
0.935597
0.620815
0.594827
0.483494
0.816691
0.589144
0.027164
0.821730
0.521553
0.072465
0.713075
0.901408
0.744157
0.771705
0.580543
0.589144
0.867378
0.421575
0.675784
0.421575
0.617854
0.771705
0.658394
0.951979
0.001027
0.454542
0.211153
0.255445
0.855893
0.566341
0.758020
0.316692
0.713075
0.816691
0.658394
0.681504
0.310521
0.074303
0.394742
0.981075
0.635244
0.072465
0.446787
0.357661
0.965738
0.713075
0.194957
0.322949
0.580543
0.814067
0.346575
0.290658
0.255445
0.007032
0.821730
0.057717
0.375911
0.962240
0.735726
0.829282
0.030518
0.275424
0.153566
0.808960
0.981075
0.916674
0.192150
0.190711
0.521553
0.322949
0.057717
0.735726
0.275424
0.002082
0.841556
0.300471
0.011425
0.264363
0.867378
0.012907
0.801128
0.236593
0.006325
0.310521
0.491556
0.907293
0.199280
0.141156
0.681504
0.005110
0.580543
0.346575
0.013276
0.801128
0.566341
0.290658
0.922090
0.294528
0.535389
0.281082
0.387593
0.571972
0.829282
0.787927
0.241635
0.801128
0.749684
0.018368
0.901408
0.144460
0.231634
0.543791
0.580543
0.855893
0.704484
0.041578
0.441715
0.181158
0.848789
0.449423
0.072465
0.527033
0.063362
0.045761
0.713075
0.874110
0.922090
0.223587
0.841556
0.012317
0.816691
0.284858
0.897436
0.357661
0.518727
0.475494
0.779856
0.029186
0.187953
0.300471
0.177160
0.984769
0.901408
0.535389
0.947760
0.808960
0.962240
0.860501
0.681504
0.841556
0.603471
0.012317
0.505064
0.958545
0.518727
0.211153
0.290658
0.421575
0.491556
0.643949
0.884948
0.855893
0.022875
0.290658
0.984769
0.199280
0.758020
0.681504
0.535389
0.208158
0.951979
0.470257
0.414138
0.505064
0.527033
0.974087
0.991213
0.258960
0.000411
0.566341
0.236593
0.947760
0.681504
0.390021
0.758020
0.029186
0.681504
0.758020
0.989675
0.346575
0.940331
0.144460
0.841556
0.483494
0.421575
0.829282
0.513281
0.211153
0.681504
0.070668
0.580543
0.557828
0.603471
0.735726
0.841556
0.518727
0.063362
0.241635
0.935597
0.603471
0.157114
0.264363
0.441715
0.275424
0.401971
0.884948
0.867378
0.643949
0.169385
0.758020
0.470257
0.566341
0.491556
0.603471
0.808960
0.821730
0.357661
0.841556
0.603471
0.153566
0.084803
0.401971
0.535389
0.470257
0.735726
0.264363
0.521553
0.901408
0.429087
0.566341
0.203680
0.735726
0.749684
0.100580
0.951979
0.549354
0.132684
0.758020
0.922090
0.978604
0.897436
0.039801
0.441715
0.690166
0.454542
0.540922
0.971109
0.848789
0.620815
0.139014
0.513281
0.907293
0.368979
0.409279
0.190711
0.037099
0.935597
0.462365
0.566341
0.704484
0.672823
0.333520
0.727244
0.603471
0.626544
0.874110
0.521553
0.203680
0.535389
0.327120
0.346575
0.064990
0.166886
0.483494
0.157114
0.491556
0.300471
0.068911
0.787927
0.454542
0.563435
0.603471
0.000820
0.441715
0.421575
0.897436
0.001246
0.294528
0.037099
0.121744
0.566341
0.947760
0.667094
0.848789
0.483494
0.275424
0.597771
0.801128
0.884948
0.771705
0.316692
0.399498
0.124654
0.901408
0.698805
0.916674
0.346575
0.635244
0.296545
0.290658
0.901408
0.064431
0.462365
0.304435
0.580543
0.758020
0.316692
0.075538
0.612135
0.279144
0.518727
0.228410
0.090535
0.063362
0.127623
0.098985
0.626544
0.727244
0.018368
0.984769
0.139014
0.300471
0.535389
0.855893
0.038094
0.394742
0.414138
0.322949
0.672823
0.916674
0.848789
0.215763
0.236593
0.426518
0.927324
0.047782
0.115226
0.749684
0.841556
0.153566
0.874110
0.300471
0.566341
0.891273
0.867378
0.003559
0.236593
0.215763
0.072465
0.329292
0.135818
0.635244
0.681504
0.505064
0.675784
0.860501
0.658394
0.779856
0.603471
0.848789
0.183833
0.255445
0.617854
0.884948
0.390021
0.801128
0.300471
0.867378
0.603471
0.922090
0.535389
0.034568
0.574890
0.758020
0.322949
0.535389
0.505064
0.364456
0.626544
0.401971
0.557828
0.215763
0.916674
0.449423
0.147829
0.704484
0.496903
0.406779
0.483494
0.231634
0.255445
0.255445
0.199280
0.190711
0.829282
0.421575
0.340005
0.713075
0.891273
0.177160
0.787927
0.713075
0.603471
0.228410
0.024596
0.454542
0.258960
0.107244
0.916674
0.649688
0.312615
0.434080
0.290658
0.103042
0.940331
0.279144
0.704484
0.867378
0.141156
0.177160
0.749684
0.658394
0.364456
0.394742
0.913005
0.690166
0.527033
0.829282
0.935597
0.350951
0.779856
0.787927
0.177160
0.030518
0.566341
0.055312
0.635244
0.006144
0.574890
0.034568
0.226757
0.250182
0.434080
0.801128
0.478214
0.454542
0.962240
0.801128
0.603471
0.382926
0.735726
0.434080
0.635244
0.264363
0.401971
0.255445
0.940331
0.045761
0.284858
0.441715
0.467559
0.999575
