0.935597
0.322949
0.414138
0.059212
0.829282
0.496903
0.521553
0.223587
0.166886
0.947760
0.962240
0.649688
0.160731
0.594827
0.228410
0.387593
0.290658
0.141156
0.414138
0.626544
0.206623
0.096609
0.429087
0.774492
0.884948
0.255445
0.153566
0.269851
0.836720
0.421575
0.947760
0.965738
0.988571
0.467559
0.557828
0.206623
0.513281
0.350951
0.032199
0.122729
0.505064
0.049040
0.620815
0.758020
0.462365
0.183833
0.675784
0.187953
0.978604
0.658394
0.571972
0.344325
0.434080
0.462365
0.771705
0.421575
0.153566
0.907293
0.350951
0.441715
0.316692
0.449423
0.626544
0.011106
0.179787
0.951979
0.521553
0.672823
0.333520
0.483494
0.667094
0.612135
0.475494
0.394742
0.727244
0.848789
0.672823
0.681504
0.269851
0.382926
0.643949
0.183833
0.153566
0.483494
0.183833
0.499678
0.246759
0.513281
0.255445
0.203680
0.829282
0.082732
0.951979
0.251967
0.821730
0.557828
0.721628
0.643949
0.236593
0.401971
0.434080
0.059212
0.766291
0.649688
0.808960
0.449423
0.758020
0.284858
0.940331
0.483494
0.414138
0.144460
0.995551
0.112510
0.935597
0.620815
0.264363
0.290658
0.951979
0.000000
0.527033
0.478214
0.000327
0.612135
0.000014
0.505064
0.177160
0.491556
0.974087
0.901408
0.884948
0.829282
0.023508
0.135818
0.557828
0.867378
0.401971
0.649688
0.018368
0.658394
0.177160
0.181158
0.635244
0.779856
0.053907
0.005013
0.441715
0.940331
0.475494
0.340005
0.672823
0.306500
0.067775
0.228410
0.294528
0.855893
0.203680
0.241635
0.434080
0.429087
0.114294
0.007739
0.409279
0.749684
0.735726
0.022875
0.203680
0.594827
0.066084
0.643949
0.183833
0.039801
0.549354
0.566341
0.603471
0.986757
0.704484
0.808960
0.316692
0.935597
0.658394
0.974087
0.984769
0.387593
0.454542
0.557828
0.026438
0.414138
0.549354
0.414138
0.848789
0.758020
0.077446
0.535389
0.199280
0.690166
0.173237
0.290658
0.300471
0.070668
0.094284
0.962240
0.021268
0.177160
0.829282
0.603471
0.344325
0.122729
0.414138
0.340005
0.185229
0.364456
0.681504
0.119859
0.346575
0.841556
0.667094
0.236593
0.003099
0.394742
0.557828
0.357661
0.300471
0.735726
0.626544
0.821730
0.281082
0.246759
0.362130
0.100580
0.357661
0.612135
0.245003
0.635244
0.713075
0.401971
0.649688
0.848789
0.215763
0.958545
0.672823
0.978604
0.306500
0.401971
0.735726
0.787927
0.658394
0.124654
0.269851
0.322949
0.529876
0.215763
0.190711
0.000378
0.478214
0.971109
0.223587
0.457201
0.250182
0.848789
0.513281
0.112510
0.513281
0.409279
0.958545
0.713075
0.364456
0.346575
0.306500
0.096609
0.935597
0.132684
0.109849
0.159490
0.505064
0.454542
0.779856
0.962240
0.744157
0.829282
0.322949
0.935597
0.414138
0.183833
0.787927
0.017063
0.075538
0.077446
0.947760
0.667094
0.808960
0.072465
0.390021
0.884948
0.251967
0.340005
0.027164
0.077446
0.202171
0.414138
0.096609
0.779856
0.635244
0.543791
0.496903
0.566341
0.557828
0.434080
0.626544
0.153566
0.139014
0.951979
0.727244
0.119859
0.316692
0.951979
0.441715
0.371333
0.808960
0.211153
0.589144
0.327120
0.316692
0.394742
0.072465
0.635244
0.483494
0.462365
0.566341
0.821730
0.199280
0.927324
0.626544
0.454542
0.139014
0.801128
0.073672
0.096609
0.394742
0.566341
0.340005
0.449423
0.927324
0.233315
0.327120
0.322949
0.571972
0.316692
0.808960
0.978604
0.505064
0.735726
0.626544
0.215763
0.470257
0.766291
0.808960
0.063362
0.594827
0.612135
0.003559
0.535389
0.801128
0.441715
0.296545
0.958545
0.357661
0.181158
0.626544
0.255445
0.187953
0.787927
0.603471
0.589144
0.215763
0.394742
0.264363
0.874110
0.375911
0.704484
0.409279
0.821730
0.387593
0.255445
0.612135
0.117048
0.394742
0.153566
0.353229
0.166886
0.163153
0.967937
0.382926
0.067775
0.787927
0.499678
0.124654
0.735726
0.199280
0.357661
0.346575
0.947760
0.612135
0.421575
0.029982
0.340005
0.246759
0.394742
0.874110
0.024596
0.409279
0.371333
0.566341
0.470257
0.922090
0.478214
0.787927
0.727244
0.203680
0.626544
0.057717
0.735726
0.250182
0.727244
0.891273
0.344325
0.891273
0.787927
0.072465
0.255445
0.079397
0.394742
0.457201
0.075538
0.483494
0.306500
0.028672
0.951979
0.867378
0.000544
0.667094
0.713075
0.951979
0.658394
0.681504
0.260793
0.801128
0.704484
0.907293
0.721628
0.346575
0.521553
0.279144
0.141156
0.787927
0.907293
0.368979
0.166886
0.667094
0.340005
0.829282
0.117048
0.226757
0.063362
0.056256
0.203680
0.901408
0.375911
0.117048
0.643949
0.144460
0.713075
0.026438
0.236593
0.462365
0.848789
0.991213
0.513281
0.758020
0.211153
0.003256
0.194957
0.409279
0.922090
0.962240
0.758020
0.557828
0.033659
0.527033
0.233315
0.855893
0.947760
0.994555
0.801128
0.380525
0.449423
0.316692
0.974087
0.491556
0.215763
0.000918
0.821730
0.056256
0.566341
0.984769
0.006832
0.829282
0.036127
0.543791
0.672823
0.194957
0.187953
0.667094
0.105557
0.340005
0.470257
0.727244
0.076183
0.401971
0.409279
0.557828
0.821730
0.749684
0.394742
0.626544
0.521553
0.009104
0.147829
0.667094
0.457201
0.124654
0.549354
0.744157
0.250182
0.951979
0.958545
0.749684
0.571972
0.612135
0.441715
0.947760
0.056256
0.635244
0.927324
0.658394
0.808960
0.255445
0.014711
0.052535
0.255445
0.927324
0.246759
0.105557
0.829282
0.329292
0.574890
0.181158
0.829282
0.612135
0.483494
0.727244
0.967937
0.449423
0.241635
0.867378
0.340005
0.241635
0.874110
0.004164
0.137917
0.449423
0.135818
0.121744
0.441715
0.549354
0.260793
