0.698805
0.681504
0.884948
0.044581
0.350951
0.758020
0.681504
0.535389
0.316692
0.860501
0.483494
0.255445
0.108126
0.690166
0.907293
0.038764
0.529876
0.580543
0.333520
0.290658
0.505064
0.306500
0.922090
0.098985
0.580543
0.841556
0.958545
0.589144
0.199280
0.032199
0.667094
0.978604
0.060217
0.779856
0.401971
0.231634
0.771705
0.005262
0.978604
0.901408
0.499678
0.713075
0.491556
0.635244
0.157114
0.695863
0.269851
0.333520
0.114294
0.690166
0.704484
0.483494
0.496903
0.368979
0.841556
0.375911
0.231634
0.535389
0.117048
0.426518
0.779856
0.801128
0.735726
0.304435
0.475494
0.855893
0.491556
0.409279
0.241635
0.357661
0.421575
0.603471
0.127623
0.816691
0.727244
0.187953
0.421575
0.199280
0.543791
0.233315
0.984769
0.758020
0.368979
0.695863
0.749684
0.316692
0.603471
0.996919
0.004503
0.294528
0.087602
0.907293
0.449423
0.907293
0.735726
0.801128
0.441715
0.612135
0.082732
0.022258
0.713075
0.808960
0.735726
0.150086
0.855893
0.340005
0.727244
0.681504
0.462365
0.316692
0.841556
0.513281
0.774492
0.340005
0.971109
0.855893
0.434080
0.135818
0.491556
0.947760
0.758020
0.704484
0.891273
0.119859
0.986757
0.082732
0.042685
0.322949
0.518727
0.163153
0.603471
0.505064
0.057717
0.649688
0.995551
0.774492
0.836720
0.127623
0.322949
0.067775
0.880693
0.199280
0.996919
0.841556
0.848789
0.626544
0.527033
0.884948
0.658394
0.658394
0.159490
0.821730
0.375911
0.051648
0.635244
0.704484
0.552238
0.177160
0.704484
0.075538
0.704484
0.549354
0.082732
0.169385
0.557828
0.375911
0.549354
0.449423
0.475494
0.907293
0.940331
0.658394
0.779856
0.375911
0.855893
0.713075
0.290658
0.626544
0.612135
0.848789
0.518727
0.643949
0.721628
0.255445
0.421575
0.681504
0.031906
0.643949
0.441715
0.007168
0.105557
0.470257
0.199280
0.836720
0.721628
0.779856
0.658394
0.735726
0.787927
0.215763
0.829282
0.236593
0.166886
0.962240
0.346575
0.117048
0.540922
0.981075
0.462365
0.681504
0.007593
0.109849
0.681504
0.557828
0.434080
0.535389
0.580543
0.082732
0.787927
0.766291
0.375911
0.997586
0.958545
0.394742
0.580543
0.046554
0.223587
0.620815
0.704484
0.105557
0.965738
0.951979
0.284858
0.829282
0.704484
0.470257
0.779856
0.454542
0.867378
0.535389
0.984769
0.177160
0.935597
0.166886
0.199280
0.829282
0.620815
0.571972
0.735726
0.626544
0.793201
0.350951
0.571972
0.269851
0.774492
0.521553
0.557828
0.589144
0.241635
0.000779
0.841556
0.690166
0.382926
0.241635
0.441715
0.000193
0.279144
0.801128
0.322949
0.672823
0.855893
0.704484
0.239907
0.462365
0.421575
0.513281
0.540922
0.132684
0.727244
0.727244
0.543791
0.675784
0.626544
0.034568
0.721628
0.211153
0.704484
0.483494
0.867378
0.855893
0.667094
0.150086
0.635244
0.346575
0.072465
0.199280
0.848789
0.434080
0.779856
0.357661
0.449423
0.549354
0.974087
0.441715
0.335721
0.350951
0.231634
0.144460
0.414138
0.401971
0.211153
0.958545
0.203680
0.306500
0.382926
0.426518
0.958545
0.787927
0.640981
0.713075
0.206623
0.989675
0.183833
0.350951
0.884948
0.527033
0.991213
0.057717
0.491556
0.505064
0.821730
0.589144
0.382926
0.269851
0.643949
0.000063
0.521553
0.505064
0.340005
0.994555
0.557828
0.127623
0.491556
0.215763
0.409279
0.462365
0.521553
0.557828
0.414138
0.290658
0.449423
0.744157
0.787927
0.421575
0.075538
0.333520
0.231634
0.884948
0.135818
0.535389
0.005687
0.294528
0.603471
0.793201
0.236593
0.891273
0.203680
0.004637
0.246759
0.357661
0.681504
0.867378
0.801128
0.698805
0.935597
0.114294
0.223587
0.612135
0.880693
0.535389
0.749684
0.491556
0.808960
0.090535
0.681504
0.958545
0.236593
0.044581
0.557828
0.048208
0.758020
0.913005
0.829282
0.779856
0.589144
0.635244
0.571972
0.150086
0.429087
0.557828
0.867378
0.483494
0.206623
0.867378
0.454542
0.306500
0.000756
0.557828
0.580543
0.371333
0.962240
0.192150
0.643949
0.063362
0.364456
0.940331
0.667094
0.215763
0.117048
0.194957
0.499678
0.829282
0.658394
0.449423
0.681504
0.144460
0.006511
0.771705
0.907293
0.612135
0.848789
0.681504
0.940331
0.350951
0.527033
0.421575
0.672823
0.269851
0.173237
0.429087
0.543791
0.294528
0.505064
0.787927
0.462365
0.571972
0.284858
0.721628
0.801128
0.713075
0.441715
0.483494
0.010298
0.312615
0.801128
0.681504
0.727244
0.681504
0.681504
0.260793
0.848789
0.015128
0.816691
0.603471
0.557828
0.483494
0.721628
0.971109
0.867378
0.033071
0.215763
0.281082
0.704484
0.947760
0.491556
0.916674
0.087602
0.375911
0.183833
0.704484
0.891273
0.491556
0.848789
0.375911
0.275424
0.848789
0.333520
0.891273
0.421575
0.940331
0.406779
0.340005
0.848789
0.166886
0.329292
0.771705
0.981075
0.951979
0.144460
0.441715
0.589144
0.867378
0.340005
0.513281
0.507859
0.329292
0.194957
0.166886
0.050328
0.922090
0.279144
0.867378
0.681504
0.927324
0.535389
0.589144
0.612135
0.316692
0.635244
0.658394
0.284858
0.721628
0.322949
0.421575
0.543791
0.001510
0.060217
0.922090
0.513281
0.744157
0.414138
0.055312
0.727244
0.787927
0.735726
0.907293
0.821730
0.421575
0.907293
0.441715
0.401971
0.364456
0.037752
0.991213
0.907293
0.874110
0.891273
0.566341
0.312615
0.275424
0.867378
0.401971
0.808960
0.414138
0.984769
0.014985
0.940331
0.658394
0.795913
0.704484
0.406779
0.284858
0.735726
0.535389
0.483494
0.940331
0.284858
0.884948
0.855893
0.109849
0.109849
0.394742
0.300471
0.956001
0.364456
0.848789
