0.897436
0.940331
0.793201
0.306500
0.713075
0.874110
0.704484
0.300471
0.940331
0.808960
0.250182
0.874110
0.718717
0.947760
0.228410
0.077446
0.267971
0.867378
0.848789
0.713075
0.848789
0.061772
0.801128
0.594827
0.549354
0.382926
0.462365
0.787927
0.236593
0.566341
0.704484
0.183833
0.947760
0.279144
0.758020
0.891273
0.246759
0.566341
0.103042
0.535389
0.589144
0.082732
0.401971
0.513281
0.329292
0.549354
0.000330
0.333520
0.173237
0.891273
0.264363
0.005162
0.681504
0.005262
0.860501
0.344325
0.758020
0.580543
0.199280
0.801128
0.364456
0.306500
0.721628
0.023935
0.255445
0.884948
0.518727
0.027164
0.935597
0.935597
0.557828
0.011425
0.260793
0.713075
0.690166
0.643949
0.029186
0.357661
0.382926
0.199280
0.589144
0.333520
0.380525
0.401971
0.848789
0.306500
0.695863
0.255445
0.603471
0.704484
0.793201
0.467559
0.046970
0.401971
0.981075
0.206623
0.137917
0.454542
0.617854
0.521553
0.029186
0.144460
0.072465
0.421575
0.557828
0.922090
0.513281
0.855893
0.013654
0.144460
0.275424
0.713075
0.884948
0.094284
0.505064
0.649688
0.364456
0.394742
0.940331
0.951979
0.009546
0.981075
0.597771
0.255445
0.129613
0.891273
0.935597
0.935597
0.527033
0.434080
0.173237
0.549354
0.441715
0.589144
0.649688
0.829282
0.434080
0.241635
0.255445
0.681504
0.228410
0.228410
0.718717
0.829282
0.690166
0.127623
0.294528
0.927324
0.971109
0.518727
0.284858
0.996919
0.557828
0.246759
0.787927
0.117048
0.549354
0.658394
0.821730
0.004728
0.368979
0.206623
0.727244
0.897436
0.246759
0.194957
0.958545
0.855893
0.175815
0.333520
0.375911
0.713075
0.001027
0.927324
0.535389
0.965738
0.571972
0.649688
0.779856
0.236593
0.907293
0.991213
0.735726
0.667094
0.557828
0.816691
0.704484
0.735726
0.462365
0.779856
0.394742
0.935597
0.635244
0.566341
0.540922
0.483494
0.698805
0.290658
0.414138
0.675784
0.681504
0.727244
0.269851
0.179787
0.340005
0.635244
0.821730
0.429087
0.787927
0.159490
0.594827
0.589144
0.891273
0.483494
0.704484
0.978604
0.483494
0.434080
0.635244
0.916674
0.658394
0.667094
0.241635
0.394742
0.787927
0.916674
0.340005
0.951979
0.250182
0.228410
0.574890
0.199280
0.965738
0.214182
0.727244
0.690166
0.984769
0.643949
0.690166
0.375911
0.690166
0.211153
0.557828
0.580543
0.005262
0.620815
0.119859
0.649688
0.322949
0.643949
0.984769
0.209600
0.735726
0.984769
0.766291
0.076183
0.658394
0.454542
0.951979
0.535389
0.491556
0.884948
0.927324
0.801128
0.681504
0.049040
0.549354
0.626544
0.316692
0.127623
0.179787
0.867378
0.658394
0.771705
0.038764
0.401971
0.848789
0.088340
0.836720
0.177160
0.727244
0.951979
0.566341
0.483494
0.057717
0.940331
0.571972
0.147829
0.643949
0.255445
0.475494
0.821730
0.958545
0.505064
0.540922
0.981075
0.039801
0.357661
0.051648
0.749684
0.986757
0.758020
0.175815
0.441715
0.026914
0.612135
0.999575
0.038094
0.589144
0.704484
0.658394
0.801128
0.284858
0.626544
0.518727
0.549354
0.264363
0.290658
0.667094
0.735726
0.935597
0.364456
0.721628
0.727244
0.672823
0.026438
0.860501
0.228410
0.771705
0.704484
0.014043
0.594827
0.543791
0.382926
0.855893
0.901408
0.766291
0.322949
0.535389
0.141156
0.039801
0.130653
0.153566
0.984769
0.704484
0.704484
0.322949
0.557828
0.935597
0.690166
0.589144
0.612135
0.922090
0.039801
0.713075
0.382926
0.841556
0.884948
0.935597
0.808960
0.333520
0.589144
0.521553
0.124654
0.112510
0.635244
0.505064
0.357661
0.406779
0.787927
0.672823
0.429087
0.310521
0.124654
0.202171
0.421575
0.073672
0.848789
0.721628
0.891273
0.316692
0.357661
0.364456
0.901408
0.187953
0.649688
0.012317
0.203680
0.958545
0.206623
0.672823
0.312615
0.513281
0.190711
0.092778
0.974087
0.580543
0.135818
0.535389
0.245003
0.986757
0.603471
0.891273
0.801128
0.951979
0.322949
0.231634
0.978604
0.727244
0.446787
0.518727
0.499678
0.130653
0.935597
0.540922
0.462365
0.000795
0.787927
0.771705
0.821730
0.203680
0.382926
0.475494
0.916674
0.667094
0.401971
0.169385
0.041578
0.667094
0.470257
0.927324
0.735726
0.543791
0.112510
0.855893
0.092008
0.275424
0.930673
0.580543
0.658394
0.483494
0.000102
0.603471
0.027652
0.124654
0.557828
0.690166
0.260793
0.322949
0.228410
0.978604
0.901408
0.801128
0.036127
0.491556
0.327120
0.779856
0.475494
0.907293
0.557828
0.107244
0.935597
0.429087
0.991213
0.821730
0.672823
0.984769
0.187953
0.290658
0.549354
0.821730
0.228410
0.735726
0.779856
0.855893
0.884948
0.346575
0.635244
0.441715
0.375911
0.072465
0.022875
0.552238
0.994555
0.749684
0.958545
0.626544
0.333520
0.018368
0.779856
0.829282
0.735726
0.003193
0.505064
0.951979
0.580543
0.974087
0.350951
0.454542
0.421575
0.340005
0.991213
0.090535
0.991213
0.310521
0.279144
0.166886
0.907293
0.891273
0.566341
0.181158
0.978604
0.867378
0.779856
0.434080
0.829282
0.132684
0.426518
0.000609
0.860501
0.927324
0.758020
0.218844
0.478214
0.667094
0.253642
0.603471
0.971109
0.340005
0.848789
0.704484
0.901408
0.787927
0.766291
0.187953
0.279144
0.749684
0.462365
0.867378
0.867378
0.007965
0.454542
0.223587
0.935597
0.236593
0.475494
0.344325
0.153566
0.218844
0.006832
0.462365
0.808960
0.635244
0.597771
0.190711
0.994555
0.163153
0.603471
0.496903
0.951979
0.215763
0.986757
0.055312
0.635244
0.241635
0.344325
0.848789
0.382926
0.643949
0.860501
0.496903
0.462365
0.290658
0.220452
0.821730
0.580543
