0.441715
0.589144
0.922090
0.962240
0.518727
0.096609
0.971109
0.470257
0.441715
0.401971
0.107244
0.187953
0.368979
0.029186
0.735726
0.112510
0.068911
0.580543
0.597771
0.667094
0.513281
0.962240
0.947760
0.223587
0.026438
0.787927
0.690166
0.874110
0.704484
0.922090
0.571972
0.557828
0.566341
0.867378
0.017063
0.535389
0.119859
0.681504
0.421575
0.094284
0.935597
0.260793
0.635244
0.580543
0.836720
0.808960
0.112510
0.829282
0.535389
0.429087
0.658394
0.766291
0.643949
0.603471
0.088340
0.007965
0.735726
0.434080
0.535389
0.874110
0.922090
0.157114
0.704484
0.793201
0.744157
0.658394
0.340005
0.147829
0.855893
0.056256
0.935597
0.462365
0.589144
0.141156
0.163153
0.667094
0.001981
0.401971
0.478214
0.322949
0.635244
0.984769
0.401971
0.829282
0.166886
0.566341
0.658394
0.580543
0.475494
0.364456
0.470257
0.801128
0.290658
0.021859
0.233315
0.026438
0.275424
0.513281
0.643949
0.801128
0.841556
0.163153
0.441715
0.735726
0.357661
0.368979
0.350951
0.907293
0.119859
0.735726
0.916674
0.848789
0.640981
0.333520
0.855893
0.322949
0.364456
0.215763
0.643949
0.589144
0.147829
0.362130
0.505064
0.218844
0.940331
0.527033
0.441715
0.681504
0.626544
0.394742
0.735726
0.779856
0.808960
0.566341
0.713075
0.978604
0.513281
0.643949
0.704484
0.681504
0.144460
0.958545
0.681504
0.658394
0.135818
0.848789
0.658394
0.521553
0.006637
0.421575
0.132684
0.713075
0.779856
0.922090
0.566341
0.635244
0.821730
0.215763
0.695863
0.612135
0.306500
0.962240
0.496903
0.470257
0.181158
0.001922
0.816691
0.037099
0.380525
0.860501
0.981075
0.290658
0.081393
0.848789
0.848789
0.096609
0.245003
0.962240
0.333520
0.766291
0.521553
0.841556
0.829282
0.098985
0.718717
0.521553
0.848789
0.153566
0.151265
0.258960
0.635244
0.255445
0.228410
0.153566
0.971109
0.635244
0.181158
0.382926
0.300471
0.246759
0.758020
0.333520
0.589144
0.006832
0.067775
0.612135
0.695863
0.462365
0.048208
0.658394
0.088340
0.088340
0.173237
0.211153
0.643949
0.940331
0.124654
0.054829
0.841556
0.394742
0.462365
0.275424
0.713075
0.991213
0.821730
0.375911
0.935597
0.250182
0.316692
0.312615
0.667094
0.470257
0.589144
0.617854
0.236593
0.177160
0.907293
0.947760
0.658394
0.874110
0.758020
0.129613
0.300471
0.002255
0.401971
0.264363
0.543791
0.766291
0.779856
0.829282
0.199280
0.721628
0.211153
0.667094
0.821730
0.009822
0.836720
0.649688
0.066084
0.375911
0.947760
0.084803
0.984769
0.429087
0.907293
0.414138
0.713075
0.064990
0.603471
0.001114
0.727244
0.401971
0.635244
0.527033
0.022466
0.549354
0.527033
0.236593
0.150086
0.013654
0.884948
0.499678
0.566341
0.744157
0.667094
0.513281
0.223587
0.371333
0.867378
0.051648
0.098170
0.681504
0.681504
0.088340
0.667094
0.867378
0.513281
0.907293
0.891273
0.594827
0.766291
0.483494
0.030518
0.505064
0.414138
0.658394
0.421575
0.346575
0.014985
0.681504
0.042685
0.394742
0.010595
0.779856
0.357661
0.401971
0.462365
0.695863
0.940331
0.713075
0.310521
0.721628
0.829282
0.848789
0.518727
0.713075
0.294528
0.067775
0.848789
0.836720
0.233315
0.848789
0.535389
0.589144
0.382926
0.727244
0.999892
0.269851
0.758020
0.223587
0.144460
0.589144
0.626544
0.841556
0.787927
0.357661
0.246759
0.735726
0.597771
0.163153
0.505064
0.829282
0.333520
0.406779
0.094284
0.394742
0.603471
0.855893
0.055312
0.891273
0.635244
0.429087
0.996919
0.375911
0.841556
0.038094
0.002300
0.090535
0.884948
0.000378
0.535389
0.228410
0.121744
0.046970
0.589144
0.329292
0.713075
0.816691
0.127623
0.483494
0.475494
0.281082
0.704484
0.449423
0.290658
0.375911
0.228410
0.643949
0.821730
0.483494
0.046970
0.092778
0.300471
0.626544
0.215763
0.704484
0.390021
0.690166
0.357661
0.462365
0.306500
0.735726
0.766291
0.013276
0.009822
0.901408
0.649688
0.867378
0.535389
0.434080
0.808960
0.491556
0.009822
0.166886
0.940331
0.874110
0.159490
0.401971
0.566341
0.771705
0.007168
0.836720
0.766291
0.549354
0.836720
0.096609
0.991213
0.329292
0.009104
0.821730
0.557828
0.300471
0.066084
0.491556
0.690166
0.429087
0.735726
0.245003
0.441715
0.284858
0.441715
0.375911
0.557828
0.535389
0.874110
0.483494
0.958545
0.441715
0.036127
0.122729
0.927324
0.978604
0.848789
0.779856
0.962240
0.922090
0.704484
0.157114
0.333520
0.787927
0.527033
0.069506
0.074303
0.067775
0.603471
0.571972
0.070668
0.620815
0.449423
0.635244
0.594827
0.038764
0.589144
0.316692
0.867378
0.513281
0.962240
0.003039
0.527033
0.169385
0.322949
0.580543
0.010298
0.441715
0.787927
0.009546
0.994555
0.144460
0.353229
0.855893
0.867378
0.030798
0.704484
0.177160
0.401971
0.040864
0.940331
0.626544
0.971109
0.279144
0.333520
0.518727
0.190711
0.947760
0.357661
0.183833
0.421575
0.829282
0.626544
0.521553
0.139014
0.527033
0.940331
0.000446
0.357661
0.518727
0.306500
0.612135
0.082732
0.658394
0.499678
0.617854
0.082732
0.787927
0.521553
0.161896
0.300471
0.681504
0.329292
0.594827
0.505064
0.994555
0.758020
0.449423
0.066084
0.002517
0.462365
0.344325
0.951979
0.935597
0.962240
0.829282
0.346575
0.260793
0.406779
0.735726
0.350951
0.382926
0.884948
0.019768
0.023508
0.907293
0.005110
0.290658
0.362130
0.163153
0.787927
0.771705
0.269851
0.434080
0.081393
0.971109
0.255445
0.350951
0.098170
0.350951
0.801128
0.079397
0.996919
0.258960
0.505064
0.935597
0.995551
0.496903
0.310521
0.454542
