0.375911
0.793201
0.991213
0.922090
0.364456
0.704484
0.535389
0.421575
0.704484
0.449423
0.821730
0.513281
0.540922
0.951979
0.779856
0.064431
0.658394
0.449423
0.779856
0.649688
0.340005
0.414138
0.046970
0.940331
0.521553
0.518727
0.063362
0.401971
0.117048
0.758020
0.320806
0.774492
0.434080
0.196422
0.144460
0.744157
0.119859
0.557828
0.681504
0.829282
0.483494
0.947760
0.382926
0.603471
0.245003
0.004868
0.713075
0.962240
0.829282
0.011425
0.594827
0.640981
0.540922
0.749684
0.022875
0.434080
0.094284
0.713075
0.787927
0.513281
0.059212
0.218844
0.836720
0.051194
0.681504
0.704484
0.841556
0.907293
0.626544
0.446787
0.380525
0.310521
0.681504
0.735726
0.735726
0.294528
0.690166
0.620815
0.626544
0.467559
0.306500
0.916674
0.549354
0.016595
0.766291
0.594827
0.454542
0.962240
0.169385
0.394742
0.829282
0.070668
0.971109
0.821730
0.841556
0.353229
0.690166
0.505064
0.499678
0.127623
0.901408
0.667094
0.927324
0.401971
0.194957
0.860501
0.891273
0.947760
0.079397
0.183833
0.821730
0.766291
0.187953
0.580543
0.860501
0.096609
0.713075
0.364456
0.475494
0.233315
0.139014
0.294528
0.713075
0.801128
0.246759
0.787927
0.281082
0.160731
0.855893
0.121744
0.787927
0.672823
0.681504
0.462365
0.470257
0.483494
0.557828
0.626544
0.713075
0.801128
0.808960
0.241635
0.566341
0.192150
0.233315
0.635244
0.543791
0.290658
0.006511
0.704484
0.907293
0.891273
0.042685
0.821730
0.649688
0.169385
0.922090
0.070668
0.913005
0.681504
0.300471
0.580543
0.635244
0.771705
0.967937
0.841556
0.022875
0.187953
0.962240
0.758020
0.211153
0.658394
0.681504
0.255445
0.039801
0.414138
0.241635
0.052535
0.364456
0.279144
0.077446
0.346575
0.518727
0.884948
0.571972
0.580543
0.626544
0.535389
0.196422
0.535389
0.867378
0.635244
0.704484
0.449423
0.070668
0.357661
0.206623
0.527033
0.535389
0.816691
0.183833
0.891273
0.483494
0.521553
0.635244
0.612135
0.203680
0.557828
0.635244
0.626544
0.146673
0.231634
0.499678
0.132684
0.357661
0.829282
0.096609
0.557828
0.580543
0.375911
0.940331
0.951979
0.079397
0.626544
0.067775
0.015695
0.236593
0.874110
0.580543
0.449423
0.916674
0.421575
0.927324
0.848789
0.997586
0.704484
0.380525
0.897436
0.275424
0.135818
0.971109
0.010795
0.935597
0.513281
0.891273
0.603471
0.434080
0.483494
0.855893
0.549354
0.997586
0.357661
0.907293
0.947760
0.735726
0.922090
0.848789
0.491556
0.157114
0.103042
0.766291
0.860501
0.855893
0.535389
0.364456
0.690166
0.821730
0.505064
0.704484
0.821730
0.146673
0.049040
0.801128
0.727244
0.368979
0.364456
0.848789
0.364456
0.901408
0.713075
0.589144
0.231634
0.105557
0.907293
0.984769
0.658394
0.589144
0.264363
0.310521
0.549354
0.187953
0.153566
0.117048
0.132684
0.951979
0.306500
0.704484
0.779856
0.082732
0.617854
0.306500
0.787927
0.978604
0.589144
0.023935
0.667094
0.284858
0.394742
0.566341
0.901408
0.141156
0.713075
0.962240
0.518727
0.571972
0.079397
0.296545
0.245003
0.096609
0.965738
0.922090
0.984769
0.997586
0.109849
0.658394
0.003850
0.296545
0.649688
0.574890
0.475494
0.841556
0.848789
0.038094
0.241635
0.109849
0.375911
0.589144
0.098985
0.066084
0.096609
0.023935
0.626544
0.496903
0.880693
0.029186
0.275424
0.855893
0.867378
0.228410
0.146673
0.406779
0.269851
0.187953
0.483494
0.163153
0.231634
0.713075
0.649688
0.092008
0.766291
0.681504
0.801128
0.947760
0.340005
0.549354
0.187953
0.163153
0.848789
0.994555
0.984769
0.962240
0.695863
0.529876
0.414138
0.333520
0.228410
0.513281
0.004372
0.808960
0.483494
0.357661
0.758020
0.626544
0.153566
0.350951
0.749684
0.884948
0.183833
0.014305
0.284858
0.527033
0.884948
0.316692
0.681504
0.130653
0.375911
0.067775
0.947760
0.135818
0.771705
0.166886
0.543791
0.901408
0.672823
0.927324
0.001540
0.867378
0.713075
0.211153
0.316692
0.434080
0.414138
0.037099
0.758020
0.269851
0.793201
0.077446
0.626544
0.350951
0.597771
0.250182
0.300471
0.690166
0.672823
0.141156
0.346575
0.294528
0.470257
0.173237
0.153566
0.658394
0.269851
0.327120
0.535389
0.557828
0.340005
0.223587
0.401971
0.594827
0.406779
0.340005
0.183833
0.499678
0.117048
0.971109
0.449423
0.094284
0.571972
0.119859
0.387593
0.713075
0.907293
0.306500
0.848789
0.535389
0.387593
0.357661
0.635244
0.329292
0.643949
0.513281
0.735726
0.163153
0.603471
0.891273
0.414138
0.779856
0.005687
0.003629
0.434080
0.382926
0.713075
0.127623
0.571972
0.652656
0.958545
0.667094
0.018883
0.241635
0.329292
0.364456
0.829282
0.371333
0.499678
0.394742
0.306500
0.571972
0.603471
0.115226
0.771705
0.571972
0.540922
0.649688
0.387593
0.171915
0.916674
0.009277
0.312615
0.884948
0.316692
0.141156
0.901408
0.549354
0.088340
0.981075
0.571972
0.749684
0.620815
0.170690
0.816691
0.094284
0.491556
0.713075
0.300471
0.867378
0.449423
0.357661
0.114294
0.557828
0.340005
0.704484
0.236593
0.704484
0.375911
0.612135
0.962240
0.681504
0.057717
0.441715
0.978604
0.962240
0.643949
0.491556
0.505064
0.434080
0.183833
0.643949
0.192150
0.340005
0.690166
0.406779
0.518727
0.821730
0.340005
0.916674
0.340005
0.527033
0.211153
0.441715
0.231634
0.867378
0.690166
0.483494
0.350951
0.141156
0.649688
0.269851
0.801128
0.241635
0.267971
0.513281
0.612135
0.867378
0.121744
0.401971
0.028409
0.316692
0.139014
0.357661
0.387593
0.698805
0.072465
0.190711
0.612135
0.841556
0.721628
