0.031348
0.735726
0.603471
0.409279
0.236593
0.470257
0.913005
0.643949
0.462365
0.013276
0.117048
0.735726
0.749684
0.059212
0.935597
0.758020
0.867378
0.801128
0.290658
0.867378
0.067775
0.635244
0.018368
0.649688
0.012670
0.475494
0.603471
0.947760
0.821730
0.643949
0.364456
0.364456
0.279144
0.004043
0.626544
0.061772
0.470257
0.300471
0.758020
0.001865
0.704484
0.643949
0.169385
0.874110
0.166886
0.394742
0.612135
0.848789
0.199280
0.836720
0.841556
0.535389
0.967937
0.375911
0.434080
0.329292
0.382926
0.855893
0.566341
0.521553
0.771705
0.958545
0.322949
0.236593
0.962240
0.368979
0.749684
0.505064
0.727244
0.681504
0.855893
0.119859
0.580543
0.143326
0.603471
0.043818
0.787927
0.884948
0.003455
0.375911
0.075538
0.112510
0.228410
0.429087
0.741289
0.527033
0.758020
0.112510
0.129613
0.672823
0.483494
0.005578
0.194957
0.173237
0.612135
0.867378
0.612135
0.571972
0.749684
0.951979
0.821730
0.867378
0.527033
0.470257
0.021268
0.603471
0.744157
0.566341
0.801128
0.878466
0.357661
0.713075
0.947760
0.672823
0.269851
0.927324
0.045761
0.075538
0.144460
0.181158
0.357661
0.771705
0.449423
0.401971
0.294528
0.718717
0.597771
0.499678
0.255445
0.434080
0.801128
0.603471
0.496903
0.421575
0.346575
0.513281
0.713075
0.513281
0.513281
0.029186
0.635244
0.695863
0.771705
0.096609
0.022875
0.394742
0.901408
0.735726
0.183833
0.643949
0.312615
0.672823
0.855893
0.009016
0.364456
0.580543
0.829282
0.971109
0.801128
0.571972
0.275424
0.735726
0.441715
0.549354
0.612135
0.434080
0.505064
0.749684
0.713075
0.491556
0.491556
0.612135
0.284858
0.916674
0.170690
0.429087
0.513281
0.228410
0.891273
0.727244
0.814067
0.695863
0.821730
0.139014
0.749684
0.269851
0.107244
0.779856
0.735726
0.779856
0.672823
0.414138
0.989675
0.884948
0.867378
0.017866
0.907293
0.566341
0.005262
0.401971
0.220452
0.117048
0.848789
0.690166
0.177160
0.475494
0.829282
0.094284
0.566341
0.190711
0.401971
0.808960
0.429087
0.681504
0.375911
0.050328
0.766291
0.795913
0.228410
0.667094
0.620815
0.340005
0.003850
0.589144
0.713075
0.580543
0.521553
0.527033
0.250182
0.971109
0.848789
0.255445
0.022875
0.947760
0.658394
0.672823
0.779856
0.951979
0.907293
0.867378
0.749684
0.147829
0.658394
0.060217
0.612135
0.322949
0.414138
0.935597
0.050328
0.901408
0.535389
0.695863
0.962240
0.316692
0.228410
0.513281
0.072465
0.991213
0.667094
0.375911
0.713075
0.426518
0.612135
0.394742
0.340005
0.836720
0.971109
0.557828
0.867378
0.241635
0.322949
0.821730
0.250182
0.340005
0.340005
0.580543
0.483494
0.401971
0.543791
0.793201
0.658394
0.070668
0.713075
0.867378
0.571972
0.667094
0.735726
0.635244
0.580543
0.344325
0.304435
0.275424
0.913005
0.467559
0.612135
0.971109
0.860501
0.787927
0.971109
0.566341
0.382926
0.860501
0.672823
0.571972
0.382926
0.808960
0.829282
0.275424
0.571972
0.589144
0.620815
0.050328
0.441715
0.236593
0.382926
0.603471
0.735726
0.513281
0.758020
0.064431
0.658394
0.357661
0.521553
0.927324
0.571972
0.294528
0.077446
0.449423
0.597771
0.991213
0.004372
0.571972
0.333520
0.958545
0.157114
0.704484
0.211153
0.620815
0.312615
0.543791
0.566341
0.589144
0.333520
0.940331
0.672823
0.672823
0.848789
0.206623
0.264363
0.067775
0.640981
0.543791
0.527033
0.284858
0.441715
0.626544
0.675784
0.483494
0.951979
0.394742
0.935597
0.135818
0.635244
0.635244
0.008354
0.766291
0.387593
0.031348
0.409279
0.146673
0.008597
0.441715
0.574890
0.150086
0.483494
0.039801
0.382926
0.787927
0.441715
0.713075
0.215763
0.327120
0.735726
0.681504
0.048208
0.421575
0.589144
0.940331
0.821730
0.557828
0.913005
0.288671
0.735726
0.001310
0.808960
0.068911
0.082732
0.090535
0.290658
0.020692
0.557828
0.019230
0.357661
0.935597
0.916674
0.795913
0.974087
0.505064
0.848789
0.603471
0.499678
0.173237
0.727244
0.681504
0.284858
0.771705
0.986757
0.059212
0.074303
0.350951
0.971109
0.322949
0.322949
0.124654
0.223587
0.000121
0.190711
0.891273
0.513281
0.571972
0.513281
0.855893
0.177160
0.236593
0.735726
0.003161
0.401971
0.787927
0.521553
0.096609
0.860501
0.884948
0.998868
0.766291
0.874110
0.075538
0.401971
0.475494
0.749684
0.808960
0.566341
0.273514
0.860501
0.658394
0.713075
0.867378
0.346575
0.434080
0.426518
0.922090
0.758020
0.704484
0.640981
0.635244
0.346575
0.127623
0.163153
0.223587
0.571972
0.549354
0.045761
0.018368
0.441715
0.735726
0.681504
0.499678
0.907293
0.117048
0.288671
0.357661
0.483494
0.250182
0.255445
0.635244
0.947760
0.891273
0.841556
0.571972
0.513281
0.426518
0.848789
0.867378
0.681504
0.681504
0.421575
0.329292
0.241635
0.951979
0.891273
0.867378
0.927324
0.013654
0.958545
0.434080
0.505064
0.414138
0.907293
0.346575
0.269851
0.589144
0.951979
0.139014
0.007593
0.132684
0.557828
0.681504
0.967937
0.421575
0.951979
0.513281
0.884948
0.223587
0.612135
0.867378
0.073672
0.704484
0.294528
0.566341
0.808960
0.935597
0.061772
0.166886
0.667094
0.971109
0.935597
0.527033
0.771705
0.350951
0.947760
0.947760
0.735726
0.491556
0.603471
0.269851
0.387593
0.406779
0.446787
0.018368
0.223587
0.067775
0.401971
0.117048
0.446787
0.643949
0.935597
0.771705
0.310521
0.774492
0.667094
0.491556
0.346575
0.335721
0.483494
0.566341
0.449423
0.357661
0.100580
0.008354
0.612135
0.907293
0.848789
0.766291
0.084803
0.951979
0.496903
0.643949
