0.306500
0.779856
0.962240
0.713075
0.713075
0.333520
0.513281
0.801128
0.867378
0.594827
0.496903
0.649688
0.951979
0.787927
0.066084
0.626544
0.744157
0.491556
0.635244
0.749684
0.690166
0.401971
0.867378
0.245003
0.024596
0.713075
0.483494
0.713075
0.505064
0.002082
0.527033
0.713075
0.300471
0.079397
0.241635
0.109849
0.635244
0.312615
0.603471
0.135818
0.860501
0.357661
0.935597
0.513281
0.000976
0.258960
0.024596
0.255445
0.749684
0.454542
0.749684
0.454542
0.132684
0.713075
0.867378
0.000527
0.713075
0.855893
0.446787
0.329292
0.421575
0.322949
0.088340
0.704484
0.821730
0.681504
0.927324
0.236593
0.035500
0.513281
0.340005
0.867378
0.935597
0.003455
0.635244
0.255445
0.626544
0.848789
0.649688
0.203680
0.350951
0.054829
0.327120
0.901408
0.052535
0.505064
0.884948
0.935597
0.364456
0.617854
0.758020
0.690166
0.620815
0.986757
0.841556
0.658394
0.589144
0.672823
0.566341
0.059212
0.779856
0.801128
0.901408
0.922090
0.735726
0.557828
0.758020
0.589144
0.735726
0.483494
0.031348
0.672823
0.215763
0.043818
0.527033
0.535389
0.603471
0.075538
0.284858
0.922090
0.667094
0.848789
0.275424
0.557828
0.483494
0.652656
0.580543
0.159490
0.658394
0.357661
0.635244
0.100580
0.177160
0.496903
0.401971
0.483494
0.749684
0.250182
0.626544
0.129613
0.855893
0.141156
0.962240
0.241635
0.978604
0.855893
0.801128
0.394742
0.704484
0.995551
0.344325
0.426518
0.394742
0.364456
0.483494
0.306500
0.913005
0.483494
0.681504
0.429087
0.394742
0.223587
0.032771
0.535389
0.173237
0.449423
0.821730
0.199280
0.375911
0.269851
0.228410
0.617854
0.967937
0.387593
0.704484
0.483494
0.070668
0.901408
0.667094
0.571972
0.916674
0.962240
0.779856
0.135818
0.713075
0.867378
0.580543
0.027908
0.038094
0.322949
0.971109
0.340005
0.978604
0.163153
0.603471
0.535389
0.984769
0.713075
0.049040
0.901408
0.045761
0.316692
0.505064
0.727244
0.958545
0.462365
0.984769
0.157114
0.401971
0.927324
0.821730
0.144460
0.597771
0.387593
0.996919
0.704484
0.290658
0.649688
0.139014
0.049040
0.907293
0.974087
0.848789
0.984769
0.922090
0.935597
0.951979
0.211153
0.157114
0.821730
0.643949
0.978604
0.841556
0.226757
0.329292
0.635244
0.874110
0.340005
0.779856
0.635244
0.667094
0.962240
0.177160
0.981075
0.808960
0.891273
0.922090
0.275424
0.571972
0.557828
0.549354
0.543791
0.978604
0.821730
0.704484
0.535389
0.527033
0.580543
0.030518
0.027908
0.658394
0.779856
0.483494
0.704484
0.518727
0.922090
0.774492
0.795913
0.667094
0.901408
0.023935
0.333520
0.787927
0.290658
0.947760
0.496903
0.829282
0.241635
0.375911
0.169385
0.513281
0.735726
0.829282
0.667094
0.907293
0.626544
0.513281
0.913005
0.290658
0.350951
0.867378
0.109849
0.316692
0.163153
0.901408
0.491556
0.667094
0.462365
0.255445
0.907293
0.779856
0.475494
0.001809
0.841556
0.470257
0.003354
0.566341
0.114294
0.735726
0.034568
0.535389
0.535389
0.713075
0.848789
0.848789
0.521553
0.922090
0.620815
0.505064
0.535389
0.580543
0.401971
0.312615
0.779856
0.491556
0.035180
0.387593
0.808960
0.329292
0.454542
0.375911
0.649688
0.499678
0.070668
0.505064
0.100580
0.157114
0.300471
0.649688
0.199280
0.540922
0.192150
0.855893
0.016595
0.513281
0.793201
0.236593
0.935597
0.449423
0.766291
0.884948
0.603471
0.907293
0.344325
0.984769
0.192150
0.025274
0.527033
0.836720
0.821730
0.527033
0.620815
0.470257
0.867378
0.713075
0.454542
0.001828
0.735726
0.109849
0.387593
0.848789
0.690166
0.096609
0.667094
0.878466
0.236593
0.916674
0.735726
0.166886
0.255445
0.092008
0.144460
0.779856
0.088340
0.779856
0.441715
0.521553
0.855893
0.019230
0.414138
0.718717
0.306500
0.672823
0.137917
0.139014
0.891273
0.513281
0.050328
0.829282
0.891273
0.483494
0.986757
0.704484
0.187953
0.891273
0.316692
0.580543
0.109849
0.002443
0.597771
0.346575
0.258960
0.749684
0.181158
0.566341
0.681504
0.749684
0.275424
0.364456
0.549354
0.316692
0.891273
0.126604
0.749684
0.935597
0.535389
0.580543
0.483494
0.199280
0.535389
0.231634
0.658394
0.922090
0.103042
0.829282
0.571972
0.260793
0.935597
0.394742
0.082732
0.821730
0.829282
0.211153
0.382926
0.848789
0.571972
0.429087
0.962240
0.050328
0.375911
0.475494
0.015695
0.978604
0.612135
0.109849
0.357661
0.327120
0.096609
0.401971
0.258960
0.907293
0.535389
0.612135
0.594827
0.441715
0.362130
0.357661
0.549354
0.735726
0.513281
0.401971
0.672823
0.766291
0.998868
0.801128
0.704484
0.000065
0.258960
0.998868
0.841556
0.406779
0.483494
0.421575
0.779856
0.322949
0.880693
0.951979
0.146673
0.094284
0.527033
0.535389
0.275424
0.211153
0.749684
0.294528
0.935597
0.667094
0.793201
0.704484
0.316692
0.322949
0.000846
0.681504
0.971109
0.250182
0.681504
0.874110
0.947760
0.170690
0.884948
0.884948
0.855893
0.603471
0.626544
0.021268
0.735726
0.005578
0.891273
0.505064
0.603471
0.958545
0.181158
0.088340
0.284858
0.025274
0.855893
0.681504
0.382926
0.649688
0.927324
0.626544
0.557828
0.306500
0.994555
0.841556
0.183833
0.821730
0.771705
0.344325
0.603471
0.612135
0.258960
0.771705
0.947760
0.617854
0.808960
0.727244
0.163153
0.594827
0.962240
0.594827
0.350951
0.808960
0.816691
0.690166
0.009104
0.153566
0.535389
0.566341
0.072465
0.841556
0.166886
0.000003
0.075538
0.940331
0.483494
0.841556
0.758020
0.801128
0.394742
0.119859
0.535389
0.401971
0.387593
0.808960
0.478214
