0.779856
0.028409
0.157114
0.203680
0.907293
0.935597
0.848789
0.787927
0.375911
0.350951
0.245003
0.612135
0.999575
0.211153
0.137917
0.549354
0.513281
0.884948
0.867378
0.294528
0.505064
0.211153
0.891273
0.290658
0.163153
0.316692
0.571972
0.394742
0.132684
0.000337
0.635244
0.236593
0.566341
0.690166
0.698805
0.357661
0.836720
0.758020
0.658394
0.185229
0.557828
0.649688
0.841556
0.258960
0.141156
0.635244
0.075538
0.695863
0.001184
0.206623
0.566341
0.603471
0.382926
0.884948
0.496903
0.003354
0.612135
0.157114
0.984769
0.626544
0.129613
0.304435
0.096609
0.063362
0.215763
0.801128
0.704484
0.470257
0.848789
0.978604
0.223587
0.088340
0.454542
0.557828
0.658394
0.821730
0.357661
0.284858
0.758020
0.421575
0.096609
0.357661
0.350951
0.704484
0.891273
0.275424
0.766291
0.589144
0.051648
0.967937
0.072465
0.518727
0.672823
0.620815
0.771705
0.927324
0.594827
0.441715
0.300471
0.935597
0.449423
0.735726
0.137917
0.199280
0.974087
0.043818
0.922090
0.119859
0.549354
0.236593
0.000153
0.357661
0.744157
0.771705
0.215763
0.994555
0.306500
0.681504
0.612135
0.194957
0.310521
0.004868
0.855893
0.758020
0.157114
0.635244
0.329292
0.333520
0.913005
0.951979
0.801128
0.557828
0.491556
0.241635
0.766291
0.119859
0.153566
0.103042
0.505064
0.848789
0.808960
0.215763
0.947760
0.535389
0.264363
0.096609
0.039801
0.130653
0.841556
0.617854
0.382926
0.060217
0.109849
0.829282
0.436675
0.667094
0.003455
0.535389
0.119859
0.907293
0.306500
0.527033
0.735726
0.357661
0.005578
0.316692
0.322949
0.658394
0.521553
0.364456
0.527033
0.100580
0.521553
0.521553
0.527033
0.867378
0.897436
0.681504
0.281082
0.884948
0.907293
0.907293
0.829282
0.690166
0.028409
0.521553
0.382926
0.350951
0.382926
0.658394
0.749684
0.290658
0.521553
0.496903
0.974087
0.620815
0.255445
0.094284
0.029982
0.357661
0.421575
0.375911
0.951979
0.107244
0.787927
0.704484
0.026438
0.589144
0.382926
0.521553
0.306500
0.749684
0.603471
0.672823
0.029982
0.163153
0.808960
0.681504
0.829282
0.571972
0.801128
0.057717
0.231634
0.727244
0.816691
0.580543
0.543791
0.012317
0.387593
0.294528
0.867378
0.322949
0.543791
0.603471
0.713075
0.535389
0.017063
0.275424
0.978604
0.867378
0.284858
0.340005
0.063362
0.215763
0.658394
0.986757
0.228410
0.135818
0.333520
0.157114
0.658394
0.848789
0.744157
0.947760
0.958545
0.620815
0.426518
0.043818
0.031348
0.491556
0.491556
0.011106
0.505064
0.021268
0.571972
0.758020
0.766291
0.043818
0.187953
0.294528
0.626544
0.951979
0.557828
0.454542
0.024158
0.758020
0.848789
0.470257
0.867378
0.984769
0.867378
0.127623
0.971109
0.199280
0.322949
0.690166
0.350951
0.594827
0.612135
0.698805
0.483494
0.203680
0.475494
0.414138
0.340005
0.571972
0.015845
0.643949
0.163153
0.855893
0.603471
0.329292
0.749684
0.449423
0.821730
0.603471
0.841556
0.897436
0.891273
0.884948
0.829282
0.589144
0.441715
0.566341
0.273514
0.848789
0.192150
0.223587
0.375911
0.801128
0.603471
0.907293
0.121744
0.483494
0.260793
0.589144
0.513281
0.139014
0.003099
0.947760
0.821730
0.971109
0.064431
0.901408
0.029186
0.643949
0.779856
0.672823
0.695863
0.801128
0.153566
0.387593
0.357661
0.241635
0.771705
0.891273
0.441715
0.333520
0.690166
0.250182
0.496903
0.513281
0.434080
0.626544
0.144460
0.394742
0.166886
0.241635
0.141156
0.067775
0.179787
0.951979
0.357661
0.612135
0.907293
0.543791
0.667094
0.643949
0.109849
0.012907
0.275424
0.382926
0.855893
0.068911
0.228410
0.808960
0.690166
0.043818
0.758020
0.142275
0.518727
0.000112
0.255445
0.260793
0.974087
0.177160
0.951979
0.153566
0.801128
0.978604
0.962240
0.848789
0.695863
0.483494
0.157114
0.007378
0.557828
0.527033
0.032199
0.228410
0.927324
0.626544
0.690166
0.117048
0.626544
0.916674
0.290658
0.626544
0.626544
0.016595
0.727244
0.635244
0.483494
0.940331
0.891273
0.401971
0.194957
0.001922
0.062816
0.635244
0.962240
0.867378
0.064990
0.667094
0.986757
0.766291
0.199280
0.527033
0.901408
0.114294
0.117048
0.141156
0.704484
0.346575
0.994555
0.153566
0.922090
0.766291
0.848789
0.346575
0.922090
0.483494
0.007378
0.690166
0.346575
0.580543
0.350951
0.951979
0.721628
0.967937
0.649688
0.571972
0.496903
0.535389
0.617854
0.766291
0.035180
0.867378
0.793201
0.368979
0.744157
0.284858
0.521553
0.322949
0.132684
0.255445
0.874110
0.758020
0.667094
0.891273
0.867378
0.758020
0.155897
0.635244
0.114294
0.157114
0.187953
0.836720
0.713075
0.603471
0.414138
0.867378
0.884948
0.119859
0.612135
0.891273
0.635244
0.061772
0.434080
0.441715
0.721628
0.848789
0.721628
0.808960
0.414138
0.704484
0.635244
0.841556
0.821730
0.129613
0.667094
0.727244
0.070668
0.310521
0.713075
0.061772
0.603471
0.821730
0.368979
0.735726
0.513281
0.470257
0.594827
0.867378
0.004164
0.814067
0.535389
0.907293
0.922090
0.527033
0.927324
0.801128
0.340005
0.808960
0.211153
0.269851
0.426518
0.571972
0.009277
0.449423
0.779856
0.513281
0.681504
0.255445
0.206623
0.927324
0.571972
0.944872
0.130653
0.549354
0.153566
0.626544
0.037099
0.935597
0.434080
0.867378
0.194957
0.566341
0.758020
0.382926
0.300471
0.109849
0.382926
0.108126
0.951979
0.012907
0.382926
0.718717
0.594827
0.907293
0.801128
0.535389
0.362130
0.491556
0.144460
0.112510
0.375911
0.010298
0.401971
0.749684
0.014985
0.021268
0.322949
0.735726
0.371333
0.080707
