0.836720
0.144460
0.170690
0.580543
0.626544
0.513281
0.194957
0.698805
0.124654
0.620815
0.401971
0.958545
0.375911
0.735726
0.749684
0.848789
0.836720
0.589144
0.375911
0.787927
0.483494
0.713075
0.441715
0.001114
0.991213
0.072465
0.727244
0.667094
0.233315
0.543791
0.166886
0.015845
0.208158
0.034568
0.236593
0.947760
0.260793
0.251967
0.454542
0.752533
0.187953
0.787927
0.320806
0.867378
0.749684
0.019768
0.927324
0.667094
0.521553
0.901408
0.253642
0.543791
0.194957
0.414138
0.141156
0.574890
0.350951
0.704484
0.144460
0.275424
0.000355
0.127623
0.829282
0.971109
0.462365
0.019230
0.173237
0.279144
0.735726
0.971109
0.643949
0.098170
0.322949
0.958545
0.306500
0.310521
0.958545
0.801128
0.350951
0.758020
0.658394
0.513281
0.112510
0.045761
0.306500
0.557828
0.206623
0.907293
0.079397
0.891273
0.215763
0.478214
0.129613
0.300471
0.012317
0.735726
0.017378
0.543791
0.930673
0.704484
0.434080
0.513281
0.597771
0.183833
0.713075
0.218844
0.603471
0.713075
0.429087
0.329292
0.357661
0.958545
0.088340
0.836720
0.672823
0.884948
0.766291
0.114294
0.557828
0.735726
0.951979
0.409279
0.075538
0.009104
0.069506
0.179787
0.735726
0.454542
0.667094
0.620815
0.478214
0.223587
0.848789
0.991213
0.971109
0.241635
0.713075
0.470257
0.084803
0.749684
0.269851
0.153566
0.947760
0.364456
0.998868
0.681504
0.179787
0.574890
0.255445
0.187953
0.005262
0.874110
0.535389
0.695863
0.704484
0.007378
0.667094
0.021859
0.044581
0.177160
0.690166
0.329292
0.364456
0.499678
0.635244
0.441715
0.620815
0.991213
0.829282
0.965738
0.518727
0.475494
0.821730
0.306500
0.971109
0.695863
0.004372
0.971109
0.337784
0.094284
0.394742
0.801128
0.258960
0.269851
0.264363
0.690166
0.045761
0.300471
0.153566
0.907293
0.821730
0.735726
0.017063
0.922090
0.124654
0.967937
0.183833
0.414138
0.135818
0.220452
0.557828
0.841556
0.821730
0.483494
0.177160
0.612135
0.153566
0.001865
0.907293
0.749684
0.327120
0.296545
0.206623
0.543791
0.177160
0.434080
0.535389
0.612135
0.060217
0.549354
0.269851
0.454542
0.194957
0.470257
0.907293
0.409279
0.635244
0.153566
0.449423
0.074303
0.003008
0.144460
0.470257
0.171915
0.766291
0.401971
0.774492
0.441715
0.462365
0.449423
0.855893
0.580543
0.105557
0.984769
0.940331
0.496903
0.984769
0.901408
0.713075
0.681504
0.100580
0.766291
0.704484
0.713075
0.211153
0.787927
0.107244
0.421575
0.223587
0.907293
0.513281
0.521553
0.041952
0.197797
0.571972
0.409279
0.117048
0.340005
0.306500
0.117048
0.053907
0.434080
0.766291
0.603471
0.543791
0.470257
0.441715
0.206623
0.241635
0.344325
0.434080
0.552238
0.143326
0.635244
0.344325
0.211153
0.079397
0.808960
0.150086
0.306500
0.117048
0.001393
0.922090
0.808960
0.357661
0.194957
0.999575
0.620815
0.454542
0.681504
0.649688
0.505064
0.441715
0.635244
0.891273
0.766291
0.721628
0.808960
0.974087
0.353229
0.409279
0.098985
0.713075
0.867378
0.124654
0.346575
0.109849
0.462365
0.273514
0.421575
0.922090
0.735726
0.390021
0.284858
0.801128
0.250182
0.058699
0.821730
0.571972
0.566341
0.127623
0.483494
0.080707
0.690166
0.233315
0.350951
0.223587
0.192150
0.401971
0.462365
0.496903
0.013276
0.971109
0.382926
0.470257
0.012317
0.316692
0.084803
0.390021
0.364456
0.310521
0.855893
0.571972
0.549354
0.344325
0.364456
0.197797
0.002863
0.070668
0.626544
0.382926
0.496903
0.250182
0.758020
0.521553
0.310521
0.394742
0.491556
0.350951
0.163153
0.300471
0.704484
0.626544
0.580543
0.382926
0.626544
0.144460
0.100580
0.612135
0.483494
0.907293
0.329292
0.163153
0.491556
0.231634
0.119859
0.275424
0.667094
0.139014
0.690166
0.478214
0.658394
0.580543
0.127623
0.771705
0.011640
0.749684
0.681504
0.457201
0.333520
0.177160
0.940331
0.059212
0.322949
0.043818
0.860501
0.922090
0.589144
0.626544
0.505064
0.667094
0.057717
0.203680
0.984769
0.787927
0.735726
0.401971
0.496903
0.346575
0.163153
0.421575
0.535389
0.021268
0.620815
0.829282
0.038764
0.658394
0.333520
0.290658
0.922090
0.269851
0.735726
0.874110
0.084803
0.046970
0.462365
0.808960
0.260793
0.181158
0.058699
0.333520
0.721628
0.566341
0.241635
0.829282
0.470257
0.505064
0.848789
0.901408
0.163153
0.940331
0.735726
0.037752
0.855893
0.713075
0.597771
0.617854
0.103042
0.409279
0.940331
0.801128
0.974087
0.821730
0.557828
0.681504
0.557828
0.649688
0.557828
0.364456
0.039801
0.808960
0.947760
0.907293
0.312615
0.543791
0.571972
0.505064
0.382926
0.891273
0.787927
0.612135
0.635244
0.855893
0.566341
0.965738
0.574890
0.884948
0.749684
0.626544
0.077446
0.187953
0.322949
0.109849
0.004164
0.991213
0.382926
0.916674
0.940331
0.836720
0.375911
0.144460
0.135818
0.462365
0.173237
0.046970
0.139014
0.580543
0.434080
0.194957
0.821730
0.022875
0.874110
0.157114
0.470257
0.147829
0.962240
0.891273
0.470257
0.535389
0.035180
0.394742
0.192150
0.974087
0.166886
0.744157
0.958545
0.046970
0.364456
0.848789
0.000167
0.499678
0.658394
0.290658
0.241635
0.231634
0.901408
0.382926
0.848789
0.855893
0.375911
0.015409
0.855893
0.940331
0.368979
0.626544
0.808960
0.005687
0.962240
0.829282
0.353229
0.916674
0.867378
0.766291
0.521553
0.749684
0.013276
0.704484
0.901408
0.505064
0.620815
0.971109
0.649688
0.135818
0.626544
0.275424
0.306500
0.612135
0.704484
0.848789
0.821730
0.020130
0.253642
0.001246
0.141156
0.505064
0.779856
