0.446787
0.316692
0.000976
0.169385
0.922090
0.557828
0.080707
0.012907
0.620815
0.958545
0.000249
0.635244
0.127623
0.713075
0.375911
0.626544
0.344325
0.382926
0.721628
0.206623
0.103042
0.357661
0.027164
0.401971
0.144460
0.077446
0.891273
0.779856
0.300471
0.907293
0.269851
0.322949
0.704484
0.041578
0.991213
0.999575
0.513281
0.088340
0.787927
0.927324
0.727244
0.704484
0.241635
0.612135
0.901408
0.727244
0.038094
0.779856
0.901408
0.612135
0.483494
0.375911
0.848789
0.027908
0.066084
0.203680
0.891273
0.758020
0.069506
0.014711
0.867378
0.848789
0.241635
0.901408
0.350951
0.255445
0.690166
0.793201
0.766291
0.974087
0.153566
0.406779
0.643949
0.401971
0.821730
0.735726
0.499678
0.364456
0.406779
0.070668
0.223587
0.250182
0.958545
0.153566
0.316692
0.626544
0.690166
0.449423
0.171915
0.967937
0.491556
0.594827
0.475494
0.801128
0.962240
0.250182
0.505064
0.421575
0.223587
0.771705
0.771705
0.867378
0.375911
0.046970
0.907293
0.594827
0.019768
0.269851
0.429087
0.513281
0.434080
0.594827
0.580543
0.446787
0.612135
0.771705
0.035180
0.841556
0.771705
0.603471
0.549354
0.821730
0.449423
0.779856
0.940331
0.695863
0.269851
0.658394
0.779856
0.580543
0.967937
0.787927
0.075538
0.153566
0.470257
0.000846
0.735726
0.505064
0.264363
0.643949
0.860501
0.246759
0.695863
0.316692
0.215763
0.848789
0.681504
0.690166
0.779856
0.007593
0.947760
0.821730
0.891273
0.971109
0.146673
0.006028
0.337784
0.434080
0.860501
0.986757
0.441715
0.766291
0.978604
0.290658
0.649688
0.617854
0.273514
0.220452
0.978604
0.801128
0.535389
0.009727
0.549354
0.891273
0.860501
0.100580
0.907293
0.035180
0.801128
0.199280
0.322949
0.808960
0.096609
0.340005
0.566341
0.521553
0.540922
0.316692
0.727244
0.117048
0.690166
0.779856
0.057717
0.984769
0.088340
0.129613
0.884948
0.056256
0.848789
0.401971
0.735726
0.922090
0.153566
0.114294
0.157114
0.774492
0.829282
0.527033
0.971109
0.535389
0.766291
0.414138
0.387593
0.713075
0.821730
0.927324
0.015409
0.449423
0.874110
0.971109
0.821730
0.916674
0.478214
0.064990
0.690166
0.758020
0.658394
0.557828
0.406779
0.808960
0.364456
0.649688
0.335721
0.695863
0.306500
0.878466
0.860501
0.766291
0.449423
0.177160
0.658394
0.779856
0.350951
0.808960
0.246759
0.441715
0.935597
0.029708
0.589144
0.457201
0.891273
0.779856
0.421575
0.371333
0.626544
0.543791
0.467559
0.958545
0.594827
0.072465
0.681504
0.260793
0.401971
0.088340
0.003965
0.462365
0.801128
0.094284
0.109849
0.829282
0.255445
0.228410
0.094284
0.346575
0.513281
0.727244
0.290658
0.019768
0.290658
0.518727
0.454542
0.787927
0.801128
0.704484
0.867378
0.787927
0.357661
0.017378
0.109849
0.255445
0.916674
0.061772
0.288671
0.543791
0.483494
0.735726
0.867378
0.072465
0.390021
0.801128
0.401971
0.462365
0.766291
0.848789
0.340005
0.483494
0.951979
0.589144
0.000106
0.039801
0.690166
0.940331
0.704484
0.107244
0.675784
0.821730
0.094284
0.821730
0.922090
0.848789
0.713075
0.375911
0.491556
0.441715
0.153566
0.306500
0.316692
0.406779
0.971109
0.387593
0.043818
0.449423
0.364456
0.375911
0.658394
0.603471
0.414138
0.860501
0.155897
0.667094
0.005687
0.787927
0.197797
0.867378
0.002697
0.874110
0.884948
0.935597
0.744157
0.552238
0.922090
0.874110
0.681504
0.749684
0.462365
0.549354
0.935597
0.535389
0.891273
0.371333
0.758020
0.275424
0.649688
0.364456
0.766291
0.112510
0.470257
0.867378
0.233315
0.727244
0.394742
0.124654
0.346575
0.470257
0.543791
0.429087
0.867378
0.119859
0.580543
0.681504
0.371333
0.245003
0.821730
0.255445
0.557828
0.580543
0.269851
0.626544
0.505064
0.015845
0.620815
0.667094
0.284858
0.860501
0.320806
0.884948
0.758020
0.387593
0.499678
0.086919
0.346575
0.194957
0.848789
0.294528
0.704484
0.821730
0.855893
0.255445
0.935597
0.387593
0.135818
0.779856
0.779856
0.981075
0.434080
0.290658
0.344325
0.580543
0.801128
0.626544
0.603471
0.681504
0.958545
0.483494
0.194957
0.681504
0.566341
0.269851
0.429087
0.940331
0.704484
0.617854
0.098985
0.951979
0.543791
0.019230
0.735726
0.916674
0.038094
0.449423
0.867378
0.635244
0.390021
0.426518
0.744157
0.891273
0.387593
0.867378
0.658394
0.357661
0.082732
0.580543
0.030518
0.735726
0.735726
0.075538
0.255445
0.350951
0.004372
0.836720
0.758020
0.808960
0.681504
0.971109
0.028409
0.758020
0.535389
0.340005
0.114294
0.421575
0.995551
0.543791
0.704484
0.170690
0.971109
0.808960
0.867378
0.513281
0.275424
0.375911
0.672823
0.829282
0.962240
0.357661
0.848789
0.922090
0.557828
0.206623
0.916674
0.000946
0.635244
0.821730
0.364456
0.166886
0.603471
0.543791
0.758020
0.187953
0.218844
0.223587
0.603471
0.414138
0.649688
0.766291
0.891273
0.382926
0.375911
0.999892
0.996919
0.141156
0.220452
0.704484
0.181158
0.022875
0.483494
0.984769
0.787927
0.236593
0.206623
0.821730
0.211153
0.766291
0.981075
0.930673
0.096609
0.478214
0.626544
0.357661
0.275424
0.951979
0.025274
0.658394
0.350951
0.574890
0.300471
0.557828
0.096609
0.635244
0.891273
0.626544
0.901408
0.505064
0.279144
0.029982
0.597771
0.874110
0.002725
0.300471
0.758020
0.643949
0.032199
0.211153
0.382926
0.801128
0.067775
0.690166
0.223587
0.543791
0.658394
0.357661
0.821730
0.829282
0.535389
0.543791
0.236593
0.357661
0.199280
0.643949
0.147829
0.996919
0.082732
0.672823
0.841556
0.206623
0.927324
0.626544
