0.891273
0.032199
0.681504
0.009546
0.421575
0.821730
0.357661
0.841556
0.922090
0.382926
0.079397
0.322949
0.978604
0.375911
0.808960
0.199280
0.350951
0.816691
0.672823
0.612135
0.255445
0.801128
0.486235
0.080707
0.187953
0.382926
0.620815
0.015695
0.475494
0.940331
0.049040
0.940331
0.029186
0.860501
0.787927
0.557828
0.704484
0.333520
0.787927
0.177160
0.063362
0.132684
0.874110
0.930673
0.135818
0.884948
0.353229
0.284858
0.109849
0.867378
0.821730
0.758020
0.333520
0.891273
0.211153
0.681504
0.199280
0.635244
0.758020
0.867378
0.067775
0.690166
0.779856
0.483494
0.375911
0.821730
0.429087
0.121744
0.589144
0.922090
0.566341
0.681504
0.766291
0.340005
0.867378
0.250182
0.635244
0.867378
0.744157
0.084803
0.112510
0.340005
0.362130
0.016293
0.848789
0.981075
0.117048
0.340005
0.779856
0.891273
0.589144
0.635244
0.922090
0.316692
0.157114
0.779856
0.449423
0.329292
0.414138
0.620815
0.603471
0.735726
0.927324
0.527033
0.874110
0.535389
0.421575
0.749684
0.649688
0.749684
0.499678
0.038094
0.713075
0.173237
0.194957
0.620815
0.223587
0.015845
0.130653
0.597771
0.290658
0.991213
0.041578
0.766291
0.008436
0.067775
0.387593
0.260793
0.535389
0.808960
0.368979
0.897436
0.580543
0.543791
0.829282
0.867378
0.483494
0.978604
0.681504
0.704484
0.163153
0.241635
0.081393
0.589144
0.296545
0.971109
0.597771
0.177160
0.357661
0.192150
0.107244
0.155897
0.478214
0.000320
0.139014
0.421575
0.965738
0.064990
0.010595
0.300471
0.096609
0.139014
0.829282
0.449423
0.147829
0.127623
0.098985
0.269851
0.241635
0.916674
0.808960
0.220452
0.744157
0.333520
0.884948
0.658394
0.749684
0.758020
0.848789
0.867378
0.543791
0.429087
0.401971
0.935597
0.333520
0.077446
0.758020
0.496903
0.713075
0.070668
0.206623
0.658394
0.236593
0.008597
0.357661
0.090535
0.727244
0.177160
0.150086
0.884948
0.766291
0.971109
0.070668
0.357661
0.635244
0.994555
0.340005
0.441715
0.023935
0.231634
0.855893
0.566341
0.821730
0.922090
0.269851
0.640981
0.878466
0.986757
0.704484
0.041578
0.978604
0.681504
0.056256
0.744157
0.462365
0.721628
0.194957
0.574890
0.727244
0.414138
0.183833
0.275424
0.841556
0.019768
0.935597
0.483494
0.092008
0.441715
0.658394
0.749684
0.475494
0.829282
0.571972
0.346575
0.758020
0.096609
0.801128
0.053907
0.322949
0.009546
0.077446
0.139014
0.505064
0.721628
0.513281
0.635244
0.275424
0.114294
0.787927
0.749684
0.344325
0.040864
0.603471
0.246759
0.821730
0.064431
0.449423
0.566341
0.907293
0.048208
0.119859
0.284858
0.070668
0.350951
0.947760
0.549354
0.434080
0.132684
0.721628
0.382926
0.088340
0.681504
0.044581
0.294528
0.947760
0.787927
0.037099
0.603471
0.695863
0.801128
0.704484
0.922090
0.535389
0.144460
0.470257
0.499678
0.635244
0.735726
0.023935
0.434080
0.962240
0.499678
0.855893
0.527033
0.157114
0.233315
0.135818
0.223587
0.681504
0.535389
0.067775
0.499678
0.072465
0.848789
0.829282
0.056256
0.749684
0.163153
0.867378
0.088340
0.170690
0.571972
0.294528
0.947760
0.409279
0.100580
0.061772
0.187953
0.505064
0.021859
0.135818
0.814067
0.727244
0.612135
0.077446
0.855893
0.269851
0.038094
0.907293
0.027164
0.051648
0.409279
0.390021
0.848789
0.333520
0.414138
0.044581
0.603471
0.884948
0.626544
0.543791
0.462365
0.727244
0.499678
0.974087
0.758020
0.025274
0.127623
0.884948
0.279144
0.211153
0.965738
0.166886
0.649688
0.986757
0.749684
0.275424
0.635244
0.874110
0.766291
0.513281
0.043818
0.841556
0.821730
0.067775
0.364456
0.290658
0.735726
0.333520
0.202171
0.758020
0.002725
0.183833
0.011315
0.848789
0.848789
0.635244
0.927324
0.382926
0.984769
0.098985
0.109849
0.166886
0.000320
0.470257
0.020692
0.094284
0.269851
0.159490
0.449423
0.135818
0.223587
0.414138
0.070668
0.001510
0.223587
0.124654
0.241635
0.566341
0.322949
0.478214
0.841556
0.187953
0.039801
0.096609
0.698805
0.121744
0.907293
0.690166
0.962240
0.535389
0.454542
0.357661
0.357661
0.190711
0.322949
0.382926
0.255445
0.117048
0.891273
0.333520
0.907293
0.454542
0.470257
0.266225
0.860501
0.296545
0.290658
0.166886
0.409279
0.527033
0.735726
0.779856
0.496903
0.816691
0.574890
0.121744
0.991213
0.612135
0.521553
0.491556
0.958545
0.891273
0.329292
0.470257
0.462365
0.771705
0.907293
0.994555
0.000106
0.907293
0.971109
0.549354
0.462365
0.543791
0.067775
0.236593
0.031906
0.001588
0.004043
0.462365
0.141156
0.566341
0.041578
0.357661
0.855893
0.580543
0.922090
0.157114
0.891273
0.535389
0.288671
0.177160
0.867378
0.867378
0.357661
0.704484
0.163153
0.039801
0.340005
0.513281
0.236593
0.441715
0.974087
0.535389
0.690166
0.496903
0.255445
0.340005
0.940331
0.891273
0.922090
0.001149
0.690166
0.695863
0.025274
0.027164
0.681504
0.300471
0.808960
0.690166
0.505064
0.978604
0.269851
0.039801
0.513281
0.884948
0.163153
0.375911
0.322949
0.084803
0.141156
0.771705
0.735726
0.218844
0.527033
0.196422
0.353229
0.549354
0.597771
0.603471
0.513281
0.580543
0.867378
0.470257
0.199280
0.340005
0.958545
0.667094
0.713075
0.779856
0.620815
0.132684
0.940331
0.117048
0.322949
0.978604
0.192150
0.580543
0.801128
0.491556
0.907293
0.620815
0.681504
0.922090
0.044581
0.986757
0.649688
0.401971
0.612135
0.015409
0.940331
0.779856
0.971109
0.098170
0.521553
0.690166
0.594827
0.940331
0.483494
0.449423
0.470257
0.069506
0.284858
0.998868
0.907293
