0.829282
0.496903
0.231634
0.801128
0.603471
0.991213
0.940331
0.269851
0.346575
0.947760
0.401971
0.965738
0.808960
0.127623
0.505064
0.446787
0.300471
0.053907
0.211153
0.758020
0.713075
0.304435
0.735726
0.215763
0.749684
0.947760
0.518727
0.513281
0.984769
0.974087
0.179787
0.874110
0.478214
0.884948
0.275424
0.658394
0.077446
0.375911
0.505064
0.603471
0.394742
0.571972
0.053907
0.163153
0.364456
0.640981
0.000010
0.117048
0.364456
0.153566
0.483494
0.681504
0.704484
0.290658
0.179787
0.139014
0.239907
0.006832
0.658394
0.357661
0.829282
0.779856
0.002324
0.935597
0.371333
0.922090
0.483494
0.986757
0.421575
0.867378
0.675784
0.951979
0.382926
0.978604
0.884948
0.250182
0.122729
0.055312
0.177160
0.513281
0.166886
0.434080
0.067775
0.199280
0.462365
0.816691
0.206623
0.667094
0.421575
0.808960
0.357661
0.364456
0.884948
0.867378
0.951979
0.394742
0.478214
0.718717
0.848789
0.401971
0.513281
0.603471
0.206623
0.364456
0.160731
0.704484
0.421575
0.612135
0.958545
0.603471
0.115226
0.704484
0.050328
0.527033
0.529876
0.021268
0.978604
0.620815
0.090535
0.194957
0.496903
0.012548
0.848789
0.626544
0.681504
0.829282
0.884948
0.867378
0.199280
0.649688
0.594827
0.867378
0.617854
0.735726
0.744157
0.836720
0.643949
0.518727
0.758020
0.096609
0.169385
0.491556
0.735726
0.996919
0.589144
0.620815
0.735726
0.667094
0.681504
0.296545
0.004503
0.793201
0.958545
0.658394
0.069506
0.808960
0.962240
0.434080
0.255445
0.867378
0.086919
0.735726
0.855893
0.874110
0.187953
0.690166
0.513281
0.901408
0.211153
0.264363
0.698805
0.884948
0.187953
0.901408
0.346575
0.401971
0.434080
0.774492
0.284858
0.475494
0.580543
0.475494
0.371333
0.401971
0.139014
0.855893
0.860501
0.088340
0.594827
0.580543
0.713075
0.401971
0.053907
0.758020
0.718717
0.241635
0.513281
0.713075
0.981075
0.284858
0.033659
0.166886
0.713075
0.951979
0.401971
0.382926
0.658394
0.947760
0.829282
0.107244
0.557828
0.414138
0.036127
0.039801
0.867378
0.766291
0.848789
0.255445
0.421575
0.414138
0.483494
0.019768
0.187953
0.935597
0.874110
0.913005
0.015128
0.103042
0.394742
0.848789
0.255445
0.429087
0.312615
0.088340
0.580543
0.704484
0.589144
0.612135
0.612135
0.935597
0.940331
0.940331
0.092778
0.787927
0.368979
0.891273
0.350951
0.612135
0.779856
0.721628
0.878466
0.713075
0.574890
0.681504
0.429087
0.744157
0.947760
0.958545
0.013909
0.758020
0.935597
0.690166
0.454542
0.357661
0.612135
0.658394
0.649688
0.380525
0.758020
0.159490
0.907293
0.109849
0.499678
0.255445
0.891273
0.808960
0.173237
0.049040
0.749684
0.505064
0.766291
0.483494
0.855893
0.672823
0.337784
0.346575
0.061772
0.513281
0.163153
0.891273
0.076791
0.713075
0.727244
0.421575
0.357661
0.626544
0.681504
0.312615
0.421575
0.675784
0.603471
0.841556
0.848789
0.064431
0.549354
0.681504
0.215763
0.084803
0.735726
0.571972
0.589144
0.096609
0.462365
0.860501
0.566341
0.935597
0.690166
0.368979
0.766291
0.002863
0.940331
0.549354
0.867378
0.072465
0.300471
0.294528
0.649688
0.090535
0.470257
0.040864
0.008597
0.394742
0.300471
0.169385
0.829282
0.749684
0.132684
0.132684
0.255445
0.867378
0.658394
0.829282
0.401971
0.744157
0.935597
0.658394
0.749684
0.841556
0.922090
0.316692
0.681504
0.704484
0.434080
0.922090
0.704484
0.250182
0.829282
0.594827
0.620815
0.626544
0.462365
0.157114
0.312615
0.449423
0.793201
0.727244
0.735726
0.535389
0.589144
0.951979
0.932372
0.962240
0.245003
0.994555
0.505064
0.088340
0.441715
0.375911
0.491556
0.971109
0.986757
0.406779
0.421575
0.571972
0.329292
0.007032
0.816691
0.808960
0.103042
0.449423
0.260793
0.382926
0.090535
0.449423
0.141156
0.658394
0.891273
0.429087
0.867378
0.357661
0.462365
0.505064
0.626544
0.947760
0.589144
0.318816
0.874110
0.340005
0.891273
0.771705
0.897436
0.364456
0.470257
0.787927
0.829282
0.947760
0.801128
0.382926
0.109849
0.603471
0.672823
0.704484
0.649688
0.907293
0.053907
0.626544
0.000446
0.387593
0.127623
0.483494
0.690166
0.704484
0.907293
0.672823
0.316692
0.951979
0.329292
0.594827
0.643949
0.874110
0.421575
0.387593
0.513281
0.978604
0.821730
0.401971
0.766291
0.173237
0.527033
0.364456
0.275424
0.649688
0.801128
0.991213
0.667094
0.841556
0.449423
0.727244
0.275424
0.255445
0.346575
0.690166
0.704484
0.139014
0.543791
0.913005
0.658394
0.626544
0.421575
0.441715
0.218844
0.483494
0.173237
0.340005
0.375911
0.429087
0.658394
0.841556
0.322949
0.054829
0.215763
0.589144
0.907293
0.758020
0.801128
0.499678
0.617854
0.236593
0.074303
0.042685
0.269851
0.816691
0.566341
0.114294
0.594827
0.401971
0.940331
0.681504
0.594827
0.727244
0.951979
0.557828
0.649688
0.643949
0.475494
0.441715
0.643949
0.901408
0.549354
0.758020
0.907293
0.580543
0.947760
0.035180
0.284858
0.021859
0.967937
0.771705
0.821730
0.801128
0.884948
0.986757
0.927324
0.958545
0.735726
0.978604
0.094284
0.727244
0.758020
0.884948
0.211153
0.043818
0.300471
0.603471
0.626544
0.333520
0.922090
0.907293
0.940331
0.779856
0.535389
0.518727
0.713075
0.475494
0.206623
0.157114
0.626544
0.034568
0.103042
0.434080
0.357661
0.269851
0.446787
0.034568
0.284858
0.496903
0.250182
0.236593
0.284858
0.050328
0.922090
0.855893
0.801128
0.580543
0.848789
0.109849
0.086192
0.958545
0.649688
0.681504
0.025041
0.088340
0.867378
0.462365
0.344325
0.211153
