0.119859
0.855893
0.394742
0.672823
0.053907
0.907293
0.103042
0.566341
0.043818
0.935597
0.072465
0.891273
0.394742
0.566341
0.771705
0.039801
0.695863
0.063362
0.735726
0.228410
0.620815
0.821730
0.446787
0.549354
0.535389
0.981075
0.549354
0.566341
0.552238
0.603471
0.535389
0.571972
0.357661
0.066084
0.513281
0.947760
0.141156
0.841556
0.721628
0.082732
0.681504
0.026438
0.787927
0.513281
0.901408
0.340005
0.269851
0.880693
0.612135
0.086192
0.346575
0.454542
0.779856
0.620815
0.635244
0.930673
0.771705
0.535389
0.935597
0.246759
0.704484
0.127623
0.000590
0.787927
0.275424
0.255445
0.250182
0.681504
0.015409
0.808960
0.375911
0.984769
0.478214
0.891273
0.382926
0.296545
0.667094
0.300471
0.505064
0.557828
0.862861
0.258960
0.962240
0.626544
0.462365
0.658394
0.406779
0.505064
0.878466
0.884948
0.612135
0.310521
0.571972
0.971109
0.612135
0.779856
0.681504
0.220452
0.557828
0.441715
0.513281
0.069506
0.667094
0.414138
0.690166
0.483494
0.421575
0.187953
0.816691
0.518727
0.884948
0.346575
0.836720
0.787927
0.491556
0.996919
0.681504
0.173237
0.940331
0.855893
0.758020
0.194957
0.566341
0.414138
0.658394
0.434080
0.589144
0.557828
0.821730
0.401971
0.483494
0.098985
0.496903
0.441715
0.566341
0.935597
0.024596
0.011425
0.907293
0.414138
0.557828
0.387593
0.643949
0.947760
0.681504
0.513281
0.115226
0.821730
0.137917
0.527033
0.144460
0.597771
0.535389
0.681504
0.228410
0.543791
0.329292
0.766291
0.446787
0.112510
0.055312
0.580543
0.535389
0.848789
0.635244
0.713075
0.103042
0.475494
0.475494
0.672823
0.021859
0.958545
0.971109
0.250182
0.228410
0.947760
0.808960
0.275424
0.357661
0.513281
0.672823
0.137917
0.735726
0.513281
0.801128
0.333520
0.829282
0.364456
0.779856
0.421575
0.394742
0.603471
0.429087
0.223587
0.848789
0.672823
0.300471
0.340005
0.231634
0.112510
0.513281
0.672823
0.940331
0.643949
0.643949
0.161896
0.394742
0.513281
0.958545
0.000609
0.848789
0.779856
0.300471
0.566341
0.841556
0.658394
0.860501
0.173237
0.594827
0.829282
0.535389
0.940331
0.177160
0.129613
0.166886
0.340005
0.829282
0.735726
0.153566
0.589144
0.470257
0.801128
0.787927
0.194957
0.801128
0.793201
0.194957
0.020692
0.935597
0.603471
0.275424
0.758020
0.626544
0.940331
0.513281
0.290658
0.364456
0.518727
0.518727
0.382926
0.667094
0.907293
0.643949
0.186540
0.766291
0.758020
0.375911
0.841556
0.364456
0.867378
0.617854
0.344325
0.643949
0.612135
0.594827
0.848789
0.991213
0.357661
0.009277
0.704484
0.294528
0.667094
0.626544
0.543791
0.241635
0.574890
0.922090
0.296545
0.094284
0.913005
0.535389
0.006637
0.177160
0.704484
0.884948
0.836720
0.829282
0.470257
0.727244
0.491556
0.192150
0.070668
0.935597
0.082732
0.088340
0.157114
0.346575
0.220452
0.080707
0.580543
0.454542
0.597771
0.094284
0.192150
0.667094
0.787927
0.037099
0.935597
0.513281
0.061772
0.003629
0.808960
0.991213
0.236593
0.064990
0.496903
0.357661
0.940331
0.049040
0.014985
0.521553
0.829282
0.612135
0.353229
0.947760
0.375911
0.649688
0.901408
0.434080
0.557828
0.713075
0.421575
0.594827
0.382926
0.667094
0.721628
0.329292
0.177160
0.368979
0.199280
0.735726
0.353229
0.713075
0.927324
0.390021
0.901408
0.907293
0.821730
0.294528
0.250182
0.139014
0.735726
0.084803
0.907293
0.771705
0.181158
0.241635
0.290658
0.496903
0.848789
0.935597
0.681504
0.228410
0.382926
0.380525
0.132684
0.014985
0.626544
0.406779
0.340005
0.462365
0.557828
0.571972
0.913005
0.801128
0.535389
0.215763
0.626544
0.090535
0.848789
0.766291
0.557828
0.557828
0.571972
0.470257
0.300471
0.002645
0.231634
0.947760
0.860501
0.597771
0.357661
0.441715
0.052535
0.141156
0.749684
0.470257
0.483494
0.848789
0.779856
0.069506
0.658394
0.557828
0.223587
0.704484
0.635244
0.135818
0.855893
0.364456
0.521553
0.294528
0.483494
0.316692
0.214182
0.194957
0.327120
0.989675
0.594827
0.612135
0.521553
0.758020
0.449423
0.250182
0.173237
0.787927
0.177160
0.187953
0.434080
0.681504
0.907293
0.279144
0.758020
0.441715
0.090535
0.580543
0.901408
0.421575
0.491556
0.749684
0.991213
0.163153
0.518727
0.382926
0.231634
0.441715
0.580543
0.749684
0.916674
0.322949
0.801128
0.967937
0.441715
0.228410
0.808960
0.109849
0.727244
0.922090
0.758020
0.617854
0.316692
0.269851
0.414138
0.801128
0.787927
0.808960
0.446787
0.603471
0.744157
0.316692
0.874110
0.505064
0.228410
0.916674
0.475494
0.681504
0.626544
0.698805
0.362130
0.566341
0.672823
0.475494
0.771705
0.124654
0.907293
0.192150
0.935597
0.362130
0.527033
0.848789
0.907293
0.635244
0.329292
0.119859
0.483494
0.401971
0.029186
0.658394
0.848789
0.390021
0.044581
0.557828
0.203680
0.275424
0.155897
0.867378
0.727244
0.860501
0.310521
0.470257
0.462365
0.441715
0.009016
0.713075
0.033659
0.414138
0.000424
0.434080
0.192150
0.603471
0.421575
0.935597
0.935597
0.566341
0.264363
0.808960
0.518727
0.971109
0.848789
0.713075
0.744157
0.880693
0.626544
0.499678
0.874110
0.284858
0.787927
0.801128
0.829282
0.907293
0.012317
0.284858
0.867378
0.635244
0.357661
0.891273
0.096609
0.727244
0.421575
0.766291
0.483494
0.048208
0.375911
0.005262
0.891273
0.470257
0.935597
0.070668
0.284858
0.589144
0.962240
0.012317
0.727244
0.255445
0.612135
0.068911
0.704484
0.744157
0.944872
0.580543
0.008847
0.962240
0.557828
0.014711
0.414138
0.375911
0.491556
