0.549354
0.589144
0.891273
0.144460
0.483494
0.019768
0.483494
0.414138
0.505064
0.518727
0.092008
0.808960
0.571972
0.344325
0.169385
0.491556
0.535389
0.884948
0.194957
0.801128
0.958545
0.617854
0.821730
0.643949
0.749684
0.672823
0.874110
0.935597
0.721628
0.414138
0.549354
0.927324
0.962240
0.994555
0.153566
0.166886
0.226757
0.333520
0.884948
0.935597
0.316692
0.364456
0.513281
0.981075
0.275424
0.371333
0.690166
0.401971
0.962240
0.135818
0.704484
0.255445
0.072465
0.635244
0.580543
0.779856
0.855893
0.867378
0.829282
0.574890
0.721628
0.878466
0.940331
0.441715
0.275424
0.681504
0.930673
0.357661
0.855893
0.084092
0.004043
0.626544
0.667094
0.129613
0.612135
0.612135
0.649688
0.375911
0.535389
0.721628
0.635244
0.612135
0.603471
0.848789
0.681504
0.446787
0.079397
0.681504
0.426518
0.316692
0.658394
0.192150
0.020692
0.620815
0.922090
0.557828
0.094284
0.025731
0.829282
0.626544
0.241635
0.667094
0.713075
0.808960
0.935597
0.962240
0.535389
0.340005
0.901408
0.566341
0.597771
0.046970
0.239907
0.549354
0.203680
0.557828
0.967937
0.649688
0.658394
0.891273
0.045761
0.098985
0.133745
0.594827
0.491556
0.735726
0.454542
0.749684
0.183833
0.018883
0.208158
0.483494
0.867378
0.173237
0.401971
0.617854
0.306500
0.727244
0.535389
0.867378
0.704484
0.749684
0.264363
0.513281
0.368979
0.971109
0.829282
0.462365
0.056256
0.779856
0.079397
0.441715
0.643949
0.841556
0.916674
0.255445
0.589144
0.499678
0.275424
0.913005
0.521553
0.327120
0.075538
0.589144
0.566341
0.672823
0.513281
0.727244
0.935597
0.421575
0.951979
0.744157
0.787927
0.064990
0.907293
0.749684
0.203680
0.984769
0.462365
0.735726
0.357661
0.000572
0.681504
0.658394
0.735726
0.084803
0.695863
0.441715
0.658394
0.513281
0.612135
0.571972
0.612135
0.353229
0.375911
0.421575
0.958545
0.643949
0.672823
0.713075
0.394742
0.681504
0.681504
0.557828
0.649688
0.003850
0.580543
0.962240
0.901408
0.135818
0.626544
0.236593
0.543791
0.401971
0.441715
0.658394
0.658394
0.406779
0.947760
0.401971
0.124654
0.995551
0.491556
0.801128
0.635244
0.540922
0.380525
0.179787
0.429087
0.241635
0.566341
0.574890
0.124654
0.199280
0.284858
0.390021
0.962240
0.250182
0.907293
0.971109
0.394742
0.735726
0.147829
0.801128
0.086192
0.727244
0.228410
0.557828
0.371333
0.913005
0.375911
0.571972
0.042685
0.829282
0.070668
0.023508
0.346575
0.658394
0.535389
0.749684
0.414138
0.984769
0.067775
0.884948
0.135818
0.848789
0.821730
0.758020
0.867378
0.449423
0.713075
0.074303
0.241635
0.013909
0.643949
0.808960
0.821730
0.064431
0.052535
0.580543
0.984769
0.681504
0.357661
0.841556
0.513281
0.421575
0.098170
0.612135
0.612135
0.907293
0.357661
0.496903
0.940331
0.033659
0.808960
0.580543
0.019230
0.032771
0.449423
0.958545
0.635244
0.978604
0.947760
0.779856
0.649688
0.316692
0.362130
0.922090
0.333520
0.620815
0.626544
0.612135
0.310521
0.470257
0.340005
0.958545
0.475494
0.758020
0.841556
0.589144
0.029186
0.891273
0.935597
0.223587
0.300471
0.273514
0.059212
0.357661
0.322949
0.527033
0.457201
0.580543
0.589144
0.483494
0.098985
0.884948
0.357661
0.250182
0.284858
0.779856
0.199280
0.030518
0.084803
0.801128
0.566341
0.103042
0.571972
0.947760
0.027164
0.434080
0.382926
0.406779
0.649688
0.250182
0.626544
0.658394
0.401971
0.039801
0.907293
0.119859
0.927324
0.787927
0.867378
0.470257
0.035500
0.808960
0.104694
0.199280
0.901408
0.153566
0.672823
0.513281
0.462365
0.041578
0.965738
0.891273
0.186540
0.612135
0.527033
0.848789
0.690166
0.382926
0.749684
0.333520
0.103042
0.401971
0.037099
0.603471
0.426518
0.744157
0.061772
0.658394
0.787927
0.891273
0.566341
0.518727
0.300471
0.518727
0.441715
0.620815
0.155897
0.426518
0.801128
0.787927
0.414138
0.357661
0.549354
0.132684
0.543791
0.951979
0.690166
0.002725
0.290658
0.401971
0.096609
0.855893
0.429087
0.436675
0.421575
0.070668
0.749684
0.557828
0.266225
0.626544
0.626544
0.513281
0.127623
0.589144
0.250182
0.916674
0.183833
0.329292
0.316692
0.672823
0.947760
0.891273
0.681504
0.467559
0.406779
0.978604
0.150086
0.816691
0.758020
0.884948
0.375911
0.749684
0.527033
0.029186
0.672823
0.513281
0.414138
0.255445
0.333520
0.940331
0.771705
0.003738
0.260793
0.010298
0.884948
0.867378
0.962240
0.441715
0.643949
0.821730
0.597771
0.103042
0.597771
0.867378
0.132684
0.483494
0.441715
0.935597
0.589144
0.173237
0.667094
0.543791
0.594827
0.203680
0.658394
0.649688
0.079397
0.223587
0.901408
0.841556
0.387593
0.454542
0.922090
0.250182
0.132684
0.566341
0.394742
0.470257
0.681504
0.228410
0.996919
0.635244
0.017063
0.470257
0.382926
0.179787
0.672823
0.275424
0.956001
0.821730
0.300471
0.004868
0.038764
0.713075
0.749684
0.483494
0.371333
0.462365
0.153566
0.643949
0.758020
0.121744
0.387593
0.290658
0.233315
0.681504
0.749684
0.041578
0.253642
0.505064
0.505064
0.048208
0.144460
0.907293
0.935597
0.635244
0.096609
0.922090
0.951979
0.312615
0.793201
0.821730
0.527033
0.829282
0.279144
0.749684
0.891273
0.281082
0.991213
0.513281
0.192150
0.974087
0.513281
0.166886
0.429087
0.951979
0.589144
0.922090
0.891273
0.157114
0.505064
0.758020
0.150086
0.364456
0.855893
0.580543
0.375911
0.557828
0.735726
0.173237
0.350951
0.612135
0.421575
0.022258
0.557828
0.441715
0.449423
0.787927
0.672823
0.984769
0.077446
0.884948
