0.246759
0.147829
0.255445
0.589144
0.043818
0.409279
0.549354
0.540922
0.801128
0.023508
0.187953
0.441715
0.981075
0.100580
0.088340
0.681504
0.013909
0.580543
0.901408
0.860501
0.294528
0.635244
0.436675
0.836720
0.884948
0.394742
0.007168
0.958545
0.704484
0.056256
0.033659
0.470257
0.612135
0.758020
0.571972
0.296545
0.989675
0.594827
0.310521
0.226757
0.589144
0.316692
0.721628
0.589144
0.549354
0.513281
0.183833
0.643949
0.446787
0.867378
0.535389
0.117048
0.491556
0.771705
0.215763
0.387593
0.371333
0.867378
0.901408
0.483494
0.117048
0.513281
0.922090
0.878466
0.513281
0.112510
0.192150
0.527033
0.194957
0.496903
0.884948
0.357661
0.401971
0.930673
0.999575
0.192150
0.635244
0.350951
0.333520
0.727244
0.566341
0.860501
0.082732
0.874110
0.927324
0.907293
0.612135
0.594827
0.821730
0.414138
0.057717
0.626544
0.649688
0.867378
0.429087
0.940331
0.236593
0.454542
0.884948
0.713075
0.177160
0.658394
0.470257
0.848789
0.000359
0.907293
0.269851
0.594827
0.779856
0.114294
0.793201
0.787927
0.061772
0.279144
0.971109
0.867378
0.306500
0.290658
0.228410
0.829282
0.119859
0.375911
0.527033
0.735726
0.566341
0.231634
0.690166
0.907293
0.901408
0.483494
0.173237
0.922090
0.808960
0.371333
0.787927
0.269851
0.258960
0.449423
0.935597
0.821730
0.236593
0.704484
0.401971
0.483494
0.727244
0.470257
0.962240
0.643949
0.649688
0.206623
0.658394
0.947760
0.727244
0.055312
0.513281
0.135818
0.470257
0.543791
0.105557
0.884948
0.079397
0.165605
0.000696
0.612135
0.829282
0.744157
0.927324
0.173237
0.144460
0.223587
0.296545
0.228410
0.940331
0.499678
0.978604
0.483494
0.589144
0.421575
0.880693
0.643949
0.787927
0.580543
0.681504
0.005262
0.821730
0.027164
0.231634
0.580543
0.346575
0.414138
0.033659
0.672823
0.109849
0.001922
0.051194
0.294528
0.483494
0.787927
0.801128
0.535389
0.626544
0.094284
0.667094
0.132684
0.727244
0.382926
0.978604
0.044581
0.475494
0.333520
0.139014
0.290658
0.394742
0.620815
0.284858
0.958545
0.080707
0.088340
0.779856
0.127623
0.867378
0.290658
0.566341
0.364456
0.643949
0.505064
0.779856
0.051194
0.821730
0.821730
0.855893
0.848789
0.177160
0.727244
0.241635
0.543791
0.901408
0.727244
0.978604
0.907293
0.998868
0.947760
0.454542
0.793201
0.672823
0.927324
0.821730
0.549354
0.368979
0.037099
0.940331
0.643949
0.821730
0.612135
0.535389
0.848789
0.187953
0.470257
0.994555
0.375911
0.304435
0.346575
0.749684
0.535389
0.951979
0.115226
0.137917
0.891273
0.787927
0.808960
0.779856
0.916674
0.681504
0.364456
0.041578
0.580543
0.930673
0.434080
0.821730
0.620815
0.549354
0.043818
0.718717
0.713075
0.704484
0.049040
0.462365
0.394742
0.226757
0.649688
0.521553
0.535389
0.084803
0.401971
0.927324
0.681504
0.211153
0.727244
0.821730
0.884948
0.470257
0.000041
0.758020
0.958545
0.135818
0.177160
0.589144
0.491556
0.735726
0.690166
0.808960
0.470257
0.626544
0.962240
0.421575
0.766291
0.284858
0.543791
0.922090
0.672823
0.557828
0.475494
0.749684
0.922090
0.170690
0.329292
0.855893
0.470257
0.070668
0.897436
0.529876
0.640981
0.844036
0.513281
0.829282
0.829282
0.620815
0.390021
0.962240
0.758020
0.429087
0.658394
0.721628
0.884948
0.241635
0.241635
0.612135
0.166886
0.626544
0.672823
0.557828
0.382926
0.375911
0.322949
0.787927
0.294528
0.483494
0.829282
0.310521
0.008597
0.808960
0.094284
0.340005
0.434080
0.935597
0.387593
0.236593
0.884948
0.218844
0.312615
0.005110
0.836720
0.758020
0.080707
0.279144
0.543791
0.589144
0.368979
0.457201
0.695863
0.135818
0.951979
0.841556
0.279144
0.771705
0.951979
0.000187
0.483494
0.829282
0.246759
0.109849
0.916674
0.744157
0.228410
0.816691
0.808960
0.672823
0.672823
0.916674
0.050328
0.557828
0.771705
0.483494
0.580543
0.978604
0.594827
0.100580
0.603471
0.029982
0.695863
0.667094
0.109849
0.005578
0.329292
0.991213
0.735726
0.749684
0.571972
0.084803
0.589144
0.357661
0.414138
0.808960
0.231634
0.104694
0.521553
0.000437
0.597771
0.043818
0.962240
0.406779
0.505064
0.144460
0.414138
0.491556
0.690166
0.011974
0.529876
0.255445
0.107244
0.206623
0.000254
0.434080
0.884948
0.316692
0.013276
0.333520
0.672823
0.758020
0.382926
0.981075
0.971109
0.935597
0.690166
0.543791
0.409279
0.626544
0.429087
0.984769
0.228410
0.821730
0.667094
0.094284
0.557828
0.357661
0.094284
0.635244
0.181158
0.795913
0.727244
0.505064
0.387593
0.483494
0.070668
0.203680
0.841556
0.695863
0.704484
0.121744
0.779856
0.050328
0.594827
0.713075
0.103042
0.535389
0.390021
0.774492
0.580543
0.612135
0.965738
0.306500
0.779856
0.907293
0.617854
0.566341
0.535389
0.284858
0.787927
0.153566
0.635244
0.922090
0.681504
0.971109
0.218844
0.821730
0.543791
0.170690
0.635244
0.658394
0.316692
0.037099
0.187953
0.306500
0.643949
0.713075
0.998463
0.801128
0.449423
0.067775
0.571972
0.483494
0.922090
0.594827
0.549354
0.643949
0.024596
0.346575
0.571972
0.779856
0.387593
0.119859
0.771705
0.594827
0.681504
0.594827
0.543791
0.721628
0.603471
0.306500
0.874110
0.958545
0.986757
0.612135
0.135818
0.070668
0.070668
0.462365
0.050328
0.527033
0.962240
0.808960
0.808960
0.035500
0.491556
0.446787
0.681504
0.779856
0.735726
0.801128
0.672823
0.947760
0.967937
0.626544
0.135818
0.603471
0.566341
0.169385
0.527033
0.913005
0.233315
0.735726
0.094284
0.543791
0.867378
0.475494
0.491556
