0.166886
0.779856
0.496903
0.779856
0.808960
0.258960
0.187953
0.589144
0.279144
0.927324
0.107244
0.801128
0.821730
0.758020
0.357661
0.874110
0.978604
0.043818
0.491556
0.316692
0.667094
0.290658
0.848789
0.142275
0.483494
0.549354
0.401971
0.801128
0.535389
0.549354
0.527033
0.744157
0.187953
0.713075
0.513281
0.867378
0.704484
0.016595
0.735726
0.414138
0.612135
0.084803
0.907293
0.132684
0.713075
0.848789
0.690166
0.603471
0.808960
0.808960
0.549354
0.841556
0.132684
0.215763
0.589144
0.855893
0.935597
0.735726
0.620815
0.006832
0.744157
0.821730
0.327120
0.040864
0.574890
0.535389
0.226757
0.394742
0.316692
0.434080
0.467559
0.649688
0.122729
0.940331
0.884948
0.264363
0.275424
0.884948
0.135818
0.704484
0.589144
0.004868
0.603471
0.860501
0.513281
0.571972
0.884948
0.635244
0.300471
0.228410
0.916674
0.371333
0.704484
0.255445
0.681504
0.971109
0.571972
0.884948
0.971109
0.603471
0.144460
0.169385
0.255445
0.375911
0.626544
0.749684
0.855893
0.300471
0.848789
0.801128
0.589144
0.947760
0.269851
0.658394
0.173237
0.557828
0.884948
0.907293
0.306500
0.183833
0.103042
0.406779
0.003099
0.029186
0.779856
0.518727
0.143326
0.521553
0.127623
0.082732
0.962240
0.704484
0.505064
0.848789
0.206623
0.375911
0.735726
0.316692
0.368979
0.090535
0.434080
0.867378
0.771705
0.758020
0.841556
0.951979
0.104694
0.135818
0.401971
0.499678
0.787927
0.284858
0.867378
0.860501
0.626544
0.070668
0.658394
0.344325
0.166886
0.394742
0.603471
0.434080
0.483494
0.594827
0.340005
0.855893
0.880693
0.901408
0.390021
0.971109
0.999892
0.401971
0.535389
0.121744
0.612135
0.749684
0.163153
0.141156
0.231634
0.901408
0.626544
0.491556
0.626544
0.119859
0.821730
0.779856
0.290658
0.306500
0.779856
0.801128
0.166886
0.009822
0.357661
0.999575
0.187953
0.698805
0.521553
0.704484
0.206623
0.041578
0.333520
0.916674
0.940331
0.068911
0.009277
0.401971
0.357661
0.135818
0.855893
0.744157
0.635244
0.635244
0.935597
0.735726
0.749684
0.681504
0.930673
0.901408
0.505064
0.643949
0.704484
0.002146
0.667094
0.727244
0.787927
0.829282
0.096609
0.620815
0.698805
0.735726
0.571972
0.103042
0.306500
0.829282
0.187953
0.603471
0.333520
0.518727
0.028409
0.387593
0.635244
0.004728
0.094284
0.758020
0.364456
0.713075
0.884948
0.483494
0.626544
0.163153
0.114294
0.891273
0.197797
0.901408
0.245003
0.496903
0.228410
0.808960
0.907293
0.094284
0.867378
0.382926
0.681504
0.695863
0.860501
0.704484
0.031348
0.690166
0.704484
0.449423
0.907293
0.713075
0.758020
0.092778
0.264363
0.713075
0.617854
0.801128
0.658394
0.681504
0.557828
0.022875
0.241635
0.223587
0.505064
0.848789
0.166886
0.409279
0.860501
0.958545
0.223587
0.387593
0.173237
0.947760
0.787927
0.290658
0.187953
0.735726
0.144460
0.727244
0.735726
0.135818
0.848789
0.603471
0.483494
0.203680
0.449423
0.808960
0.913005
0.028409
0.867378
0.245003
0.841556
0.758020
0.922090
0.394742
0.505064
0.874110
0.681504
0.429087
0.401971
0.771705
0.727244
0.855893
0.557828
0.462365
0.787927
0.589144
0.603471
0.382926
0.152372
0.290658
0.681504
0.984769
0.940331
0.364456
0.241635
0.867378
0.421575
0.907293
0.580543
0.713075
0.505064
0.368979
0.446787
0.821730
0.382926
0.704484
0.766291
0.594827
0.884948
0.159490
0.190711
0.612135
0.368979
0.981075
0.357661
0.594827
0.127623
0.255445
0.771705
0.387593
0.884948
0.681504
0.203680
0.884948
0.144460
0.916674
0.574890
0.543791
0.935597
0.039801
0.758020
0.475494
0.603471
0.535389
0.549354
0.406779
0.571972
0.294528
0.649688
0.635244
0.996919
0.231634
0.927324
0.779856
0.962240
0.329292
0.357661
0.173237
0.290658
0.483494
0.713075
0.916674
0.704484
0.132684
0.901408
0.589144
0.951979
0.208158
0.566341
0.635244
0.884948
0.082732
0.801128
0.867378
0.557828
0.535389
0.017543
0.496903
0.913005
0.513281
0.075538
0.499678
0.580543
0.580543
0.446787
0.749684
0.449423
0.470257
0.375911
0.329292
0.177160
0.658394
0.441715
0.589144
0.316692
0.236593
0.300471
0.829282
0.549354
0.721628
0.535389
0.375911
0.971109
0.681504
0.884948
0.643949
0.874110
0.874110
0.246759
0.094284
0.801128
0.787927
0.695863
0.649688
0.478214
0.557828
0.779856
0.255445
0.401971
0.787927
0.023508
0.505064
0.025970
0.306500
0.735726
0.066084
0.127623
0.848789
0.675784
0.434080
0.947760
0.135818
0.050328
0.036127
0.007032
0.841556
0.255445
0.521553
0.867378
0.681504
0.935597
0.441715
0.496903
0.816691
0.211153
0.922090
0.241635
0.329292
0.713075
0.290658
0.891273
0.364456
0.462365
0.429087
0.000094
0.414138
0.294528
0.658394
0.228410
0.255445
0.066084
0.878466
0.098985
0.989675
0.907293
0.557828
0.130653
0.635244
0.971109
0.004043
0.246759
0.434080
0.749684
0.922090
0.580543
0.901408
0.094284
0.264363
0.155897
0.434080
0.971109
0.603471
0.749684
0.940331
0.228410
0.735726
0.421575
0.848789
0.211153
0.643949
0.749684
0.721628
0.527033
0.951979
0.241635
0.947760
0.163153
0.681504
0.727244
0.836720
0.698805
0.848789
0.344325
0.884948
0.603471
0.713075
0.901408
0.014711
0.521553
0.117048
0.589144
0.197797
0.103042
0.513281
0.626544
0.022875
0.829282
0.375911
0.491556
0.294528
0.597771
0.580543
0.446787
0.329292
0.496903
0.649688
0.735726
0.005687
0.260793
0.127623
0.808960
0.414138
0.779856
0.891273
0.681504
0.860501
0.594827
0.951979
0.521553
0.962240
0.626544
0.129613
0.787927
0.549354
