0.394742
0.808960
0.483494
0.513281
0.951979
0.978604
0.829282
0.626544
0.483494
0.574890
0.829282
0.394742
0.434080
0.163153
0.635244
0.046970
0.704484
0.340005
0.233315
0.211153
0.446787
0.727244
0.994555
0.984769
0.603471
0.462365
0.704484
0.357661
0.874110
0.836720
0.612135
0.771705
0.203680
0.535389
0.552238
0.612135
0.135818
0.441715
0.159490
0.612135
0.483494
0.603471
0.187953
0.096609
0.306500
0.589144
0.874110
0.841556
0.483494
0.483494
0.649688
0.135818
0.441715
0.505064
0.478214
0.401971
0.013909
0.054829
0.658394
0.426518
0.203680
0.483494
0.505064
0.557828
0.821730
0.681504
0.147829
0.467559
0.535389
0.043818
0.290658
0.166886
0.114294
0.000330
0.421575
0.629509
0.713075
0.470257
0.984769
0.735726
0.635244
0.382926
0.119859
0.211153
0.962240
0.913005
0.478214
0.037099
0.779856
0.808960
0.414138
0.441715
0.571972
0.549354
0.658394
0.040864
0.521553
0.109849
0.672823
0.672823
0.552238
0.978604
0.322949
0.971109
0.260793
0.878466
0.962240
0.907293
0.922090
0.620815
0.382926
0.100580
0.704484
0.421575
0.981075
0.626544
0.414138
0.454542
0.620815
0.704484
0.884948
0.368979
0.867378
0.421575
0.245003
0.346575
0.228410
0.441715
0.997586
0.350951
0.462365
0.007965
0.496903
0.801128
0.643949
0.958545
0.735726
0.169385
0.821730
0.084803
0.007168
0.958545
0.658394
0.635244
0.566341
0.214182
0.002189
0.907293
0.667094
0.698805
0.434080
0.612135
0.434080
0.718717
0.250182
0.829282
0.401971
0.597771
0.922090
0.067775
0.026438
0.704484
0.907293
0.658394
0.446787
0.617854
0.626544
0.658394
0.080707
0.409279
0.401971
0.401971
0.421575
0.220452
0.821730
0.129613
0.269851
0.571972
0.226757
0.382926
0.766291
0.801128
0.829282
0.387593
0.867378
0.043818
0.011425
0.005418
0.612135
0.499678
0.580543
0.159490
0.467559
0.867378
0.187953
0.264363
0.300471
0.848789
0.940331
0.228410
0.375911
0.571972
0.241635
0.891273
0.779856
0.713075
0.991213
0.260793
0.867378
0.589144
0.821730
0.043818
0.236593
0.947760
0.771705
0.744157
0.096609
0.667094
0.306500
0.971109
0.649688
0.594827
0.258960
0.000003
0.231634
0.947760
0.829282
0.690166
0.449423
0.571972
0.951979
0.011106
0.401971
0.848789
0.421575
0.150086
0.922090
0.042685
0.340005
0.744157
0.066084
0.855893
0.329292
0.084803
0.250182
0.223587
0.454542
0.441715
0.375911
0.269851
0.749684
0.566341
0.279144
0.860501
0.557828
0.907293
0.766291
0.505064
0.649688
0.626544
0.401971
0.672823
0.467559
0.228410
0.521553
0.841556
0.749684
0.594827
0.368979
0.958545
0.620815
0.483494
0.603471
0.322949
0.848789
0.163153
0.801128
0.004164
0.322949
0.940331
0.096609
0.187953
0.127623
0.300471
0.080707
0.589144
0.329292
0.475494
0.658394
0.061772
0.236593
0.441715
0.620815
0.039801
0.357661
0.449423
0.557828
0.974087
0.357661
0.855893
0.241635
0.549354
0.704484
0.060217
0.535389
0.513281
0.713075
0.891273
0.580543
0.329292
0.199280
0.808960
0.927324
0.233315
0.462365
0.409279
0.491556
0.183833
0.483494
0.713075
0.801128
0.194957
0.549354
0.496903
0.816691
0.901408
0.758020
0.907293
0.922090
0.449423
0.203680
0.681504
0.951979
0.543791
0.066084
0.483494
0.279144
0.306500
0.130653
0.867378
0.491556
0.375911
0.744157
0.927324
0.557828
0.382926
0.891273
0.228410
0.518727
0.981075
0.829282
0.375911
0.713075
0.513281
0.039801
0.329292
0.771705
0.306500
0.023935
0.816691
0.690166
0.603471
0.122729
0.483494
0.935597
0.922090
0.801128
0.749684
0.080707
0.059212
0.067775
0.603471
0.535389
0.735726
0.672823
0.269851
0.681504
0.681504
0.322949
0.771705
0.848789
0.183833
0.667094
0.266225
0.681504
0.017063
0.470257
0.589144
0.109849
0.279144
0.557828
0.312615
0.350951
0.094284
0.194957
0.246759
0.848789
0.681504
0.187953
0.169385
0.279144
0.518727
0.774492
0.084803
0.891273
0.947760
0.446787
0.848789
0.695863
0.082732
0.779856
0.713075
0.117048
0.306500
0.841556
0.704484
0.475494
0.236593
0.721628
0.100580
0.124654
0.306500
0.406779
0.246759
0.312615
0.322949
0.018883
0.727244
0.727244
0.965738
0.643949
0.335721
0.264363
0.956001
0.962240
0.829282
0.981075
0.580543
0.535389
0.454542
0.119859
0.603471
0.829282
0.513281
0.787927
0.264363
0.808960
0.557828
0.735726
0.505064
0.535389
0.935597
0.375911
0.100580
0.635244
0.727244
0.401971
0.294528
0.096609
0.018883
0.986757
0.074303
0.566341
0.300471
0.643949
0.713075
0.962240
0.758020
0.009104
0.749684
0.958545
0.779856
0.801128
0.612135
0.766291
0.215763
0.166886
0.406779
0.491556
0.580543
0.147829
0.962240
0.470257
0.026438
0.436675
0.255445
0.426518
0.382926
0.836720
0.211153
0.124654
0.566341
0.594827
0.454542
0.329292
0.884948
0.401971
0.329292
0.958545
0.727244
0.052535
0.491556
0.681504
0.014711
0.779856
0.079397
0.449423
0.470257
0.306500
0.984769
0.981075
0.333520
0.005364
0.215763
0.255445
0.922090
0.267971
0.821730
0.449423
0.758020
0.035180
0.860501
0.290658
0.643949
0.821730
0.316692
0.874110
0.749684
0.771705
0.127623
0.258960
0.658394
0.779856
0.290658
0.860501
0.454542
0.429087
0.401971
0.848789
0.829282
0.867378
0.088340
0.491556
0.589144
0.935597
0.758020
0.821730
0.681504
0.801128
0.672823
0.594827
0.793201
0.626544
0.375911
0.535389
0.735726
0.867378
0.947760
0.153566
0.744157
0.672823
0.965738
0.901408
0.521553
0.848789
0.394742
0.010493
0.521553
0.848789
0.160731
0.340005
0.801128
0.603471
0.441715
0.527033
0.032199
