0.119859
0.580543
0.907293
0.594827
0.027652
0.649688
0.024596
0.635244
0.454542
0.848789
0.294528
0.052535
0.695863
0.566341
0.521553
0.635244
0.260793
0.475494
0.169385
0.758020
0.721628
0.063362
0.821730
0.211153
0.080707
0.549354
0.521553
0.787927
0.612135
0.612135
0.322949
0.005855
0.454542
0.004728
0.375911
0.667094
0.344325
0.808960
0.421575
0.375911
0.535389
0.681504
0.255445
0.079397
0.727244
0.449423
0.401971
0.429087
0.346575
0.667094
0.698805
0.346575
0.867378
0.771705
0.199280
0.306500
0.132684
0.730141
0.250182
0.414138
0.922090
0.002863
0.922090
0.779856
0.535389
0.749684
0.146673
0.922090
0.394742
0.518727
0.039801
0.183833
0.992594
0.735726
0.199280
0.927324
0.867378
0.306500
0.179787
0.421575
0.103042
0.033659
0.053907
0.658394
0.344325
0.589144
0.012317
0.491556
0.721628
0.571972
0.340005
0.713075
0.491556
0.766291
0.316692
0.211153
0.300471
0.505064
0.681504
0.316692
0.603471
0.414138
0.364456
0.557828
0.082732
0.017866
0.041578
0.300471
0.434080
0.279144
0.758020
0.387593
0.499678
0.667094
0.119859
0.758020
0.015409
0.681504
0.848789
0.028409
0.454542
0.401971
0.848789
0.758020
0.958545
0.658394
0.483494
0.060743
0.922090
0.088340
0.434080
0.098985
0.066084
0.867378
0.603471
0.801128
0.681504
0.549354
0.000609
0.177160
0.061772
0.518727
0.163153
0.649688
0.144460
0.612135
0.269851
0.527033
0.434080
0.009727
0.153566
0.667094
0.316692
0.922090
0.566341
0.406779
0.269851
0.643949
0.177160
0.626544
0.771705
0.848789
0.658394
0.821730
0.061772
0.344325
0.223587
0.527033
0.848789
0.999575
0.779856
0.426518
0.571972
0.829282
0.860501
0.672823
0.907293
0.801128
0.935597
0.211153
0.513281
0.704484
0.421575
0.426518
0.589144
0.543791
0.082732
0.549354
0.801128
0.867378
0.749684
0.350951
0.681504
0.860501
0.535389
0.000000
0.275424
0.340005
0.441715
0.749684
0.549354
0.521553
0.505064
0.117048
0.713075
0.449423
0.667094
0.672823
0.199280
0.513281
0.749684
0.197797
0.446787
0.150086
0.626544
0.055312
0.018368
0.974087
0.521553
0.329292
0.874110
0.735726
0.580543
0.059212
0.375911
0.566341
0.965738
0.855893
0.766291
0.022258
0.612135
0.074303
0.779856
0.589144
0.962240
0.414138
0.124654
0.848789
0.290658
0.643949
0.130653
0.357661
0.891273
0.077446
0.589144
0.635244
0.758020
0.039801
0.935597
0.821730
0.218844
0.721628
0.266225
0.100580
0.194957
0.031348
0.441715
0.441715
0.635244
0.165605
0.166886
0.513281
0.947760
0.999575
0.454542
0.617854
0.962240
0.974087
0.978604
0.346575
0.306500
0.580543
0.787927
0.927324
0.421575
0.986757
0.044581
0.394742
0.290658
0.290658
0.867378
0.841556
0.150086
0.329292
0.874110
0.496903
0.635244
0.294528
0.626544
0.821730
0.513281
0.749684
0.061772
0.187953
0.681504
0.626544
0.075538
0.986757
0.801128
0.543791
0.566341
0.483494
0.996919
0.557828
0.867378
0.306500
0.409279
0.300471
0.357661
0.119859
0.470257
0.290658
0.626544
0.409279
0.166886
0.250182
0.505064
0.580543
0.658394
0.658394
0.540922
0.387593
0.981075
0.211153
0.766291
0.940331
0.978604
0.462365
0.267971
0.626544
0.421575
0.144460
0.589144
0.855893
0.643949
0.787927
0.223587
0.346575
0.505064
0.848789
0.808960
0.594827
0.177160
0.513281
0.316692
0.026438
0.758020
0.077446
0.058699
0.279144
0.454542
0.566341
0.867378
0.441715
0.045761
0.821730
0.220452
0.571972
0.589144
0.264363
0.995551
0.848789
0.713075
0.744157
0.801128
0.350951
0.848789
0.255445
0.626544
0.194957
0.612135
0.535389
0.310521
0.801128
0.483494
0.779856
0.643949
0.401971
0.549354
0.233315
0.290658
0.521553
0.434080
0.758020
0.713075
0.475494
0.124654
0.086192
0.462365
0.681504
0.483494
0.518727
0.107244
0.749684
0.681504
0.441715
0.735726
0.449423
0.241635
0.793201
0.470257
0.801128
0.597771
0.290658
0.357661
0.052535
0.635244
0.962240
0.829282
0.643949
0.821730
0.727244
0.971109
0.681504
0.940331
0.543791
0.010595
0.907293
0.986757
0.421575
0.978604
0.000024
0.635244
0.357661
0.306500
0.681504
0.109849
0.867378
0.681504
0.984769
0.603471
0.989675
0.951979
0.801128
0.829282
0.727244
0.028409
0.922090
0.023508
0.296545
0.718717
0.029982
0.008597
0.179787
0.580543
0.603471
0.141156
0.513281
0.867378
0.202171
0.310521
0.971109
0.000544
0.029186
0.557828
0.713075
0.962240
0.275424
0.409279
0.992594
0.884948
0.406779
0.901408
0.974087
0.580543
0.981075
0.094284
0.421575
0.867378
0.387593
0.011106
0.589144
0.730141
0.192150
0.962240
0.635244
0.483494
0.316692
0.867378
0.505064
0.269851
0.446787
0.779856
0.735726
0.801128
0.884948
0.521553
0.124654
0.635244
0.793201
0.848789
0.727244
0.021268
0.841556
0.848789
0.491556
0.375911
0.346575
0.318816
0.713075
0.362130
0.801128
0.855893
0.549354
0.192150
0.196422
0.566341
0.978604
0.300471
0.521553
0.121744
0.462365
0.382926
0.296545
0.951979
0.771705
0.821730
0.801128
0.069506
0.922090
0.690166
0.927324
0.635244
0.779856
0.901408
0.527033
0.462365
0.141156
0.635244
0.000976
0.089781
0.521553
0.246759
0.236593
0.681504
0.316692
0.643949
0.658394
0.758020
0.233315
0.580543
0.394742
0.181158
0.836720
0.867378
0.475494
0.951979
0.316692
0.119859
0.478214
0.951979
0.269851
0.223587
0.704484
0.284858
0.540922
0.713075
0.300471
0.867378
0.635244
0.927324
0.643949
0.344325
0.245003
0.061772
0.543791
0.475494
0.434080
0.223587
0.727244
0.695863
0.064990
0.704484
0.394742
0.117048
0.958545
