0.215763
0.884948
0.250182
0.364456
0.353229
0.735726
0.055312
0.557828
0.829282
0.483494
0.513281
0.103042
0.867378
0.107244
0.935597
0.340005
0.290658
0.127623
0.749684
0.744157
0.304435
0.880693
0.690166
0.306500
0.690166
0.891273
0.801128
0.382926
0.867378
0.038764
0.153566
0.194957
0.735726
0.626544
0.020320
0.749684
0.884948
0.350951
0.527033
0.580543
0.401971
0.304435
0.907293
0.962240
0.626544
0.603471
0.401971
0.357661
0.672823
0.713075
0.571972
0.874110
0.290658
0.649688
0.704484
0.891273
0.157114
0.848789
0.891273
0.571972
0.766291
0.269851
0.779856
0.566341
0.066084
0.675784
0.535389
0.350951
0.986757
0.713075
0.958545
0.612135
0.535389
0.260793
0.346575
0.006325
0.187953
0.727244
0.513281
0.704484
0.589144
0.690166
0.667094
0.907293
0.901408
0.580543
0.594827
0.316692
0.269851
0.177160
0.821730
0.978604
0.157114
0.163153
0.535389
0.109849
0.211153
0.620815
0.364456
0.758020
0.681504
0.130653
0.589144
0.462365
0.922090
0.681504
0.144460
0.667094
0.658394
0.652656
0.173237
0.594827
0.681504
0.940331
0.382926
0.557828
0.867378
0.165605
0.409279
0.626544
0.462365
0.250182
0.340005
0.470257
0.617854
0.041578
0.698805
0.735726
0.841556
0.024596
0.612135
0.867378
0.269851
0.771705
0.173237
0.667094
0.329292
0.122729
0.643949
0.192150
0.821730
0.316692
0.997586
0.971109
0.070668
0.513281
0.951979
0.080707
0.429087
0.672823
0.635244
0.441715
0.848789
0.491556
0.958545
0.470257
0.836720
0.901408
0.284858
0.041952
0.681504
0.727244
0.211153
0.589144
0.306500
0.771705
0.025970
0.962240
0.829282
0.454542
0.916674
0.306500
0.867378
0.364456
0.496903
0.258960
0.801128
0.211153
0.462365
0.163153
0.350951
0.529876
0.491556
0.635244
0.612135
0.667094
0.787927
0.848789
0.409279
0.199280
0.346575
0.329292
0.704484
0.183833
0.059212
0.884948
0.470257
0.357661
0.206623
0.127623
0.922090
0.589144
0.951979
0.612135
0.713075
0.884948
0.053907
0.316692
0.901408
0.072465
0.635244
0.142275
0.557828
0.012317
0.284858
0.434080
0.867378
0.821730
0.667094
0.779856
0.681504
0.612135
0.329292
0.848789
0.132684
0.841556
0.462365
0.971109
0.867378
0.098985
0.483494
0.922090
0.821730
0.513281
0.626544
0.901408
0.491556
0.971109
0.829282
0.986757
0.916674
0.557828
0.022258
0.045761
0.483494
0.681504
0.449423
0.727244
0.147829
0.368979
0.086192
0.667094
0.194957
0.290658
0.401971
0.061772
0.382926
0.771705
0.848789
0.566341
0.749684
0.984769
0.062816
0.951979
0.944872
0.340005
0.951979
0.387593
0.758020
0.446787
0.971109
0.322949
0.891273
0.626544
0.971109
0.589144
0.922090
0.874110
0.620815
0.103042
0.187953
0.940331
0.535389
0.306500
0.986757
0.787927
0.135818
0.029982
0.090535
0.084803
0.951979
0.735726
0.505064
0.603471
0.635244
0.635244
0.199280
0.046970
0.535389
0.290658
0.787927
0.255445
0.147829
0.441715
0.000804
0.947760
0.867378
0.735726
0.681504
0.521553
0.255445
0.589144
0.821730
0.033071
0.029186
0.549354
0.063362
0.766291
0.808960
0.690166
0.749684
0.580543
0.197797
0.958545
0.643949
0.667094
0.916674
0.127623
0.721628
0.626544
0.643949
0.916674
0.907293
0.132684
0.040864
0.000820
0.082732
0.368979
0.649688
0.766291
0.163153
0.603471
0.183833
0.109849
0.867378
0.513281
0.566341
0.518727
0.446787
0.144460
0.130653
0.346575
0.992594
0.394742
0.821730
0.070668
0.088340
0.394742
0.962240
0.014985
0.434080
0.907293
0.446787
0.930673
0.535389
0.521553
0.713075
0.296545
0.067775
0.157114
0.681504
0.816691
0.067775
0.399498
0.589144
0.713075
0.974087
0.749684
0.907293
0.557828
0.867378
0.513281
0.529876
0.033659
0.241635
0.922090
0.681504
0.421575
0.779856
0.001114
0.357661
0.046970
0.197797
0.891273
0.735726
0.394742
0.496903
0.922090
0.848789
0.496903
0.223587
0.749684
0.891273
0.690166
0.580543
0.874110
0.836720
0.179787
0.557828
0.589144
0.491556
0.449423
0.535389
0.984769
0.183833
0.322949
0.306500
0.787927
0.962240
0.401971
0.787927
0.264363
0.029186
0.470257
0.620815
0.649688
0.787927
0.245003
0.971109
0.119859
0.962240
0.394742
0.848789
0.766291
0.635244
0.848789
0.735726
0.971109
0.597771
0.475494
0.951979
0.123655
0.390021
0.620815
0.727244
0.787927
0.704484
0.130653
0.681504
0.695863
0.543791
0.801128
0.462365
0.727244
0.884948
0.375911
0.306500
0.394742
0.658394
0.801128
0.327120
0.018883
0.449423
0.269851
0.124654
0.199280
0.284858
0.177160
0.836720
0.991213
0.296545
0.021859
0.549354
0.744157
0.250182
0.401971
0.014711
0.025731
0.147829
0.211153
0.874110
0.483494
0.989675
0.320806
0.597771
0.940331
0.316692
0.096609
0.986757
0.816691
0.855893
0.649688
0.589144
0.758020
0.836720
0.787927
0.496903
0.643949
0.758020
0.215763
0.991213
0.535389
0.891273
0.808960
0.394742
0.744157
0.681504
0.436675
0.215763
0.891273
0.867378
0.884948
0.891273
0.306500
0.470257
0.483494
0.177160
0.612135
0.891273
0.454542
0.675784
0.387593
0.306500
0.446787
0.206623
0.394742
0.001048
0.836720
0.260793
0.449423
0.181158
0.521553
0.082732
0.658394
0.612135
0.735726
0.971109
0.421575
0.394742
0.382926
0.011106
0.884948
0.801128
0.421575
0.580543
0.462365
0.744157
0.947760
0.218844
0.364456
0.860501
0.978604
0.483494
0.159490
0.294528
0.940331
0.364456
0.635244
0.620815
0.414138
0.074303
0.449423
0.063362
0.081393
0.907293
0.394742
0.077446
0.375911
0.215763
0.470257
0.513281
0.758020
0.111596
0.066084
0.322949
0.594827
