0.025274
0.779856
0.984769
0.907293
0.801128
0.884948
0.557828
0.698805
0.421575
0.867378
0.801128
0.183833
0.350951
0.841556
0.135818
0.406779
0.787927
0.695863
0.580543
0.186540
0.521553
0.829282
0.294528
0.090535
0.394742
0.316692
0.643949
0.505064
0.275424
0.279144
0.620815
0.000348
0.727244
0.521553
0.704484
0.801128
0.727244
0.829282
0.067775
0.821730
0.962240
0.454542
0.513281
0.103042
0.279144
0.067775
0.779856
0.557828
0.821730
0.436675
0.927324
0.008847
0.406779
0.005687
0.203680
0.690166
0.513281
0.907293
0.364456
0.947760
0.549354
0.090535
0.735726
0.635244
0.735726
0.727244
0.245003
0.462365
0.429087
0.327120
0.527033
0.626544
0.658394
0.626544
0.557828
0.766291
0.478214
0.269851
0.214182
0.956001
0.228410
0.290658
0.513281
0.589144
0.399498
0.269851
0.057717
0.072465
0.181158
0.727244
0.801128
0.401971
0.040864
0.441715
0.994555
0.589144
0.483494
0.394742
0.173237
0.884948
0.024596
0.306500
0.144460
0.155897
0.603471
0.066084
0.007032
0.382926
0.322949
0.434080
0.566341
0.505064
0.821730
0.513281
0.855893
0.169385
0.000094
0.951979
0.300471
0.077446
0.974087
0.566341
0.958545
0.557828
0.841556
0.513281
0.475494
0.122729
0.284858
0.382926
0.406779
0.011425
0.228410
0.821730
0.194957
0.499678
0.165605
0.658394
0.090535
0.808960
0.038094
0.901408
0.681504
0.206623
0.300471
0.758020
0.117048
0.848789
0.801128
0.029186
0.011974
0.100580
0.540922
0.571972
0.766291
0.658394
0.527033
0.635244
0.008597
0.867378
0.617854
0.801128
0.290658
0.279144
0.322949
0.294528
0.236593
0.518727
0.643949
0.135818
0.749684
0.821730
0.226757
0.535389
0.981075
0.635244
0.527033
0.971109
0.801128
0.157114
0.173237
0.884948
0.382926
0.344325
0.203680
0.322949
0.163153
0.527033
0.394742
0.922090
0.580543
0.571972
0.340005
0.603471
0.681504
0.130653
0.004372
0.340005
0.021268
0.649688
0.690166
0.357661
0.947760
0.000411
0.223587
0.333520
0.913005
0.571972
0.626544
0.672823
0.387593
0.793201
0.695863
0.141156
0.333520
0.312615
0.667094
0.322949
0.535389
0.478214
0.626544
0.635244
0.327120
0.112510
0.130653
0.177160
0.079397
0.690166
0.483494
0.387593
0.978604
0.947760
0.649688
0.549354
0.231634
0.505064
0.930673
0.978604
0.034568
0.635244
0.027908
0.255445
0.884948
0.088340
0.735726
0.163153
0.916674
0.718717
0.300471
0.557828
0.735726
0.935597
0.597771
0.264363
0.072465
0.007965
0.228410
0.006832
0.779856
0.475494
0.681504
0.033659
0.075538
0.109849
0.496903
0.901408
0.978604
0.612135
0.829282
0.690166
0.984769
0.667094
0.649688
0.779856
0.901408
0.874110
0.535389
0.137917
0.382926
0.401971
0.974087
0.841556
0.316692
0.566341
0.117048
0.173237
0.543791
0.951979
0.695863
0.901408
0.986757
0.214182
0.082732
0.874110
0.884948
0.250182
0.672823
0.594827
0.491556
0.094284
0.478214
0.005687
0.557828
0.658394
0.491556
0.635244
0.275424
0.470257
0.951979
0.643949
0.612135
0.996919
0.527033
0.505064
0.046970
0.218844
0.978604
0.394742
0.333520
0.483494
0.793201
0.300471
0.382926
0.103042
0.505064
0.874110
0.187953
0.117048
0.580543
0.916674
0.907293
0.228410
0.713075
0.855893
0.681504
0.597771
0.704484
0.557828
0.357661
0.231634
0.713075
0.571972
0.340005
0.061772
0.721628
0.808960
0.406779
0.434080
0.735726
0.808960
0.571972
0.333520
0.667094
0.401971
0.009104
0.867378
0.848789
0.169385
0.124654
0.505064
0.649688
0.245003
0.713075
0.333520
0.749684
0.518727
0.141156
0.787927
0.801128
0.228410
0.690166
0.050328
0.612135
0.808960
0.771705
0.704484
0.228410
0.316692
0.571972
0.122729
0.787927
0.884948
0.978604
0.649688
0.658394
0.333520
0.779856
0.375911
0.808960
0.454542
0.368979
0.387593
0.421575
0.626544
0.333520
0.612135
0.721628
0.841556
0.681504
0.947760
0.004503
0.549354
0.589144
0.962240
0.801128
0.107244
0.867378
0.801128
0.681504
0.429087
0.327120
0.426518
0.922090
0.304435
0.075538
0.880693
0.675784
0.401971
0.704484
0.382926
0.557828
0.589144
0.571972
0.978604
0.829282
0.499678
0.891273
0.499678
0.735726
0.848789
0.626544
0.635244
0.922090
0.735726
0.841556
0.199280
0.549354
0.841556
0.566341
0.008197
0.518727
0.079397
0.491556
0.023291
0.258960
0.758020
0.426518
0.779856
0.891273
0.362130
0.496903
0.704484
0.658394
0.470257
0.211153
0.667094
0.867378
0.082732
0.057717
0.649688
0.986757
0.132684
0.005110
0.566341
0.034568
0.441715
0.808960
0.275424
0.401971
0.571972
0.000013
0.357661
0.620815
0.034568
0.667094
0.801128
0.557828
0.958545
0.350951
0.855893
0.821730
0.594827
0.603471
0.884948
0.022258
0.774492
0.612135
0.192150
0.505064
0.901408
0.658394
0.901408
0.874110
0.057717
0.589144
0.141156
0.124654
0.521553
0.880693
0.758020
0.821730
0.801128
0.808960
0.306500
0.935597
0.056750
0.571972
0.643949
0.713075
0.001465
0.848789
0.580543
0.027652
0.965738
0.250182
0.735726
0.382926
0.290658
0.690166
0.867378
0.260793
0.096609
0.449423
0.316692
0.589144
0.704484
0.855893
0.483494
0.255445
0.681504
0.434080
0.088340
0.836720
0.580543
0.935597
0.758020
0.643949
0.884948
0.426518
0.620815
0.779856
0.183833
0.006637
0.223587
0.922090
0.713075
0.053907
0.000918
0.589144
0.135818
0.927324
0.028409
0.758020
0.275424
0.119859
0.695863
0.264363
0.394742
0.635244
0.096609
0.907293
0.884948
0.658394
0.387593
0.496903
0.635244
0.260793
0.808960
0.557828
0.046970
0.829282
0.521553
0.603471
0.042685
0.721628
0.491556
