0.744157
0.340005
0.841556
0.505064
0.157114
0.316692
0.364456
0.045761
0.808960
0.801128
0.649688
0.001027
0.821730
0.135818
0.766291
0.018883
0.518727
0.779856
0.316692
0.981075
0.971109
0.177160
0.228410
0.779856
0.771705
0.000310
0.241635
0.672823
0.635244
0.250182
0.771705
0.147829
0.867378
0.454542
0.206623
0.713075
0.401971
0.620815
0.735726
0.571972
0.513281
0.704484
0.535389
0.127623
0.124654
0.067775
0.984769
0.203680
0.316692
0.028409
0.414138
0.364456
0.250182
0.801128
0.231634
0.681504
0.808960
0.580543
0.406779
0.947760
0.735726
0.557828
0.079397
0.535389
0.848789
0.821730
0.549354
0.758020
0.801128
0.658394
0.940331
0.867378
0.208158
0.907293
0.681504
0.429087
0.922090
0.681504
0.371333
0.935597
0.215763
0.927324
0.635244
0.264363
0.557828
0.841556
0.462365
0.223587
0.649688
0.771705
0.264363
0.505064
0.124654
0.855893
0.499678
0.672823
0.681504
0.441715
0.626544
0.704484
0.245003
0.626544
0.038764
0.808960
0.704484
0.626544
0.470257
0.690166
0.401971
0.462365
0.394742
0.470257
0.552238
0.449423
0.143326
0.513281
0.206623
0.549354
0.735726
0.589144
0.496903
0.066084
0.199280
0.626544
0.535389
0.535389
0.290658
0.727244
0.203680
0.672823
0.771705
0.067775
0.727244
0.771705
0.947760
0.787927
0.821730
0.930673
0.521553
0.787927
0.951979
0.275424
0.086192
0.766291
0.241635
0.848789
0.690166
0.269851
0.779856
0.749684
0.109849
0.129613
0.793201
0.350951
0.951979
0.008436
0.549354
0.836720
0.306500
0.155897
0.409279
0.001378
0.991213
0.801128
0.779856
0.860501
0.344325
0.255445
0.901408
0.801128
0.540922
0.132684
0.848789
0.166886
0.603471
0.144460
0.626544
0.505064
0.246759
0.071848
0.758020
0.874110
0.132684
0.382926
0.658394
0.962240
0.930673
0.023508
0.059212
0.635244
0.023935
0.441715
0.626544
0.643949
0.179787
0.333520
0.821730
0.129613
0.454542
0.771705
0.958545
0.513281
0.816691
0.163153
0.203680
0.141156
0.245003
0.930673
0.513281
0.672823
0.434080
0.907293
0.170690
0.209600
0.236593
0.046970
0.061772
0.574890
0.406779
0.571972
0.771705
0.499678
0.771705
0.758020
0.901408
0.096609
0.441715
0.375911
0.483494
0.658394
0.421575
0.643949
0.215763
0.549354
0.848789
0.346575
0.848789
0.206623
0.269851
0.406779
0.787927
0.269851
0.513281
0.505064
0.340005
0.836720
0.589144
0.147829
0.916674
0.143326
0.290658
0.527033
0.236593
0.310521
0.956001
0.082732
0.704484
0.962240
0.735726
0.549354
0.475494
0.793201
0.475494
0.672823
0.940331
0.603471
0.409279
0.787927
0.284858
0.003455
0.177160
0.409279
0.080707
0.672823
0.211153
0.177160
0.713075
0.088340
0.300471
0.991213
0.105557
0.192150
0.848789
0.505064
0.612135
0.357661
0.855893
0.713075
0.787927
0.049040
0.449423
0.499678
0.306500
0.031348
0.094284
0.518727
0.496903
0.643949
0.735726
0.649688
0.672823
0.260793
0.119859
0.103042
0.589144
0.029186
0.061772
0.543791
0.795913
0.535389
0.014305
0.183833
0.801128
0.350951
0.821730
0.867378
0.340005
0.907293
0.841556
0.566341
0.483494
0.215763
0.922090
0.884948
0.416665
0.535389
0.991213
0.513281
0.884948
0.543791
0.848789
0.527033
0.989675
0.312615
0.143326
0.704484
0.667094
0.491556
0.056256
0.672823
0.429087
0.194957
0.169385
0.626544
0.475494
0.027908
0.971109
0.063362
0.557828
0.884948
0.690166
0.617854
0.749684
0.965738
0.284858
0.535389
0.603471
0.284858
0.421575
0.449423
0.141156
0.991213
0.626544
0.462365
0.907293
0.758020
0.771705
0.681504
0.958545
0.368979
0.907293
0.057717
0.962240
0.860501
0.681504
0.067775
0.054829
0.483494
0.829282
0.935597
0.050328
0.079397
0.779856
0.557828
0.214182
0.566341
0.513281
0.801128
0.117048
0.749684
0.401971
0.357661
0.107244
0.449423
0.589144
0.306500
0.758020
0.848789
0.513281
0.362130
0.543791
0.153566
0.241635
0.483494
0.462365
0.010900
0.713075
0.727244
0.626544
0.916674
0.269851
0.483494
0.779856
0.470257
0.449423
0.094284
0.220452
0.406779
0.414138
0.163153
0.690166
0.612135
0.290658
0.499678
0.470257
0.991213
0.589144
0.635244
0.316692
0.626544
0.566341
0.340005
0.401971
0.320806
0.626544
0.884948
0.897436
0.620815
0.199280
0.727244
0.690166
0.147829
0.001149
0.829282
0.527033
0.744157
0.690166
0.401971
0.855893
0.401971
0.658394
0.962240
0.013276
0.150086
0.801128
0.744157
0.735726
0.357661
0.901408
0.084092
0.549354
0.935597
0.027908
0.727244
0.375911
0.470257
0.986757
0.727244
0.183833
0.649688
0.658394
0.713075
0.603471
0.860501
0.223587
0.571972
0.848789
0.571972
0.771705
0.462365
0.801128
0.406779
0.491556
0.173237
0.690166
0.901408
0.010595
0.045761
0.255445
0.454542
0.434080
0.375911
0.947760
0.075538
0.727244
0.735726
0.626544
0.038094
0.434080
0.019768
0.626544
0.635244
0.346575
0.766291
0.658394
0.766291
0.067775
0.006325
0.105557
0.681504
0.426518
0.199280
0.103042
0.215763
0.364456
0.046970
0.984769
0.470257
0.132684
0.470257
0.594827
0.935597
0.922090
0.940331
0.109849
0.505064
0.357661
0.916674
0.713075
0.566341
0.867378
0.907293
0.922090
0.867378
0.382926
0.390021
0.012907
0.449423
0.580543
0.449423
0.771705
0.327120
0.033659
0.771705
0.713075
0.771705
0.962240
0.475494
0.884948
0.406779
0.635244
0.681504
0.000740
0.571972
0.521553
0.206623
0.021656
0.499678
0.300471
0.002020
0.037099
0.003559
0.021859
0.513281
0.368979
0.667094
0.603471
0.518727
0.199280
0.848789
0.535389
0.129613
0.735726
0.589144
0.681504
0.150086
