0.173237
0.947760
0.505064
0.056256
0.491556
0.735726
0.779856
0.322949
0.744157
0.496903
0.681504
0.357661
0.211153
0.974087
0.521553
0.867378
0.557828
0.491556
0.891273
0.288671
0.382926
0.236593
0.749684
0.704484
0.375911
0.922090
0.406779
0.901408
0.114294
0.004637
0.779856
0.626544
0.255445
0.891273
0.449423
0.496903
0.329292
0.713075
0.052535
0.279144
0.749684
0.566341
0.322949
0.612135
0.017063
0.603471
0.007378
0.094284
0.771705
0.394742
0.758020
0.626544
0.211153
0.951979
0.483494
0.231634
0.758020
0.718717
0.284858
0.454542
0.449423
0.801128
0.290658
0.426518
0.735726
0.829282
0.620815
0.557828
0.004372
0.874110
0.867378
0.821730
0.867378
0.306500
0.935597
0.441715
0.421575
0.027164
0.223587
0.322949
0.867378
0.057717
0.406779
0.058699
0.394742
0.310521
0.681504
0.340005
0.173237
0.727244
0.658394
0.056256
0.491556
0.375911
0.496903
0.808960
0.066084
0.658394
0.744157
0.322949
0.787927
0.357661
0.183833
0.779856
0.264363
0.112510
0.535389
0.744157
0.829282
0.255445
0.766291
0.163153
0.002950
0.228410
0.199280
0.758020
0.513281
0.681504
0.241635
0.072465
0.228410
0.340005
0.394742
0.300471
0.808960
0.084803
0.549354
0.194957
0.527033
0.462365
0.947760
0.406779
0.589144
0.549354
0.589144
0.855893
0.727244
0.368979
0.848789
0.848789
0.312615
0.013276
0.626544
0.329292
0.867378
0.947760
0.250182
0.071848
0.264363
0.382926
0.513281
0.958545
0.922090
0.434080
0.922090
0.922090
0.698805
0.462365
0.483494
0.067775
0.779856
0.779856
0.000327
0.046970
0.327120
0.744157
0.426518
0.028409
0.922090
0.801128
0.713075
0.848789
0.916674
0.194957
0.801128
0.640981
0.808960
0.580543
0.157114
0.801128
0.124654
0.603471
0.978604
0.002645
0.434080
0.080707
0.016139
0.891273
0.612135
0.758020
0.344325
0.603471
0.228410
0.441715
0.787927
0.580543
0.867378
0.735726
0.045761
0.816691
0.027164
0.704484
0.580543
0.635244
0.589144
0.727244
0.681504
0.250182
0.117048
0.414138
0.787927
0.382926
0.203680
0.658394
0.951979
0.505064
0.177160
0.848789
0.808960
0.119859
0.483494
0.192150
0.540922
0.927324
0.801128
0.441715
0.406779
0.855893
0.429087
0.658394
0.483494
0.867378
0.735726
0.226757
0.088340
0.860501
0.787927
0.635244
0.681504
0.470257
0.658394
0.390021
0.643949
0.335721
0.449423
0.635244
0.808960
0.841556
0.279144
0.549354
0.649688
0.051648
0.774492
0.505064
0.429087
0.848789
0.250182
0.394742
0.000500
0.635244
0.617854
0.958545
0.236593
0.658394
0.841556
0.449423
0.142275
0.935597
0.758020
0.704484
0.446787
0.114294
0.658394
0.995551
0.617854
0.075538
0.462365
0.096609
0.462365
0.218844
0.491556
0.047782
0.891273
0.787927
0.329292
0.841556
0.658394
0.612135
0.290658
0.690166
0.986757
0.194957
0.549354
0.312615
0.454542
0.535389
0.382926
0.922090
0.971109
0.475494
0.626544
0.194957
0.350951
0.635244
0.027164
0.294528
0.183833
0.060217
0.991213
0.787927
0.264363
0.549354
0.109849
0.947760
0.713075
0.462365
0.935597
0.589144
0.603471
0.589144
0.505064
0.173237
0.874110
0.867378
0.681504
0.362130
0.848789
0.589144
0.698805
0.779856
0.368979
0.103042
0.816691
0.375911
0.333520
0.112510
0.766291
0.649688
0.279144
0.499678
0.304435
0.127623
0.643949
0.649688
0.228410
0.462365
0.771705
0.884948
0.907293
0.003666
0.350951
0.382926
0.589144
0.771705
0.829282
0.848789
0.735726
0.658394
0.371333
0.394742
0.394742
0.483494
0.643949
0.771705
0.808960
0.183833
0.255445
0.340005
0.821730
0.236593
0.643949
0.527033
0.038764
0.855893
0.930673
0.190711
0.441715
0.518727
0.057717
0.382926
0.132684
0.044581
0.603471
0.306500
0.543791
0.080707
0.681504
0.470257
0.203680
0.922090
0.821730
0.026438
0.401971
0.258960
0.364456
0.713075
0.901408
0.346575
0.704484
0.836720
0.316692
0.874110
0.073672
0.991213
0.012907
0.594827
0.884948
0.401971
0.000006
0.027908
0.058699
0.475494
0.211153
0.867378
0.061772
0.878466
0.617854
0.566341
0.965738
0.144460
0.690166
0.690166
0.362130
0.589144
0.589144
0.357661
0.808960
0.462365
0.449423
0.935597
0.006963
0.704484
0.867378
0.462365
0.749684
0.922090
0.350951
0.958545
0.080707
0.513281
0.758020
0.513281
0.821730
0.401971
0.695863
0.594827
0.454542
0.916674
0.897436
0.758020
0.916674
0.031348
0.930673
0.603471
0.626544
0.971109
0.380525
0.779856
0.821730
0.139014
0.382926
0.401971
0.233315
0.962240
0.535389
0.994555
0.139014
0.406779
0.306500
0.603471
0.357661
0.901408
0.690166
0.421575
0.409279
0.829282
0.018706
0.186540
0.037752
0.549354
0.617854
0.594827
0.991213
0.454542
0.066084
0.779856
0.414138
0.146673
0.028409
0.779856
0.557828
0.922090
0.483494
0.867378
0.414138
0.603471
0.603471
0.967937
0.357661
0.727244
0.119859
0.022875
0.829282
0.947760
0.735726
0.787927
0.935597
0.223587
0.566341
0.713075
0.901408
0.597771
0.626544
0.543791
0.364456
0.387593
0.499678
0.462365
0.841556
0.574890
0.264363
0.643949
0.375911
0.077446
0.421575
0.589144
0.821730
0.787927
0.848789
0.727244
0.350951
0.084803
0.649688
0.836720
0.580543
0.206623
0.169385
0.426518
0.884948
0.549354
0.505064
0.340005
0.535389
0.114294
0.958545
0.867378
0.675784
0.470257
0.891273
0.580543
0.540922
0.907293
0.704484
0.721628
0.063362
0.170690
0.245003
0.141156
0.245003
0.951979
0.779856
0.094284
0.620815
0.713075
0.258960
0.672823
0.787927
0.394742
0.483494
0.848789
0.026438
0.860501
0.589144
0.279144
0.907293
0.779856
