0.947760
0.749684
0.173237
0.808960
0.199280
0.002020
0.527033
0.962240
0.394742
0.713075
0.989675
0.401971
0.187953
0.382926
0.078727
0.082732
0.727244
0.816691
0.947760
0.626544
0.897436
0.721628
0.264363
0.375911
0.505064
0.612135
0.867378
0.658394
0.779856
0.499678
0.375911
0.260793
0.211153
0.744157
0.891273
0.986757
0.241635
0.192150
0.848789
0.713075
0.557828
0.144460
0.269851
0.801128
0.626544
0.951979
0.958545
0.470257
0.483494
0.580543
0.855893
0.681504
0.049040
0.446787
0.935597
0.779856
0.441715
0.626544
0.821730
0.971109
0.580543
0.223587
0.848789
0.104694
0.793201
0.855893
0.024596
0.626544
0.535389
0.620815
0.971109
0.394742
0.935597
0.038764
0.821730
0.635244
0.011974
0.505064
0.974087
0.014711
0.836720
0.475494
0.713075
0.157114
0.371333
0.421575
0.779856
0.907293
0.958545
0.260793
0.045761
0.375911
0.958545
0.187953
0.771705
0.735726
0.496903
0.306500
0.181158
0.181158
0.635244
0.064431
0.626544
0.603471
0.603471
0.441715
0.026438
0.749684
0.907293
0.012907
0.414138
0.483494
0.483494
0.208158
0.496903
0.991213
0.157114
0.808960
0.749684
0.690166
0.635244
0.304435
0.535389
0.527033
0.829282
0.238302
0.401971
0.735726
0.841556
0.667094
0.441715
0.322949
0.816691
0.766291
0.771705
0.681504
0.094284
0.713075
0.718717
0.713075
0.667094
0.947760
0.891273
0.535389
0.483494
0.940331
0.003455
0.935597
0.994555
0.848789
0.300471
0.901408
0.649688
0.518727
0.867378
0.643949
0.241635
0.153566
0.446787
0.074303
0.426518
0.672823
0.658394
0.643949
0.801128
0.727244
0.821730
0.816691
0.690166
0.535389
0.499678
0.801128
0.958545
0.557828
0.589144
0.053907
0.306500
0.649688
0.603471
0.521553
0.821730
0.704484
0.771705
0.690166
0.867378
0.916674
0.251967
0.119859
0.255445
0.177160
0.994555
0.744157
0.916674
0.357661
0.300471
0.269851
0.836720
0.571972
0.483494
0.421575
0.357661
0.239907
0.771705
0.004288
0.421575
0.059212
0.874110
0.947760
0.296545
0.144460
0.978604
0.816691
0.735726
0.704484
0.306500
0.557828
0.787927
0.821730
0.039801
0.566341
0.079397
0.589144
0.505064
0.535389
0.513281
0.478214
0.008847
0.922090
0.913005
0.491556
0.978604
0.518727
0.475494
0.166886
0.513281
0.758020
0.166886
0.880693
0.884948
0.867378
0.057717
0.935597
0.958545
0.038764
0.103042
0.940331
0.401971
0.144460
0.695863
0.766291
0.019230
0.199280
0.848789
0.779856
0.916674
0.884948
0.795913
0.766291
0.414138
0.005418
0.322949
0.346575
0.848789
0.874110
0.681504
0.322949
0.667094
0.566341
0.589144
0.255445
0.867378
0.173237
0.163153
0.340005
0.580543
0.223587
0.543791
0.589144
0.241635
0.004728
0.891273
0.401971
0.543791
0.173237
0.713075
0.231634
0.808960
0.958545
0.470257
0.004164
0.612135
0.690166
0.505064
0.913005
0.974087
0.401971
0.848789
0.758020
0.667094
0.031348
0.483494
0.779856
0.535389
0.855893
0.322949
0.000378
0.821730
0.382926
0.327120
0.491556
0.690166
0.727244
0.449423
0.907293
0.771705
0.218844
0.306500
0.183833
0.114294
0.749684
0.491556
0.998868
0.649688
0.603471
0.971109
0.269851
0.368979
0.612135
0.096609
0.362130
0.695863
0.543791
0.766291
0.483494
0.557828
0.758020
0.394742
0.496903
0.103042
0.855893
0.284858
0.449423
0.801128
0.808960
0.483494
0.658394
0.163153
0.718717
0.157114
0.117048
0.037099
0.187953
0.947760
0.884948
0.749684
0.643949
0.922090
0.250182
0.580543
0.867378
0.218844
0.346575
0.103042
0.704484
0.690166
0.907293
0.018883
0.382926
0.001421
0.594827
0.505064
0.635244
0.255445
0.475494
0.779856
0.206623
0.771705
0.907293
0.874110
0.025731
0.353229
0.019230
0.758020
0.044980
0.543791
0.690166
0.535389
0.470257
0.836720
0.713075
0.801128
0.108126
0.441715
0.250182
0.681504
0.163153
0.884948
0.034568
0.808960
0.241635
0.223587
0.867378
0.589144
0.997586
0.891273
0.001809
0.658394
0.236593
0.333520
0.658394
0.306500
0.449423
0.947760
0.119859
0.727244
0.891273
0.357661
0.927324
0.749684
0.620815
0.322949
0.109849
0.695863
0.603471
0.603471
0.779856
0.690166
0.513281
0.340005
0.275424
0.787927
0.483494
0.491556
0.416665
0.147829
0.652656
0.275424
0.441715
0.940331
0.612135
0.635244
0.884948
0.409279
0.566341
0.034568
0.992594
0.414138
0.580543
0.250182
0.031348
0.467559
0.197797
0.300471
0.721628
0.867378
0.441715
0.003926
0.766291
0.626544
0.821730
0.475494
0.008597
0.779856
0.211153
0.250182
0.264363
0.316692
0.010595
0.157114
0.829282
0.549354
0.414138
0.312615
0.000527
0.199280
0.549354
0.322949
0.848789
0.364456
0.891273
0.406779
0.322949
0.916674
0.626544
0.996919
0.300471
0.667094
0.947760
0.255445
0.406779
0.010009
0.394742
0.620815
0.236593
0.571972
0.867378
0.513281
0.483494
0.513281
0.300471
0.382926
0.643949
0.310521
0.007032
0.375911
0.766291
0.364456
0.821730
0.620815
0.231634
0.312615
0.951979
0.000013
0.672823
0.727244
0.255445
0.127623
0.157114
0.884948
0.441715
0.603471
0.112510
0.667094
0.535389
0.281082
0.991213
0.841556
0.475494
0.513281
0.704484
0.109849
0.557828
0.958545
0.375911
0.053907
0.051648
0.735726
0.513281
0.935597
0.306500
0.322949
0.434080
0.713075
0.597771
0.821730
0.962240
0.681504
0.635244
0.327120
0.704484
0.695863
0.157114
0.801128
0.855893
0.491556
0.470257
0.626544
0.535389
0.462365
0.401971
0.275424
0.038094
0.535389
0.635244
0.981075
0.643949
0.695863
0.808960
0.068911
0.626544
0.491556
0.037099
0.467559
0.626544
0.414138
0.329292
