0.758020
0.907293
0.194957
0.978604
0.749684
0.250182
0.518727
0.394742
0.951979
0.962240
0.951979
0.658394
0.157114
0.312615
0.652656
0.527033
0.441715
0.107244
0.855893
0.350951
0.681504
0.264363
0.841556
0.211153
0.264363
0.901408
0.672823
0.166886
0.032199
0.475494
0.612135
0.566341
0.758020
0.183833
0.322949
0.535389
0.589144
0.491556
0.672823
0.380525
0.375911
0.891273
0.346575
0.255445
0.264363
0.667094
0.848789
0.557828
0.986757
0.346575
0.357661
0.758020
0.322949
0.672823
0.470257
0.394742
0.147829
0.649688
0.353229
0.019768
0.649688
0.394742
0.505064
0.294528
0.177160
0.658394
0.947760
0.513281
0.394742
0.284858
0.364456
0.387593
0.132684
0.540922
0.643949
0.335721
0.462365
0.102197
0.250182
0.350951
0.233315
0.549354
0.394742
0.371333
0.137917
0.704484
0.333520
0.296545
0.290658
0.527033
0.434080
0.589144
0.566341
0.793201
0.382926
0.935597
0.203680
0.426518
0.357661
0.390021
0.549354
0.771705
0.000433
0.401971
0.236593
0.290658
0.322949
0.829282
0.986757
0.951979
0.421575
0.316692
0.090535
0.454542
0.050328
0.260793
0.543791
0.821730
0.046970
0.094284
0.594827
0.841556
0.454542
0.132684
0.329292
0.620815
0.884948
0.690166
0.414138
0.436675
0.787927
0.505064
0.808960
0.635244
0.991213
0.860501
0.841556
0.109849
0.603471
0.922090
0.829282
0.505064
0.414138
0.269851
0.173237
0.169385
0.878466
0.132684
0.194957
0.848789
0.082732
0.690166
0.002491
0.580543
0.275424
0.635244
0.580543
0.157114
0.505064
0.713075
0.821730
0.549354
0.907293
0.713075
0.470257
0.434080
0.258960
0.004084
0.766291
0.626544
0.350951
0.049040
0.821730
0.549354
0.340005
0.901408
0.907293
0.643949
0.620815
0.779856
0.681504
0.681504
0.357661
0.513281
0.016293
0.589144
0.721628
0.744157
0.199280
0.010795
0.406779
0.015409
0.571972
0.589144
0.357661
0.940331
0.713075
0.401971
0.713075
0.727244
0.003738
0.141156
0.454542
0.635244
0.658394
0.958545
0.063362
0.327120
0.375911
0.183833
0.117048
0.483494
0.557828
0.801128
0.874110
0.429087
0.141156
0.086919
0.635244
0.294528
0.958545
0.589144
0.223587
0.018368
0.457201
0.020130
0.029708
0.808960
0.922090
0.260793
0.713075
0.409279
0.316692
0.223587
0.401971
0.183833
0.829282
0.855893
0.698805
0.306500
0.848789
0.860501
0.010595
0.626544
0.467559
0.183833
0.306500
0.829282
0.505064
0.179787
0.059212
0.855893
0.441715
0.848789
0.535389
0.284858
0.029982
0.322949
0.159490
0.075538
0.434080
0.049886
0.557828
0.434080
0.771705
0.884948
0.867378
0.279144
0.986757
0.228410
0.597771
0.922090
0.290658
0.144460
0.401971
0.046970
0.821730
0.758020
0.735726
0.557828
0.984769
0.304435
0.462365
0.713075
0.346575
0.346575
0.275424
0.793201
0.635244
0.981075
0.758020
0.036127
0.264363
0.867378
0.132684
0.390021
0.848789
0.658394
0.496903
0.449423
0.571972
0.020320
0.816691
0.690166
0.986757
0.441715
0.672823
0.744157
0.050328
0.368979
0.153566
0.300471
0.382926
0.078727
0.681504
0.322949
0.333520
0.874110
0.183833
0.033659
0.491556
0.169385
0.086919
0.603471
0.421575
0.940331
0.344325
0.005687
0.758020
0.059212
0.580543
0.672823
0.808960
0.279144
0.401971
0.223587
0.223587
0.124654
0.965738
0.901408
0.841556
0.454542
0.808960
0.014571
0.218844
0.984769
0.922090
0.749684
0.294528
0.250182
0.382926
0.951979
0.310521
0.300471
0.483494
0.771705
0.672823
0.991213
0.375911
0.566341
0.060217
0.375911
0.462365
0.454542
0.635244
0.329292
0.801128
0.401971
0.513281
0.192150
0.340005
0.027652
0.672823
0.667094
0.907293
0.821730
0.255445
0.067775
0.414138
0.157114
0.787927
0.147829
0.194957
0.491556
0.290658
0.580543
0.177160
0.513281
0.978604
0.255445
0.848789
0.758020
0.566341
0.658394
0.029982
0.566341
0.505064
0.766291
0.499678
0.848789
0.603471
0.194957
0.475494
0.779856
0.527033
0.771705
0.571972
0.793201
0.250182
0.250182
0.513281
0.505064
0.090535
0.255445
0.436675
0.735726
0.246759
0.808960
0.014571
0.848789
0.061772
0.004372
0.017866
0.580543
0.333520
0.787927
0.713075
0.626544
0.000182
0.771705
0.808960
0.346575
0.290658
0.344325
0.346575
0.049040
0.801128
0.758020
0.290658
0.290658
0.236593
0.787927
0.874110
0.513281
0.103042
0.749684
0.594827
0.192150
0.357661
0.077446
0.135818
0.603471
0.255445
0.426518
0.231634
0.177160
0.003455
0.667094
0.543791
0.704484
0.368979
0.907293
0.744157
0.269851
0.059212
0.829282
0.543791
0.540922
0.801128
0.421575
0.658394
0.011106
0.580543
0.130653
0.690166
0.927324
0.658394
0.916674
0.483494
0.927324
0.612135
0.527033
0.749684
0.284858
0.001809
0.658394
0.984769
0.713075
0.015409
0.704484
0.346575
0.070668
0.991213
0.612135
0.867378
0.312615
0.462365
0.787927
0.246759
0.064431
0.132684
0.681504
0.434080
0.394742
0.947760
0.557828
0.580543
0.704484
0.907293
0.375911
0.735726
0.535389
0.635244
0.357661
0.935597
0.891273
0.735726
0.513281
0.130653
0.329292
0.848789
0.000628
0.203680
0.841556
0.620815
0.974087
0.698805
0.672823
0.808960
0.124654
0.046970
0.107244
0.211153
0.183833
0.203680
0.491556
0.735726
0.735726
0.173237
0.612135
0.426518
0.635244
0.100580
0.357661
0.414138
0.986757
0.727244
0.119859
0.841556
0.535389
0.322949
0.279144
0.406779
0.667094
0.566341
0.159490
0.357661
0.029708
0.594827
0.470257
0.848789
0.203680
0.470257
0.787927
0.713075
0.260793
0.695863
0.672823
0.067775
0.264363
0.518727
0.535389
0.571972
0.114294
0.713075
0.491556
