0.997586
0.079397
0.907293
0.643949
0.505064
0.518727
0.951979
0.589144
0.312615
0.855893
0.039801
0.749684
0.290658
0.310521
0.470257
0.848789
0.566341
0.414138
0.350951
0.173237
0.758020
0.037099
0.874110
0.266225
0.527033
0.072465
0.620815
0.124654
0.543791
0.658394
0.275424
0.513281
0.801128
0.704484
0.064990
0.183833
0.241635
0.169385
0.491556
0.019768
0.667094
0.002020
0.340005
0.735726
0.658394
0.350951
0.290658
0.774492
0.940331
0.884948
0.779856
0.643949
0.658394
0.505064
0.649688
0.829282
0.228410
0.612135
0.958545
0.434080
0.496903
0.421575
0.571972
0.075538
0.194957
0.329292
0.275424
0.114294
0.394742
0.612135
0.589144
0.658394
0.617854
0.962240
0.594827
0.907293
0.771705
0.449423
0.322949
0.037099
0.491556
0.137917
0.462365
0.758020
0.394742
0.144460
0.290658
0.758020
0.021268
0.808960
0.429087
0.414138
0.801128
0.203680
0.535389
0.513281
0.808960
0.290658
0.401971
0.951979
0.173237
0.409279
0.675784
0.801128
0.421575
0.470257
0.199280
0.322949
0.626544
0.117048
0.927324
0.040864
0.997586
0.390021
0.144460
0.039801
0.340005
0.478214
0.971109
0.004503
0.922090
0.855893
0.094284
0.543791
0.005855
0.269851
0.434080
0.667094
0.390021
0.922090
0.033659
0.713075
0.766291
0.010595
0.658394
0.808960
0.821730
0.860501
0.441715
0.368979
0.922090
0.203680
0.643949
0.658394
0.513281
0.160731
0.329292
0.635244
0.011425
0.096609
0.306500
0.848789
0.000097
0.589144
0.829282
0.749684
0.589144
0.103042
0.916674
0.513281
0.364456
0.470257
0.284858
0.357661
0.014711
0.139014
0.612135
0.483494
0.004372
0.382926
0.103042
0.022875
0.907293
0.951979
0.922090
0.771705
0.620815
0.441715
0.841556
0.050328
0.801128
0.612135
0.841556
0.518727
0.603471
0.049040
0.996919
0.867378
0.236593
0.672823
0.704484
0.589144
0.005262
0.884948
0.721628
0.529876
0.589144
0.067775
0.199280
0.241635
0.322949
0.922090
0.371333
0.066084
0.867378
0.901408
0.735726
0.281082
0.467559
0.316692
0.160731
0.306500
0.449423
0.848789
0.816691
0.421575
0.603471
0.135818
0.061772
0.535389
0.004043
0.394742
0.643949
0.284858
0.901408
0.848789
0.037099
0.521553
0.935597
0.535389
0.698805
0.986757
0.658394
0.074303
0.821730
0.635244
0.375911
0.626544
0.695863
0.962240
0.571972
0.284858
0.612135
0.139014
0.626544
0.947760
0.821730
0.077446
0.064990
0.231634
0.635244
0.394742
0.434080
0.322949
0.589144
0.626544
0.114294
0.260793
0.989675
0.635244
0.241635
0.215763
0.749684
0.667094
0.535389
0.667094
0.382926
0.449423
0.940331
0.072465
0.681504
0.094284
0.079397
0.527033
0.829282
0.467559
0.346575
0.867378
0.951979
0.603471
0.401971
0.984769
0.913005
0.735726
0.787927
0.029186
0.672823
0.119859
0.462365
0.978604
0.704484
0.312615
0.329292
0.475494
0.808960
0.505064
0.046970
0.421575
0.290658
0.667094
0.103042
0.808960
0.421575
0.163153
0.005687
0.255445
0.290658
0.672823
0.320806
0.758020
0.005262
0.658394
0.039801
0.449423
0.549354
0.070668
0.787927
0.884948
0.735726
0.727244
0.816691
0.084092
0.557828
0.801128
0.100580
0.821730
0.991213
0.758020
0.935597
0.513281
0.177160
0.228410
0.079397
0.496903
0.004164
0.951979
0.793201
0.025274
0.549354
0.513281
0.368979
0.774492
0.223587
0.346575
0.821730
0.006144
0.513281
0.333520
0.049040
0.329292
0.836720
0.874110
0.375911
0.441715
0.163153
0.535389
0.667094
0.019768
0.841556
0.821730
0.260793
0.808960
0.206623
0.787927
0.612135
0.387593
0.002146
0.017543
0.061772
0.066084
0.127623
0.884948
0.322949
0.491556
0.059212
0.061772
0.681504
0.690166
0.260793
0.841556
0.064990
0.070668
0.667094
0.401971
0.449423
0.119859
0.867378
0.801128
0.329292
0.478214
0.667094
0.603471
0.626544
0.483494
0.333520
0.185229
0.848789
0.478214
0.346575
0.771705
0.690166
0.340005
0.284858
0.836720
0.597771
0.183833
0.874110
0.867378
0.441715
0.166886
0.215763
0.698805
0.346575
0.035500
0.144460
0.067775
0.535389
0.279144
0.808960
0.236593
0.275424
0.364456
0.211153
0.749684
0.951979
0.177160
0.801128
0.749684
0.848789
0.406779
0.144460
0.649688
0.147829
0.132684
0.580543
0.491556
0.029982
0.635244
0.848789
0.002443
0.284858
0.787927
0.855893
0.024596
0.940331
0.084803
0.626544
0.612135
0.907293
0.007239
0.153566
0.117048
0.571972
0.401971
0.206623
0.649688
0.159490
0.779856
0.727244
0.022875
0.535389
0.082732
0.540922
0.260793
0.062816
0.855893
0.658394
0.340005
0.589144
0.084803
0.007593
0.821730
0.353229
0.967937
0.067775
0.132684
0.690166
0.891273
0.344325
0.096609
0.962240
0.749684
0.114294
0.922090
0.635244
0.996919
0.808960
0.177160
0.986757
0.981075
0.907293
0.672823
0.124654
0.947760
0.947760
0.749684
0.279144
0.962240
0.841556
0.002082
0.090535
0.727244
0.147829
0.986757
0.667094
0.203680
0.821730
0.021268
0.192150
0.971109
0.241635
0.387593
0.233315
0.016595
0.009546
0.329292
0.406779
0.318816
0.649688
0.543791
0.922090
0.713075
0.749684
0.017866
0.658394
0.940331
0.036456
0.635244
0.808960
0.009368
0.821730
0.566341
0.521553
0.535389
0.620815
0.157114
0.603471
0.414138
0.364456
0.527033
0.333520
0.649688
0.290658
0.457201
0.829282
0.170690
0.483494
0.023508
0.026438
0.032199
0.478214
0.521553
0.233315
0.603471
0.808960
0.043818
0.457201
0.166886
0.965738
0.727244
0.103042
0.362130
0.284858
0.640981
0.333520
0.735726
0.454542
0.387593
0.017543
0.643949
0.758020
0.153566
0.187953
0.294528
0.935597
0.848789
