0.052535
0.470257
0.808960
0.681504
0.848789
0.766291
0.046970
0.077446
0.991213
0.228410
0.505064
0.429087
0.557828
0.183833
0.260793
0.721628
0.801128
0.117048
0.744157
0.275424
0.913005
0.795913
0.027908
0.690166
0.643949
0.496903
0.891273
0.801128
0.098170
0.891273
0.816691
0.836720
0.505064
0.867378
0.333520
0.891273
0.718717
0.566341
0.704484
0.269851
0.821730
0.457201
0.535389
0.190711
0.672823
0.951979
0.100580
0.649688
0.891273
0.470257
0.375911
0.735726
0.612135
0.281082
0.082732
0.935597
0.096609
0.414138
0.233315
0.333520
0.552238
0.801128
0.901408
0.406779
0.013909
0.793201
0.258960
0.884948
0.203680
0.867378
0.454542
0.801128
0.836720
0.672823
0.658394
0.571972
0.549354
0.681504
0.103042
0.793201
0.105557
0.744157
0.203680
0.364456
0.658394
0.984769
0.958545
0.038764
0.340005
0.043818
0.821730
0.779856
0.571972
0.364456
0.927324
0.848789
0.612135
0.580543
0.940331
0.891273
0.105557
0.104694
0.421575
0.340005
0.901408
0.771705
0.735726
0.566341
0.978604
0.962240
0.681504
0.649688
0.483494
0.296545
0.829282
0.690166
0.387593
0.119859
0.199280
0.306500
0.014571
0.535389
0.947760
0.527033
0.951979
0.603471
0.758020
0.848789
0.414138
0.721628
0.574890
0.935597
0.935597
0.233315
0.025731
0.672823
0.401971
0.935597
0.549354
0.362130
0.713075
0.153566
0.874110
0.333520
0.880693
0.829282
0.231634
0.015845
0.735726
0.727244
0.284858
0.549354
0.801128
0.690166
0.406779
0.223587
0.070668
0.505064
0.215763
0.690166
0.749684
0.779856
0.275424
0.322949
0.462365
0.002082
0.597771
0.094284
0.566341
0.999575
0.821730
0.316692
0.649688
0.721628
0.704484
0.727244
0.643949
0.003559
0.209600
0.891273
0.649688
0.000262
0.749684
0.816691
0.962240
0.766291
0.043818
0.375911
0.255445
0.867378
0.318816
0.947760
0.394742
0.429087
0.735726
0.940331
0.187953
0.223587
0.649688
0.132684
0.884948
0.540922
0.426518
0.771705
0.927324
0.649688
0.462365
0.037099
0.368979
0.695863
0.829282
0.340005
0.053907
0.421575
0.505064
0.211153
0.250182
0.841556
0.429087
0.077446
0.211153
0.322949
0.597771
0.658394
0.159490
0.667094
0.187953
0.721628
0.470257
0.971109
0.589144
0.483494
0.635244
0.322949
0.223587
0.401971
0.194957
0.667094
0.203680
0.779856
0.626544
0.535389
0.713075
0.166886
0.491556
0.394742
0.958545
0.281082
0.571972
0.478214
0.483494
0.658394
0.978604
0.566341
0.821730
0.841556
0.173237
0.401971
0.566341
0.236593
0.571972
0.020320
0.626544
0.214182
0.401971
0.051648
0.296545
0.241635
0.144460
0.779856
0.483494
0.157114
0.064431
0.907293
0.695863
0.704484
0.901408
0.375911
0.279144
0.884948
0.357661
0.557828
0.907293
0.612135
0.681504
0.086192
0.107244
0.449423
0.535389
0.543791
0.409279
0.228410
0.173237
0.816691
0.421575
0.491556
0.239907
0.462365
0.371333
0.758020
0.589144
0.816691
0.119859
0.462365
0.940331
0.029186
0.758020
0.744157
0.589144
0.414138
0.727244
0.867378
0.513281
0.175815
0.163153
0.421575
0.867378
0.153566
0.462365
0.290658
0.884948
0.462365
0.626544
0.779856
0.779856
0.416665
0.449423
0.166886
0.284858
0.269851
0.667094
0.958545
0.250182
0.940331
0.758020
0.103042
0.049040
0.008847
0.029982
0.589144
0.795913
0.704484
0.117048
0.462365
0.649688
0.557828
0.612135
0.491556
0.513281
0.041578
0.042685
0.177160
0.935597
0.096609
0.375911
0.549354
0.758020
0.603471
0.038094
0.557828
0.981075
0.922090
0.855893
0.549354
0.787927
0.470257
0.025731
0.589144
0.053907
0.589144
0.064431
0.986757
0.951979
0.643949
0.978604
0.491556
0.364456
0.009822
0.940331
0.649688
0.255445
0.179787
0.897436
0.635244
0.441715
0.421575
0.766291
0.281082
0.114294
0.513281
0.704484
0.088340
0.329292
0.034568
0.496903
0.350951
0.141156
0.002255
0.566341
0.449423
0.801128
0.290658
0.758020
0.874110
0.967937
0.816691
0.187953
0.496903
0.499678
0.690166
0.758020
0.264363
0.329292
0.620815
0.357661
0.566341
0.635244
0.635244
0.135818
0.346575
0.907293
0.483494
0.269851
0.166886
0.462365
0.177160
0.082732
0.951979
0.997586
0.916674
0.713075
0.971109
0.124654
0.589144
0.073672
0.867378
0.426518
0.139014
0.135818
0.643949
0.735726
0.177160
0.704484
0.704484
0.922090
0.867378
0.046970
0.958545
0.571972
0.612135
0.329292
0.808960
0.190711
0.228410
0.612135
0.749684
0.727244
0.139014
0.735726
0.836720
0.275424
0.829282
0.549354
0.981075
0.000109
0.306500
0.735726
0.429087
0.658394
0.003193
0.357661
0.978604
0.874110
0.177160
0.255445
0.557828
0.233315
0.441715
0.667094
0.667094
0.589144
0.290658
0.157114
0.649688
0.566341
0.690166
0.255445
0.695863
0.940331
0.401971
0.483494
0.119859
0.187953
0.580543
0.787927
0.829282
0.290658
0.199280
0.958545
0.848789
0.346575
0.255445
0.635244
0.907293
0.013909
0.635244
0.704484
0.173237
0.114294
0.284858
0.142275
0.589144
0.744157
0.672823
0.836720
0.758020
0.421575
0.228410
0.744157
0.787927
0.441715
0.084803
0.304435
0.744157
0.027164
0.718717
0.704484
0.067775
0.505064
0.922090
0.462365
0.044980
0.951979
0.327120
0.000544
0.808960
0.935597
0.860501
0.340005
0.566341
0.090535
0.035500
0.098170
0.141156
0.483494
0.771705
0.406779
0.084803
0.867378
0.255445
0.129613
0.549354
0.557828
0.867378
0.994555
0.483494
0.310521
0.260793
0.643949
0.206623
0.529876
0.105557
0.103042
0.434080
0.346575
0.672823
0.927324
0.935597
0.470257
0.947760
0.971109
0.958545
0.891273
0.084803
0.513281
0.505064
