0.649688
0.203680
0.491556
0.549354
0.279144
0.507859
0.801128
0.414138
0.061772
0.635244
0.414138
0.672823
0.129613
0.255445
0.163153
0.801128
0.801128
0.735726
0.012670
0.597771
0.589144
0.535389
0.787927
0.000682
0.986757
0.231634
0.255445
0.749684
0.401971
0.505064
0.891273
0.658394
0.574890
0.549354
0.127623
0.436675
0.496903
0.387593
0.107244
0.867378
0.793201
0.635244
0.014711
0.808960
0.499678
0.436675
0.787927
0.978604
0.194957
0.787927
0.658394
0.658394
0.884948
0.690166
0.855893
0.300471
0.387593
0.046970
0.449423
0.203680
0.704484
0.269851
0.414138
0.535389
0.441715
0.449423
0.978604
0.801128
0.675784
0.571972
0.513281
0.375911
0.594827
0.241635
0.019768
0.202171
0.211153
0.055312
0.241635
0.061772
0.978604
0.096609
0.206623
0.362130
0.626544
0.612135
0.816691
0.414138
0.727244
0.901408
0.187953
0.250182
0.215763
0.223587
0.357661
0.130653
0.434080
0.643949
0.860501
0.922090
0.153566
0.163153
0.829282
0.329292
0.771705
0.527033
0.841556
0.401971
0.589144
0.124654
0.549354
0.214182
0.735726
0.589144
0.478214
0.758020
0.236593
0.667094
0.589144
0.246759
0.032199
0.284858
0.364456
0.340005
0.401971
0.935597
0.597771
0.681504
0.031348
0.255445
0.250182
0.406779
0.035180
0.082732
0.543791
0.327120
0.695863
0.296545
0.387593
0.841556
0.275424
0.971109
0.801128
0.971109
0.521553
0.406779
0.566341
0.169385
0.860501
0.727244
0.067775
0.127623
0.166886
0.434080
0.449423
0.535389
0.470257
0.112510
0.535389
0.643949
0.124654
0.951979
0.821730
0.483494
0.290658
0.233315
0.421575
0.084803
0.860501
0.316692
0.927324
0.322949
0.566341
0.220452
0.927324
0.566341
0.121744
0.727244
0.667094
0.535389
0.841556
0.462365
0.109849
0.658394
0.951979
0.557828
0.513281
0.947760
0.329292
0.109849
0.218844
0.505064
0.441715
0.250182
0.855893
0.192150
0.316692
0.112510
0.749684
0.978604
0.001922
0.421575
0.658394
0.049040
0.695863
0.187953
0.100580
0.695863
0.787927
0.017063
0.589144
0.475494
0.978604
0.874110
0.187953
0.681504
0.322949
0.640981
0.808960
0.916674
0.109849
0.429087
0.429087
0.836720
0.727244
0.860501
0.821730
0.690166
0.462365
0.626544
0.855893
0.322949
0.139014
0.612135
0.640981
0.574890
0.273514
0.491556
0.350951
0.808960
0.306500
0.891273
0.187953
0.735726
0.475494
0.310521
0.491556
0.620815
0.027908
0.159490
0.603471
0.535389
0.300471
0.996919
0.483494
0.483494
0.364456
0.603471
0.626544
0.787927
0.667094
0.690166
0.543791
0.483494
0.000779
0.535389
0.306500
0.203680
0.667094
0.735726
0.620815
0.005578
0.996919
0.771705
0.098985
0.566341
0.947760
0.867378
0.364456
0.527033
0.884948
0.971109
0.571972
0.288671
0.713075
0.935597
0.749684
0.163153
0.241635
0.208158
0.766291
0.841556
0.119859
0.713075
0.874110
0.855893
0.557828
0.483494
0.816691
0.223587
0.867378
0.922090
0.940331
0.382926
0.406779
0.947760
0.350951
0.050328
0.947760
0.836720
0.681504
0.681504
0.157114
0.571972
0.675784
0.258960
0.771705
0.046970
0.177160
0.971109
0.194957
0.109849
0.704484
0.011106
0.549354
0.527033
0.735726
0.922090
0.935597
0.112510
0.935597
0.406779
0.153566
0.241635
0.620815
0.467559
0.779856
0.346575
0.449423
0.211153
0.884948
0.801128
0.808960
0.019768
0.387593
0.414138
0.483494
0.801128
0.088340
0.088340
0.867378
0.414138
0.907293
0.290658
0.264363
0.535389
0.312615
0.557828
0.127623
0.958545
0.971109
0.470257
0.005968
0.045761
0.340005
0.018368
0.368979
0.421575
0.429087
0.275424
0.874110
0.294528
0.183833
0.721628
0.346575
0.779856
0.690166
0.643949
0.088340
0.891273
0.215763
0.051648
0.658394
0.401971
0.082732
0.192150
0.105557
0.155897
0.626544
0.031348
0.364456
0.527033
0.994555
0.483494
0.543791
0.848789
0.117048
0.375911
0.829282
0.589144
0.635244
0.735726
0.922090
0.884948
0.901408
0.194957
0.306500
0.749684
0.275424
0.867378
0.643949
0.589144
0.434080
0.643949
0.382926
0.144460
0.884948
0.163153
0.855893
0.127623
0.901408
0.094284
0.144460
0.020886
0.267971
0.090535
0.121744
0.758020
0.109849
0.594827
0.735726
0.000061
0.793201
0.401971
0.434080
0.236593
0.513281
0.475494
0.749684
0.449423
0.008197
0.166886
0.346575
0.549354
0.082732
0.183833
0.620815
0.080707
0.779856
0.206623
0.947760
0.192150
0.275424
0.107244
0.848789
0.109849
0.220452
0.357661
0.787927
0.758020
0.951979
0.935597
0.011640
0.535389
0.913005
0.713075
0.187953
0.986757
0.233315
0.220452
0.958545
0.127623
0.808960
0.147829
0.543791
0.357661
0.090535
0.009104
0.462365
0.236593
0.290658
0.241635
0.580543
0.316692
0.316692
0.333520
0.449423
0.749684
0.721628
0.141156
0.836720
0.008597
0.111596
0.935597
0.787927
0.535389
0.449423
0.927324
0.294528
0.421575
0.994555
0.643949
0.801128
0.672823
0.117048
0.758020
0.241635
0.491556
0.992594
0.667094
0.947760
0.387593
0.047782
0.011974
0.749684
0.626544
0.874110
0.999575
0.290658
0.147829
0.735726
0.704484
0.891273
0.002324
0.068911
0.513281
0.594827
0.667094
0.513281
0.626544
0.994555
0.117048
0.057717
0.951979
0.603471
0.612135
0.658394
0.771705
0.589144
0.421575
0.535389
0.144460
0.491556
0.935597
0.371333
0.649688
0.984769
0.441715
0.421575
0.241635
0.449423
0.382926
0.029186
0.483494
0.434080
0.940331
0.821730
0.535389
0.187953
0.290658
0.012548
0.690166
0.333520
0.049040
0.557828
0.884948
0.935597
0.027908
0.848789
0.449423
0.690166
0.491556
0.984769
0.916674
0.901408
0.566341
