0.340005
0.594827
0.787927
0.098985
0.704484
0.090535
0.557828
0.187953
0.223587
0.829282
0.626544
0.462365
0.612135
0.901408
0.816691
0.958545
0.713075
0.535389
0.589144
0.829282
0.067775
0.667094
0.589144
0.721628
0.513281
0.041578
0.580543
0.681504
0.801128
0.704484
0.124654
0.119859
0.491556
0.930673
0.269851
0.735726
0.735726
0.801128
0.082732
0.491556
0.848789
0.117048
0.144460
0.127623
0.626544
0.194957
0.103042
0.329292
0.462365
0.056256
0.779856
0.922090
0.540922
0.749684
0.874110
0.401971
0.571972
0.766291
0.209600
0.947760
0.867378
0.088340
0.535389
0.294528
0.223587
0.635244
0.284858
0.594827
0.279144
0.135818
0.997586
0.867378
0.681504
0.429087
0.935597
0.860501
0.935597
0.387593
0.635244
0.505064
0.771705
0.124654
0.940331
0.557828
0.429087
0.064990
0.543791
0.922090
0.735726
0.884948
0.566341
0.322949
0.907293
0.927324
0.758020
0.034568
0.935597
0.735726
0.300471
0.228410
0.704484
0.163153
0.787927
0.884948
0.580543
0.855893
0.821730
0.695863
0.312615
0.713075
0.042685
0.368979
0.891273
0.063362
0.821730
0.246759
0.836720
0.041578
0.557828
0.063362
0.962240
0.098985
0.626544
0.667094
0.005578
0.279144
0.721628
0.635244
0.518727
0.540922
0.704484
0.449423
0.084803
0.027164
0.535389
0.603471
0.470257
0.187953
0.643949
0.930673
0.166886
0.574890
0.808960
0.434080
0.441715
0.246759
0.013909
0.801128
0.086192
0.821730
0.269851
0.127623
0.300471
0.290658
0.306500
0.527033
0.260793
0.005855
0.603471
0.040498
0.658394
0.000129
0.612135
0.787927
0.223587
0.000348
0.566341
0.454542
0.758020
0.927324
0.284858
0.841556
0.940331
0.333520
0.187953
0.880693
0.042685
0.667094
0.566341
0.491556
0.454542
0.978604
0.505064
0.808960
0.801128
0.496903
0.891273
0.049040
0.958545
0.635244
0.284858
0.228410
0.269851
0.612135
0.867378
0.971109
0.375911
0.038764
0.557828
0.549354
0.236593
0.566341
0.023508
0.031348
0.841556
0.529876
0.047782
0.721628
0.179787
0.566341
0.390021
0.855893
0.159490
0.744157
0.329292
0.771705
0.992594
0.109849
0.061772
0.470257
0.382926
0.090535
0.327120
0.340005
0.513281
0.821730
0.390021
0.848789
0.159490
0.855893
0.935597
0.449423
0.012548
0.787927
0.409279
0.808960
0.346575
0.304435
0.316692
0.758020
0.867378
0.350951
0.170690
0.024596
0.891273
0.535389
0.382926
0.643949
0.312615
0.183833
0.401971
0.048208
0.076791
0.681504
0.566341
0.462365
0.290658
0.713075
0.603471
0.713075
0.848789
0.054829
0.543791
0.667094
0.117048
0.667094
0.808960
0.333520
0.159490
0.006325
0.916674
0.357661
0.163153
0.061772
0.401971
0.080707
0.635244
0.947760
0.891273
0.801128
0.421575
0.821730
0.821730
0.026438
0.907293
0.620815
0.521553
0.580543
0.978604
0.801128
0.808960
0.063362
0.018368
0.758020
0.766291
0.735726
0.758020
0.589144
0.316692
0.779856
0.157114
0.821730
0.346575
0.940331
0.518727
0.364456
0.787927
0.672823
0.350951
0.187953
0.166886
0.962240
0.951979
0.100580
0.672823
0.640981
0.527033
0.040864
0.635244
0.132684
0.329292
0.143326
0.375911
0.290658
0.429087
0.177160
0.571972
0.793201
0.951979
0.672823
0.187953
0.927324
0.454542
0.441715
0.713075
0.841556
0.996919
0.045761
0.867378
0.721628
0.884948
0.713075
0.421575
0.390021
0.749684
0.290658
0.916674
0.181158
0.681504
0.793201
0.907293
0.801128
0.513281
0.429087
0.735726
0.483494
0.947760
0.787927
0.947760
0.357661
0.005418
0.082732
0.704484
0.704484
0.927324
0.571972
0.617854
0.275424
0.549354
0.557828
0.612135
0.409279
0.199280
0.922090
0.589144
0.897436
0.394742
0.841556
0.635244
0.994555
0.016595
0.294528
0.557828
0.284858
0.821730
0.084803
0.141156
0.009727
0.220452
0.064431
0.566341
0.848789
0.543791
0.962240
0.901408
0.808960
0.483494
0.218844
0.855893
0.907293
0.449423
0.557828
0.779856
0.971109
0.037099
0.635244
0.035500
0.801128
0.072465
0.173237
0.067775
0.082732
0.997586
0.801128
0.907293
0.027164
0.475494
0.808960
0.795913
0.821730
0.017866
0.491556
0.635244
0.557828
0.322949
0.947760
0.215763
0.612135
0.884948
0.035500
0.020320
0.144460
0.039115
0.067775
0.491556
0.051648
0.003455
0.965738
0.971109
0.382926
0.891273
0.462365
0.203680
0.947760
0.681504
0.829282
0.414138
0.446787
0.505064
0.390021
0.375911
0.848789
0.483494
0.086192
0.483494
0.589144
0.454542
0.986757
0.312615
0.787927
0.387593
0.771705
0.165605
0.112510
0.907293
0.008197
0.779856
0.801128
0.346575
0.566341
0.721628
0.223587
0.603471
0.132684
0.841556
0.594827
0.290658
0.787927
0.552238
0.322949
0.117048
0.284858
0.951979
0.231634
0.597771
0.612135
0.901408
0.749684
0.505064
0.053907
0.735726
0.022258
0.962240
0.394742
0.978604
0.874110
0.878466
0.884948
0.275424
0.499678
0.001865
0.518727
0.194957
0.735726
0.589144
0.667094
0.848789
0.513281
0.557828
0.749684
0.218844
0.096609
0.353229
0.836720
0.017866
0.766291
0.681504
0.275424
0.521553
0.470257
0.513281
0.649688
0.848789
0.255445
0.984769
0.922090
0.023508
0.007032
0.006325
0.246759
0.117048
0.589144
0.357661
0.316692
0.454542
0.496903
0.375911
0.470257
0.121744
0.771705
0.491556
0.246759
0.483494
0.808960
0.382926
0.787927
0.543791
0.018883
0.080707
0.084803
0.901408
0.589144
0.364456
0.260793
0.808960
0.620815
0.867378
0.513281
0.727244
0.580543
0.449423
0.310521
0.157114
0.787927
0.322949
0.704484
0.441715
0.635244
0.829282
0.340005
0.088340
0.667094
0.690166
0.211153
0.121744
0.801128
