0.019768
0.066084
0.681504
0.681504
0.549354
0.203680
0.421575
0.713075
0.449423
0.527033
0.082732
0.690166
0.491556
0.462365
0.897436
0.316692
0.045761
0.000000
0.048208
0.053907
0.527033
0.927324
0.000034
0.470257
0.984769
0.260793
0.962240
0.518727
0.098170
0.589144
0.535389
0.119859
0.829282
0.557828
0.860501
0.177160
0.580543
0.491556
0.177160
0.019230
0.808960
0.269851
0.177160
0.475494
0.290658
0.144460
0.010009
0.008597
0.635244
0.092008
0.505064
0.690166
0.483494
0.470257
0.695863
0.681504
0.681504
0.649688
0.658394
0.052535
0.163153
0.505064
0.986757
0.612135
0.580543
0.203680
0.535389
0.211153
0.269851
0.053907
0.951979
0.159490
0.749684
0.735726
0.011425
0.322949
0.119859
0.907293
0.499678
0.470257
0.399498
0.735726
0.727244
0.766291
0.620815
0.409279
0.935597
0.014711
0.658394
0.284858
0.690166
0.848789
0.306500
0.000348
0.698805
0.580543
0.557828
0.907293
0.513281
0.589144
0.147829
0.290658
0.580543
0.382926
0.382926
0.194957
0.713075
0.527033
0.744157
0.009546
0.290658
0.557828
0.848789
0.401971
0.566341
0.704484
0.787927
0.658394
0.643949
0.626544
0.867378
0.153566
0.779856
0.132684
0.001774
0.958545
0.704484
0.312615
0.310521
0.346575
0.947760
0.612135
0.874110
0.989675
0.944872
0.681504
0.401971
0.951979
0.884948
0.913005
0.246759
0.620815
0.801128
0.787927
0.306500
0.580543
0.635244
0.771705
0.394742
0.275424
0.535389
0.346575
0.194957
0.117048
0.104694
0.002370
0.215763
0.019230
0.649688
0.779856
0.801128
0.713075
0.177160
0.913005
0.037752
0.139014
0.329292
0.690166
0.658394
0.255445
0.841556
0.999575
0.758020
0.956001
0.727244
0.735726
0.075538
0.821730
0.036127
0.597771
0.658394
0.333520
0.505064
0.231634
0.841556
0.084803
0.927324
0.821730
0.491556
0.059212
0.491556
0.681504
0.744157
0.821730
0.690166
0.449423
0.566341
0.382926
0.867378
0.779856
0.535389
0.649688
0.935597
0.117048
0.771705
0.021268
0.821730
0.735726
0.199280
0.836720
0.744157
0.061772
0.940331
0.867378
0.044980
0.635244
0.727244
0.935597
0.421575
0.421575
0.231634
0.771705
0.409279
0.829282
0.215763
0.690166
0.505064
0.922090
0.643949
0.612135
0.505064
0.779856
0.147829
0.454542
0.296545
0.643949
0.394742
0.690166
0.521553
0.704484
0.620815
0.401971
0.211153
0.040864
0.025274
0.841556
0.779856
0.284858
0.199280
0.521553
0.635244
0.566341
0.787927
0.215763
0.635244
0.913005
0.112510
0.513281
0.350951
0.357661
0.771705
0.024596
0.346575
0.049040
0.698805
0.991213
0.727244
0.758020
0.907293
0.333520
0.735726
0.721628
0.269851
0.704484
0.060217
0.721628
0.667094
0.552238
0.119859
0.543791
0.127623
0.050328
0.552238
0.183833
0.991213
0.003850
0.040864
0.163153
0.635244
0.867378
0.958545
0.109849
0.907293
0.667094
0.535389
0.421575
0.353229
0.971109
0.771705
0.603471
0.951979
0.357661
0.566341
0.322949
0.279144
0.667094
0.250182
0.667094
0.322949
0.429087
0.713075
0.974087
0.612135
0.042685
0.549354
0.848789
0.401971
0.867378
0.007739
0.958545
0.177160
0.281082
0.394742
0.626544
0.211153
0.855893
0.535389
0.429087
0.088340
0.848789
0.821730
0.787927
0.658394
0.329292
0.414138
0.344325
0.183833
0.062816
0.690166
0.046970
0.658394
0.181158
0.935597
0.429087
0.077446
0.322949
0.667094
0.681504
0.704484
0.353229
0.103042
0.491556
0.414138
0.409279
0.454542
0.483494
0.032771
0.483494
0.940331
0.897436
0.290658
0.173237
0.390021
0.329292
0.808960
0.387593
0.626544
0.971109
0.580543
0.000003
0.250182
0.353229
0.478214
0.375911
0.744157
0.543791
0.513281
0.727244
0.029982
0.364456
0.077446
0.144460
0.000048
0.000000
0.173237
0.258960
0.109849
0.744157
0.535389
0.620815
0.962240
0.055312
0.612135
0.491556
0.269851
0.144460
0.306500
0.922090
0.713075
0.713075
0.958545
0.063362
0.491556
0.557828
0.749684
0.072465
0.246759
0.434080
0.057717
0.077446
0.350951
0.829282
0.215763
0.045761
0.855893
0.008847
0.874110
0.486235
0.808960
0.994555
0.667094
0.002950
0.157114
0.364456
0.006028
0.612135
0.491556
0.603471
0.088340
0.027908
0.077446
0.103042
0.000153
0.821730
0.098985
0.401971
0.855893
0.375911
0.312615
0.462365
0.035500
0.566341
0.787927
0.907293
0.483494
0.821730
0.880693
0.535389
0.344325
0.962240
0.981075
0.566341
0.566341
0.357661
0.758020
0.231634
0.986757
0.808960
0.913005
0.589144
0.940331
0.986757
0.310521
0.758020
0.690166
0.401971
0.496903
0.296545
0.088340
0.940331
0.049040
0.779856
0.001027
0.340005
0.566341
0.927324
0.658394
0.434080
0.766291
0.998868
0.518727
0.275424
0.375911
0.025274
0.986757
0.940331
0.340005
0.015409
0.401971
0.001421
0.007593
0.774492
0.211153
0.589144
0.394742
0.166886
0.294528
0.874110
0.021268
0.698805
0.043818
0.003455
0.173237
0.294528
0.135818
0.998868
0.667094
0.038764
0.779856
0.787927
0.989675
0.063362
0.063362
0.192150
0.855893
0.779856
0.441715
0.290658
0.549354
0.441715
0.940331
0.758020
0.112510
0.333520
0.735726
0.429087
0.478214
0.084803
0.690166
0.597771
0.228410
0.375911
0.749684
0.848789
0.478214
0.749684
0.829282
0.735726
0.109849
0.935597
0.907293
0.306500
0.382926
0.147829
0.658394
0.187953
0.867378
0.913005
0.951979
0.011974
0.061772
0.922090
0.150086
0.021268
0.829282
0.801128
0.626544
0.441715
0.713075
0.233315
0.658394
0.013524
0.821730
0.721628
0.848789
0.127623
0.382926
0.043818
0.603471
0.589144
0.144460
0.589144
0.518727
0.787927
0.236593
0.965738
