0.044980
0.215763
0.147829
0.874110
0.001865
0.779856
0.801128
0.580543
0.329292
0.612135
0.421575
0.169385
0.713075
0.758020
0.421575
0.994555
0.057717
0.690166
0.483494
0.841556
0.441715
0.183833
0.199280
0.749684
0.223587
0.122729
0.635244
0.808960
0.891273
0.855893
0.255445
0.079397
0.058699
0.478214
0.543791
0.626544
0.704484
0.981075
0.284858
0.187953
0.414138
0.771705
0.744157
0.117048
0.109849
0.557828
0.279144
0.079397
0.713075
0.027164
0.620815
0.667094
0.947760
0.269851
0.034568
0.088340
0.801128
0.434080
0.744157
0.513281
0.787927
0.594827
0.346575
0.649688
0.294528
0.698805
0.236593
0.681504
0.499678
0.735726
0.658394
0.215763
0.246759
0.079397
0.144460
0.150086
0.483494
0.884948
0.620815
0.675784
0.907293
0.758020
0.264363
0.620815
0.649688
0.406779
0.667094
0.153566
0.935597
0.808960
0.264363
0.649688
0.594827
0.735726
0.971109
0.414138
0.322949
0.626544
0.927324
0.667094
0.808960
0.387593
0.758020
0.867378
0.039801
0.127623
0.927324
0.891273
0.496903
0.978604
0.127623
0.009546
0.848789
0.491556
0.462365
0.475494
0.194957
0.421575
0.891273
0.594827
0.051648
0.758020
0.187953
0.000682
0.771705
0.749684
0.758020
0.310521
0.183833
0.535389
0.704484
0.891273
0.589144
0.974087
0.107244
0.070668
0.382926
0.255445
0.109849
0.449423
0.426518
0.421575
0.211153
0.749684
0.429087
0.250182
0.962240
0.626544
0.333520
0.557828
0.505064
0.735726
0.735726
0.848789
0.296545
0.048208
0.907293
0.132684
0.971109
0.527033
0.513281
0.401971
0.597771
0.046970
0.801128
0.241635
0.571972
0.127623
0.306500
0.874110
0.848789
0.173237
0.793201
0.543791
0.874110
0.316692
0.549354
0.594827
0.658394
0.718717
0.228410
0.566341
0.867378
0.958545
0.566341
0.749684
0.236593
0.947760
0.884948
0.771705
0.727244
0.364456
0.981075
0.735726
0.333520
0.766291
0.124654
0.033659
0.597771
0.884948
0.527033
0.513281
0.401971
0.368979
0.612135
0.470257
0.117048
0.072465
0.177160
0.603471
0.527033
0.521553
0.462365
0.860501
0.160731
0.483494
0.713075
0.735726
0.215763
0.801128
0.350951
0.901408
0.771705
0.049040
0.626544
0.003256
0.901408
0.557828
0.735726
0.082732
0.848789
0.971109
0.127623
0.543791
0.787927
0.721628
0.329292
0.907293
0.046970
0.913005
0.566341
0.758020
0.173237
0.635244
0.940331
0.735726
0.194957
0.483494
0.984769
0.513281
0.643949
0.409279
0.749684
0.030518
0.758020
0.635244
0.421575
0.713075
0.441715
0.907293
0.922090
0.255445
0.218844
0.580543
0.758020
0.246759
0.907293
0.580543
0.441715
0.947760
0.401971
0.429087
0.829282
0.612135
0.117048
0.001208
0.014985
0.409279
0.039801
0.033659
0.801128
0.043818
0.086192
0.978604
0.491556
0.194957
0.100580
0.667094
0.749684
0.192150
0.462365
0.401971
0.266225
0.897436
0.371333
0.589144
0.713075
0.394742
0.387593
0.535389
0.713075
0.177160
0.829282
0.449423
0.401971
0.884948
0.421575
0.203680
0.414138
0.290658
0.543791
0.046970
0.441715
0.333520
0.042685
0.390021
0.589144
0.848789
0.749684
0.681504
0.848789
0.275424
0.051648
0.322949
0.269851
0.698805
0.194957
0.867378
0.690166
0.340005
0.187953
0.713075
0.491556
0.695863
0.215763
0.603471
0.571972
0.704484
0.475494
0.001114
0.549354
0.681504
0.549354
0.874110
0.055312
0.698805
0.779856
0.597771
0.974087
0.340005
0.454542
0.258960
0.340005
0.643949
0.139014
0.368979
0.462365
0.518727
0.135818
0.177160
0.848789
0.816691
0.194957
0.350951
0.766291
0.518727
0.695863
0.962240
0.962240
0.401971
0.901408
0.312615
0.930673
0.836720
0.050328
0.771705
0.296545
0.986757
0.294528
0.103042
0.922090
0.250182
0.394742
0.496903
0.771705
0.580543
0.907293
0.981075
0.470257
0.122729
0.829282
0.513281
0.971109
0.294528
0.557828
0.296545
0.947760
0.357661
0.001208
0.449423
0.310521
0.245003
0.574890
0.233315
0.300471
0.626544
0.986757
0.382926
0.986757
0.226757
0.211153
0.475494
0.580543
0.199280
0.077446
0.382926
0.940331
0.735726
0.513281
0.808960
0.603471
0.935597
0.884948
0.971109
0.521553
0.031348
0.841556
0.901408
0.449423
0.327120
0.269851
0.829282
0.535389
0.470257
0.312615
0.867378
0.316692
0.306500
0.090535
0.735726
0.215763
0.626544
0.135818
0.150086
0.713075
0.513281
0.721628
0.574890
0.475494
0.401971
0.096609
0.066084
0.505064
0.597771
0.935597
0.139014
0.848789
0.449423
0.884948
0.132684
0.470257
0.068911
0.375911
0.077446
0.612135
0.491556
0.698805
0.300471
0.144460
0.891273
0.141156
0.005578
0.203680
0.965738
0.878466
0.535389
0.690166
0.848789
0.749684
0.867378
0.022258
0.434080
0.088340
0.470257
0.129613
0.801128
0.362130
0.580543
0.829282
0.211153
0.922090
0.157114
0.758020
0.368979
0.290658
0.088340
0.922090
0.557828
0.521553
0.690166
0.535389
0.713075
0.357661
0.962240
0.891273
0.521553
0.173237
0.758020
0.401971
0.713075
0.084803
0.416665
0.735726
0.029982
0.779856
0.557828
0.589144
0.382926
0.518727
0.821730
0.603471
0.086919
0.626544
0.375911
0.901408
0.275424
0.211153
0.543791
0.269851
0.312615
0.527033
0.681504
0.749684
0.020130
0.549354
0.475494
0.874110
0.030518
0.808960
0.713075
0.612135
0.513281
0.922090
0.821730
0.612135
0.891273
0.409279
0.344325
0.521553
0.011106
0.255445
0.658394
0.951979
0.375911
0.300471
0.019230
0.264363
0.907293
0.151265
0.589144
0.535389
0.112510
0.749684
0.269851
0.124654
0.364456
0.962240
0.126604
0.127623
0.735726
0.649688
0.316692
0.220452
0.233315
0.566341
0.549354
