0.063362
0.744157
0.434080
0.119859
0.306500
0.021859
0.322949
0.922090
0.758020
0.100580
0.098170
0.867378
0.891273
0.241635
0.867378
0.626544
0.364456
0.808960
0.787927
0.246759
0.557828
0.901408
0.421575
0.025731
0.848789
0.986757
0.312615
0.690166
0.635244
0.713075
0.055312
0.496903
0.150086
0.947760
0.426518
0.300471
0.681504
0.505064
0.566341
0.246759
0.713075
0.454542
0.884948
0.718717
0.160731
0.735726
0.681504
0.159490
0.571972
0.269851
0.320806
0.612135
0.848789
0.984769
0.958545
0.104694
0.255445
0.612135
0.513281
0.672823
0.821730
0.540922
0.962240
0.300471
0.571972
0.652656
0.962240
0.044581
0.513281
0.958545
0.635244
0.986757
0.166886
0.549354
0.387593
0.996919
0.907293
0.304435
0.566341
0.713075
0.841556
0.513281
0.557828
0.218844
0.147829
0.215763
0.322949
0.704484
0.001636
0.449423
0.401971
0.951979
0.165605
0.540922
0.203680
0.258960
0.434080
0.874110
0.681504
0.187953
0.836720
0.357661
0.513281
0.829282
0.223587
0.206623
0.884948
0.758020
0.527033
0.727244
0.340005
0.635244
0.173237
0.935597
0.848789
0.597771
0.535389
0.053907
0.913005
0.744157
0.066084
0.779856
0.821730
0.721628
0.406779
0.505064
0.552238
0.690166
0.718717
0.891273
0.269851
0.922090
0.704484
0.626544
0.329292
0.220452
0.117048
0.513281
0.144460
0.260793
0.288671
0.978604
0.612135
0.672823
0.284858
0.801128
0.713075
0.721628
0.144460
0.441715
0.364456
0.658394
0.690166
0.867378
0.475494
0.704484
0.233315
0.867378
0.350951
0.429087
0.867378
0.658394
0.316692
0.940331
0.312615
0.483494
0.518727
0.084803
0.483494
0.535389
0.549354
0.241635
0.735726
0.426518
0.296545
0.848789
0.884948
0.713075
0.255445
0.183833
0.340005
0.045761
0.187953
0.160731
0.117048
0.316692
0.414138
0.758020
0.658394
0.153566
0.018706
0.848789
0.981075
0.758020
0.787927
0.513281
0.040498
0.927324
0.312615
0.009277
0.181158
0.017866
0.779856
0.690166
0.513281
0.082037
0.779856
0.449423
0.421575
0.626544
0.478214
0.269851
0.382926
0.009277
0.727244
0.203680
0.787927
0.038094
0.718717
0.266225
0.557828
0.808960
0.922090
0.316692
0.290658
0.012548
0.031348
0.155897
0.203680
0.612135
0.758020
0.001208
0.897436
0.499678
0.483494
0.401971
0.434080
0.549354
0.340005
0.935597
0.626544
0.721628
0.053907
0.333520
0.357661
0.620815
0.177160
0.329292
0.306500
0.206623
0.056256
0.040864
0.215763
0.483494
0.077446
0.735726
0.074303
0.491556
0.499678
0.141156
0.848789
0.340005
0.603471
0.032199
0.766291
0.122729
0.333520
0.603471
0.033659
0.779856
0.220452
0.672823
0.169385
0.475494
0.589144
0.401971
0.922090
0.462365
0.491556
0.027164
0.340005
0.192150
0.658394
0.643949
0.727244
0.014985
0.916674
0.368979
0.874110
0.758020
0.787927
0.316692
0.491556
0.771705
0.064990
0.667094
0.603471
0.808960
0.594827
0.019768
0.296545
0.346575
0.758020
0.571972
0.144460
0.829282
0.100580
0.658394
0.727244
0.704484
0.375911
0.322949
0.284858
0.589144
0.141156
0.117048
0.829282
0.135818
0.884948
0.371333
0.275424
0.774492
0.228410
0.580543
0.017866
0.290658
0.672823
0.766291
0.927324
0.649688
0.368979
0.801128
0.000013
0.109849
0.401971
0.269851
0.855893
0.808960
0.589144
0.907293
0.114294
0.269851
0.589144
0.901408
0.540922
0.907293
0.836720
0.406779
0.124654
0.589144
0.626544
0.470257
0.698805
0.382926
0.971109
0.935597
0.387593
0.406779
0.371333
0.787927
0.704484
0.223587
0.808960
0.667094
0.771705
0.233315
0.090535
0.787927
0.855893
0.727244
0.589144
0.117048
0.077446
0.589144
0.704484
0.045761
0.357661
0.068911
0.499678
0.061772
0.394742
0.290658
0.364456
0.836720
0.744157
0.695863
0.080707
0.310521
0.380525
0.721628
0.258960
0.643949
0.643949
0.535389
0.848789
0.206623
0.787927
0.589144
0.829282
0.228410
0.322949
0.947760
0.063362
0.984769
0.891273
0.160731
0.060743
0.848789
0.974087
0.984769
0.971109
0.236593
0.643949
0.449423
0.024596
0.704484
0.103042
0.228410
0.848789
0.357661
0.306500
0.275424
0.421575
0.364456
0.867378
0.927324
0.821730
0.505064
0.971109
0.429087
0.382926
0.841556
0.816691
0.612135
0.571972
0.962240
0.922090
0.390021
0.130653
0.026438
0.667094
0.258960
0.368979
0.139014
0.491556
0.316692
0.199280
0.306500
0.159490
0.744157
0.236593
0.300471
0.371333
0.667094
0.612135
0.357661
0.589144
0.891273
0.535389
0.897436
0.735726
0.535389
0.940331
0.735726
0.173237
0.808960
0.758020
0.848789
0.434080
0.382926
0.340005
0.521553
0.000846
0.294528
0.039801
0.499678
0.028409
0.580543
0.771705
0.199280
0.082732
0.643949
0.187953
0.329292
0.947760
0.779856
0.462365
0.891273
0.068911
0.284858
0.704484
0.779856
0.521553
0.000026
0.589144
0.626544
0.766291
0.766291
0.382926
0.269851
0.681504
0.927324
0.096609
0.513281
0.001310
0.603471
0.603471
0.357661
0.658394
0.552238
0.236593
0.329292
0.617854
0.603471
0.779856
0.897436
0.690166
0.141156
0.749684
0.483494
0.626544
0.000000
0.867378
0.901408
0.589144
0.275424
0.974087
0.735726
0.011974
0.971109
0.758020
0.000229
0.535389
0.658394
0.795913
0.434080
0.922090
0.557828
0.223587
0.930673
0.141156
0.758020
0.124654
0.916674
0.841556
0.483494
0.672823
0.053907
0.907293
0.867378
0.394742
0.223587
0.082732
0.255445
0.566341
0.557828
0.084803
0.421575
0.774492
0.771705
0.758020
0.340005
0.589144
0.067775
0.074303
0.626544
0.867378
0.505064
0.884948
0.084092
0.260793
0.346575
0.119859
0.535389
0.713075
0.713075
