0.779856
0.192150
0.441715
0.105557
0.626544
0.426518
0.571972
0.029186
0.744157
0.713075
0.179787
0.475494
0.566341
0.771705
0.401971
0.916674
0.281082
0.878466
0.589144
0.535389
0.449423
0.971109
0.749684
0.695863
0.884948
0.698805
0.019768
0.566341
0.735726
0.151265
0.060217
0.594827
0.052535
0.549354
0.947760
0.236593
0.566341
0.907293
0.056256
0.962240
0.275424
0.470257
0.721628
0.571972
0.096609
0.884948
0.913005
0.695863
0.658394
0.434080
0.513281
0.177160
0.690166
0.333520
0.269851
0.643949
0.060217
0.050328
0.375911
0.306500
0.121744
0.744157
0.183833
0.884948
0.294528
0.836720
0.891273
0.231634
0.626544
0.016595
0.100580
0.100580
0.390021
0.749684
0.967937
0.681504
0.135818
0.855893
0.141156
0.727244
0.580543
0.612135
0.635244
0.037099
0.962240
0.284858
0.187953
0.117048
0.036127
0.157114
0.527033
0.643949
0.821730
0.499678
0.206623
0.166886
0.704484
0.635244
0.779856
0.281082
0.643949
0.069506
0.643949
0.441715
0.891273
0.316692
0.039801
0.643949
0.255445
0.603471
0.771705
0.935597
0.284858
0.199280
0.329292
0.690166
0.429087
0.681504
0.141156
0.196422
0.787927
0.897436
0.612135
0.316692
0.446787
0.255445
0.947760
0.000348
0.935597
0.951979
0.962240
0.589144
0.848789
0.649688
0.245003
0.004288
0.962240
0.901408
0.749684
0.173237
0.907293
0.462365
0.867378
0.735726
0.947760
0.284858
0.505064
0.462365
0.940331
0.527033
0.658394
0.580543
0.220452
0.867378
0.935597
0.375911
0.245003
0.535389
0.884948
0.284858
0.922090
0.962240
0.505064
0.346575
0.051648
0.891273
0.513281
0.368979
0.951979
0.884948
0.643949
0.594827
0.096609
0.681504
0.779856
0.064431
0.713075
0.867378
0.681504
0.401971
0.441715
0.137917
0.829282
0.483494
0.940331
0.264363
0.527033
0.513281
0.855893
0.316692
0.350951
0.387593
0.275424
0.394742
0.535389
0.470257
0.991213
0.038094
0.690166
0.114294
0.690166
0.658394
0.713075
0.589144
0.187953
0.580543
0.421575
0.467559
0.340005
0.491556
0.891273
0.513281
0.916674
0.063362
0.470257
0.144460
0.192150
0.483494
0.841556
0.061772
0.103042
0.491556
0.848789
0.114294
0.409279
0.144460
0.364456
0.891273
0.718717
0.603471
0.787927
0.050328
0.867378
0.090535
0.535389
0.304435
0.462365
0.848789
0.695863
0.157114
0.571972
0.223587
0.059212
0.470257
0.557828
0.535389
0.779856
0.758020
0.998868
0.580543
0.499678
0.878466
0.603471
0.947760
0.855893
0.749684
0.382926
0.312615
0.316692
0.034255
0.927324
0.462365
0.446787
0.470257
0.005687
0.364456
0.454542
0.994555
0.505064
0.557828
0.643949
0.375911
0.322949
0.527033
0.258960
0.387593
0.801128
0.013909
0.829282
0.891273
0.429087
0.891273
0.029982
0.496903
0.940331
0.077446
0.958545
0.566341
0.821730
0.406779
0.002232
0.867378
0.041578
0.635244
0.727244
0.246759
0.153566
0.947760
0.735726
0.589144
0.758020
0.306500
0.483494
0.025274
0.505064
0.483494
0.052535
0.513281
0.513281
0.922090
0.626544
0.935597
0.603471
0.626544
0.829282
0.114294
0.478214
0.704484
0.867378
0.350951
0.916674
0.617854
0.947760
0.962240
0.907293
0.667094
0.098985
0.380525
0.855893
0.375911
0.169385
0.086192
0.072465
0.793201
0.855893
0.795913
0.658394
0.749684
0.652656
0.049040
0.793201
0.233315
0.177160
0.860501
0.891273
0.112510
0.132684
0.137917
0.927324
0.589144
0.603471
0.441715
0.897436
0.940331
0.721628
0.543791
0.535389
0.426518
0.183833
0.635244
0.203680
0.667094
0.264363
0.049476
0.070668
0.073672
0.220452
0.119859
0.841556
0.187953
0.220452
0.735726
0.462365
0.333520
0.626544
0.566341
0.316692
0.074303
0.884948
0.166886
0.357661
0.505064
0.766291
0.513281
0.808960
0.190711
0.667094
0.067775
0.390021
0.571972
0.521553
0.144460
0.449423
0.681504
0.513281
0.867378
0.971109
0.013276
0.014305
0.922090
0.589144
0.543791
0.787927
0.829282
0.284858
0.000609
0.848789
0.290658
0.998463
0.462365
0.082732
0.594827
0.801128
0.513281
0.011106
0.704484
0.192150
0.704484
0.157114
0.269851
0.092008
0.312615
0.181158
0.320806
0.744157
0.112510
0.603471
0.137917
0.505064
0.801128
0.635244
0.549354
0.617854
0.340005
0.382926
0.808960
0.735726
0.357661
0.672823
0.250182
0.228410
0.580543
0.223587
0.127623
0.316692
0.312615
0.203680
0.020320
0.603471
0.836720
0.521553
0.177160
0.667094
0.036127
0.306500
0.996919
0.513281
0.050328
0.829282
0.429087
0.787927
0.713075
0.505064
0.177160
0.571972
0.004637
0.063362
0.153566
0.521553
0.808960
0.758020
0.922090
0.916674
0.021268
0.808960
0.884948
0.322949
0.940331
0.884948
0.089781
0.001149
0.245003
0.141156
0.867378
0.327120
0.346575
0.269851
0.269851
0.223587
0.144460
0.187953
0.053907
0.382926
0.951979
0.649688
0.394742
0.787927
0.346575
0.566341
0.907293
0.897436
0.643949
0.897436
0.566341
0.535389
0.787927
0.429087
0.771705
0.304435
0.294528
0.032199
0.897436
0.086192
0.713075
0.350951
0.470257
0.620815
0.951979
0.079397
0.589144
0.620815
0.808960
0.329292
0.867378
0.119859
0.626544
0.215763
0.907293
0.829282
0.132684
0.580543
0.086192
0.922090
0.454542
0.513281
0.199280
0.077446
0.658394
0.119859
0.681504
0.269851
0.787927
0.421575
0.203680
0.107244
0.643949
0.681504
0.771705
0.658394
0.695863
0.808960
0.144460
0.322949
0.681504
0.073672
0.300471
0.421575
0.808960
0.005968
0.974087
0.549354
0.940331
0.884948
0.779856
0.000229
0.749684
0.557828
0.505064
0.429087
0.173237
0.986757
0.867378
0.109849
0.626544
0.275424
0.713075
