0.735726
0.150086
0.505064
0.112510
0.000042
0.855893
0.658394
0.735726
0.635244
0.735726
0.527033
0.192150
0.434080
0.279144
0.429087
0.958545
0.848789
0.779856
0.571972
0.771705
0.434080
0.527033
0.316692
0.255445
0.462365
0.594827
0.340005
0.603471
0.808960
0.986757
0.269851
0.357661
0.758020
0.984769
0.958545
0.557828
0.727244
0.758020
0.312615
0.758020
0.284858
0.667094
0.344325
0.635244
0.518727
0.333520
0.144460
0.787927
0.841556
0.491556
0.749684
0.246759
0.467559
0.978604
0.543791
0.808960
0.589144
0.092778
0.848789
0.727244
0.878466
0.051648
0.187953
0.203680
0.491556
0.401971
0.194957
0.290658
0.916674
0.867378
0.009546
0.157114
0.566341
0.250182
0.552238
0.258960
0.884948
0.169385
0.434080
0.571972
0.535389
0.088340
0.643949
0.414138
0.029186
0.483494
0.414138
0.357661
0.727244
0.505064
0.206623
0.549354
0.672823
0.040864
0.052535
0.612135
0.012548
0.478214
0.211153
0.635244
0.322949
0.808960
0.649688
0.159490
0.947760
0.449423
0.672823
0.981075
0.841556
0.940331
0.801128
0.884948
0.009277
0.801128
0.310521
0.310521
0.255445
0.414138
0.521553
0.233315
0.518727
0.713075
0.672823
0.675784
0.744157
0.951979
0.310521
0.434080
0.382926
0.735726
0.132684
0.183833
0.907293
0.505064
0.214182
0.279144
0.821730
0.771705
0.470257
0.867378
0.704484
0.557828
0.250182
0.566341
0.994555
0.375911
0.821730
0.649688
0.978604
0.387593
0.169385
0.667094
0.124654
0.064431
0.109849
0.907293
0.124654
0.749684
0.163153
0.744157
0.312615
0.978604
0.821730
0.848789
0.935597
0.540922
0.483494
0.867378
0.179787
0.041578
0.006144
0.658394
0.690166
0.333520
0.713075
0.255445
0.322949
0.836720
0.483494
0.421575
0.478214
0.211153
0.462365
0.735726
0.470257
0.013909
0.368979
0.848789
0.505064
0.735726
0.984769
0.211153
0.144460
0.077446
0.617854
0.704484
0.735726
0.000157
0.255445
0.635244
0.177160
0.096609
0.808960
0.940331
0.620815
0.713075
0.951979
0.967937
0.475494
0.867378
0.947760
0.978604
0.245003
0.958545
0.922090
0.681504
0.766291
0.306500
0.667094
0.231634
0.967937
0.603471
0.907293
0.672823
0.907293
0.401971
0.801128
0.401971
0.549354
0.713075
0.218844
0.483494
0.681504
0.329292
0.962240
0.364456
0.275424
0.394742
0.042685
0.727244
0.848789
0.787927
0.449423
0.421575
0.173237
0.874110
0.649688
0.758020
0.462365
0.643949
0.891273
0.787927
0.052999
0.094284
0.649688
0.000461
0.978604
0.816691
0.848789
0.922090
0.266225
0.273514
0.387593
0.421575
0.163153
0.394742
0.901408
0.901408
0.077446
0.667094
0.127623
0.681504
0.735726
0.250182
0.978604
0.829282
0.364456
0.821730
0.749684
0.135818
0.626544
0.989675
0.690166
0.073672
0.580543
0.779856
0.284858
0.462365
0.491556
0.681504
0.082732
0.974087
0.121744
0.907293
0.100580
0.667094
0.884948
0.922090
0.735726
0.441715
0.000091
0.144460
0.571972
0.821730
0.316692
0.808960
0.589144
0.088340
0.603471
0.571972
0.698805
0.109849
0.821730
0.150086
0.255445
0.394742
0.228410
0.580543
0.986757
0.626544
0.749684
0.406779
0.704484
0.940331
0.971109
0.801128
0.867378
0.496903
0.322949
0.255445
0.603471
0.387593
0.183833
0.626544
0.779856
0.470257
0.848789
0.801128
0.187953
0.194957
0.394742
0.821730
0.401971
0.808960
0.735726
0.007378
0.891273
0.239907
0.713075
0.322949
0.105557
0.916674
0.821730
0.005418
0.375911
0.296545
0.721628
0.300471
0.007965
0.935597
0.978604
0.130653
0.612135
0.735726
0.735726
0.795913
0.867378
0.704484
0.421575
0.984769
0.589144
0.002443
0.141156
0.250182
0.958545
0.028409
0.557828
0.940331
0.103042
0.829282
0.513281
0.735726
0.441715
0.496903
0.228410
0.658394
0.096609
0.042685
0.275424
0.626544
0.891273
0.505064
0.153566
0.643949
0.978604
0.135818
0.153566
0.414138
0.335721
0.626544
0.735726
0.626544
0.264363
0.316692
0.491556
0.218844
0.382926
0.829282
0.735726
0.543791
0.821730
0.496903
0.375911
0.491556
0.557828
0.771705
0.025274
0.884948
0.704484
0.612135
0.922090
0.884948
0.496903
0.357661
0.801128
0.223587
0.483494
0.891273
0.483494
0.787927
0.543791
0.401971
0.922090
0.841556
0.771705
0.916674
0.246759
0.557828
0.986757
0.066084
0.505064
0.401971
0.177160
0.713075
0.513281
0.357661
0.346575
0.779856
0.039801
0.475494
0.513281
0.841556
0.695863
0.037099
0.603471
0.491556
0.940331
0.098985
0.735726
0.958545
0.518727
0.362130
0.808960
0.340005
0.020692
0.521553
0.008197
0.462365
0.300471
0.758020
0.951979
0.441715
0.007378
0.449423
0.266225
0.848789
0.454542
0.470257
0.771705
0.000210
0.014305
0.092008
0.211153
0.527033
0.368979
0.874110
0.907293
0.135818
0.667094
0.829282
0.884948
0.166886
0.421575
0.727244
0.011315
0.382926
0.421575
0.144460
0.215763
0.612135
0.713075
0.557828
0.010493
0.855893
0.082732
0.034568
0.727244
0.163153
0.620815
0.371333
0.300471
0.310521
0.062816
0.884948
0.454542
0.589144
0.956001
0.527033
0.357661
0.940331
0.758020
0.848789
0.211153
0.962240
0.406779
0.580543
0.269851
0.727244
0.454542
0.749684
0.241635
0.543791
0.884948
0.294528
0.179787
0.540922
0.940331
0.981075
0.284858
0.695863
0.935597
0.316692
0.364456
0.749684
0.643949
0.454542
0.927324
0.357661
0.066084
0.667094
0.620815
0.965738
0.643949
0.166886
0.947760
0.658394
0.612135
0.255445
0.199280
0.884948
0.704484
0.643949
0.867378
0.836720
0.513281
0.984769
0.787927
0.801128
0.284858
0.779856
0.462365
0.913005
0.357661
0.141156
0.571972
0.787927
