0.255445
0.211153
0.744157
0.735726
0.141156
0.114294
0.088340
0.096609
0.414138
0.549354
0.491556
0.901408
0.629509
0.394742
0.758020
0.013276
0.612135
0.612135
0.211153
0.884948
0.426518
0.239907
0.505064
0.727244
0.749684
0.269851
0.279144
0.978604
0.927324
0.119859
0.836720
0.922090
0.821730
0.984769
0.159490
0.940331
0.119859
0.401971
0.312615
0.549354
0.122729
0.470257
0.721628
0.735726
0.649688
0.801128
0.368979
0.771705
0.766291
0.190711
0.713075
0.735726
0.019768
0.841556
0.141156
0.394742
0.505064
0.658394
0.329292
0.543791
0.557828
0.779856
0.253642
0.001184
0.922090
0.735726
0.713075
0.916674
0.814067
0.177160
0.001310
0.223587
0.704484
0.603471
0.106369
0.658394
0.491556
0.098985
0.878466
0.958545
0.779856
0.884948
0.916674
0.829282
0.150086
0.183833
0.981075
0.771705
0.300471
0.603471
0.549354
0.535389
0.499678
0.814067
0.505064
0.752533
0.922090
0.626544
0.779856
0.681504
0.884948
0.173237
0.236593
0.016595
0.907293
0.375911
0.874110
0.478214
0.382926
0.063362
0.994555
0.962240
0.557828
0.735726
0.071848
0.951979
0.867378
0.874110
0.371333
0.100580
0.215763
0.449423
0.340005
0.061772
0.127623
0.884948
0.505064
0.187953
0.874110
0.841556
0.884948
0.449423
0.059212
0.446787
0.829282
0.135818
0.867378
0.499678
0.518727
0.695863
0.916674
0.364456
0.406779
0.394742
0.357661
0.187953
0.020320
0.974087
0.749684
0.513281
0.333520
0.848789
0.981075
0.749684
0.727244
0.316692
0.001721
0.620815
0.340005
0.930673
0.255445
0.891273
0.951979
0.414138
0.483494
0.935597
0.306500
0.021268
0.064431
0.245003
0.421575
0.300471
0.312615
0.368979
0.357661
0.801128
0.927324
0.984769
0.132684
0.735726
0.891273
0.996919
0.192150
0.907293
0.350951
0.153566
0.329292
0.513281
0.064431
0.947760
0.429087
0.744157
0.215763
0.183833
0.721628
0.375911
0.897436
0.795913
0.394742
0.951979
0.100580
0.951979
0.901408
0.173237
0.368979
0.735726
0.436675
0.001059
0.072465
0.114294
0.245003
0.735726
0.766291
0.114294
0.566341
0.034255
0.580543
0.340005
0.505064
0.649688
0.620815
0.580543
0.089781
0.357661
0.329292
0.003193
0.695863
0.749684
0.891273
0.704484
0.766291
0.236593
0.414138
0.077446
0.891273
0.935597
0.626544
0.681504
0.357661
0.808960
0.940331
0.771705
0.916674
0.771705
0.499678
0.441715
0.258960
0.891273
0.066084
0.496903
0.056256
0.727244
0.072465
0.597771
0.215763
0.935597
0.744157
0.860501
0.454542
0.003738
0.922090
0.713075
0.067775
0.483494
0.394742
0.922090
0.907293
0.264363
0.667094
0.275424
0.139014
0.841556
0.064990
0.841556
0.779856
0.284858
0.079397
0.744157
0.867378
0.135818
0.580543
0.787927
0.014711
0.109849
0.690166
0.228410
0.535389
0.269851
0.658394
0.626544
0.246759
0.505064
0.527033
0.626544
0.543791
0.316692
0.056256
0.357661
0.994555
0.974087
0.037752
0.801128
0.962240
0.421575
0.401971
0.357661
0.549354
0.749684
0.836720
0.681504
0.771705
0.620815
0.978604
0.907293
0.255445
0.258960
0.874110
0.434080
0.766291
0.884948
0.014711
0.779856
0.978604
0.371333
0.704484
0.801128
0.483494
0.901408
0.513281
0.735726
0.884948
0.033659
0.157114
0.470257
0.082732
0.549354
0.327120
0.163153
0.735726
0.426518
0.974087
0.984769
0.771705
0.626544
0.884948
0.566341
0.364456
0.333520
0.414138
0.310521
0.958545
0.306500
0.836720
0.787927
0.223587
0.721628
0.978604
0.620815
0.672823
0.940331
0.329292
0.603471
0.521553
0.505064
0.713075
0.874110
0.483494
0.209600
0.475494
0.353229
0.007593
0.571972
0.194957
0.884948
0.771705
0.635244
0.236593
0.082732
0.454542
0.096609
0.211153
0.658394
0.275424
0.808960
0.766291
0.173237
0.362130
0.855893
0.681504
0.075538
0.000089
0.771705
0.580543
0.223587
0.829282
0.491556
0.416665
0.070668
0.672823
0.057717
0.713075
0.260793
0.801128
0.658394
0.735726
0.808960
0.681504
0.620815
0.026438
0.681504
0.962240
0.612135
0.513281
0.206623
0.003738
0.421575
0.223587
0.727244
0.226757
0.190711
0.223587
0.199280
0.115226
0.808960
0.344325
0.787927
0.399498
0.306500
0.841556
0.163153
0.434080
0.808960
0.658394
0.713075
0.603471
0.153566
0.658394
0.808960
0.053907
0.681504
0.290658
0.589144
0.704484
0.821730
0.025731
0.891273
0.821730
0.513281
0.329292
0.306500
0.069506
0.215763
0.821730
0.446787
0.557828
0.505064
0.721628
0.690166
0.867378
0.744157
0.421575
0.589144
0.160731
0.115226
0.758020
0.635244
0.513281
0.594827
0.704484
0.333520
0.935597
0.322949
0.066084
0.787927
0.713075
0.758020
0.940331
0.150086
0.038094
0.414138
0.901408
0.194957
0.005110
0.994555
0.258960
0.183833
0.935597
0.867378
0.518727
0.368979
0.749684
0.787927
0.114294
0.013276
0.940331
0.135818
0.316692
0.114294
0.382926
0.150086
0.394742
0.713075
0.649688
0.787927
0.922090
0.787927
0.132684
0.821730
0.713075
0.589144
0.124654
0.429087
0.867378
0.922090
0.681504
0.470257
0.594827
0.594827
0.801128
0.049040
0.672823
0.848789
0.758020
0.571972
0.721628
0.245003
0.808960
0.163153
0.855893
0.505064
0.039801
0.991213
0.649688
0.357661
0.594827
0.535389
0.241635
0.848789
0.491556
0.436675
0.092008
0.580543
0.860501
0.744157
0.357661
0.499678
0.429087
0.462365
0.144460
0.401971
0.801128
0.340005
0.513281
0.144460
0.848789
0.658394
0.513281
0.382926
0.566341
0.884948
0.454542
0.183833
0.119859
0.867378
0.414138
0.104694
0.202171
0.223587
0.571972
0.269851
0.505064
0.096609
0.841556
0.387593
0.475494
0.935597
