0.382926
0.543791
0.127623
0.557828
0.375911
0.829282
0.002324
0.284858
0.139014
0.713075
0.927324
0.779856
0.357661
0.626544
0.001981
0.491556
0.462365
0.153566
0.250182
0.549354
0.922090
0.779856
0.401971
0.513281
0.340005
0.000437
0.566341
0.223587
0.028409
0.434080
0.735726
0.681504
0.157114
0.557828
0.346575
0.971109
0.704484
0.841556
0.690166
0.635244
0.088340
0.690166
0.001636
0.698805
0.771705
0.414138
0.496903
0.580543
0.127623
0.935597
0.082732
0.878466
0.667094
0.401971
0.223587
0.322949
0.984769
0.441715
0.658394
0.649688
0.735726
0.735726
0.681504
0.978604
0.848789
0.829282
0.258960
0.239907
0.329292
0.096609
0.801128
0.266225
0.589144
0.119859
0.907293
0.236593
0.163153
0.848789
0.414138
0.927324
0.658394
0.907293
0.491556
0.801128
0.269851
0.312615
0.580543
0.340005
0.589144
0.981075
0.867378
0.603471
0.951979
0.290658
0.199280
0.033659
0.294528
0.290658
0.329292
0.003455
0.855893
0.322949
0.991213
0.518727
0.907293
0.891273
0.475494
0.478214
0.346575
0.901408
0.829282
0.821730
0.766291
0.000475
0.109849
0.989675
0.603471
0.304435
0.672823
0.483494
0.368979
0.897436
0.947760
0.170690
0.994555
0.821730
0.626544
0.874110
0.246759
0.454542
0.713075
0.009016
0.829282
0.566341
0.535389
0.117048
0.566341
0.951979
0.643949
0.626544
0.053907
0.051648
0.253642
0.603471
0.441715
0.231634
0.052535
0.228410
0.382926
0.981075
0.382926
0.051648
0.375911
0.913005
0.836720
0.241635
0.557828
0.250182
0.340005
0.808960
0.394742
0.124654
0.549354
0.594827
0.241635
0.675784
0.322949
0.704484
0.135818
0.077446
0.643949
0.340005
0.109849
0.744157
0.543791
0.382926
0.855893
0.994555
0.264363
0.620815
0.779856
0.962240
0.364456
0.603471
0.557828
0.387593
0.316692
0.681504
0.290658
0.012317
0.566341
0.735726
0.346575
0.829282
0.228410
0.228410
0.735726
0.649688
0.470257
0.580543
0.704484
0.394742
0.787927
0.421575
0.340005
0.766291
0.090535
0.704484
0.649688
0.260793
0.935597
0.916674
0.951979
0.891273
0.566341
0.801128
0.350951
0.475494
0.375911
0.658394
0.241635
0.346575
0.891273
0.635244
0.944872
0.940331
0.098985
0.132684
0.387593
0.183833
0.626544
0.884948
0.535389
0.132684
0.300471
0.867378
0.947760
0.414138
0.038764
0.088340
0.414138
0.513281
0.228410
0.362130
0.491556
0.566341
0.594827
0.009016
0.300471
0.549354
0.284858
0.513281
0.735726
0.994555
0.401971
0.454542
0.496903
0.382926
0.643949
0.891273
0.735726
0.275424
0.033659
0.580543
0.758020
0.027164
0.429087
0.119859
0.290658
0.884948
0.603471
0.117048
0.269851
0.401971
0.549354
0.779856
0.005013
0.441715
0.084803
0.375911
0.042685
0.414138
0.094284
0.211153
0.069506
0.951979
0.884948
0.713075
0.549354
0.394742
0.144460
0.543791
0.704484
0.382926
0.643949
0.269851
0.357661
0.035180
0.166886
0.223587
0.672823
0.371333
0.543791
0.208158
0.681504
0.771705
0.940331
0.483494
0.206623
0.930673
0.470257
0.401971
0.513281
0.401971
0.322949
0.974087
0.603471
0.199280
0.250182
0.727244
0.505064
0.057717
0.462365
0.801128
0.758020
0.406779
0.505064
0.935597
0.947760
0.153566
0.104694
0.643949
0.063362
0.000590
0.867378
0.758020
0.406779
0.698805
0.518727
0.801128
0.947760
0.566341
0.346575
0.010298
0.727244
0.855893
0.727244
0.897436
0.166886
0.649688
0.032199
0.513281
0.322949
0.483494
0.483494
0.695863
0.978604
0.704484
0.513281
0.566341
0.907293
0.223587
0.016902
0.449423
0.306500
0.025274
0.380525
0.279144
0.470257
0.787927
0.571972
0.557828
0.275424
0.346575
0.940331
0.727244
0.848789
0.626544
0.984769
0.414138
0.032199
0.649688
0.829282
0.066084
0.690166
0.808960
0.841556
0.258960
0.704484
0.549354
0.070668
0.718717
0.401971
0.300471
0.549354
0.779856
0.340005
0.801128
0.991213
0.884948
0.079397
0.141156
0.535389
0.300471
0.478214
0.891273
0.434080
0.375911
0.001172
0.808960
0.087602
0.779856
0.046970
0.603471
0.649688
0.658394
0.077446
0.300471
0.312615
0.275424
0.557828
0.727244
0.658394
0.836720
0.603471
0.779856
0.930673
0.713075
0.001865
0.310521
0.470257
0.727244
0.406779
0.862861
0.344325
0.836720
0.329292
0.971109
0.549354
0.409279
0.449423
0.626544
0.643949
0.996919
0.860501
0.907293
0.721628
0.139014
0.449423
0.721628
0.727244
0.429087
0.375911
0.658394
0.643949
0.406779
0.867378
0.958545
0.518727
0.884948
0.557828
0.860501
0.255445
0.513281
0.462365
0.971109
0.368979
0.284858
0.681504
0.117048
0.434080
0.808960
0.874110
0.387593
0.090535
0.667094
0.421575
0.793201
0.387593
0.795913
0.779856
0.429087
0.001114
0.086919
0.157114
0.947760
0.166886
0.704484
0.284858
0.187953
0.329292
0.449423
0.891273
0.884948
0.690166
0.505064
0.340005
0.891273
0.907293
0.527033
0.401971
0.218844
0.527033
0.375911
0.867378
0.350951
0.603471
0.658394
0.513281
0.312615
0.375911
0.483494
0.779856
0.368979
0.580543
0.704484
0.758020
0.958545
0.626544
0.421575
0.513281
0.951979
0.064431
0.086919
0.194957
0.284858
0.635244
0.505064
0.409279
0.998868
0.279144
0.951979
0.727244
0.713075
0.449423
0.300471
0.907293
0.787927
0.084803
0.441715
0.721628
0.891273
0.105557
0.580543
0.549354
0.505064
0.821730
0.166886
0.382926
0.801128
0.296545
0.617854
0.589144
0.758020
0.255445
0.275424
0.989675
0.135818
0.241635
0.241635
0.364456
0.320806
0.187953
0.203680
0.974087
0.245003
0.454542
0.967937
0.144460
0.401971
0.306500
0.566341
0.681504
0.643949
0.505064
0.129613
