0.836720
0.086192
0.603471
0.306500
0.901408
0.535389
0.007965
0.194957
0.075538
0.735726
0.571972
0.223587
0.727244
0.758020
0.947760
0.758020
0.260793
0.713075
0.727244
0.658394
0.891273
0.284858
0.499678
0.107244
0.462365
0.704484
0.132684
0.884948
0.082732
0.940331
0.626544
0.454542
0.991213
0.499678
0.913005
0.891273
0.721628
0.290658
0.779856
0.264363
0.346575
0.357661
0.082732
0.194957
0.658394
0.821730
0.187953
0.779856
0.119859
0.897436
0.260793
0.940331
0.233315
0.163153
0.672823
0.139014
0.052535
0.766291
0.513281
0.169385
0.260793
0.031348
0.704484
0.000779
0.580543
0.787927
0.771705
0.187953
0.429087
0.649688
0.382926
0.129613
0.132684
0.897436
0.907293
0.612135
0.991213
0.119859
0.721628
0.074303
0.028409
0.543791
0.735726
0.958545
0.855893
0.462365
0.860501
0.380525
0.620815
0.727244
0.394742
0.535389
0.382926
0.457201
0.589144
0.462365
0.196422
0.434080
0.491556
0.364456
0.947760
0.075538
0.658394
0.390021
0.635244
0.019768
0.779856
0.766291
0.735726
0.829282
0.658394
0.878466
0.183833
0.253642
0.035500
0.626544
0.962240
0.037752
0.907293
0.462365
0.779856
0.421575
0.322949
0.901408
0.779856
0.483494
0.275424
0.062816
0.281082
0.470257
0.290658
0.808960
0.612135
0.421575
0.891273
0.991213
0.144460
0.228410
0.848789
0.454542
0.749684
0.357661
0.649688
0.414138
0.269851
0.199280
0.241635
0.181158
0.594827
0.735726
0.169385
0.603471
0.930673
0.387593
0.721628
0.766291
0.821730
0.867378
0.626544
0.836720
0.478214
0.364456
0.913005
0.721628
0.014305
0.001080
0.816691
0.279144
0.478214
0.771705
0.382926
0.312615
0.735726
0.603471
0.187953
0.429087
0.935597
0.994555
0.401971
0.019230
0.281082
0.940331
0.236593
0.540922
0.144460
0.241635
0.491556
0.884948
0.801128
0.368979
0.340005
0.816691
0.130653
0.426518
0.981075
0.052535
0.103042
0.620815
0.401971
0.192150
0.157114
0.649688
0.258960
0.787927
0.566341
0.316692
0.801128
0.974087
0.580543
0.996919
0.124654
0.744157
0.962240
0.884948
0.294528
0.449423
0.771705
0.150086
0.922090
0.704484
0.540922
0.007593
0.364456
0.848789
0.821730
0.860501
0.496903
0.704484
0.589144
0.897436
0.535389
0.735726
0.375911
0.779856
0.617854
0.801128
0.836720
0.801128
0.947760
0.758020
0.527033
0.962240
0.177160
0.744157
0.316692
0.667094
0.037099
0.867378
0.658394
0.306500
0.758020
0.821730
0.192150
0.441715
0.269851
0.130653
0.658394
0.874110
0.070668
0.318816
0.758020
0.000129
0.183833
0.483494
0.658394
0.841556
0.122729
0.294528
0.406779
0.658394
0.441715
0.690166
0.350951
0.245003
0.290658
0.059212
0.962240
0.801128
0.971109
0.040864
0.080707
0.907293
0.434080
0.787927
0.300471
0.111596
0.744157
0.322949
0.449423
0.016595
0.901408
0.056256
0.557828
0.940331
0.821730
0.801128
0.084092
0.483494
0.766291
0.571972
0.421575
0.612135
0.429087
0.375911
0.713075
0.284858
0.580543
0.144460
0.491556
0.350951
0.787927
0.121744
0.483494
0.713075
0.978604
0.245003
0.449423
0.387593
0.375911
0.991213
0.695863
0.808960
0.052535
0.907293
0.350951
0.735726
0.947760
0.019768
0.096609
0.836720
0.340005
0.505064
0.294528
0.867378
0.695863
0.848789
0.986757
0.036765
0.808960
0.223587
0.557828
0.513281
0.063362
0.173237
0.658394
0.346575
0.779856
0.649688
0.922090
0.255445
0.962240
0.779856
0.779856
0.150086
0.183833
0.867378
0.603471
0.029982
0.603471
0.105557
0.867378
0.793201
0.002645
0.211153
0.829282
0.549354
0.020320
0.597771
0.183833
0.470257
0.951979
0.603471
0.901408
0.543791
0.513281
0.260793
0.434080
0.470257
0.996919
0.713075
0.867378
0.019768
0.704484
0.070668
0.390021
0.521553
0.566341
0.766291
0.727244
0.735726
0.986757
0.652656
0.441715
0.589144
0.312615
0.589144
0.375911
0.027652
0.000003
0.284858
0.855893
0.062816
0.023508
0.353229
0.028409
0.821730
0.907293
0.626544
0.394742
0.357661
0.779856
0.016595
0.401971
0.357661
0.094284
0.421575
0.306500
0.513281
0.109849
0.935597
0.727244
0.916674
0.597771
0.199280
0.626544
0.441715
0.774492
0.284858
0.580543
0.649688
0.264363
0.505064
0.816691
0.429087
0.107244
0.470257
0.580543
0.306500
0.364456
0.018368
0.935597
0.322949
0.658394
0.758020
0.880693
0.333520
0.414138
0.658394
0.429087
0.390021
0.072465
0.603471
0.104694
0.922090
0.236593
0.462365
0.821730
0.284858
0.951979
0.766291
0.023508
0.011425
0.643949
0.016595
0.169385
0.288671
0.947760
0.922090
0.275424
0.549354
0.848789
0.535389
0.658394
0.841556
0.814067
0.891273
0.727244
0.521553
0.021268
0.245003
0.829282
0.557828
0.048208
0.848789
0.441715
0.478214
0.867378
0.194957
0.927324
0.042685
0.841556
0.382926
0.449423
0.681504
0.241635
0.350951
0.667094
0.306500
0.727244
0.375911
0.951979
0.304435
0.223587
0.612135
0.626544
0.874110
0.962240
0.505064
0.821730
0.901408
0.122729
0.672823
0.829282
0.382926
0.698805
0.304435
0.094284
0.855893
0.612135
0.927324
0.166886
0.406779
0.704484
0.841556
0.203680
0.635244
0.626544
0.989675
0.000134
0.727244
0.300471
0.589144
0.250182
0.012907
0.649688
0.429087
0.897436
0.771705
0.589144
0.375911
0.491556
0.421575
0.043818
0.947760
0.589144
0.215763
0.478214
0.478214
0.206623
0.329292
0.114294
0.727244
0.571972
0.690166
0.841556
0.620815
0.032199
0.991213
0.137917
0.971109
0.250182
0.978604
0.557828
0.401971
0.635244
0.681504
0.340005
0.580543
0.086192
0.962240
0.635244
0.215763
0.698805
0.808960
0.316692
0.294528
