0.449423
0.380525
0.927324
0.056256
0.566341
0.003850
0.727244
0.667094
0.329292
0.214182
0.557828
0.357661
0.090535
0.589144
0.416665
0.462365
0.470257
0.000411
0.130653
0.913005
0.194957
0.543791
0.025274
0.296545
0.829282
0.499678
0.967937
0.137917
0.549354
0.758020
0.727244
0.092778
0.060217
0.183833
0.848789
0.735726
0.867378
0.836720
0.033659
0.039801
0.527033
0.375911
0.075538
0.836720
0.135818
0.241635
0.340005
0.215763
0.612135
0.183833
0.513281
0.199280
0.513281
0.635244
0.141156
0.965738
0.874110
0.183833
0.891273
0.394742
0.580543
0.779856
0.014711
0.779856
0.401971
0.022875
0.667094
0.808960
0.121744
0.335721
0.620815
0.580543
0.141156
0.589144
0.312615
0.874110
0.322949
0.867378
0.922090
0.855893
0.076791
0.848789
0.306500
0.306500
0.203680
0.836720
0.635244
0.470257
0.612135
0.801128
0.635244
0.649688
0.758020
0.241635
0.612135
0.434080
0.580543
0.275424
0.829282
0.491556
0.571972
0.401971
0.658394
0.974087
0.658394
0.068911
0.626544
0.441715
0.409279
0.612135
0.589144
0.867378
0.907293
0.867378
0.721628
0.690166
0.836720
0.951979
0.884948
0.649688
0.884948
0.535389
0.922090
0.589144
0.003289
0.758020
0.543791
0.255445
0.258960
0.549354
0.962240
0.141156
0.513281
0.375911
0.667094
0.166886
0.441715
0.978604
0.704484
0.620815
0.735726
0.076183
0.989675
0.922090
0.597771
0.057717
0.429087
0.446787
0.867378
0.897436
0.357661
0.635244
0.034255
0.535389
0.491556
0.808960
0.658394
0.067775
0.527033
0.135818
0.848789
0.382926
0.401971
0.727244
0.177160
0.223587
0.829282
0.147829
0.922090
0.040498
0.394742
0.549354
0.801128
0.429087
0.771705
0.874110
0.114294
0.727244
0.103042
0.375911
0.557828
0.962240
0.867378
0.255445
0.935597
0.449423
0.735726
0.801128
0.991213
0.056256
0.681504
0.971109
0.051648
0.031348
0.322949
0.364456
0.758020
0.483494
0.672823
0.279144
0.340005
0.998868
0.808960
0.122729
0.401971
0.922090
0.557828
0.735726
0.177160
0.329292
0.414138
0.901408
0.935597
0.003193
0.353229
0.513281
0.103042
0.891273
0.092778
0.658394
0.718717
0.333520
0.735726
0.874110
0.543791
0.801128
0.206623
0.922090
0.491556
0.105557
0.681504
0.779856
0.658394
0.867378
0.470257
0.855893
0.163153
0.557828
0.766291
0.144460
0.052535
0.199280
0.117048
0.829282
0.000437
0.727244
0.612135
0.066084
0.962240
0.032199
0.513281
0.643949
0.965738
0.855893
0.612135
0.390021
0.566341
0.951979
0.279144
0.080707
0.084092
0.269851
0.499678
0.187953
0.092778
0.390021
0.907293
0.771705
0.704484
0.649688
0.371333
0.130653
0.603471
0.454542
0.808960
0.787927
0.117048
0.907293
0.300471
0.543791
0.387593
0.829282
0.907293
0.940331
0.690166
0.275424
0.478214
0.056256
0.306500
0.940331
0.951979
0.557828
0.940331
0.787927
0.766291
0.580543
0.192150
0.574890
0.155897
0.801128
0.580543
0.836720
0.907293
0.306500
0.199280
0.658394
0.635244
0.698805
0.340005
0.829282
0.635244
0.306500
0.758020
0.005523
0.306500
0.958545
0.004728
0.984769
0.779856
0.658394
0.907293
0.867378
0.927324
0.589144
0.255445
0.774492
0.821730
0.421575
0.829282
0.958545
0.075538
0.421575
0.829282
0.092008
0.690166
0.132684
0.020692
0.483494
0.947760
0.620815
0.535389
0.067775
0.580543
0.766291
0.003256
0.698805
0.346575
0.758020
0.364456
0.409279
0.046970
0.306500
0.727244
0.375911
0.394742
0.989675
0.012907
0.527033
0.991213
0.848789
0.721628
0.829282
0.000075
0.075538
0.449423
0.779856
0.848789
0.022875
0.901408
0.228410
0.848789
0.346575
0.371333
0.275424
0.991213
0.658394
0.414138
0.505064
0.000004
0.127623
0.300471
0.316692
0.643949
0.001922
0.382926
0.874110
0.250182
0.322949
0.513281
0.004288
0.620815
0.296545
0.713075
0.096609
0.848789
0.658394
0.713075
0.758020
0.713075
0.063362
0.246759
0.478214
0.074303
0.848789
0.429087
0.183833
0.051648
0.758020
0.848789
0.060217
0.047782
0.117048
0.643949
0.316692
0.735726
0.187953
0.394742
0.862861
0.483494
0.617854
0.021859
0.364456
0.978604
0.787927
0.066084
0.704484
0.127623
0.922090
0.008197
0.620815
0.000241
0.557828
0.004503
0.667094
0.612135
0.127623
0.698805
0.672823
0.220452
0.855893
0.589144
0.478214
0.070668
0.984769
0.658394
0.603471
0.121744
0.848789
0.518727
0.735726
0.046970
0.211153
0.774492
0.382926
0.766291
0.290658
0.690166
0.779856
0.032199
0.346575
0.681504
0.571972
0.394742
0.766291
0.157114
0.801128
0.907293
0.033659
0.394742
0.643949
0.255445
0.063362
0.004503
0.382926
0.695863
0.986757
0.094284
0.017378
0.913005
0.974087
0.150086
0.478214
0.255445
0.735726
0.612135
0.974087
0.394742
0.035500
0.922090
0.322949
0.003354
0.927324
0.199280
0.364456
0.368979
0.652656
0.333520
0.766291
0.269851
0.643949
0.032199
0.030518
0.441715
0.549354
0.011974
0.612135
0.441715
0.364456
0.603471
0.913005
0.978604
0.478214
0.130653
0.061772
0.016595
0.166886
0.294528
0.449423
0.549354
0.109849
0.704484
0.215763
0.094284
0.157114
0.735726
0.667094
0.690166
0.002725
0.057717
0.816691
0.698805
0.801128
0.958545
0.434080
0.030798
0.727244
0.127623
0.758020
0.527033
0.801128
0.695863
0.787927
0.690166
0.032199
0.962240
0.153566
0.036127
0.675784
0.300471
0.527033
0.744157
0.505064
0.011425
0.997586
0.346575
0.727244
0.199280
0.483494
0.414138
0.241635
0.758020
0.109849
0.241635
0.965738
0.255445
0.735726
0.667094
0.951979
0.962240
0.667094
0.635244
0.801128
0.518727
0.483494
0.787927
0.441715
