0.557828
0.566341
0.829282
0.441715
0.146673
0.649688
0.414138
0.236593
0.787927
0.922090
0.135818
0.571972
0.922090
0.467559
0.496903
0.203680
0.913005
0.984769
0.735726
0.981075
0.612135
0.874110
0.779856
0.426518
0.284858
0.958545
0.867378
0.855893
0.643949
0.808960
0.848789
0.505064
0.978604
0.808960
0.310521
0.640981
0.771705
0.958545
0.635244
0.375911
0.139014
0.735726
0.491556
0.009546
0.922090
0.394742
0.951979
0.044581
0.231634
0.658394
0.275424
0.635244
0.077446
0.080707
0.958545
0.681504
0.947760
0.007305
0.643949
0.505064
0.340005
0.801128
0.927324
0.033071
0.907293
0.056256
0.535389
0.421575
0.978604
0.535389
0.557828
0.735726
0.513281
0.801128
0.744157
0.649688
0.215763
0.758020
0.163153
0.801128
0.991213
0.821730
0.589144
0.978604
0.357661
0.779856
0.051648
0.649688
0.974087
0.312615
0.566341
0.005418
0.284858
0.965738
0.779856
0.947760
0.787927
0.220452
0.462365
0.829282
0.214182
0.907293
0.841556
0.279144
0.935597
0.401971
0.947760
0.049040
0.758020
0.557828
0.364456
0.018706
0.058699
0.649688
0.829282
0.166886
0.801128
0.535389
0.643949
0.044581
0.279144
0.916674
0.033659
0.279144
0.649688
0.364456
0.808960
0.199280
0.880693
0.340005
0.003455
0.658394
0.483494
0.543791
0.566341
0.681504
0.183833
0.667094
0.163153
0.153566
0.316692
0.557828
0.513281
0.922090
0.441715
0.704484
0.749684
0.275424
0.626544
0.144460
0.446787
0.137917
0.891273
0.177160
0.589144
0.603471
0.470257
0.362130
0.829282
0.233315
0.231634
0.891273
0.612135
0.962240
0.829282
0.109849
0.350951
0.749684
0.681504
0.103042
0.643949
0.913005
0.131630
0.475494
0.962240
0.073672
0.449423
0.038094
0.470257
0.635244
0.884948
0.978604
0.658394
0.962240
0.041952
0.779856
0.947760
0.246759
0.612135
0.094284
0.995551
0.098985
0.147829
0.357661
0.867378
0.695863
0.187953
0.766291
0.779856
0.340005
0.727244
0.421575
0.094284
0.153566
0.571972
0.518727
0.891273
0.375911
0.335721
0.130653
0.001324
0.144460
0.901408
0.771705
0.075538
0.658394
0.441715
0.000042
0.690166
0.357661
0.147829
0.057717
0.681504
0.880693
0.371333
0.566341
0.643949
0.441715
0.967937
0.098985
0.690166
0.441715
0.735726
0.036127
0.597771
0.566341
0.713075
0.039801
0.947760
0.505064
0.024596
0.829282
0.173237
0.557828
0.549354
0.571972
0.557828
0.316692
0.771705
0.690166
0.513281
0.177160
0.962240
0.991213
0.306500
0.580543
0.978604
0.194957
0.470257
0.974087
0.956001
0.033659
0.566341
0.290658
0.394742
0.891273
0.801128
0.012907
0.001284
0.368979
0.766291
0.860501
0.153566
0.527033
0.483494
0.681504
0.672823
0.978604
0.483494
0.177160
0.290658
0.290658
0.183833
0.704484
0.580543
0.935597
0.867378
0.070668
0.922090
0.649688
0.521553
0.649688
0.246759
0.092008
0.020320
0.913005
0.483494
0.901408
0.766291
0.836720
0.294528
0.000609
0.421575
0.962240
0.218844
0.044581
0.884948
0.535389
0.414138
0.211153
0.096609
0.075538
0.603471
0.681504
0.454542
0.808960
0.394742
0.161896
0.394742
0.749684
0.070668
0.986757
0.072465
0.884948
0.206623
0.855893
0.658394
0.088340
0.766291
0.406779
0.406779
0.357661
0.177160
0.658394
0.971109
0.787927
0.414138
0.491556
0.589144
0.779856
0.275424
0.997586
0.166886
0.236593
0.626544
0.962240
0.848789
0.612135
0.984769
0.821730
0.951979
0.927324
0.228410
0.333520
0.236593
0.801128
0.421575
0.406779
0.382926
0.269851
0.612135
0.344325
0.867378
0.322949
0.527033
0.652656
0.771705
0.007965
0.470257
0.779856
0.211153
0.766291
0.779856
0.713075
0.496903
0.462365
0.322949
0.927324
0.658394
0.346575
0.157114
0.000254
0.922090
0.698805
0.713075
0.978604
0.401971
0.612135
0.105557
0.009822
0.808960
0.467559
0.557828
0.571972
0.597771
0.462365
0.795913
0.713075
0.119859
0.269851
0.470257
0.829282
0.848789
0.907293
0.163153
0.635244
0.779856
0.626544
0.580543
0.855893
0.549354
0.019768
0.713075
0.269851
0.070668
0.779856
0.346575
0.704484
0.368979
0.316692
0.947760
0.350951
0.681504
0.109849
0.779856
0.018706
0.951979
0.132684
0.557828
0.848789
0.566341
0.107244
0.916674
0.771705
0.603471
0.179787
0.984769
0.566341
0.758020
0.246759
0.296545
0.735726
0.901408
0.020886
0.241635
0.177160
0.681504
0.072465
0.218844
0.527033
0.801128
0.727244
0.004164
0.483494
0.045761
0.821730
0.300471
0.173237
0.574890
0.727244
0.667094
0.357661
0.135818
0.255445
0.999575
0.801128
0.860501
0.228410
0.735726
0.057717
0.698805
0.250182
0.874110
0.848789
0.801128
0.003099
0.241635
0.867378
0.462365
0.260793
0.255445
0.316692
0.721628
0.288671
0.092008
0.672823
0.505064
0.390021
0.000516
0.951979
0.340005
0.129613
0.867378
0.566341
0.594827
0.346575
0.340005
0.884948
0.284858
0.787927
0.236593
0.643949
0.635244
0.181158
0.649688
0.962240
0.434080
0.153566
0.527033
0.513281
0.255445
0.667094
0.867378
0.121744
0.793201
0.603471
0.907293
0.000578
0.744157
0.884948
0.306500
0.801128
0.003008
0.635244
0.094284
0.357661
0.735726
0.245003
0.051194
0.316692
0.004728
0.947760
0.160731
0.848789
0.986757
0.986757
0.884948
0.310521
0.855893
0.907293
0.441715
0.223587
0.228410
0.971109
0.848789
0.346575
0.284858
0.434080
0.001636
0.999575
0.935597
0.557828
0.114294
0.658394
0.513281
0.011974
0.713075
0.681504
0.177160
0.749684
0.001271
0.658394
0.816691
0.109849
0.031348
0.035180
0.177160
0.589144
0.779856
0.245003
0.594827
0.907293
0.940331
0.681504
0.521553
0.127623
