0.414138
0.275424
0.543791
0.499678
0.163153
0.897436
0.163153
0.947760
0.401971
0.190711
0.935597
0.535389
0.891273
0.316692
0.681504
0.635244
0.744157
0.527033
0.713075
0.316692
0.000590
0.913005
0.483494
0.300471
0.956001
0.543791
0.749684
0.496903
0.112510
0.947760
0.787927
0.704484
0.836720
0.867378
0.951979
0.306500
0.187953
0.867378
0.940331
0.848789
0.681504
0.758020
0.874110
0.414138
0.549354
0.867378
0.513281
0.322949
0.041578
0.187953
0.211153
0.223587
0.375911
0.958545
0.072465
0.935597
0.821730
0.038764
0.414138
0.635244
0.194957
0.357661
0.672823
0.454542
0.580543
0.470257
0.067775
0.612135
0.867378
0.635244
0.513281
0.183833
0.681504
0.090535
0.779856
0.626544
0.109849
0.589144
0.505064
0.187953
0.241635
0.009546
0.808960
0.986757
0.057717
0.891273
0.203680
0.284858
0.704484
0.073672
0.139014
0.981075
0.340005
0.175815
0.387593
0.059212
0.981075
0.658394
0.105557
0.735726
0.357661
0.994555
0.346575
0.079397
0.727244
0.940331
0.713075
0.793201
0.072465
0.067775
0.860501
0.749684
0.023508
0.449423
0.211153
0.518727
0.749684
0.672823
0.231634
0.322949
0.192150
0.434080
0.462365
0.284858
0.779856
0.874110
0.795913
0.698805
0.050328
0.848789
0.836720
0.316692
0.962240
0.371333
0.690166
0.681504
0.808960
0.032199
0.163153
0.704484
0.021268
0.566341
0.264363
0.375911
0.483494
0.744157
0.907293
0.758020
0.580543
0.891273
0.766291
0.183833
0.362130
0.223587
0.371333
0.643949
0.122729
0.543791
0.441715
0.698805
0.462365
0.505064
0.236593
0.984769
0.681504
0.672823
0.275424
0.543791
0.527033
0.144460
0.816691
0.255445
0.462365
0.690166
0.117048
0.897436
0.401971
0.935597
0.991213
0.115226
0.690166
0.658394
0.557828
0.153566
0.589144
0.713075
0.260793
0.940331
0.821730
0.016293
0.281082
0.258960
0.549354
0.649688
0.513281
0.284858
0.958545
0.001636
0.037752
0.462365
0.135818
0.874110
0.072465
0.009104
0.749684
0.246759
0.620815
0.758020
0.350951
0.042685
0.491556
0.119859
0.848789
0.971109
0.491556
0.483494
0.470257
0.727244
0.029186
0.513281
0.841556
0.446787
0.357661
0.163153
0.470257
0.513281
0.735726
0.300471
0.144460
0.626544
0.690166
0.713075
0.951979
0.521553
0.284858
0.012548
0.284858
0.571972
0.549354
0.329292
0.527033
0.913005
0.063362
0.223587
0.758020
0.340005
0.333520
0.177160
0.449423
0.117048
0.006637
0.695863
0.406779
0.935597
0.580543
0.884948
0.139014
0.192150
0.441715
0.867378
0.549354
0.841556
0.275424
0.004503
0.329292
0.187953
0.300471
0.312615
0.580543
0.897436
0.589144
0.571972
0.050328
0.713075
0.223587
0.132684
0.884948
0.594827
0.434080
0.045761
0.867378
0.594827
0.643949
0.967937
0.139014
0.658394
0.860501
0.462365
0.470257
0.557828
0.346575
0.884948
0.940331
0.421575
0.387593
0.483494
0.935597
0.124654
0.483494
0.891273
0.079397
0.580543
0.848789
0.310521
0.557828
0.848789
0.727244
0.075538
0.727244
0.269851
0.429087
0.749684
0.626544
0.187953
0.092778
0.658394
0.107244
0.891273
0.215763
0.327120
0.557828
0.163153
0.930673
0.449423
0.051648
0.947760
0.907293
0.935597
0.100580
0.279144
0.024596
0.962240
0.166886
0.300471
0.635244
0.186540
0.098985
0.787927
0.016139
0.829282
0.333520
0.974087
0.848789
0.499678
0.387593
0.364456
0.513281
0.901408
0.640981
0.199280
0.300471
0.612135
0.698805
0.199280
0.635244
0.483494
0.571972
0.080707
0.927324
0.704484
0.589144
0.177160
0.771705
0.913005
0.114294
0.907293
0.275424
0.549354
0.667094
0.409279
0.079397
0.513281
0.462365
0.203680
0.766291
0.454542
0.114294
0.927324
0.727244
0.787927
0.421575
0.387593
0.958545
0.449423
0.922090
0.441715
0.322949
0.357661
0.713075
0.275424
0.667094
0.394742
0.192150
0.382926
0.922090
0.483494
0.038764
0.269851
0.105557
0.994555
0.055312
0.175815
0.096609
0.096609
0.483494
0.505064
0.382926
0.681504
0.589144
0.962240
0.421575
0.589144
0.382926
0.211153
0.860501
0.874110
0.086192
0.441715
0.409279
0.449423
0.744157
0.499678
0.884948
0.211153
0.394742
0.016595
0.241635
0.620815
0.279144
0.735726
0.940331
0.643949
0.009546
0.166886
0.594827
0.848789
0.884948
0.318816
0.766291
0.867378
0.867378
0.695863
0.808960
0.829282
0.023508
0.998868
0.913005
0.901408
0.922090
0.566341
0.884948
0.467559
0.021268
0.829282
0.580543
0.927324
0.109849
0.580543
0.713075
0.449423
0.612135
0.206623
0.141156
0.771705
0.735726
0.974087
0.727244
0.049040
0.241635
0.552238
0.907293
0.867378
0.681504
0.935597
0.166886
0.527033
0.401971
0.513281
0.649688
0.273514
0.441715
0.992594
0.612135
0.594827
0.199280
0.119859
0.860501
0.441715
0.808960
0.401971
0.044980
0.718717
0.626544
0.571972
0.478214
0.462365
0.470257
0.364456
0.421575
0.974087
0.978604
0.434080
0.344325
0.771705
0.390021
0.571972
0.521553
0.194957
0.166886
0.672823
0.483494
0.649688
0.211153
0.848789
0.841556
0.549354
0.051648
0.951979
0.346575
0.223587
0.387593
0.505064
0.340005
0.612135
0.382926
0.984769
0.173237
0.535389
0.092778
0.350951
0.483494
0.241635
0.626544
0.735726
0.549354
0.652656
0.032199
0.821730
0.566341
0.088340
0.612135
0.801128
0.901408
0.132684
0.312615
0.535389
0.816691
0.429087
0.306500
0.092778
0.681504
0.735726
0.426518
0.513281
0.612135
0.935597
0.344325
0.199280
0.704484
0.580543
0.215763
0.597771
0.327120
0.421575
0.144460
0.449423
0.690166
0.758020
0.557828
0.971109
0.735726
0.139014
0.236593
0.971109
0.194957
0.907293
