0.000178
0.000609
0.080707
0.006325
0.117048
0.000516
0.000000
0.296545
0.021859
0.010009
0.312615
0.069506
0.002517
0.030798
0.000009
0.246759
0.000097
0.000000
0.000779
0.000019
0.020886
0.233315
0.012317
0.000402
0.012317
0.000217
0.000000
0.228410
0.192150
0.000359
0.007815
0.002395
0.000279
0.001149
0.690166
0.037099
0.215763
0.048208
0.000071
0.529876
0.039801
0.007032
0.513281
0.364456
0.098985
0.000016
0.233315
0.000085
0.000437
0.000015
0.001636
0.002146
0.157114
0.848789
0.018036
0.275424
0.000249
0.266225
0.329292
0.025274
0.153566
0.000001
0.000002
0.690166
0.019230
0.059212
0.000069
0.816691
0.382926
0.064431
0.109849
0.001636
0.000047
0.000020
0.059212
0.000000
0.000271
0.008436
0.721628
0.000001
0.000015
0.055312
0.001149
0.004164
0.009822
0.031348
0.004043
0.122729
0.001436
0.000804
0.000000
0.048208
0.000002
0.004164
0.401971
0.000134
0.013654
0.000829
0.998868
0.048208
0.228410
0.549354
0.187953
0.027908
0.077446
0.038094
0.043818
0.053907
0.045761
0.491556
0.491556
0.192150
0.033659
0.142275
0.891273
0.012317
0.000097
0.643949
0.130653
0.808960
0.055312
0.103042
0.848789
0.829282
0.130653
0.735726
0.000918
0.069506
0.001246
0.000004
0.215763
0.001687
0.016293
0.044980
0.000113
0.735726
0.130653
0.000193
0.000628
0.457201
0.003965
0.043818
0.000193
0.010106
0.002808
0.816691
0.108126
0.000000
0.025274
0.470257
0.009822
0.001922
0.000804
0.013654
0.028672
0.001006
0.001149
0.032199
0.000000
0.076183
0.000001
0.000402
0.036456
0.690166
0.098985
0.208158
0.529876
0.000628
0.009104
0.092778
0.003289
0.223587
0.187953
0.241635
0.003131
0.001556
0.597771
0.008436
0.000012
0.401971
0.170690
0.006325
0.014305
0.160731
0.084803
0.000475
0.000046
0.074303
0.231634
0.000020
0.382926
0.004084
0.002672
0.109849
0.024158
0.000210
0.052999
0.132684
0.014711
0.076183
0.032199
0.000829
0.018036
0.040864
0.000271
0.000000
0.364456
0.160731
0.721628
0.064990
0.006511
0.130653
0.115226
0.032199
0.019412
0.000125
0.000006
0.007239
0.028672
0.015845
0.867378
0.151265
0.051648
0.001246
0.766291
0.000609
0.147829
0.735726
0.991213
0.000294
0.026684
0.000946
0.008197
0.000544
0.127623
0.371333
0.192150
0.046970
0.000033
0.000424
0.836720
0.000764
0.000764
0.001027
0.000134
0.652656
0.409279
0.001246
0.005162
0.913005
0.535389
0.220452
0.855893
0.000341
0.000000
0.000304
0.000009
0.018883
0.006511
0.185229
0.281082
0.891273
0.000000
0.215763
0.329292
0.000000
0.000041
0.557828
0.735726
0.269851
0.000001
0.003965
0.981075
0.000044
0.040864
0.401971
0.012670
0.031348
0.166886
0.117048
0.000028
0.069506
0.021268
0.000019
0.228410
0.566341
0.000516
0.005162
0.002517
0.001828
0.014711
0.187953
0.375911
0.076183
0.436675
0.004164
0.744157
0.220452
0.061772
0.000047
0.233315
0.010298
0.000304
0.004288
0.196422
0.000001
0.013654
0.574890
0.051648
0.004637
0.028672
0.127623
0.000229
0.000005
0.690166
0.000000
0.000304
0.002808
0.364456
0.027908
0.368979
0.000003
0.612135
0.667094
0.000500
0.000001
0.001510
0.009822
0.063362
0.011425
0.000000
0.000000
0.000609
0.478214
0.007032
0.039115
0.574890
0.006511
0.958545
0.233315
0.766291
0.007593
0.000000
0.429087
0.038094
0.000257
0.000000
0.000134
0.092778
0.002725
0.098985
0.000976
0.000008
0.000033
0.000009
0.013654
0.000359
0.074303
0.557828
0.364456
0.000000
0.005162
0.000002
0.246759
0.012090
0.000000
0.086192
0.023508
0.000000
0.105557
0.000001
0.017543
0.000000
0.000005
0.000236
0.109849
0.000000
0.067775
0.048208
0.015409
0.000000
0.000078
0.000100
0.346575
0.000000
0.035500
0.017543
0.064990
0.000002
0.001510
0.021859
0.002146
0.040864
0.000257
0.000002
0.020886
0.260793
0.053907
0.698805
0.006703
0.000437
0.000113
0.027908
0.010106
0.250182
0.030798
0.281082
0.000236
0.211153
0.000031
0.122729
0.000063
0.112510
0.000001
0.470257
0.000000
0.046970
0.409279
0.002808
0.000008
0.681504
0.009546
0.000020
0.016293
0.000018
0.051648
0.000976
0.006511
0.012317
0.000000
0.001149
0.421575
0.795913
0.112510
0.037099
0.029186
0.233315
0.000000
0.000000
0.000229
0.891273
0.192150
0.965738
0.483494
0.000001
0.029982
0.079397
0.079397
0.075538
0.009546
0.033659
0.086919
0.006703
0.000003
0.364456
0.038094
0.046170
0.816691
0.000000
0.030798
0.521553
0.255445
0.000475
0.043818
0.000000
0.203680
0.390021
0.000145
0.000000
0.022466
0.048208
0.013654
0.449423
0.620815
0.371333
0.491556
0.014711
0.000249
0.066084
0.000047
0.181158
0.192150
0.017543
0.002672
0.007032
0.000946
0.000037
0.000000
0.000846
0.000172
0.032199
0.000058
0.004503
0.000005
0.002950
0.566341
0.306500
0.000976
0.000002
0.008436
0.335721
0.766291
0.000001
0.043818
0.122729
0.000034
0.000150
0.698805
0.012317
0.478214
0.000320
0.105557
0.002395
0.115226
0.028672
0.044980
0.021859
0.000359
0.084803
0.000047
0.027908
0.643949
0.001636
0.000003
0.013276
0.060743
0.000005
0.580543
0.009546
0.000288
0.006325
0.115226
0.000285
0.013032
0.000003
0.269851
0.394742
0.000000
0.206623
0.004288
0.962240
0.005013
0.005262
0.000003
0.000014
0.000001
0.002082
0.000000
0.192150
0.643949
0.000033
0.000829
0.000899
0.000087
0.000153
0.000008
0.009104
0.003388
0.144460
0.060743
0.003039
0.122729
0.012317
0.867378
0.012317
0.353229
0.000014
0.122729
0.000008
0.752533
0.000590
0.001774
0.000000
0.010595
0.667094
0.010900
