0.006511
0.000829
0.000018
0.010900
0.010595
0.057717
0.002567
0.000304
0.003131
0.181158
0.034568
0.000000
0.000313
0.072465
0.052999
0.001510
0.000003
0.000000
0.151265
0.003193
0.000178
0.004637
0.002255
0.002082
0.000004
0.848789
0.004637
0.057717
0.003193
0.927324
0.000229
0.052999
0.597771
0.000080
0.457201
0.001059
0.020886
0.010900
0.000000
0.029982
0.000000
0.001556
0.003388
0.000000
0.000217
0.011753
0.026438
0.574890
0.007593
0.000007
0.001421
0.004288
0.009277
0.025970
0.119859
0.086919
0.000001
0.000050
0.241635
0.002808
0.000001
0.635244
0.000163
0.018883
0.122729
0.635244
0.008197
0.007378
0.000000
0.032199
0.057717
0.279144
0.001922
0.000010
0.003965
0.187953
0.000000
0.003559
0.139014
0.001636
0.000648
0.096609
0.022466
0.035500
0.009104
0.000178
0.000341
0.462365
0.147829
0.009104
0.019412
0.003193
0.364456
0.000004
0.002146
0.001721
0.000000
0.173237
0.002645
0.090535
0.228410
0.023508
0.000033
0.000424
0.000271
0.000030
0.589144
0.160731
0.543791
0.041952
0.241635
0.275424
0.029982
0.000561
0.000918
0.028672
0.000134
0.000121
0.329292
0.076183
0.255445
0.001149
0.382926
0.312615
0.758020
0.119859
0.014043
0.000000
0.752533
0.000056
0.030798
0.003559
0.160731
0.000035
0.000092
0.000115
0.000061
0.000031
0.130653
0.000001
0.066084
0.255445
0.246759
0.004288
0.478214
0.000040
0.018883
0.002146
0.000001
0.000037
0.643949
0.000063
0.000718
0.566341
0.000000
0.001828
0.003559
0.000500
0.001149
0.000089
0.053907
0.112510
0.000138
0.003388
0.000123
0.000609
0.000000
0.312615
0.549354
0.119859
0.157114
0.535389
0.390021
0.744157
0.543791
0.698805
0.064990
0.038764
0.006637
0.018368
0.115226
0.620815
0.038764
0.675784
0.829282
0.368979
0.036456
0.312615
0.000578
0.704484
0.390021
0.421575
0.000063
0.000000
0.024158
0.130653
0.364456
0.003559
0.000163
0.001149
0.008197
0.003289
0.000005
0.215763
0.505064
0.836720
0.017543
0.030798
0.079397
0.000002
0.000000
0.409279
0.028672
0.357661
0.000424
0.000000
0.589144
0.000141
0.103042
0.000402
0.364456
0.067775
0.147829
0.000271
0.055312
0.004503
0.000009
0.238302
0.000000
0.000119
0.322949
0.667094
0.000008
0.000000
0.051648
0.241635
0.275424
0.000007
0.071276
0.000294
0.000004
0.177160
0.000390
0.013654
0.499678
0.000052
0.002725
0.020320
0.000236
0.098985
0.021859
0.109849
0.030798
0.721628
0.005162
0.836720
0.000001
0.316692
0.000013
0.643949
0.000000
0.000829
0.000641
0.000113
0.371333
0.513281
0.000003
0.122729
0.007378
0.000004
0.151265
0.018036
0.690166
0.026684
0.000024
0.012670
0.127623
0.000035
0.181158
0.001556
0.006325
0.535389
0.000490
0.390021
0.050328
0.620815
0.017543
0.199280
0.028672
0.036456
0.001884
0.000044
0.005418
0.675784
0.011753
0.018883
0.067775
0.135818
0.181158
0.000001
0.000696
0.048208
0.122729
0.000490
0.667094
0.056256
0.019768
0.721628
0.002324
0.038094
0.001114
0.008436
0.774492
0.041952
0.002950
0.153566
0.051648
0.000078
0.000628
0.101413
0.499678
0.589144
0.329292
0.024158
0.019412
0.000561
0.000527
0.449423
0.713075
0.009104
0.749684
0.000000
0.974087
0.000025
0.000359
0.000106
0.199280
0.000262
0.038094
0.088340
0.007815
0.000437
0.034568
0.008197
0.000187
0.735726
0.012670
0.848789
0.081393
0.000002
0.151265
0.000033
0.255445
0.153566
0.000001
0.018883
0.000313
0.000141
0.014711
0.000236
0.027908
0.014711
0.039115
0.000000
0.241635
0.346575
0.008682
0.000204
0.010106
0.119859
0.151265
0.260793
0.603471
0.092778
0.147829
0.025970
0.000490
0.009822
0.003039
0.000000
0.000000
0.013276
0.574890
0.000009
0.017543
0.281082
0.049476
0.001465
0.048208
0.084803
0.000000
0.612135
0.260793
0.004164
0.000182
0.050328
0.020886
0.049040
0.084803
0.007593
0.000000
0.046970
0.233315
0.019412
0.000000
0.115226
0.008436
0.335721
0.000000
0.000532
0.044980
0.007032
0.003039
0.119859
0.000000
0.000119
0.010595
0.007593
0.296545
0.891273
0.000021
0.001421
0.000000
0.000031
0.024158
0.006028
0.006028
0.011106
0.157114
0.135818
0.441715
0.000002
0.779856
0.000437
0.147829
0.000000
0.005418
0.346575
0.449423
0.499678
0.808960
0.913005
0.353229
0.505064
0.000009
0.007168
0.000053
0.346575
0.005013
0.787927
0.007815
0.046970
0.956001
0.020320
0.215763
0.077446
0.000005
0.098985
0.000031
0.122729
0.066656
0.000561
0.000313
0.000001
0.000017
0.000578
0.000193
0.119859
0.003666
0.629509
0.375911
0.059212
0.000008
0.000236
0.000872
0.246759
0.001636
0.000000
0.006144
0.001922
0.003388
0.667094
0.246759
0.000001
0.063362
0.130653
0.000532
0.079397
0.037099
0.000946
0.003193
0.000359
0.185229
0.160731
0.296545
0.371333
0.220452
0.043818
0.000071
0.163153
0.241635
0.675784
0.491556
0.855893
0.000005
0.011753
0.000078
0.016293
0.139014
0.346575
0.000020
0.346575
0.046970
0.787927
0.001465
0.042685
0.060743
0.064990
0.004503
0.098985
0.166886
0.000402
0.000080
0.002146
0.000829
0.521553
0.142275
0.000001
0.187953
0.001208
0.241635
0.151265
0.000829
0.000003
0.012670
0.001184
0.006703
0.000123
0.000045
0.004288
0.000001
0.203680
0.000167
0.009104
0.005855
0.884948
0.044980
0.000872
0.166886
0.000000
0.000172
0.000001
0.000172
0.000359
0.000003
0.007593
0.132684
0.215763
0.774492
0.000000
0.521553
0.041952
0.499678
0.055312
0.000927
0.074303
0.044980
0.009546
0.170690
0.009104
0.000001
0.003039
0.211153
0.009822
0.072465
0.000628
