0.540922
0.171915
0.171915
0.649688
0.171915
0.320806
0.320806
0.617854
0.518727
0.209600
0.467559
0.483494
0.540922
0.267971
0.916674
0.106369
0.475494
0.454542
0.186540
0.380525
0.267971
0.226757
0.209600
0.640981
0.571972
0.226757
0.085471
0.916674
0.640981
0.320806
0.549354
0.518727
0.039445
0.253642
0.916674
0.617854
0.549354
0.304435
0.267971
0.475494
0.327120
0.209600
0.399498
0.640981
0.571972
0.446787
0.640981
0.718717
0.989675
0.695863
0.922090
0.202171
0.779856
0.713075
0.635244
0.446787
0.718717
0.727244
0.518727
0.771705
0.594827
0.513281
0.401971
0.267971
0.320806
0.540922
0.901408
0.214182
0.540922
0.467559
0.294528
0.878466
0.253642
0.304435
0.414138
0.394742
0.320806
0.540922
0.771705
0.085471
0.580543
0.681504
0.978604
0.288671
0.483494
0.171915
0.727244
0.155897
0.540922
0.253642
0.380525
0.527033
0.801128
0.594827
0.594827
0.288671
0.829282
0.867378
0.571972
0.971109
0.294528
0.333520
0.258960
0.626544
0.916674
0.211153
0.344325
0.672823
0.718717
0.814067
0.947760
0.169385
0.171915
0.571972
0.867378
0.239907
0.947760
0.649688
0.727244
0.304435
0.518727
0.406779
0.288671
0.658394
0.426518
0.695863
0.749684
0.935597
0.563435
0.258960
0.672823
0.779856
0.320806
0.672823
0.540922
0.155897
0.074897
0.467559
0.304435
0.061238
0.253642
0.245003
0.672823
0.672823
0.399498
0.267971
0.063876
0.131630
0.446787
0.496903
0.446787
0.380525
0.140045
0.304435
0.143326
0.399498
0.267971
0.640981
0.399498
0.380525
0.337784
0.617854
0.059696
0.171915
0.267971
0.337784
0.947760
0.304435
0.023291
0.426518
0.380525
0.649688
0.814067
0.155897
0.226757
0.718717
0.123655
0.571972
0.496903
0.704484
0.467559
0.112510
0.169385
0.540922
0.603471
0.022258
0.617854
0.848789
0.749684
0.327120
0.518727
0.793201
0.749684
0.380525
0.860501
0.793201
0.540922
0.563435
0.267971
0.467559
0.387593
0.947760
0.580543
0.549354
0.884948
0.626544
0.140045
0.496903
0.549354
0.771705
0.426518
0.814067
0.426518
0.749684
0.050745
0.253642
0.771705
0.695863
0.098170
0.426518
0.258960
0.454542
0.749684
0.814067
0.841556
0.771705
0.446787
0.236593
0.310521
0.214182
0.414138
0.368979
0.672823
0.695863
0.695863
0.540922
0.978604
0.171915
0.245003
0.273514
0.406779
0.344325
0.695863
0.793201
0.571972
0.540922
0.226757
0.446787
0.640981
0.253642
0.540922
0.226757
0.406779
0.209600
0.930673
0.344325
0.350951
0.106369
0.540922
0.304435
0.171915
0.527033
0.571972
0.399498
0.672823
0.901408
0.186540
0.179787
0.320806
0.695863
0.695863
0.380525
0.446787
0.884948
0.399498
0.672823
0.672823
0.922090
0.829282
0.462365
0.006447
0.288671
0.327120
0.527033
0.922090
0.467559
0.206623
0.258960
0.399498
0.186540
0.214182
0.434080
0.258960
0.841556
0.209600
0.446787
0.878466
0.848789
0.713075
0.116102
0.695863
0.594827
0.935597
0.658394
0.446787
0.362130
0.304435
0.617854
0.406779
0.273514
0.294528
0.253642
0.540922
0.362130
0.258960
0.475494
0.380525
0.446787
0.190711
0.793201
0.749684
0.258960
0.801128
0.571972
0.901408
0.253642
0.695863
0.406779
0.962240
0.563435
0.672823
0.549354
0.749684
0.496903
0.171915
0.258960
0.695863
0.727244
0.594827
0.557828
0.327120
0.446787
0.527033
0.250182
0.884948
0.658394
0.505064
0.617854
0.695863
0.841556
0.571972
0.930673
0.068911
0.467559
0.779856
0.206623
0.681504
0.718717
0.454542
0.320806
0.267971
0.640981
0.050745
0.253642
0.695863
0.540922
0.841556
0.226757
0.540922
0.337784
0.171915
0.695863
0.901408
0.704484
0.320806
0.063876
0.209600
0.209600
0.672823
0.571972
0.488801
0.380525
0.695863
0.253642
0.446787
0.540922
0.718717
0.467559
0.571972
0.106369
0.446787
0.426518
0.947760
0.209600
0.082732
0.123655
0.197797
0.070065
0.239907
0.540922
0.267971
0.617854
0.304435
0.320806
0.695863
0.143326
0.102197
0.050745
0.362130
0.186540
0.123655
0.446787
0.617854
0.304435
0.131630
0.649688
0.320806
0.058699
0.467559
0.131630
0.406779
0.267971
0.475494
0.571972
0.571972
0.947760
0.197797
0.672823
0.131630
0.467559
0.467559
0.867378
0.496903
0.446787
0.194957
0.540922
0.279144
0.801128
0.922090
0.304435
0.346575
0.368979
0.399498
0.958545
0.223587
0.603471
0.406779
0.518727
0.907293
0.294528
0.540922
0.681504
0.594827
0.171915
0.617854
0.649688
0.549354
0.540922
0.467559
0.221961
0.488801
0.186540
0.239907
0.140045
0.166886
0.496903
0.540922
0.226757
0.304435
0.718717
0.793201
0.226757
0.935597
0.320806
0.304435
0.239907
0.288671
0.116102
0.337784
0.380525
0.111596
0.171915
0.617854
0.171915
0.793201
0.695863
0.571972
0.399498
0.649688
0.218844
0.571972
0.467559
0.467559
0.958545
0.143326
0.718717
0.814067
0.267971
0.209600
0.426518
0.758020
0.273514
0.540922
0.594827
0.771705
0.131630
0.446787
0.947760
0.294528
0.848789
0.050745
0.304435
0.387593
0.320806
0.380525
0.557828
0.406779
0.085471
0.829282
0.801128
0.175815
0.231634
0.446787
0.496903
0.793201
0.475494
0.540922
0.617854
0.171915
0.496903
0.488801
0.446787
0.085471
0.218844
0.327120
0.387593
0.288671
0.214182
0.253642
0.930673
0.368979
0.518727
0.320806
0.467559
0.267971
0.884948
0.362130
0.426518
0.304435
0.617854
0.841556
0.267971
0.399498
0.793201
0.505064
0.571972
0.092008
0.441715
0.958545
0.549354
0.161896
0.406779
0.640981
0.434080
0.749684
0.406779
0.958545
0.672823
0.681504
0.935597
0.540922
0.535389
0.617854
0.267971
0.218844
0.304435
