0.068911
0.316692
0.250182
0.183833
0.848789
0.855893
0.735726
0.855893
0.449423
0.793201
0.169385
0.112510
0.061772
0.375911
0.713075
0.808960
0.735726
0.350951
0.649688
0.557828
0.758020
0.499678
0.927324
0.808960
0.808960
0.667094
0.179787
0.027164
0.612135
0.984769
0.947760
0.649688
0.589144
0.124654
0.079397
0.552238
0.350951
0.658394
0.192150
0.409279
0.013654
0.029982
0.350951
0.675784
0.300471
0.109849
0.290658
0.620815
0.821730
0.951979
0.749684
0.255445
0.901408
0.112510
0.009546
0.421575
0.766291
0.043818
0.505064
0.294528
0.505064
0.316692
0.304435
0.589144
0.124654
0.829282
0.357661
0.951979
0.735726
0.927324
0.223587
0.306500
0.112510
0.203680
0.322949
0.233315
0.228410
0.884948
0.150086
0.284858
0.557828
0.103042
0.144460
0.090535
0.787927
0.658394
0.505064
0.163153
0.346575
0.735726
0.016595
0.704484
0.290658
0.401971
0.040864
0.801128
0.211153
0.346575
0.070668
0.462365
0.612135
0.329292
0.787927
0.535389
0.322949
0.566341
0.010298
0.329292
0.166886
0.294528
0.346575
0.127623
0.649688
0.139014
0.658394
0.421575
0.735726
0.821730
0.462365
0.166886
0.170690
0.727244
0.446787
0.021859
0.010298
0.566341
0.513281
0.462365
0.084803
0.867378
0.841556
0.603471
0.057717
0.401971
0.735726
0.735726
0.658394
0.053907
0.667094
0.092008
0.364456
0.744157
0.787927
0.275424
0.446787
0.312615
0.749684
0.986757
0.793201
0.000330
0.967937
0.758020
0.855893
0.491556
0.306500
0.855893
0.499678
0.002517
0.434080
0.049040
0.173237
0.264363
0.483494
0.667094
0.115226
0.681504
0.749684
0.704484
0.552238
0.228410
0.901408
0.821730
0.667094
0.994555
0.940331
0.801128
0.340005
0.008597
0.505064
0.821730
0.690166
0.001636
0.036127
0.513281
0.163153
0.667094
0.454542
0.867378
0.984769
0.549354
0.401971
0.059212
0.801128
0.449423
0.848789
0.589144
0.535389
0.867378
0.695863
0.557828
0.658394
0.643949
0.194957
0.999892
0.019768
0.801128
0.597771
0.557828
0.255445
0.626544
0.667094
0.382926
0.580543
0.066084
0.010298
0.626544
0.727244
0.766291
0.867378
0.774492
0.787927
0.735726
0.382926
0.935597
0.208158
0.808960
0.478214
0.951979
0.434080
0.273514
0.907293
0.927324
0.322949
0.735726
0.290658
0.011640
0.552238
0.891273
0.713075
0.635244
0.441715
0.483494
0.306500
0.829282
0.401971
0.004637
0.290658
0.007168
0.290658
0.228410
0.096609
0.922090
0.922090
0.470257
0.250182
0.135818
0.617854
0.491556
0.000024
0.986757
0.269851
0.084803
0.119859
0.357661
0.617854
0.667094
0.329292
0.907293
0.281082
0.681504
0.991213
0.183833
0.483494
0.571972
0.236593
0.589144
0.681504
0.643949
0.704484
0.070668
0.907293
0.255445
0.346575
0.821730
0.848789
0.940331
0.878466
0.940331
0.029708
0.841556
0.245003
0.199280
0.779856
0.144460
0.744157
0.104694
0.727244
0.658394
0.000527
0.848789
0.927324
0.829282
0.521553
0.211153
0.774492
0.406779
0.793201
0.394742
0.387593
0.589144
0.390021
0.409279
0.848789
0.758020
0.166886
0.000527
0.848789
0.829282
0.951979
0.401971
0.310521
0.505064
0.169385
0.375911
0.067775
0.930673
0.179787
0.557828
0.951979
0.196422
0.552238
0.394742
0.821730
0.312615
0.281082
0.690166
0.401971
0.114294
0.766291
0.186540
0.147829
0.521553
0.758020
0.922090
0.535389
0.589144
0.713075
0.187953
0.449423
0.513281
0.060743
0.312615
0.521553
0.211153
0.316692
0.967937
0.958545
0.163153
0.855893
0.996919
0.916674
0.066084
0.329292
0.236593
0.667094
0.211153
0.612135
0.690166
0.483494
0.594827
0.300471
0.735726
0.513281
0.007378
0.107244
0.454542
0.589144
0.075538
0.543791
0.891273
0.401971
0.505064
0.658394
0.505064
0.766291
0.499678
0.163153
0.836720
0.695863
0.449423
0.667094
0.787927
0.255445
0.135818
0.406779
0.891273
0.649688
0.758020
0.727244
0.580543
0.513281
0.927324
0.183833
0.771705
0.978604
0.096609
0.808960
0.019768
0.589144
0.787927
0.269851
0.643949
0.357661
0.713075
0.475494
0.589144
0.151265
0.658394
0.119859
0.132684
0.316692
0.566341
0.801128
0.316692
0.658394
0.787927
0.672823
0.215763
0.203680
0.580543
0.996919
0.086919
0.401971
0.300471
0.635244
0.681504
0.916674
0.409279
0.368979
0.867378
0.018368
0.375911
0.001027
0.829282
0.350951
0.704484
0.483494
0.072465
0.306500
0.727244
0.779856
0.922090
0.935597
0.141156
0.566341
0.836720
0.306500
0.935597
0.327120
0.749684
0.771705
0.475494
0.135818
0.173237
0.841556
0.245003
0.063362
0.549354
0.034568
0.698805
0.841556
0.779856
0.211153
0.695863
0.704484
0.294528
0.549354
0.749684
0.505064
0.922090
0.922090
0.159490
0.183833
0.177160
0.007378
0.518727
0.245003
0.901408
0.064990
0.667094
0.704484
0.064431
0.350951
0.951979
0.779856
0.690166
0.141156
0.203680
0.922090
0.042685
0.884948
0.766291
0.907293
0.727244
0.940331
0.094284
0.704484
0.829282
0.916674
0.962240
0.014711
0.855893
0.836720
0.135818
0.394742
0.829282
0.758020
0.132684
0.406779
0.518727
0.018368
0.916674
0.179787
0.177160
0.121744
0.269851
0.535389
0.698805
0.735726
0.082732
0.658394
0.144460
0.329292
0.170690
0.672823
0.690166
0.141156
0.681504
0.353229
0.033659
0.758020
0.947760
0.704484
0.112510
0.913005
0.626544
0.527033
0.215763
0.441715
0.107244
0.255445
0.002146
0.612135
0.002189
0.880693
0.233315
0.808960
0.735726
0.046970
0.535389
0.721628
0.029186
0.758020
0.056256
0.580543
0.681504
0.491556
0.749684
0.269851
0.147829
0.053907
0.375911
0.907293
0.060217
0.612135
0.947760
