0.695863
0.131630
0.320806
0.867378
0.540922
0.209600
0.426518
0.050745
0.518727
0.496903
0.540922
0.116102
0.320806
0.488801
0.131630
0.258960
0.718717
0.617854
0.540922
0.467559
0.540922
0.059696
0.020499
0.640981
0.518727
0.446787
0.179787
0.239907
0.258960
0.549354
0.841556
0.617854
0.518727
0.380525
0.320806
0.304435
0.380525
0.848789
0.380525
0.161896
0.253642
0.640981
0.362130
0.095811
0.446787
0.140045
0.239907
0.320806
0.841556
0.279144
0.649688
0.766291
0.771705
0.368979
0.527033
0.375911
0.749684
0.483494
0.063876
0.612135
0.829282
0.505064
0.695863
0.362130
0.401971
0.735726
0.958545
0.727244
0.434080
0.362130
0.267971
0.357661
0.300471
0.704484
0.475494
0.884948
0.279144
0.320806
0.935597
0.253642
0.571972
0.320806
0.140045
0.221961
0.640981
0.310521
0.672823
0.202171
0.258960
0.475494
0.617854
0.304435
0.771705
0.226757
0.337784
0.226757
0.041578
0.446787
0.362130
0.186540
0.103042
0.860501
0.104694
0.672823
0.672823
0.549354
0.617854
0.005797
0.406779
0.821730
0.380525
0.930673
0.594827
0.387593
0.221961
0.860501
0.071848
0.483494
0.179787
0.580543
0.362130
0.749684
0.320806
0.540922
0.571972
0.848789
0.362130
0.718717
0.821730
0.406779
0.209600
0.441715
0.406779
0.563435
0.333520
0.085471
0.304435
0.197797
0.209600
0.387593
0.253642
0.273514
0.273514
0.106369
0.140045
0.380525
0.540922
0.267971
0.399498
0.209600
0.640981
0.171915
0.116102
0.304435
0.626544
0.884948
0.434080
0.267971
0.087602
0.320806
0.267971
0.116102
0.106369
0.050745
0.518727
0.140045
0.549354
0.171915
0.518727
0.884948
0.549354
0.984769
0.848789
0.245003
0.021656
0.446787
0.496903
0.779856
0.454542
0.441715
0.057717
0.947760
0.626544
0.695863
0.214182
0.848789
0.527033
0.649688
0.421575
0.446787
0.320806
0.161896
0.681504
0.426518
0.571972
0.958545
0.197797
0.635244
0.399498
0.209600
0.226757
0.206623
0.209600
0.901408
0.467559
0.050745
0.771705
0.267971
0.253642
0.540922
0.771705
0.362130
0.475494
0.467559
0.916674
0.454542
0.294528
0.197797
0.267971
0.848789
0.273514
0.749684
0.571972
0.267971
0.793201
0.344325
0.426518
0.304435
0.626544
0.186540
0.344325
0.527033
0.878466
0.681504
0.540922
0.036765
0.518727
0.304435
0.496903
0.571972
0.518727
0.467559
0.518727
0.467559
0.505064
0.571972
0.140045
0.695863
0.467559
0.197797
0.475494
0.320806
0.221961
0.320806
0.368979
0.288671
0.617854
0.467559
0.239907
0.540922
0.426518
0.406779
0.273514
0.406779
0.350951
0.640981
0.695863
0.320806
0.488801
0.527033
0.801128
0.518727
0.161896
0.841556
0.129613
0.496903
0.322949
0.288671
0.394742
0.288671
0.454542
0.380525
0.380525
0.387593
0.245003
0.695863
0.175815
0.540922
0.300471
0.165605
0.907293
0.104694
0.344325
0.649688
0.672823
0.695863
0.496903
0.475494
0.626544
0.152372
0.085471
0.571972
0.380525
0.206623
0.267971
0.603471
0.635244
0.304435
0.279144
0.320806
0.209600
0.446787
0.518727
0.362130
0.540922
0.727244
0.333520
0.727244
0.527033
0.488801
0.245003
0.304435
0.935597
0.273514
0.922090
0.380525
0.549354
0.446787
0.901408
0.221961
0.695863
0.446787
0.475494
0.540922
0.253642
0.594827
0.540922
0.063876
0.134742
0.695863
0.344325
0.617854
0.344325
0.718717
0.454542
0.414138
0.571972
0.681504
0.841556
0.540922
0.549354
0.446787
0.304435
0.681504
0.549354
0.475494
0.505064
0.603471
0.253642
0.467559
0.253642
0.143326
0.273514
0.197797
0.245003
0.649688
0.337784
0.288671
0.387593
0.446787
0.099752
0.171915
0.035802
0.814067
0.594827
0.380525
0.304435
0.267971
0.304435
0.304435
0.922090
0.059696
0.446787
0.209600
0.202171
0.362130
0.718717
0.267971
0.387593
0.304435
0.239907
0.801128
0.380525
0.140045
0.649688
0.344325
0.467559
0.496903
0.327120
0.749684
0.071848
0.727244
0.267971
0.140045
0.273514
0.161896
0.140045
0.106369
0.594827
0.076791
0.106369
0.380525
0.496903
0.695863
0.640981
0.171915
0.344325
0.106369
0.640981
0.821730
0.446787
0.540922
0.320806
0.161896
0.793201
0.344325
0.304435
0.106369
0.594827
0.467559
0.571972
0.540922
0.020499
0.226757
0.161896
0.467559
0.594827
0.475494
0.102197
0.594827
0.467559
0.962240
0.916674
0.594827
0.787927
0.183833
0.695863
0.916674
0.475494
0.253642
0.984769
0.518727
0.947760
0.916674
0.258960
0.617854
0.640981
0.867378
0.695863
0.327120
0.475494
0.250182
0.922090
0.446787
0.337784
0.267971
0.549354
0.414138
0.226757
0.718717
0.253642
0.214182
0.434080
0.626544
0.267971
0.518727
0.718717
0.161896
0.197797
0.603471
0.209600
0.571972
0.086192
0.186540
0.935597
0.288671
0.518727
0.161896
0.695863
0.878466
0.294528
0.454542
0.916674
0.766291
0.171915
0.695863
0.848789
0.454542
0.718717
0.779856
0.226757
0.070065
0.209600
0.771705
0.617854
0.226757
0.226757
0.563435
0.406779
0.446787
0.304435
0.267971
0.320806
0.649688
0.947760
0.967937
0.626544
0.155897
0.860501
0.540922
0.995551
0.475494
0.085471
0.793201
0.368979
0.253642
0.131630
0.320806
0.059696
0.197797
0.446787
0.496903
0.344325
0.344325
0.165605
0.239907
0.050745
0.197797
0.617854
0.441715
0.171915
0.695863
0.718717
0.186540
0.320806
0.399498
0.672823
0.123655
0.695863
0.518727
0.140045
0.821730
0.245003
0.186540
0.527033
0.749684
0.626544
0.129613
0.626544
0.878466
0.821730
0.231634
0.749684
0.626544
0.327120
0.617854
0.231634
0.316692
0.901408
0.617854
0.245003
0.860501
0.194957
0.294528
0.454542
0.518727
