0.000011
0.103042
0.025274
0.004868
0.002892
0.006511
0.023089
0.000899
0.667094
0.434080
0.011753
0.003289
0.000016
0.034568
0.266225
0.005013
0.000172
0.000002
0.024158
0.163153
0.082732
0.000000
0.000000
0.965738
0.296545
0.002808
0.002395
0.000034
0.774492
0.429087
0.196422
0.000123
0.000037
0.000829
0.014043
0.690166
0.010595
0.025274
0.000402
0.000012
0.060743
0.001556
0.220452
0.000313
0.024158
0.043818
0.000210
0.000000
0.109849
0.055312
0.329292
0.989675
0.529876
0.027908
0.233315
0.187953
0.052535
0.032199
0.044980
0.329292
0.084803
0.527033
0.880693
0.000740
0.029982
0.371333
0.057717
0.698805
0.018036
0.105557
0.112510
0.170690
0.003039
0.001092
0.081393
0.000014
0.142275
0.000249
0.018883
0.000000
0.001246
0.004164
0.003131
0.044980
0.981075
0.000000
0.000001
0.055312
0.000027
0.004416
0.000000
0.196422
0.015128
0.000000
0.000030
0.000609
0.626544
0.041578
0.836720
0.013276
0.003559
0.094284
0.000946
0.000021
0.787927
0.064990
0.135818
0.147829
0.329292
0.000946
0.940331
0.000129
0.151265
0.003926
0.044980
0.816691
0.092778
0.023508
0.108126
0.574890
0.000249
0.795913
0.002324
0.147829
0.040864
0.000018
0.758020
0.290658
0.597771
0.052999
0.449423
0.003388
0.027908
0.499678
0.115226
0.000078
0.092778
0.000002
0.897436
0.329292
0.721628
0.000001
0.012317
0.027908
0.000009
0.112510
0.000829
0.000129
0.096609
0.001092
0.005013
0.014043
0.000000
0.008436
0.007815
0.009822
0.000158
0.036456
0.055312
0.030798
0.000017
0.052999
0.000004
0.074303
0.266225
0.000490
0.004416
0.002324
0.409279
0.177160
0.620815
0.127623
0.005162
0.612135
0.643949
0.241635
0.000071
0.194957
0.795913
0.513281
0.153566
0.744157
0.192150
0.620815
0.039801
0.275424
0.000035
0.012317
0.658394
0.643949
0.119859
0.855893
0.092778
0.353229
0.000279
0.000001
0.000055
0.574890
0.008436
0.000001
0.028672
0.246759
0.007593
0.000451
0.000123
0.069506
0.000025
0.000004
0.147829
0.000402
0.009822
0.013654
0.021859
0.020886
0.001510
0.139014
0.041952
0.001510
0.005418
0.012090
0.001310
0.774492
0.371333
0.101413
0.000001
0.002146
0.001721
0.115226
0.000172
0.000846
0.228410
0.470257
0.000123
0.001510
0.021859
0.001092
0.000001
0.003388
0.151265
0.012670
0.063362
0.000288
0.000001
0.000000
0.139014
0.000000
0.000257
0.000549
0.142275
0.000829
0.000001
0.151265
0.251967
0.000049
0.000946
0.000080
0.000018
0.142275
0.000046
0.000021
0.000013
0.000017
0.002146
0.000451
0.255445
0.127623
0.012317
0.067775
0.082732
0.050328
0.098985
0.275424
0.371333
0.105557
0.015128
0.147829
0.046970
0.098985
0.690166
0.816691
0.364456
0.346575
0.103042
0.115226
0.052535
0.048208
0.246759
0.033071
0.620815
0.010900
0.081393
0.192150
0.862861
0.000010
0.000000
0.005578
0.005013
0.008197
0.290658
0.001059
0.000000
0.735726
0.246759
0.795913
0.196422
0.003559
0.002950
0.107244
0.620815
0.119859
0.000025
0.009822
0.001922
0.364456
0.000532
0.260793
0.429087
0.004637
0.848789
0.371333
0.055312
0.744157
0.255445
0.032199
0.000005
0.036456
0.002082
0.108126
0.727244
0.034568
0.296545
0.008197
0.086919
0.220452
0.000001
0.470257
0.880693
0.690166
0.340005
0.000001
0.000899
0.290658
0.124654
0.010900
0.203680
0.401971
0.001922
0.173237
0.513281
0.220452
0.000193
0.092778
0.014043
0.290658
0.001184
0.434080
0.220452
0.067775
0.698805
0.397198
0.003666
0.000034
0.000549
0.056750
0.003039
0.000229
0.001092
0.000976
0.000078
0.012090
0.004288
0.115226
0.416665
0.000026
0.000532
0.000249
0.000000
0.012670
0.000516
0.000053
0.022466
0.003965
0.000000
0.027908
0.185229
0.000123
0.000236
0.000000
0.000002
0.101413
0.000000
0.009368
0.000001
0.000271
0.000053
0.000000
0.039115
0.000000
0.013032
0.000000
0.000016
0.000001
0.036456
0.003776
0.018036
0.025970
0.000138
0.001739
0.000764
0.000313
0.000000
0.312615
0.003193
0.025274
0.000004
0.005578
0.098985
0.059212
0.049476
0.160731
0.974087
0.000359
0.075538
0.735726
0.185229
0.208158
0.017063
0.000899
0.046170
0.041952
0.436675
0.000021
0.566341
0.105557
0.086919
0.004288
0.002593
0.060743
0.220452
0.086919
0.535389
0.907293
0.008436
0.001284
0.000370
0.017063
0.050328
0.042685
0.744157
0.088340
0.019768
0.000005
0.160731
0.000040
0.196422
0.000006
0.001149
0.032199
0.166886
0.421575
0.255445
0.084803
0.115226
0.260793
0.001556
0.574890
0.001059
0.119859
0.027164
0.346575
0.037099
0.101413
0.019768
0.766291
0.000006
0.017543
0.011753
0.667094
0.000178
0.000007
0.170690
0.015128
0.441715
0.003666
0.436675
0.001510
0.034568
0.000402
0.081393
0.025274
0.001149
0.160731
0.015845
0.043818
0.208158
0.000370
0.001636
0.074303
0.246759
0.371333
0.721628
0.084803
0.012670
0.059212
0.552238
0.000490
0.233315
0.038094
0.192150
0.009368
0.008436
0.000000
0.017063
0.103042
0.527033
0.010900
0.007815
0.000007
0.008436
0.025970
0.007239
0.003666
0.003289
0.027908
0.346575
0.001774
0.164417
0.076183
0.000899
0.000561
0.000000
0.007593
0.115226
0.016293
0.000025
0.052999
0.151265
0.025970
0.000661
0.000001
0.001393
0.007032
0.000005
0.000000
0.130653
0.039115
0.122729
0.000000
0.000000
0.000217
0.000078
0.000516
0.098985
0.758020
0.499678
0.003388
0.429087
0.009822
0.233315
0.181158
0.181158
0.457201
0.000899
0.034568
0.014305
0.922090
0.112510
0.019412
0.014711
0.002082
0.000000
0.233315
0.829282
0.543791
0.067775
0.005013
