0.000000
0.000002
0.014711
0.130653
0.000210
0.024158
0.000169
0.000000
0.005578
0.170690
0.074303
0.000006
0.018883
0.000022
0.000001
0.000210
0.000000
0.000001
0.000002
0.000001
0.002808
0.060743
0.000003
0.000052
0.238302
0.004043
0.011425
0.491556
0.521553
0.049476
0.000976
0.000001
0.000001
0.574890
0.032199
0.004637
0.000000
0.000000
0.000249
0.000104
0.478214
0.000001
0.002146
0.000597
0.215763
0.000113
0.033071
0.000341
0.000257
0.000123
0.096609
0.000002
0.001774
0.543791
0.251967
0.117048
0.000004
0.002517
0.000475
0.552238
0.382926
0.000000
0.001510
0.019768
0.023935
0.101413
0.000000
0.004637
0.079397
0.675784
0.160731
0.001828
0.000002
0.000014
0.092778
0.000123
0.027908
0.002395
0.015845
0.008436
0.039115
0.000008
0.241635
0.000075
0.000516
0.000001
0.002324
0.000313
0.008847
0.160731
0.000304
0.071276
0.000026
0.000187
0.208158
0.000804
0.652656
0.312615
0.002808
0.436675
0.449423
0.044980
0.006832
0.296545
0.364456
0.000000
0.005855
0.589144
0.105557
0.127623
0.003559
0.090535
0.675784
0.000050
0.010106
0.000003
0.048208
0.000946
0.629509
0.192150
0.059212
0.127623
0.060743
0.000001
0.056750
0.000000
0.000000
0.951979
0.006028
0.000009
0.220452
0.002725
0.008436
0.000000
0.000210
0.735726
0.000000
0.000009
0.000000
0.005855
0.160731
0.101413
0.000085
0.130653
0.000402
0.069506
0.000001
0.000000
0.040864
0.001556
0.000000
0.000049
0.000000
0.019768
0.055312
0.011753
0.000006
0.003850
0.004164
0.000000
0.000265
0.000046
0.000040
0.000001
0.000265
0.233315
0.000000
0.000000
0.041952
0.004637
0.139014
0.233315
0.001393
0.000007
0.108126
0.744157
0.147829
0.312615
0.012670
0.000846
0.000451
0.112510
0.096609
0.002255
0.284858
0.312615
0.063362
0.281082
0.580543
0.000047
0.069506
0.000000
0.001981
0.044980
0.000000
0.000035
0.208158
0.346575
0.000007
0.011753
0.000001
0.000003
0.000001
0.000000
0.000001
0.000000
0.038094
0.020320
0.000001
0.000007
0.000037
0.000004
0.010595
0.000597
0.000764
0.001721
0.000005
0.001184
0.001059
0.000000
0.004164
0.025970
0.003039
0.000001
0.012317
0.192150
0.000000
0.499678
0.013276
0.312615
0.064990
0.329292
0.006028
0.012670
0.787927
0.002211
0.000187
0.457201
0.115226
0.306500
0.192150
0.000000
0.109849
0.016293
0.003289
0.002808
0.000049
0.000855
0.001828
0.000012
0.009822
0.000074
0.000009
0.000011
0.000804
0.000000
0.017063
0.025274
0.000000
0.000038
0.241635
0.084803
0.000000
0.002892
0.353229
0.001246
0.000004
0.635244
0.141156
0.050328
0.000000
0.000002
0.250182
0.051648
0.035500
0.038094
0.346575
0.275424
0.105557
0.409279
0.130653
0.000007
0.233315
0.000000
0.181158
0.000047
0.059212
0.004084
0.000200
0.296545
0.000246
0.001981
0.051648
0.001184
0.233315
0.000271
0.051648
0.006637
0.974087
0.043818
0.039115
0.000578
0.033071
0.000063
0.000012
0.004164
0.766291
0.090535
0.844036
0.018883
0.004503
0.048208
0.130653
0.063362
0.203680
0.000001
0.098985
0.160731
0.000000
0.000000
0.927324
0.000000
0.000006
0.000000
0.001059
0.000002
0.119859
0.000424
0.000000
0.000028
0.000000
0.012670
0.000001
0.151265
0.000001
0.000053
0.002950
0.000000
0.024158
0.086919
0.394742
0.681504
0.000682
0.000000
0.001059
0.000682
0.006028
0.170690
0.048208
0.429087
0.147829
0.401971
0.009368
0.000000
0.000241
0.290658
0.000000
0.000023
0.004637
0.044980
0.000000
0.000437
0.001284
0.000000
0.000000
0.000063
0.491556
0.721628
0.033659
0.429087
0.000061
0.000000
0.001284
0.000000
0.001556
0.000017
0.000000
0.000000
0.000134
0.006028
0.001687
0.000004
0.056750
0.000779
0.000000
0.003666
0.620815
0.000000
0.000804
0.000009
0.022466
0.000003
0.000000
0.000000
0.000000
0.015845
0.001556
0.848789
0.000000
0.010106
0.000018
0.000415
0.002725
0.006028
0.429087
0.002211
0.000829
0.002324
0.127623
0.000000
0.181158
0.000437
0.000597
0.000000
0.024158
0.000000
0.000000
0.000779
0.002593
0.000008
0.000003
0.039115
0.000257
0.000000
0.000341
0.017543
0.001246
0.000003
0.000000
0.000000
0.000000
0.007593
0.000927
0.132684
0.000002
0.006832
0.092778
0.000141
0.000001
0.130653
0.012670
0.023508
0.255445
0.529876
0.037099
0.000001
0.001092
0.101413
0.643949
0.086919
0.000089
0.025970
0.000000
0.211153
0.766291
0.787927
0.056750
0.018368
0.157114
0.000000
0.052999
0.000288
0.284858
0.017543
0.000001
0.020320
0.000000
0.039115
0.000008
0.010106
0.001884
0.095071
0.000946
0.002146
0.000000
0.312615
0.000003
0.000294
0.000010
0.000000
0.044980
0.000169
0.000000
0.000082
0.092778
0.000597
0.000000
0.000001
0.000703
0.086919
0.002041
0.000033
0.735726
0.000236
0.364456
0.000113
0.022466
0.142275
0.000899
0.275424
0.000078
0.069506
0.006205
0.018883
0.000000
0.115226
0.000016
0.000178
0.000000
0.000000
0.000145
0.000000
0.174566
0.000092
0.046970
0.000000
0.000279
0.000330
0.000063
0.000002
0.429087
0.000078
0.139014
0.000000
0.000000
0.008682
0.000001
0.033071
0.000001
0.086919
0.000000
0.000071
0.009822
0.535389
0.160731
0.014711
0.170690
0.000002
0.006325
0.060743
0.038094
0.108126
0.192150
0.012670
0.000001
0.000000
0.032199
0.000000
0.000008
0.000249
0.000104
0.064990
0.281082
0.000265
0.022466
0.260793
0.000330
0.000001
0.000008
0.000021
0.003559
0.220452
0.000200
0.566341
0.557828
0.000037
0.000000
0.000703
0.151265
0.000003
0.005578
0.000030
0.001687
0.000034
0.000000
0.041952
