0.563435
0.603471
0.891273
0.169385
0.288671
0.187953
0.922090
0.206623
0.016139
0.681504
0.203680
0.104694
0.981075
0.617854
0.947760
0.322949
0.483494
0.779856
0.935597
0.181158
0.150086
0.603471
0.801128
0.066084
0.594827
0.681504
0.566341
0.779856
0.454542
0.922090
0.884948
0.166886
0.816691
0.491556
0.612135
0.015409
0.749684
0.635244
0.649688
0.090535
0.421575
0.462365
0.340005
0.922090
0.535389
0.010009
0.672823
0.441715
0.580543
0.169385
0.329292
0.350951
0.387593
0.867378
0.801128
0.088340
0.749684
0.658394
0.421575
0.793201
0.603471
0.801128
0.907293
0.357661
0.848789
0.994555
0.310521
0.594827
0.907293
0.603471
0.787927
0.067775
0.580543
0.441715
0.197797
0.518727
0.462365
0.434080
0.991213
0.779856
0.801128
0.779856
0.416665
0.649688
0.513281
0.434080
0.220452
0.749684
0.294528
0.749684
0.475494
0.025274
0.878466
0.496903
0.978604
0.713075
0.340005
0.594827
0.836720
0.947760
0.787927
0.667094
0.901408
0.011106
0.181158
0.848789
0.848789
0.612135
0.713075
0.241635
0.483494
0.300471
0.971109
0.672823
0.390021
0.401971
0.329292
0.290658
0.441715
0.566341
0.123655
0.147829
0.986757
0.483494
0.984769
0.603471
0.848789
0.681504
0.841556
0.672823
0.255445
0.300471
0.470257
0.821730
0.727244
0.075538
0.867378
0.394742
0.681504
0.462365
0.658394
0.758020
0.399498
0.658394
0.441715
0.749684
0.434080
0.173237
0.344325
0.491556
0.884948
0.930673
0.211153
0.179787
0.848789
0.922090
0.735726
0.446787
0.228410
0.635244
0.394742
0.483494
0.771705
0.064431
0.518727
0.462365
0.157114
0.320806
0.549354
0.704484
0.727244
0.984769
0.557828
0.414138
0.916674
0.441715
0.096609
0.215763
0.329292
0.475494
0.218844
0.735726
0.446787
0.735726
0.059212
0.860501
0.967937
0.829282
0.090535
0.695863
0.801128
0.169385
0.483494
0.749684
0.841556
0.874110
0.884948
0.841556
0.658394
0.214182
0.462365
0.426518
0.801128
0.543791
0.801128
0.695863
0.275424
0.124654
0.441715
0.643949
0.300471
0.580543
0.617854
0.580543
0.344325
0.848789
0.571972
0.735726
0.884948
0.971109
0.557828
0.821730
0.808960
0.357661
0.787927
0.518727
0.027908
0.594827
0.034568
0.316692
0.165605
0.327120
0.557828
0.557828
0.102197
0.704484
0.821730
0.735726
0.013276
0.848789
0.496903
0.907293
0.779856
0.681504
0.549354
0.132684
0.808960
0.996919
0.735726
0.884948
0.310521
0.978604
0.218844
0.821730
0.179787
0.947760
0.597771
0.483494
0.294528
0.441715
0.483494
0.681504
0.053435
0.150086
0.475494
0.264363
0.475494
0.855893
0.179787
0.045761
0.841556
0.250182
0.505064
0.053907
0.978604
0.100580
0.901408
0.672823
0.626544
0.394742
0.375911
0.333520
0.020692
0.901408
0.190711
0.294528
0.521553
0.744157
0.951979
0.855893
0.483494
0.040498
0.409279
0.907293
0.236593
0.467559
0.320806
0.841556
0.239907
0.491556
0.978604
0.470257
0.884948
0.179787
0.449423
0.718717
0.713075
0.643949
0.681504
0.801128
0.441715
0.766291
0.505064
0.549354
0.603471
0.011640
0.049040
0.658394
0.255445
0.470257
0.211153
0.649688
0.672823
0.340005
0.901408
0.049886
0.907293
0.115226
0.505064
0.441715
0.505064
0.744157
0.064431
0.255445
0.124654
0.867378
0.884948
0.848789
0.057717
0.357661
0.300471
0.874110
0.382926
0.821730
0.603471
0.245003
0.841556
0.958545
0.779856
0.375911
0.891273
0.255445
0.246759
0.766291
0.290658
0.626544
0.566341
0.901408
0.749684
0.322949
0.535389
0.821730
0.202171
0.462365
0.704484
0.940331
0.394742
0.801128
0.829282
0.612135
0.467559
0.681504
0.771705
0.441715
0.441715
0.848789
0.028409
0.994555
0.387593
0.454542
0.958545
0.549354
0.275424
0.713075
0.749684
0.991213
0.250182
0.462365
0.848789
0.793201
0.758020
0.518727
0.901408
0.649688
0.935597
0.357661
0.971109
0.951979
0.434080
0.382926
0.848789
0.290658
0.255445
0.401971
0.891273
0.549354
0.250182
0.045761
0.518727
0.571972
0.429087
0.643949
0.713075
0.552238
0.082732
0.045355
0.132684
0.658394
0.107244
0.727244
0.848789
0.612135
0.727244
0.153566
0.771705
0.100580
0.681504
0.382926
0.907293
0.429087
0.672823
0.721628
0.603471
0.535389
0.127623
0.001208
0.801128
0.994555
0.658394
0.681504
0.214182
0.049040
0.475494
0.215763
0.535389
0.971109
0.801128
0.394742
0.079397
0.681504
0.940331
0.855893
0.279144
0.429087
0.483494
0.965738
0.971109
0.300471
0.540922
0.571972
0.704484
0.779856
0.399498
0.333520
0.829282
0.250182
0.672823
0.540922
0.147829
0.829282
0.571972
0.031906
0.454542
0.848789
0.226757
0.300471
0.304435
0.695863
0.350951
0.612135
0.127623
0.406779
0.223587
0.535389
0.690166
0.749684
0.340005
0.223587
0.166886
0.226757
0.958545
0.801128
0.821730
0.421575
0.454542
0.594827
0.907293
0.169385
0.635244
0.603471
0.571972
0.357661
0.749684
0.399498
0.535389
0.901408
0.658394
0.218844
0.626544
0.626544
0.594827
0.549354
0.821730
0.316692
0.978604
0.971109
0.300471
0.434080
0.394742
0.749684
0.991213
0.681504
0.226757
0.129613
0.202171
0.916674
0.505064
0.218844
0.513281
0.375911
0.250182
0.947760
0.446787
0.273514
0.535389
0.340005
0.215763
0.801128
0.088340
0.635244
0.640981
0.962240
0.441715
0.491556
0.382926
0.635244
0.250182
0.284858
0.744157
0.035180
0.991213
0.163153
0.758020
0.940331
0.192150
0.304435
0.557828
0.735726
0.867378
0.322949
0.100580
0.779856
0.279144
0.758020
0.382926
0.406779
0.735726
0.094284
0.935597
0.771705
0.821730
0.153566
0.617854
0.771705
0.681504
0.566341
