0.085471
0.563435
0.603471
0.454542
0.821730
0.801128
0.475494
0.146673
0.273514
0.255445
0.672823
0.901408
0.279144
0.380525
0.626544
0.199280
0.649688
0.245003
0.543791
0.239907
0.236593
0.214182
0.793201
0.594827
0.829282
0.540922
0.179787
0.649688
0.922090
0.867378
0.245003
0.867378
0.118894
0.155897
0.749684
0.092008
0.426518
0.779856
0.771705
0.206623
0.470257
0.594827
0.475494
0.658394
0.860501
0.467559
0.434080
0.166886
0.483494
0.841556
0.310521
0.901408
0.808960
0.181158
0.350951
0.771705
0.808960
0.594827
0.350951
0.505064
0.401971
0.406779
0.540922
0.300471
0.375911
0.718717
0.848789
0.704484
0.080707
0.649688
0.406779
0.829282
0.727244
0.704484
0.284858
0.109849
0.294528
0.215763
0.449423
0.626544
0.190711
0.916674
0.771705
0.878466
0.749684
0.114294
0.306500
0.695863
0.571972
0.594827
0.206623
0.387593
0.571972
0.197797
0.981075
0.801128
0.718717
0.848789
0.718717
0.589144
0.718717
0.971109
0.518727
0.695863
0.967937
0.426518
0.187953
0.441715
0.695863
0.344325
0.206623
0.649688
0.801128
0.681504
0.566341
0.821730
0.704484
0.540922
0.327120
0.406779
0.758020
0.901408
0.475494
0.549354
0.549354
0.255445
0.594827
0.267971
0.884948
0.126604
0.394742
0.801128
0.735726
0.681504
0.958545
0.814067
0.580543
0.672823
0.273514
0.649688
0.454542
0.454542
0.320806
0.132684
0.099752
0.226757
0.713075
0.357661
0.310521
0.258960
0.146673
0.253642
0.134742
0.406779
0.867378
0.640981
0.758020
0.273514
0.253642
0.231634
0.344325
0.267971
0.344325
0.649688
0.475494
0.434080
0.571972
0.399498
0.483494
0.132684
0.566341
0.557828
0.250182
0.836720
0.116102
0.446787
0.749684
0.306500
0.250182
0.947760
0.749684
0.841556
0.036765
0.327120
0.454542
0.126604
0.603471
0.231634
0.454542
0.350951
0.635244
0.406779
0.467559
0.571972
0.749684
0.718717
0.446787
0.421575
0.380525
0.107244
0.801128
0.357661
0.771705
0.467559
0.672823
0.171915
0.231634
0.116102
0.010009
0.758020
0.658394
0.884948
0.394742
0.002645
0.310521
0.288671
0.304435
0.930673
0.190711
0.626544
0.681504
0.727244
0.513281
0.344325
0.658394
0.884948
0.362130
0.940331
0.626544
0.304435
0.867378
0.978604
0.434080
0.704484
0.264363
0.580543
0.294528
0.253642
0.749684
0.958545
0.787927
0.672823
0.718717
0.793201
0.306500
0.681504
0.821730
0.549354
0.727244
0.496903
0.557828
0.626544
0.421575
0.884948
0.454542
0.878466
0.771705
0.958545
0.245003
0.496903
0.580543
0.226757
0.594827
0.594827
0.226757
0.357661
0.527033
0.571972
0.580543
0.594827
0.749684
0.814067
0.891273
0.209600
0.406779
0.841556
0.446787
0.841556
0.269851
0.441715
0.735726
0.179787
0.362130
0.467559
0.239907
0.821730
0.446787
0.483494
0.387593
0.540922
0.540922
0.441715
0.771705
0.735726
0.771705
0.304435
0.300471
0.223587
0.527033
0.589144
0.916674
0.467559
0.340005
0.140045
0.446787
0.589144
0.245003
0.549354
0.984769
0.758020
0.821730
0.171915
0.527033
0.527033
0.327120
0.294528
0.704484
0.658394
0.454542
0.214182
0.749684
0.884948
0.340005
0.635244
0.690166
0.821730
0.704484
0.594827
0.867378
0.695863
0.368979
0.387593
0.236593
0.749684
0.640981
0.978604
0.446787
0.649688
0.749684
0.594827
0.922090
0.771705
0.197797
0.793201
0.475494
0.549354
0.426518
0.467559
0.540922
0.446787
0.571972
0.194957
0.718717
0.264363
0.223587
0.496903
0.362130
0.179787
0.922090
0.594827
0.131630
0.267971
0.310521
0.253642
0.935597
0.304435
0.518727
0.672823
0.695863
0.310521
0.571972
0.695863
0.867378
0.603471
0.571972
0.135818
0.649688
0.571972
0.549354
0.841556
0.140045
0.333520
0.327120
0.253642
0.084092
0.483494
0.626544
0.672823
0.958545
0.279144
0.571972
0.695863
0.284858
0.179787
0.612135
0.855893
0.971109
0.878466
0.467559
0.617854
0.387593
0.454542
0.617854
0.727244
0.884948
0.462365
0.916674
0.140045
0.580543
0.617854
0.496903
0.483494
0.441715
0.841556
0.475494
0.594827
0.841556
0.617854
0.749684
0.226757
0.999575
0.986757
0.867378
0.758020
0.344325
0.394742
0.221961
0.549354
0.406779
0.344325
0.821730
0.649688
0.718717
0.022258
0.672823
0.454542
0.350951
0.462365
0.231634
0.414138
0.841556
0.704484
0.231634
0.808960
0.446787
0.829282
0.779856
0.841556
0.549354
0.749684
0.454542
0.821730
0.231634
0.821730
0.434080
0.496903
0.518727
0.518727
0.612135
0.727244
0.808960
0.527033
0.649688
0.316692
0.658394
0.300471
0.467559
0.300471
0.971109
0.362130
0.344325
0.940331
0.159490
0.304435
0.467559
0.434080
0.860501
0.718717
0.571972
0.344325
0.454542
0.327120
0.239907
0.279144
0.406779
0.557828
0.362130
0.320806
0.617854
0.540922
0.617854
0.467559
0.848789
0.085471
0.860501
0.294528
0.801128
0.190711
0.467559
0.380525
0.771705
0.214182
0.040498
0.681504
0.535389
0.695863
0.190711
0.214182
0.223587
0.124654
0.267971
0.380525
0.984769
0.399498
0.594827
0.540922
0.649688
0.380525
0.749684
0.571972
0.187953
0.294528
0.426518
0.273514
0.718717
0.231634
0.197797
0.505064
0.483494
0.061238
0.771705
0.387593
0.446787
0.695863
0.258960
0.206623
0.566341
0.713075
0.454542
0.320806
0.965738
0.749684
0.649688
0.344325
0.704484
0.406779
0.984769
0.446787
0.294528
0.841556
0.891273
0.771705
0.258960
0.695863
0.947760
0.727244
0.540922
0.672823
0.771705
0.350951
0.617854
0.681504
0.741289
0.475494
0.275424
0.749684
0.327120
0.414138
0.713075
0.951979
0.255445
0.771705
0.626544
0.380525
0.672823
0.513281
