0.320806
0.197797
0.085471
0.695863
0.380525
0.640981
0.320806
0.571972
0.446787
0.380525
0.267971
0.467559
0.594827
0.617854
0.320806
0.253642
0.518727
0.197797
0.380525
0.518727
0.580543
0.406779
0.140045
0.267971
0.617854
0.126604
0.841556
0.695863
0.175815
0.727244
0.695863
0.327120
0.518727
0.344325
0.344325
0.916674
0.571972
0.771705
0.549354
0.640981
0.821730
0.848789
0.171915
0.131630
0.467559
0.884948
0.018196
0.085471
0.594827
0.273514
0.878466
0.294528
0.571972
0.071848
0.426518
0.649688
0.462365
0.681504
0.884948
0.667094
0.362130
0.320806
0.829282
0.860501
0.681504
0.380525
0.878466
0.434080
0.446787
0.518727
0.771705
0.649688
0.901408
0.264363
0.273514
0.449423
0.518727
0.475494
0.320806
0.518727
0.518727
0.967937
0.594827
0.771705
0.571972
0.916674
0.962240
0.141156
0.146673
0.454542
0.793201
0.617854
0.426518
0.426518
0.540922
0.362130
0.183833
0.947760
0.672823
0.190711
0.082732
0.414138
0.695863
0.848789
0.406779
0.279144
0.958545
0.771705
0.310521
0.695863
0.603471
0.793201
0.518727
0.462365
0.718717
0.294528
0.350951
0.406779
0.194957
0.727244
0.159490
0.518727
0.123655
0.380525
0.649688
0.901408
0.718717
0.406779
0.245003
0.044581
0.518727
0.535389
0.414138
0.779856
0.290658
0.922090
0.218844
0.462365
0.779856
0.426518
0.649688
0.344325
0.209600
0.617854
0.320806
0.209600
0.146673
0.061238
0.617854
0.126604
0.446787
0.320806
0.267971
0.563435
0.434080
0.718717
0.357661
0.563435
0.023291
0.063876
0.718717
0.350951
0.518727
0.320806
0.540922
0.518727
0.320806
0.446787
0.549354
0.206623
0.978604
0.518727
0.884948
0.467559
0.518727
0.571972
0.612135
0.454542
0.434080
0.186540
0.029186
0.214182
0.907293
0.316692
0.922090
0.927324
0.672823
0.394742
0.749684
0.971109
0.626544
0.940331
0.496903
0.549354
0.821730
0.848789
0.543791
0.571972
0.617854
0.327120
0.226757
0.085471
0.239907
0.695863
0.727244
0.749684
0.594827
0.273514
0.549354
0.649688
0.713075
0.226757
0.947760
0.344325
0.197797
0.380525
0.518727
0.649688
0.996919
0.758020
0.672823
0.922090
0.958545
0.496903
0.727244
0.446787
0.070065
0.344325
0.279144
0.681504
0.771705
0.333520
0.549354
0.327120
0.304435
0.214182
0.935597
0.273514
0.695863
0.380525
0.467559
0.264363
0.434080
0.368979
0.426518
0.320806
0.475494
0.304435
0.218844
0.399498
0.059696
0.467559
0.362130
0.380525
0.735726
0.434080
0.264363
0.387593
0.901408
0.475494
0.695863
0.540922
0.085471
0.197797
0.947760
0.467559
0.672823
0.801128
0.239907
0.727244
0.540922
0.649688
0.735726
0.236593
0.197797
0.540922
0.294528
0.916674
0.884948
0.571972
0.801128
0.171915
0.387593
0.518727
0.801128
0.594827
0.901408
0.236593
0.758020
0.483494
0.672823
0.749684
0.414138
0.304435
0.071848
0.362130
0.084092
0.357661
0.446787
0.594827
0.808960
0.518727
0.947760
0.518727
0.951979
0.758020
0.518727
0.475494
0.467559
0.387593
0.406779
0.095811
0.958545
0.848789
0.161896
0.603471
0.245003
0.867378
0.253642
0.467559
0.779856
0.140045
0.304435
0.695863
0.454542
0.202171
0.793201
0.617854
0.958545
0.488801
0.267971
0.344325
0.426518
0.399498
0.399498
0.935597
0.540922
0.253642
0.171915
0.860501
0.362130
0.250182
0.874110
0.549354
0.163153
0.704484
0.884948
0.735726
0.681504
0.540922
0.106369
0.399498
0.288671
0.264363
0.758020
0.749684
0.649688
0.310521
0.594827
0.793201
0.131630
0.475494
0.258960
0.226757
0.617854
0.126604
0.327120
0.320806
0.406779
0.518727
0.320806
0.475494
0.085471
0.540922
0.640981
0.916674
0.958545
0.399498
0.362130
0.161896
0.264363
0.467559
0.253642
0.245003
0.362130
0.304435
0.344325
0.258960
0.118894
0.070065
0.362130
0.267971
0.123655
0.197797
0.399498
0.059696
0.426518
0.571972
0.320806
0.571972
0.106369
0.362130
0.594827
0.327120
0.446787
0.467559
0.253642
0.467559
0.640981
0.841556
0.380525
0.186540
0.617854
0.362130
0.320806
0.362130
0.594827
0.718717
0.175815
0.414138
0.446787
0.304435
0.206623
0.841556
0.814067
0.779856
0.594827
0.727244
0.446787
0.310521
0.304435
0.344325
0.344325
0.279144
0.967937
0.841556
0.310521
0.075538
0.406779
0.749684
0.061772
0.344325
0.771705
0.421575
0.727244
0.344325
0.801128
0.175815
0.626544
0.518727
0.362130
0.801128
0.735726
0.245003
0.649688
0.901408
0.518727
0.320806
0.279144
0.878466
0.603471
0.288671
0.571972
0.310521
0.304435
0.958545
0.549354
0.718717
0.320806
0.695863
0.672823
0.475494
0.171915
0.617854
0.320806
0.350951
0.672823
0.253642
0.320806
0.518727
0.801128
0.518727
0.483494
0.197797
0.821730
0.350951
0.718717
0.801128
0.549354
0.320806
0.496903
0.253642
0.916674
0.695863
0.603471
0.771705
0.304435
0.617854
0.594827
0.288671
0.475494
0.695863
0.571972
0.758020
0.496903
0.426518
0.058699
0.571972
0.922090
0.337784
0.793201
0.310521
0.320806
0.475494
0.535389
0.320806
0.540922
0.095811
0.047782
0.426518
0.518727
0.273514
0.496903
0.320806
0.357661
0.116102
0.841556
0.362130
0.617854
0.226757
0.362130
0.320806
0.649688
0.380525
0.821730
0.239907
0.841556
0.426518
0.549354
0.860501
0.617854
0.860501
0.467559
0.368979
0.496903
0.161896
0.171915
0.304435
0.467559
0.226757
0.467559
0.594827
0.884948
0.901408
0.793201
0.771705
0.467559
0.236593
0.571972
0.446787
0.279144
0.294528
0.362130
0.310521
0.821730
0.171915
0.989675
0.337784
0.649688
0.171915
0.475494
0.735726
0.594827
0.021656
0.749684
0.779856
