0.426518
0.126604
0.771705
0.603471
0.380525
0.269851
0.667094
0.727244
0.867378
0.414138
0.735726
0.922090
0.971109
0.540922
0.821730
0.092008
0.860501
0.394742
0.951979
0.050328
0.406779
0.884948
0.357661
0.735726
0.841556
0.821730
0.441715
0.901408
0.884948
0.907293
0.681504
0.441715
0.958545
0.951979
0.475494
0.922090
0.704484
0.821730
0.316692
0.353229
0.255445
0.273514
0.580543
0.206623
0.446787
0.475494
0.626544
0.867378
0.787927
0.540922
0.279144
0.626544
0.406779
0.159490
0.821730
0.223587
0.771705
0.704484
0.801128
0.406779
0.771705
0.594827
0.874110
0.194957
0.080707
0.549354
0.758020
0.695863
0.635244
0.718717
0.223587
0.306500
0.901408
0.434080
0.475494
0.475494
0.829282
0.603471
0.704484
0.930673
0.513281
0.549354
0.735726
0.068911
0.848789
0.250182
0.603471
0.727244
0.279144
0.380525
0.380525
0.470257
0.901408
0.718717
0.589144
0.275424
0.096609
0.186540
0.269851
0.821730
0.986757
0.907293
0.916674
0.612135
0.491556
0.996919
0.626544
0.721628
0.333520
0.649688
0.035180
0.808960
0.658394
0.901408
0.907293
0.704484
0.163153
0.441715
0.340005
0.449423
0.267971
0.829282
0.658394
0.867378
0.454542
0.749684
0.571972
0.612135
0.801128
0.368979
0.441715
0.695863
0.061772
0.860501
0.505064
0.000108
0.704484
0.406779
0.635244
0.998463
0.884948
0.749684
0.380525
0.713075
0.571972
0.771705
0.475494
0.426518
0.446787
0.848789
0.462365
0.695863
0.357661
0.540922
0.998463
0.867378
0.103042
0.617854
0.109849
0.426518
0.194957
0.518727
0.617854
0.340005
0.304435
0.175815
0.891273
0.344325
0.144460
0.758020
0.867378
0.333520
0.549354
0.153566
0.801128
0.080707
0.635244
0.429087
0.735726
0.333520
0.414138
0.681504
0.557828
0.070668
0.429087
0.626544
0.916674
0.199280
0.105557
0.927324
0.967937
0.505064
0.454542
0.860501
0.357661
0.860501
0.206623
0.304435
0.690166
0.454542
0.382926
0.368979
0.907293
0.816691
0.771705
0.406779
0.166886
0.070668
0.394742
0.483494
0.571972
0.907293
0.617854
0.527033
0.406779
0.787927
0.454542
0.935597
0.580543
0.557828
0.223587
0.549354
0.626544
0.947760
0.535389
0.617854
0.580543
0.901408
0.589144
0.557828
0.626544
0.202171
0.713075
0.848789
0.446787
0.626544
0.681504
0.735726
0.206623
0.620815
0.672823
0.649688
0.202171
0.333520
0.749684
0.603471
0.255445
0.801128
0.483494
0.449423
0.209600
0.070668
0.231634
0.860501
0.467559
0.727244
0.371333
0.505064
0.821730
0.848789
0.626544
0.867378
0.245003
0.350951
0.288671
0.316692
0.426518
0.981075
0.294528
0.971109
0.626544
0.109849
0.540922
0.073672
0.535389
0.758020
0.589144
0.658394
0.808960
0.626544
0.801128
0.218844
0.327120
0.749684
0.202171
0.387593
0.855893
0.935597
0.867378
0.766291
0.829282
0.129613
0.758020
0.139014
0.718717
0.695863
0.505064
0.387593
0.467559
0.626544
0.078727
0.808960
0.922090
0.150086
0.956001
0.344325
0.580543
0.429087
0.727244
0.375911
0.513281
0.275424
0.253642
0.206623
0.344325
0.333520
0.620815
0.284858
0.626544
0.505064
0.406779
0.333520
0.406779
0.462365
0.406779
0.380525
0.658394
0.050328
0.867378
0.401971
0.749684
0.414138
0.223587
0.749684
0.672823
0.549354
0.362130
0.284858
0.429087
0.855893
0.475494
0.483494
0.046554
0.462365
0.603471
0.214182
0.829282
0.527033
0.922090
0.658394
0.808960
0.470257
0.260793
0.916674
0.589144
0.901408
0.535389
0.380525
0.446787
0.401971
0.718717
0.749684
0.518727
0.434080
0.236593
0.597771
0.860501
0.603471
0.848789
0.346575
0.793201
0.239907
0.771705
0.704484
0.491556
0.635244
0.070668
0.294528
0.434080
0.901408
0.649688
0.475494
0.063362
0.808960
0.078727
0.947760
0.779856
0.718717
0.518727
0.958545
0.901408
0.617854
0.821730
0.704484
0.771705
0.867378
0.505064
0.718717
0.362130
0.401971
0.340005
0.241635
0.141156
0.821730
0.603471
0.258960
0.771705
0.039801
0.454542
0.860501
0.951979
0.620815
0.346575
0.620815
0.010298
0.165605
0.077446
0.967937
0.258960
0.368979
0.635244
0.434080
0.986757
0.867378
0.962240
0.001540
0.749684
0.907293
0.935597
0.041578
0.935597
0.681504
0.821730
0.153566
0.426518
0.166886
0.713075
0.589144
0.635244
0.401971
0.414138
0.521553
0.994555
0.075538
0.236593
0.580543
0.848789
0.713075
0.557828
0.543791
0.316692
0.667094
0.884948
0.626544
0.080707
0.907293
0.362130
0.144460
0.741289
0.300471
0.132684
0.580543
0.161896
0.475494
0.275424
0.179787
0.218844
0.475494
0.462365
0.998463
0.922090
0.617854
0.086192
0.958545
0.841556
0.258960
0.273514
0.695863
0.454542
0.462365
0.159490
0.340005
0.927324
0.574890
0.649688
0.090535
0.978604
0.150086
0.808960
0.186540
0.667094
0.867378
0.951979
0.935597
0.350951
0.518727
0.884948
0.092008
0.874110
0.406779
0.878466
0.382926
0.758020
0.695863
0.434080
0.454542
0.483494
0.434080
0.922090
0.821730
0.549354
0.549354
0.962240
0.100580
0.612135
0.387593
0.375911
0.190711
0.300471
0.681504
0.958545
0.557828
0.304435
0.571972
0.603471
0.821730
0.643949
0.571972
0.340005
0.449423
0.194957
0.779856
0.704484
0.649688
0.603471
0.333520
0.340005
0.077446
0.672823
0.150086
0.362130
0.907293
0.901408
0.617854
0.173237
0.947760
0.226757
0.340005
0.829282
0.594827
0.357661
0.223587
0.505064
0.971109
0.935597
0.475494
0.223587
0.310521
0.333520
0.589144
0.735726
0.626544
0.047782
0.922090
0.891273
0.727244
0.340005
0.135818
0.922090
0.749684
0.267971
0.470257
0.658394
0.891273
0.891273
0.245003
