0.000067
0.000872
0.117048
0.401971
0.000018
0.006325
0.000037
0.000003
0.266225
0.787927
0.000000
0.007815
0.142275
0.020886
0.013276
0.055312
0.006205
0.074303
0.002593
0.014711
0.000628
0.000005
0.001828
0.000628
0.086919
0.000085
0.002517
0.597771
0.290658
0.290658
0.000056
0.006028
0.000044
0.060743
0.003008
0.001510
0.238302
0.000012
0.130653
0.416665
0.017063
0.713075
0.001149
0.246759
0.766291
0.166886
0.000002
0.008436
0.000000
0.499678
0.281082
0.060743
0.329292
0.002725
0.290658
0.115226
0.070668
0.004372
0.192150
0.316692
0.119859
0.034568
0.000027
0.002370
0.457201
0.169385
0.051648
0.069506
0.000217
0.808960
0.069506
0.004288
0.003965
0.001184
0.019412
0.220452
0.557828
0.416665
0.002645
0.023508
0.816691
0.003850
0.035500
0.002324
0.874110
0.006325
0.173237
0.016595
0.115226
0.074303
0.829282
0.000000
0.028672
0.220452
0.597771
0.011753
0.000682
0.048208
0.357661
0.779856
0.011974
0.744157
0.135818
0.098985
0.144460
0.005418
0.018368
0.848789
0.008436
0.008197
0.002950
0.000063
0.499678
0.612135
0.005578
0.139014
0.658394
0.000200
0.000257
0.000294
0.215763
0.000696
0.038094
0.000075
0.557828
0.008847
0.063362
0.117048
0.000141
0.001828
0.032199
0.322949
0.007815
0.024158
0.090535
0.000000
0.000320
0.478214
0.000178
0.462365
0.006832
0.000359
0.005418
0.643949
0.478214
0.092778
0.690166
0.030798
0.260793
0.166886
0.000370
0.160731
0.000005
0.290658
0.025274
0.000578
0.000001
0.017063
0.000000
0.028672
0.000000
0.816691
0.014711
0.000085
0.275424
0.063362
0.003965
0.000000
0.072465
0.151265
0.077446
0.025970
0.690166
0.000035
0.063362
0.499678
0.421575
0.000002
0.046970
0.003738
0.010595
0.203680
0.006637
0.177160
0.997586
0.574890
0.306500
0.981075
0.061772
0.001922
0.867378
0.000544
0.063362
0.040864
0.003965
0.020886
0.499678
0.026684
0.203680
0.044980
0.000020
0.035500
0.000000
0.000740
0.003193
0.003039
0.000000
0.012670
0.006511
0.043818
0.001393
0.251967
0.196422
0.018368
0.007815
0.266225
0.007239
0.105557
0.449423
0.000058
0.112510
0.002725
0.020886
0.000200
0.357661
0.421575
0.015845
0.223587
0.290658
0.574890
0.246759
0.183833
0.589144
0.124654
0.333520
0.000010
0.713075
0.329292
0.010595
0.000000
0.491556
0.014711
0.956001
0.335721
0.329292
0.003965
0.009822
0.119859
0.160731
0.000029
0.758020
0.008043
0.000000
0.891273
0.012670
0.025970
0.041952
0.000006
0.001149
0.675784
0.025274
0.105557
0.005262
0.003965
0.003559
0.312615
0.483494
0.353229
0.635244
0.150086
0.004416
0.096609
0.192150
0.862861
0.000000
0.040864
0.170690
0.002950
0.041952
0.092778
0.228410
0.051648
0.211153
0.346575
0.667094
0.004164
0.009104
0.063362
0.000001
0.000000
0.192150
0.112510
0.744157
0.275424
0.441715
0.046970
0.072465
0.084803
0.236593
0.552238
0.157114
0.353229
0.000000
0.000204
0.296545
0.084803
0.401971
0.000010
0.000899
0.001284
0.000000
0.416665
0.220452
0.897436
0.322949
0.000229
0.139014
0.051648
0.181158
0.000330
0.029982
0.001669
0.077446
0.457201
0.103042
0.312615
0.000475
0.001828
0.470257
0.000764
0.000804
0.046970
0.017063
0.000000
0.620815
0.196422
0.223587
0.000001
0.000437
0.002725
0.643949
0.290658
0.020886
0.006028
0.735726
0.139014
0.001774
0.074303
0.005013
0.340005
0.108126
0.513281
0.015845
0.139014
0.296545
0.025274
0.006325
0.139014
0.390021
0.084803
0.025970
0.192150
0.008847
0.897436
0.000006
0.000000
0.001465
0.000976
0.003289
0.281082
0.667094
0.000065
0.000000
0.008682
0.597771
0.000001
0.048208
0.000703
0.021859
0.434080
0.220452
0.000516
0.003965
0.000899
0.101413
0.016293
0.064990
0.013909
0.290658
0.000516
0.009822
0.003039
0.003850
0.000000
0.002255
0.029186
0.003289
0.103042
0.035500
0.000002
0.000000
0.275424
0.001465
0.620815
0.535389
0.000001
0.002725
0.000000
0.011974
0.000946
0.000087
0.000001
0.008436
0.000000
0.000000
0.012670
0.074303
0.000304
0.449423
0.019412
0.000097
0.000001
0.000006
0.000053
0.160731
0.007815
0.891273
0.000037
0.051648
0.000001
0.067775
0.836720
0.000153
0.000187
0.051648
0.030518
0.015845
0.000003
0.000000
0.000030
0.401971
0.000872
0.130653
0.513281
0.187953
0.001246
0.048208
0.005578
0.005262
0.007815
0.713075
0.927324
0.013276
0.002255
0.340005
0.153566
0.907293
0.507859
0.000500
0.000217
0.312615
0.012317
0.241635
0.000320
0.108126
0.521553
0.000000
0.001510
0.119859
0.081393
0.000000
0.020886
0.491556
0.066084
0.000437
0.023508
0.000023
0.139014
0.000500
0.000288
0.001636
0.000025
0.016293
0.003039
0.011753
0.196422
0.318816
0.000461
0.082732
0.001721
0.002517
0.005418
0.713075
0.038094
0.166886
0.063362
0.192150
0.829282
0.015845
0.000069
0.000661
0.004775
0.000003
0.042685
0.927324
0.016293
0.005578
0.744157
0.059212
0.000000
0.000000
0.000138
0.000000
0.000561
0.000682
0.521553
0.004868
0.001027
0.000001
0.000034
0.000257
0.208158
0.000829
0.000000
0.170690
0.698805
0.144460
0.294528
0.004416
0.000000
0.059212
0.000075
0.039115
0.848789
0.357661
0.000000
0.913005
0.000271
0.017063
0.000561
0.098985
0.329292
0.170690
0.401971
0.457201
0.000000
0.891273
0.059212
0.056750
0.333520
0.322949
0.026684
0.956001
0.001981
0.112510
0.787927
0.016293
0.907293
0.033071
0.269851
0.000718
0.130653
0.000294
0.018883
0.121744
0.021859
0.105557
0.000012
0.000402
0.000011
0.211153
0.010900
0.000001
0.000007
0.027908
0.006144
