0.008847
0.491556
0.144460
0.109849
0.543791
0.318816
0.053907
0.000000
0.070668
0.340005
0.260793
0.436675
0.144460
0.357661
0.185229
0.571972
0.015128
0.000946
0.667094
0.157114
0.228410
0.382926
0.160731
0.103042
0.557828
0.100580
0.050328
0.340005
0.848789
0.147829
0.215763
0.112510
0.907293
0.135818
0.727244
0.779856
0.000000
0.371333
0.157114
0.181158
0.603471
0.053907
0.290658
0.029982
0.070668
0.620815
0.787927
0.208158
0.891273
0.855893
0.269851
0.166886
0.023508
0.649688
0.735726
0.571972
0.690166
0.024158
0.144460
0.841556
0.132684
0.000144
0.535389
0.163153
0.206623
0.766291
0.048208
0.290658
0.913005
0.527033
0.589144
0.050328
0.122729
0.003850
0.329292
0.000899
0.266225
0.001687
0.436675
0.758020
0.199280
0.521553
0.589144
0.077446
0.597771
0.206623
0.947760
0.667094
0.022258
0.947760
0.667094
0.066084
0.935597
0.643949
0.698805
0.394742
0.907293
0.281082
0.620815
0.019230
0.721628
0.203680
0.294528
0.675784
0.375911
0.153566
0.000094
0.649688
0.059212
0.491556
0.021268
0.758020
0.177160
0.096609
0.260793
0.079397
0.927324
0.589144
0.521553
0.978604
0.088340
0.829282
0.867378
0.033071
0.127623
0.019768
0.401971
0.454542
0.681504
0.000485
0.744157
0.364456
0.690166
0.096609
0.981075
0.279144
0.151265
0.187953
0.033071
0.329292
0.130653
0.429087
0.157114
0.414138
0.046970
0.055312
0.018883
0.181158
0.183833
0.053907
0.296545
0.141156
0.690166
0.496903
0.177160
0.449423
0.057717
0.215763
0.649688
0.266225
0.429087
0.816691
0.491556
0.000021
0.021859
0.329292
0.574890
0.441715
0.105557
0.867378
0.223587
0.211153
0.848789
0.357661
0.589144
0.211153
0.704484
0.382926
0.100580
0.096609
0.029982
0.255445
0.758020
0.072465
0.246759
0.203680
0.998868
0.025274
0.735726
0.000561
0.462365
0.108126
0.375911
0.177160
0.007378
0.470257
0.766291
0.927324
0.371333
0.589144
0.897436
0.057717
0.079397
0.139014
0.018368
0.505064
0.096609
0.971109
0.084803
0.181158
0.713075
0.122729
0.066084
0.027908
0.735726
0.231634
0.255445
0.064990
0.635244
0.032199
0.061772
0.874110
0.829282
0.012317
0.978604
0.046970
0.007815
0.228410
0.681504
0.124654
0.084803
0.194957
0.157114
0.067775
0.187953
0.620815
0.177160
0.891273
0.643949
0.258960
0.612135
0.063362
0.821730
0.269851
0.255445
0.057717
0.004503
0.449423
0.429087
0.157114
0.059212
0.057717
0.675784
0.009104
0.017063
0.001027
0.612135
0.779856
0.007032
0.038094
0.836720
0.971109
0.090535
0.144460
0.951979
0.037099
0.612135
0.496903
0.549354
0.643949
0.000009
0.163153
0.306500
0.057717
0.940331
0.483494
0.491556
0.206623
0.981075
0.735726
0.077446
0.032199
0.589144
0.061772
0.829282
0.077446
0.333520
0.841556
0.112510
0.483494
0.114294
0.001027
0.643949
0.766291
0.241635
0.132684
0.771705
0.169385
0.771705
0.187953
0.855893
0.117048
0.009727
0.275424
0.290658
0.141156
0.901408
0.032199
0.507859
0.329292
0.294528
0.787927
0.211153
0.841556
0.635244
0.139014
0.127623
0.483494
0.629509
0.346575
0.735726
0.000005
0.635244
0.003965
0.306500
0.041952
0.127623
0.002517
0.364456
0.275424
0.000000
0.090535
0.006028
0.829282
0.382926
0.003850
0.779856
0.127623
0.513281
0.035180
0.013524
0.727244
0.543791
0.574890
0.260793
0.000044
0.470257
0.394742
0.766291
0.426518
0.462365
0.808960
0.108126
0.787927
0.649688
0.255445
0.649688
0.144460
0.491556
0.986757
0.016753
0.713075
0.064990
0.527033
0.401971
0.130653
0.368979
0.962240
0.513281
0.414138
0.000167
0.192150
0.566341
0.312615
0.079397
0.816691
0.003193
0.007032
0.061772
0.015409
0.470257
0.658394
0.620815
0.401971
0.891273
0.801128
0.704484
0.382926
0.228410
0.084803
0.535389
0.275424
0.521553
0.255445
0.020320
0.046970
0.612135
0.984769
0.144460
0.620815
0.132684
0.667094
0.421575
0.061772
0.829282
0.329292
0.681504
0.449423
0.300471
0.000204
0.382926
0.744157
0.698805
0.059212
0.382926
0.251967
0.033071
0.801128
0.829282
0.007593
0.013276
0.109849
0.574890
0.220452
0.115226
0.566341
0.346575
0.108126
0.000158
0.491556
0.000075
0.454542
0.043818
0.194957
0.052535
0.045761
0.690166
0.052535
0.108126
0.228410
0.470257
0.153566
0.848789
0.681504
0.801128
0.079397
0.774492
0.002082
0.907293
0.580543
0.744157
0.566341
0.050328
0.758020
0.246759
0.329292
0.346575
0.194957
0.935597
0.144460
0.513281
0.157114
0.589144
0.241635
0.589144
0.368979
0.000007
0.808960
0.557828
0.758020
0.416665
0.589144
0.735726
0.449423
0.246759
0.346575
0.290658
0.414138
0.075538
0.620815
0.470257
0.429087
0.000229
0.135818
0.574890
0.855893
0.181158
0.005418
0.160731
0.329292
0.037099
0.275424
0.333520
0.002324
0.103042
0.050328
0.002146
0.281082
0.557828
0.414138
0.151265
0.535389
0.215763
0.974087
0.251967
0.675784
0.643949
0.478214
0.006511
0.306500
0.478214
0.115226
0.808960
0.147829
0.612135
0.002255
0.260793
0.449423
0.327120
0.721628
0.357661
0.944872
0.406779
0.000073
0.220452
0.922090
0.183833
0.612135
0.055312
0.787927
0.008197
0.051648
0.721628
0.269851
0.766291
0.409279
0.940331
0.018368
0.589144
0.527033
0.855893
0.521553
0.935597
0.012670
0.033071
0.296545
0.350951
0.098985
0.589144
0.177160
0.940331
0.874110
0.907293
0.913005
0.499678
0.340005
0.620815
0.246759
0.153566
0.015409
0.499678
0.713075
0.192150
0.082732
0.922090
0.002863
0.109849
0.913005
0.166886
0.163153
0.269851
0.597771
0.000437
0.105557
0.001922
0.382926
