0.106369
0.380525
0.640981
0.518727
0.446787
0.320806
0.197797
0.050745
0.399498
0.362130
0.380525
0.617854
0.978604
0.050745
0.063876
0.695863
0.085471
0.034862
0.087602
0.267971
0.099752
0.221961
0.267971
0.239907
0.399498
0.143326
0.426518
0.649688
0.540922
0.129613
0.320806
0.344325
0.649688
0.380525
0.672823
0.483494
0.467559
0.161896
0.209600
0.152372
0.197797
0.209600
0.267971
0.540922
0.070065
0.140045
0.387593
0.640981
0.288671
0.446787
0.294528
0.518727
0.496903
0.434080
0.571972
0.467559
0.935597
0.362130
0.695863
0.718717
0.446787
0.267971
0.467559
0.221961
0.426518
0.749684
0.540922
0.617854
0.475494
0.399498
0.672823
0.860501
0.131630
0.239907
0.126604
0.140045
0.475494
0.344325
0.672823
0.152372
0.426518
0.380525
0.337784
0.221961
0.540922
0.221961
0.540922
0.467559
0.344325
0.695863
0.467559
0.344325
0.649688
0.116102
0.273514
0.771705
0.045355
0.467559
0.549354
0.320806
0.467559
0.617854
0.841556
0.935597
0.916674
0.860501
0.640981
0.603471
0.549354
0.540922
0.991213
0.288671
0.368979
0.571972
0.467559
0.718717
0.779856
0.617854
0.239907
0.273514
0.518727
0.387593
0.793201
0.253642
0.672823
0.475494
0.226757
0.571972
0.387593
0.594827
0.467559
0.426518
0.399498
0.171915
0.426518
0.426518
0.239907
0.594827
0.518727
0.320806
0.640981
0.209600
0.076791
0.454542
0.140045
0.059696
0.253642
0.063876
0.304435
0.571972
0.197797
0.140045
0.029437
0.718717
0.426518
0.131630
0.186540
0.016742
0.099752
0.052074
0.143326
0.085471
0.161896
0.916674
0.186540
0.063876
0.197797
0.288671
0.793201
0.380525
0.387593
0.901408
0.649688
0.617854
0.310521
0.496903
0.153566
0.467559
0.681504
0.454542
0.667094
0.446787
0.779856
0.505064
0.860501
0.801128
0.672823
0.454542
0.518727
0.231634
0.253642
0.446787
0.197797
0.617854
0.304435
0.140045
0.814067
0.279144
0.380525
0.085471
0.571972
0.085471
0.518727
0.300471
0.209600
0.209600
0.380525
0.467559
0.496903
0.399498
0.617854
0.221961
0.640981
0.258960
0.171915
0.076791
0.571972
0.446787
0.518727
0.344325
0.496903
0.771705
0.362130
0.617854
0.727244
0.171915
0.978604
0.197797
0.063876
0.467559
0.171915
0.179787
0.320806
0.496903
0.106369
0.143326
0.258960
0.704484
0.209600
0.829282
0.029437
0.258960
0.267971
0.267971
0.304435
0.496903
0.226757
0.116102
0.197797
0.617854
0.406779
0.801128
0.197797
0.161896
0.209600
0.320806
0.320806
0.106369
0.171915
0.540922
0.640981
0.106369
0.063876
0.380525
0.209600
0.672823
0.649688
0.695863
0.626544
0.749684
0.362130
0.197797
0.414138
0.171915
0.344325
0.362130
0.023291
0.594827
0.483494
0.406779
0.821730
0.320806
0.273514
0.462365
0.333520
0.406779
0.304435
0.146673
0.860501
0.209600
0.779856
0.118894
0.245003
0.116102
0.267971
0.399498
0.161896
0.947760
0.491556
0.098170
0.209600
0.540922
0.253642
0.239907
0.454542
0.930673
0.267971
0.344325
0.741289
0.344325
0.399498
0.475494
0.594827
0.426518
0.380525
0.496903
0.362130
0.505064
0.513281
0.467559
0.095811
0.226757
0.362130
0.253642
0.749684
0.399498
0.197797
0.327120
0.111596
0.617854
0.467559
0.106369
0.029437
0.518727
0.362130
0.496903
0.245003
0.344325
0.758020
0.399498
0.380525
0.930673
0.467559
0.467559
0.454542
0.540922
0.475494
0.406779
0.267971
0.380525
0.362130
0.771705
0.267971
0.288671
0.179787
0.267971
0.253642
0.617854
0.594827
0.821730
0.267971
0.467559
0.134742
0.226757
0.063876
0.320806
0.080027
0.467559
0.059696
0.344325
0.106369
0.131630
0.099752
0.841556
0.197797
0.085471
0.085471
0.123655
0.446787
0.106369
0.063876
0.171915
0.209600
0.304435
0.267971
0.085471
0.085471
0.380525
0.467559
0.446787
0.209600
0.209600
0.221961
0.273514
0.467559
0.221961
0.140045
0.221961
0.050745
0.085471
0.108955
0.140045
0.106369
0.106369
0.540922
0.106369
0.085471
0.171915
0.267971
0.116102
0.446787
0.239907
0.695863
0.672823
0.362130
0.253642
0.399498
0.320806
0.475494
0.050745
0.380525
0.267971
0.320806
0.320806
0.446787
0.649688
0.344325
0.467559
0.171915
0.253642
0.454542
0.171915
0.380525
0.704484
0.187953
0.793201
0.718717
0.387593
0.320806
0.226757
0.294528
0.704484
0.337784
0.626544
0.239907
0.155897
0.258960
0.617854
0.749684
0.239907
0.496903
0.527033
0.406779
0.209600
0.594827
0.549354
0.197797
0.304435
0.640981
0.617854
0.273514
0.044581
0.327120
0.267971
0.344325
0.518727
0.304435
0.563435
0.771705
0.337784
0.362130
0.380525
0.399498
0.209600
0.267971
0.434080
0.106369
0.106369
0.171915
0.123655
0.171915
0.594827
0.209600
0.214182
0.344325
0.273514
0.267971
0.518727
0.304435
0.446787
0.446787
0.304435
0.399498
0.841556
0.718717
0.304435
0.337784
0.304435
0.563435
0.563435
0.362130
0.253642
0.209600
0.475494
0.304435
0.059696
0.239907
0.467559
0.320806
0.916674
0.131630
0.695863
0.571972
0.267971
0.467559
0.209600
0.640981
0.161896
0.095811
0.197797
0.841556
0.594827
0.171915
0.041207
0.399498
0.197797
0.143326
0.446787
0.116102
0.467559
0.161896
0.106369
0.406779
0.467559
0.320806
0.380525
0.267971
0.152372
0.727244
0.267971
0.320806
0.253642
0.958545
0.202171
0.563435
0.171915
0.063876
0.161896
0.380525
0.106369
0.063876
0.209600
0.540922
0.320806
0.089781
0.594827
0.362130
0.387593
0.406779
0.821730
0.209600
0.695863
0.695863
0.010198
0.387593
0.175815
0.406779
0.155897
0.446787
0.380525
0.540922
0.467559
0.467559
0.718717
0.253642
0.129613
