0.000172
0.014305
0.112510
0.000359
0.478214
0.000141
0.000265
0.000451
0.025970
0.206623
0.000037
0.233315
0.002593
0.000210
0.185229
0.203680
0.009104
0.005578
0.020886
0.281082
0.421575
0.000001
0.000000
0.296545
0.027164
0.000001
0.000104
0.000359
0.015845
0.390021
0.874110
0.000000
0.000031
0.499678
0.010900
0.027908
0.032771
0.130653
0.000288
0.000000
0.170690
0.185229
0.855893
0.010106
0.002324
0.064990
0.000163
0.000829
0.032199
0.196422
0.011753
0.612135
0.018883
0.266225
0.024158
0.000320
0.023508
0.181158
0.006028
0.543791
0.457201
0.787927
0.589144
0.000590
0.246759
0.160731
0.098985
0.927324
0.774492
0.127623
0.007593
0.166886
0.081393
0.000217
0.048208
0.001687
0.371333
0.105557
0.000104
0.000561
0.122729
0.000872
0.721628
0.260793
0.233315
0.004416
0.000001
0.115226
0.000304
0.238302
0.000000
0.296545
0.013032
0.000000
0.000217
0.000946
0.981075
0.056256
0.329292
0.135818
0.535389
0.132684
0.008436
0.006511
0.836720
0.000976
0.029982
0.069506
0.069506
0.115226
0.808960
0.255445
0.667094
0.470257
0.139014
0.721628
0.006028
0.117048
0.157114
0.041952
0.092778
0.266225
0.000026
0.353229
0.130653
0.046970
0.223587
0.744157
0.390021
0.043818
0.346575
0.002593
0.000053
0.441715
0.022466
0.001510
0.000014
0.006028
0.119859
0.020320
0.001981
0.000001
0.127623
0.139014
0.000041
0.306500
0.001828
0.002892
0.233315
0.000009
0.001006
0.000451
0.000100
0.208158
0.000000
0.005743
0.122729
0.000341
0.000145
0.003131
0.000000
0.000000
0.000127
0.000000
0.409279
0.251967
0.101413
0.001636
0.429087
0.296545
0.353229
0.077446
0.003965
0.364456
0.187953
0.643949
0.211153
0.002370
0.643949
0.499678
0.192150
0.462365
0.031348
0.181158
0.001636
0.246759
0.002324
0.000204
0.117048
0.016293
0.766291
0.127623
0.000001
0.079397
0.000000
0.000000
0.056750
0.127623
0.000012
0.000001
0.081393
0.147829
0.151265
0.457201
0.000038
0.084803
0.000437
0.002593
0.029982
0.000516
0.003455
0.000402
0.035500
0.002808
0.079397
0.076183
0.007593
0.015845
0.122729
0.000030
0.077446
0.048208
0.044980
0.181158
0.017543
0.000359
0.031348
0.079397
0.000229
0.013654
0.436675
0.364456
0.105557
0.000003
0.012670
0.008682
0.004416
0.000002
0.013032
0.390021
0.036127
0.000068
0.000000
0.000001
0.009822
0.000000
0.000003
0.074303
0.698805
0.675784
0.000000
0.052999
0.855893
0.001556
0.000005
0.008682
0.000001
0.076183
0.000034
0.001393
0.000008
0.006028
0.000018
0.000000
0.003099
0.862861
0.014711
0.597771
0.774492
0.580543
0.009104
0.499678
0.698805
0.409279
0.000063
0.147829
0.069506
0.409279
0.329292
0.003193
0.032199
0.891273
0.340005
0.001636
0.010009
0.371333
0.897436
0.170690
0.027164
0.060743
0.667094
0.055312
0.027908
0.006205
0.000184
0.457201
0.025970
0.004288
0.260793
0.192150
0.000056
0.441715
0.181158
0.074303
0.018036
0.005855
0.105557
0.290658
0.035500
0.069506
0.000005
0.290658
0.000304
0.940331
0.000516
0.092778
0.141156
0.011753
0.255445
0.020886
0.552238
0.364456
0.029186
0.290658
0.002324
0.192150
0.021859
0.016293
0.620815
0.055312
0.000092
0.000872
0.029982
0.003193
0.133745
0.109849
0.721628
0.003850
0.194957
0.000003
0.478214
0.597771
0.012317
0.006703
0.127623
0.462365
0.018883
0.340005
0.758020
0.122729
0.059212
0.043818
0.001393
0.147829
0.000134
0.855893
0.721628
0.429087
0.574890
0.030798
0.000123
0.002211
0.040864
0.001556
0.000330
0.005162
0.275424
0.001510
0.056750
0.071276
0.000001
0.266225
0.039115
0.000001
0.005162
0.196422
0.000000
0.000005
0.022466
0.000000
0.039115
0.000049
0.000217
0.005013
0.002211
0.000012
0.001981
0.000000
0.048208
0.000532
0.000041
0.000007
0.000000
0.000034
0.002395
0.000002
0.000009
0.000031
0.005578
0.000000
0.020886
0.000000
0.855893
0.049476
0.008436
0.004288
0.008043
0.000703
0.020320
0.000532
0.000005
0.033071
0.130653
0.491556
0.014711
0.000007
0.007032
0.499678
0.151265
0.011425
0.652656
0.000010
0.098985
0.007378
0.142275
0.044980
0.092778
0.000000
0.018036
0.000003
0.076183
0.039115
0.177160
0.000035
0.675784
0.000193
0.233315
0.030798
0.029186
0.192150
0.855893
0.652656
0.000927
0.956001
0.017543
0.364456
0.329292
0.074303
0.735726
0.112510
0.003738
0.000002
0.233315
0.004416
0.000127
0.000899
0.003039
0.027908
0.048208
0.255445
0.059212
0.000872
0.000085
0.004868
0.027908
0.064990
0.004288
0.048208
0.449423
0.045761
0.329292
0.416665
0.040864
0.353229
0.003965
0.009546
0.056750
0.713075
0.346575
0.000004
0.098985
0.001774
0.808960
0.000041
0.855893
0.346575
0.092778
0.196422
0.001006
0.735726
0.039115
0.025274
0.000001
0.024158
0.000200
0.000001
0.007593
0.010900
0.002324
0.018883
0.013654
0.112510
0.022466
0.127623
0.000661
0.015128
0.521553
0.409279
0.101413
0.001092
0.060743
0.000002
0.014711
0.050328
0.275424
0.027908
0.007239
0.000000
0.028672
0.170690
0.036456
0.001393
0.041952
0.032199
0.322949
0.003193
0.266225
0.000000
0.000172
0.012670
0.000946
0.039115
0.000804
0.002041
0.000532
0.006703
0.003131
0.001687
0.000249
0.001510
0.000001
0.060743
0.000044
0.055312
0.529876
0.001922
0.115226
0.000003
0.000490
0.000078
0.151265
0.000000
0.048208
0.535389
0.011425
0.416665
0.290658
0.787927
0.059212
0.913005
0.880693
0.005855
0.000000
0.698805
0.891273
0.836720
0.086919
0.390021
0.001092
0.364456
0.000000
0.089083
0.322949
0.891273
0.064990
0.059212
