0.475494
0.304435
0.695863
0.467559
0.304435
0.226757
0.231634
0.380525
0.310521
0.155897
0.540922
0.267971
0.446787
0.320806
0.571972
0.171915
0.279144
0.947760
0.267971
0.294528
0.387593
0.916674
0.617854
0.344325
0.063876
0.344325
0.884948
0.124654
0.454542
0.695863
0.273514
0.640981
0.239907
0.340005
0.672823
0.549354
0.387593
0.441715
0.399498
0.907293
0.288671
0.399498
0.779856
0.974087
0.867378
0.061238
0.527033
0.771705
0.594827
0.594827
0.758020
0.446787
0.901408
0.454542
0.344325
0.273514
0.245003
0.350951
0.860501
0.821730
0.713075
0.467559
0.617854
0.841556
0.580543
0.640981
0.380525
0.994555
0.327120
0.571972
0.064431
0.197797
0.226757
0.640981
0.394742
0.344325
0.549354
0.141156
0.288671
0.085471
0.749684
0.209600
0.617854
0.496903
0.749684
0.190711
0.860501
0.446787
0.273514
0.467559
0.267971
0.557828
0.793201
0.640981
0.047782
0.250182
0.867378
0.350951
0.483494
0.935597
0.984769
0.226757
0.518727
0.362130
0.884948
0.549354
0.032771
0.884948
0.649688
0.612135
0.649688
0.304435
0.161896
0.279144
0.947760
0.375911
0.848789
0.718717
0.727244
0.571972
0.672823
0.126604
0.505064
0.617854
0.617854
0.821730
0.333520
0.375911
0.672823
0.571972
0.426518
0.231634
0.350951
0.867378
0.399498
0.617854
0.962240
0.288671
0.518727
0.571972
0.571972
0.617854
0.320806
0.362130
0.594827
0.186540
0.161896
0.467559
0.183833
0.143326
0.518727
0.718717
0.327120
0.171915
0.749684
0.218844
0.916674
0.771705
0.617854
0.695863
0.099752
0.540922
0.320806
0.245003
0.771705
0.327120
0.267971
0.672823
0.527033
0.454542
0.056256
0.475494
0.749684
0.320806
0.907293
0.658394
0.121744
0.749684
0.505064
0.368979
0.401971
0.549354
0.499678
0.801128
0.935597
0.000162
0.617854
0.594827
0.571972
0.779856
0.098170
0.557828
0.446787
0.518727
0.294528
0.571972
0.250182
0.635244
0.186540
0.267971
0.209600
0.310521
0.505064
0.107244
0.594827
0.467559
0.518727
0.878466
0.841556
0.267971
0.984769
0.626544
0.475494
0.446787
0.454542
0.239907
0.580543
0.557828
0.368979
0.475494
0.901408
0.031906
0.771705
0.350951
0.540922
0.008597
0.236593
0.320806
0.454542
0.426518
0.855893
0.155897
0.681504
0.821730
0.258960
0.821730
0.446787
0.141156
0.014985
0.320806
0.718717
0.362130
0.304435
0.304435
0.978604
0.171915
0.197797
0.273514
0.284858
0.821730
0.434080
0.108955
0.380525
0.467559
0.121744
0.012784
0.518727
0.304435
0.337784
0.294528
0.304435
0.126604
0.226757
0.209600
0.749684
0.279144
0.695863
0.111596
0.594827
0.491556
0.454542
0.209600
0.649688
0.387593
0.190711
0.454542
0.580543
0.557828
0.580543
0.310521
0.704484
0.758020
0.496903
0.801128
0.175815
0.279144
0.350951
0.058699
0.310521
0.239907
0.300471
0.667094
0.505064
0.310521
0.414138
0.206623
0.793201
0.672823
0.063876
0.626544
0.860501
0.475494
0.306500
0.518727
0.617854
0.239907
0.190711
0.362130
0.978604
0.571972
0.304435
0.672823
0.446787
0.304435
0.718717
0.901408
0.994555
0.226757
0.649688
0.801128
0.603471
0.169385
0.099752
0.571972
0.179787
0.496903
0.518727
0.310521
0.571972
0.672823
0.070065
0.434080
0.150086
0.194957
0.197797
0.253642
0.026195
0.518727
0.713075
0.239907
0.867378
0.518727
0.672823
0.143326
0.399498
0.496903
0.267971
0.518727
0.793201
0.617854
0.387593
0.741289
0.327120
0.304435
0.901408
0.406779
0.958545
0.131630
0.718717
0.571972
0.727244
0.695863
0.399498
0.253642
0.446787
0.571972
0.209600
0.344325
0.288671
0.446787
0.087602
0.190711
0.197797
0.549354
0.718717
0.387593
0.549354
0.197797
0.140045
0.446787
0.380525
0.209600
0.362130
0.350951
0.253642
0.085471
0.221961
0.518727
0.793201
0.086192
0.304435
0.467559
0.304435
0.362130
0.279144
0.467559
0.165605
0.337784
0.226757
0.362130
0.617854
0.518727
0.518727
0.475494
0.171915
0.617854
0.518727
0.320806
0.253642
0.540922
0.617854
0.672823
0.571972
0.704484
0.273514
0.137917
0.884948
0.571972
0.527033
0.387593
0.718717
0.557828
0.202171
0.860501
0.368979
0.175815
0.344325
0.267971
0.884948
0.399498
0.387593
0.126604
0.475494
0.304435
0.327120
0.735726
0.695863
0.617854
0.594827
0.867378
0.197797
0.327120
0.984769
0.239907
0.878466
0.202171
0.580543
0.958545
0.672823
0.009016
0.387593
0.549354
0.916674
0.640981
0.571972
0.704484
0.327120
0.594827
0.387593
0.197797
0.231634
0.779856
0.310521
0.267971
0.594827
0.454542
0.245003
0.434080
0.947760
0.901408
0.518727
0.399498
0.496903
0.380525
0.171915
0.801128
0.467559
0.916674
0.165605
0.681504
0.300471
0.540922
0.050328
0.267971
0.337784
0.467559
0.594827
0.362130
0.821730
0.350951
0.704484
0.159490
0.496903
0.935597
0.362130
0.594827
0.300471
0.860501
0.380525
0.362130
0.649688
0.362130
0.878466
0.635244
0.535389
0.209600
0.327120
0.350951
0.727244
0.098170
0.814067
0.563435
0.446787
0.362130
0.518727
0.884948
0.406779
0.273514
0.518727
0.695863
0.294528
0.814067
0.350951
0.186540
0.589144
0.741289
0.106369
0.467559
0.860501
0.344325
0.426518
0.891273
0.617854
0.518727
0.253642
0.258960
0.446787
0.116102
0.426518
0.467559
0.527033
0.571972
0.603471
0.467559
0.239907
0.672823
0.320806
0.779856
0.362130
0.518727
0.467559
0.617854
0.446787
0.518727
0.860501
0.258960
0.635244
0.649688
0.681504
0.380525
0.557828
0.672823
0.704484
0.718717
0.884948
0.518727
0.426518
0.344325
0.279144
0.658394
0.681504
0.134742
0.037099
0.028919
0.441715
0.649688
