0.467559
0.273514
0.749684
0.152372
0.209600
0.626544
0.221961
0.058699
0.362130
0.239907
0.197797
0.123655
0.406779
0.161896
0.695863
0.399498
0.695863
0.540922
0.214182
0.288671
0.467559
0.488801
0.695863
0.362130
0.267971
0.320806
0.518727
0.496903
0.496903
0.362130
0.350951
0.617854
0.907293
0.563435
0.672823
0.344325
0.848789
0.640981
0.380525
0.580543
0.821730
0.320806
0.387593
0.916674
0.681504
0.718717
0.245003
0.594827
0.344325
0.414138
0.867378
0.183833
0.264363
0.672823
0.446787
0.594827
0.986757
0.916674
0.406779
0.571972
0.467559
0.253642
0.841556
0.399498
0.603471
0.241635
0.267971
0.467559
0.718717
0.134742
0.640981
0.434080
0.106369
0.649688
0.779856
0.258960
0.557828
0.713075
0.989675
0.617854
0.695863
0.749684
0.930673
0.126604
0.672823
0.563435
0.658394
0.446787
0.695863
0.304435
0.518727
0.375911
0.518727
0.267971
0.571972
0.749684
0.126604
0.406779
0.958545
0.672823
0.801128
0.107244
0.049886
0.137917
0.197797
0.580543
0.617854
0.771705
0.284858
0.848789
0.380525
0.658394
0.563435
0.116102
0.409279
0.594827
0.483494
0.704484
0.467559
0.563435
0.467559
0.808960
0.267971
0.337784
0.137917
0.368979
0.594827
0.540922
0.649688
0.320806
0.155897
0.362130
0.907293
0.399498
0.930673
0.571972
0.821730
0.467559
0.518727
0.186540
0.310521
0.380525
0.540922
0.380525
0.540922
0.496903
0.045355
0.571972
0.209600
0.930673
0.518727
0.171915
0.267971
0.467559
0.563435
0.171915
0.399498
0.304435
0.161896
0.640981
0.793201
0.337784
0.063876
0.672823
0.143326
0.202171
0.226757
0.594827
0.250182
0.446787
0.695863
0.527033
0.434080
0.617854
0.518727
0.316692
0.916674
0.580543
0.098170
0.779856
0.364456
0.362130
0.571972
0.658394
0.626544
0.557828
0.253642
0.357661
0.446787
0.434080
0.475494
0.549354
0.454542
0.253642
0.253642
0.563435
0.226757
0.594827
0.860501
0.171915
0.288671
0.368979
0.102197
0.258960
0.540922
0.085471
0.540922
0.106369
0.571972
0.594827
0.446787
0.267971
0.540922
0.387593
0.023291
0.143326
0.387593
0.930673
0.549354
0.245003
0.106369
0.226757
0.935597
0.320806
0.672823
0.294528
0.681504
0.434080
0.571972
0.183833
0.540922
0.727244
0.518727
0.518727
0.264363
0.362130
0.078727
0.446787
0.169385
0.350951
0.718717
0.004963
0.860501
0.380525
0.821730
0.527033
0.860501
0.304435
0.540922
0.741289
0.161896
0.304435
0.878466
0.186540
0.116102
0.841556
0.467559
0.434080
0.540922
0.617854
0.672823
0.380525
0.161896
0.337784
0.704484
0.467559
0.446787
0.406779
0.617854
0.860501
0.426518
0.695863
0.594827
0.841556
0.483494
0.496903
0.704484
0.922090
0.727244
0.434080
0.236593
0.518727
0.306500
0.829282
0.626544
0.171915
0.901408
0.350951
0.549354
0.518727
0.758020
0.362130
0.206623
0.171915
0.245003
0.771705
0.406779
0.434080
0.518727
0.749684
0.245003
0.841556
0.104694
0.179787
0.771705
0.279144
0.056256
0.718717
0.695863
0.681504
0.226757
0.594827
0.446787
0.406779
0.209600
0.137917
0.375911
0.362130
0.333520
0.718717
0.841556
0.362130
0.704484
0.253642
0.368979
0.067195
0.901408
0.617854
0.672823
0.496903
0.672823
0.362130
0.617854
0.368979
0.483494
0.143326
0.239907
0.362130
0.727244
0.958545
0.672823
0.175815
0.787927
0.446787
0.513281
0.505064
0.527033
0.488801
0.152372
0.571972
0.779856
0.718717
0.635244
0.527033
0.649688
0.727244
0.406779
0.380525
0.626544
0.327120
0.563435
0.209600
0.131630
0.594827
0.649688
0.540922
0.273514
0.304435
0.344325
0.050745
0.131630
0.958545
0.063876
0.505064
0.245003
0.362130
0.171915
0.518727
0.050745
0.446787
0.399498
0.123655
0.446787
0.446787
0.087602
0.171915
0.467559
0.878466
0.549354
0.640981
0.304435
0.571972
0.540922
0.099752
0.467559
0.821730
0.294528
0.718717
0.446787
0.901408
0.085471
0.258960
0.273514
0.518727
0.344325
0.171915
0.161896
0.171915
0.123655
0.209600
0.626544
0.475494
0.649688
0.594827
0.695863
0.496903
0.527033
0.171915
0.594827
0.475494
0.771705
0.426518
0.454542
0.362130
0.467559
0.617854
0.860501
0.387593
0.245003
0.617854
0.320806
0.626544
0.310521
0.695863
0.483494
0.518727
0.304435
0.368979
0.962240
0.214182
0.475494
0.016139
0.695863
0.264363
0.267971
0.549354
0.387593
0.771705
0.713075
0.793201
0.186540
0.294528
0.867378
0.626544
0.704484
0.930673
0.518727
0.273514
0.467559
0.304435
0.475494
0.793201
0.540922
0.617854
0.571972
0.540922
0.310521
0.161896
0.793201
0.658394
0.304435
0.540922
0.860501
0.695863
0.695863
0.594827
0.171915
0.320806
0.426518
0.294528
0.649688
0.496903
0.267971
0.337784
0.848789
0.496903
0.387593
0.165605
0.848789
0.406779
0.467559
0.518727
0.749684
0.695863
0.288671
0.106369
0.518727
0.735726
0.320806
0.672823
0.695863
0.171915
0.214182
0.027652
0.901408
0.380525
0.186540
0.467559
0.821730
0.327120
0.540922
0.446787
0.496903
0.496903
0.617854
0.749684
0.549354
0.226757
0.441715
0.571972
0.867378
0.446787
0.540922
0.123655
0.399498
0.221961
0.226757
0.571972
0.143326
0.131630
0.029708
0.563435
0.399498
0.406779
0.681504
0.202171
0.344325
0.063876
0.958545
0.239907
0.171915
0.320806
0.446787
0.475494
0.171915
0.695863
0.467559
0.362130
0.916674
0.467559
0.226757
0.143326
0.594827
0.672823
0.446787
0.617854
0.884948
0.704484
0.793201
0.640981
0.387593
0.718717
0.221961
0.527033
0.399498
0.010198
0.454542
0.304435
0.986757
0.258960
0.362130
0.860501
0.155897
0.209600
0.540922
0.704484
