0.221961
0.143326
0.540922
0.209600
0.197797
0.267971
0.320806
0.155897
0.362130
0.626544
0.362130
0.267971
0.171915
0.304435
0.337784
0.078727
0.320806
0.399498
0.344325
0.140045
0.099752
0.209600
0.320806
0.218844
0.161896
0.288671
0.171915
0.197797
0.695863
0.635244
0.273514
0.253642
0.860501
0.446787
0.860501
0.387593
0.518727
0.264363
0.695863
0.779856
0.258960
0.344325
0.123655
0.467559
0.304435
0.085471
0.209600
0.580543
0.344325
0.571972
0.446787
0.316692
0.304435
0.527033
0.304435
0.771705
0.884948
0.279144
0.617854
0.867378
0.258960
0.930673
0.236593
0.594827
0.100580
0.294528
0.640981
0.771705
0.279144
0.267971
0.649688
0.269851
0.104694
0.394742
0.221961
0.327120
0.239907
0.483494
0.672823
0.267971
0.333520
0.399498
0.793201
0.927324
0.143326
0.294528
0.829282
0.635244
0.860501
0.209600
0.771705
0.488801
0.860501
0.718717
0.161896
0.399498
0.320806
0.327120
0.649688
0.758020
0.727244
0.475494
0.467559
0.267971
0.727244
0.518727
0.749684
0.483494
0.603471
0.454542
0.467559
0.267971
0.491556
0.454542
0.322949
0.848789
0.749684
0.467559
0.264363
0.496903
0.140045
0.209600
0.549354
0.300471
0.771705
0.294528
0.496903
0.344325
0.426518
0.640981
0.518727
0.821730
0.414138
0.518727
0.304435
0.658394
0.718717
0.681504
0.273514
0.226757
0.672823
0.116102
0.446787
0.320806
0.672823
0.399498
0.434080
0.399498
0.226757
0.253642
0.258960
0.446787
0.399498
0.226757
0.380525
0.841556
0.446787
0.171915
0.320806
0.209600
0.267971
0.267971
0.116102
0.171915
0.878466
0.209600
0.099752
0.540922
0.540922
0.505064
0.571972
0.649688
0.793201
0.279144
0.406779
0.718717
0.475494
0.635244
0.635244
0.134742
0.327120
0.226757
0.496903
0.658394
0.362130
0.394742
0.640981
0.649688
0.771705
0.594827
0.518727
0.434080
0.161896
0.320806
0.143326
0.337784
0.916674
0.239907
0.475494
0.617854
0.239907
0.518727
0.197797
0.446787
0.594827
0.362130
0.161896
0.930673
0.288671
0.344325
0.106369
0.475494
0.267971
0.161896
0.821730
0.202171
0.406779
0.333520
0.951979
0.206623
0.793201
0.454542
0.169385
0.171915
0.540922
0.344325
0.327120
0.971109
0.406779
0.984769
0.344325
0.549354
0.496903
0.446787
0.841556
0.749684
0.962240
0.131630
0.518727
0.441715
0.467559
0.399498
0.496903
0.758020
0.571972
0.104694
0.518727
0.197797
0.518727
0.695863
0.695863
0.273514
0.380525
0.901408
0.426518
0.603471
0.603471
0.171915
0.399498
0.175815
0.426518
0.771705
0.344325
0.380525
0.626544
0.718717
0.020130
0.327120
0.580543
0.727244
0.907293
0.380525
0.617854
0.594827
0.617854
0.617854
0.426518
0.496903
0.626544
0.527033
0.617854
0.454542
0.535389
0.649688
0.549354
0.267971
0.907293
0.197797
0.695863
0.368979
0.571972
0.475494
0.658394
0.793201
0.672823
0.446787
0.704484
0.749684
0.226757
0.228410
0.549354
0.549354
0.540922
0.922090
0.467559
0.304435
0.935597
0.540922
0.962240
0.333520
0.327120
0.475494
0.496903
0.779856
0.571972
0.594827
0.267971
0.935597
0.801128
0.406779
0.483494
0.594827
0.454542
0.594827
0.368979
0.549354
0.202171
0.771705
0.241635
0.209600
0.672823
0.549354
0.226757
0.304435
0.860501
0.202171
0.118894
0.414138
0.617854
0.496903
0.518727
0.226757
0.841556
0.704484
0.594827
0.190711
0.640981
0.808960
0.214182
0.718717
0.884948
0.300471
0.884948
0.518727
0.617854
0.505064
0.304435
0.695863
0.099752
0.589144
0.594827
0.344325
0.197797
0.594827
0.518727
0.214182
0.399498
0.050745
0.337784
0.695863
0.362130
0.140045
0.165605
0.672823
0.171915
0.672823
0.209600
0.070065
0.380525
0.063876
0.649688
0.344325
0.446787
0.362130
0.488801
0.226757
0.253642
0.549354
0.771705
0.580543
0.226757
0.304435
0.045355
0.467559
0.197797
0.063876
0.916674
0.380525
0.320806
0.749684
0.571972
0.841556
0.085471
0.221961
0.327120
0.793201
0.080027
0.099752
0.821730
0.304435
0.779856
0.672823
0.214182
0.446787
0.467559
0.540922
0.626544
0.320806
0.387593
0.821730
0.399498
0.267971
0.649688
0.640981
0.446787
0.399498
0.426518
0.273514
0.594827
0.801128
0.399498
0.380525
0.672823
0.540922
0.557828
0.571972
0.860501
0.540922
0.475494
0.758020
0.454542
0.496903
0.387593
0.161896
0.273514
0.594827
0.344325
0.273514
0.916674
0.695863
0.446787
0.414138
0.496903
0.496903
0.841556
0.589144
0.362130
0.399498
0.571972
0.137917
0.092008
0.098170
0.399498
0.617854
0.640981
0.046554
0.771705
0.380525
0.672823
0.718717
0.841556
0.406779
0.930673
0.267971
0.718717
0.320806
0.718717
0.640981
0.571972
0.580543
0.304435
0.380525
0.535389
0.563435
0.406779
0.718717
0.681504
0.140045
0.197797
0.695863
0.197797
0.387593
0.540922
0.518727
0.496903
0.279144
0.267971
0.617854
0.327120
0.467559
0.462365
0.446787
0.267971
0.758020
0.640981
0.540922
0.594827
0.947760
0.571972
0.380525
0.085471
0.131630
0.362130
0.063876
0.134742
0.927324
0.446787
0.320806
0.152372
0.821730
0.695863
0.571972
0.380525
0.467559
0.337784
0.320806
0.467559
0.116102
0.267971
0.253642
0.704484
0.672823
0.540922
0.258960
0.362130
0.640981
0.947760
0.344325
0.672823
0.382926
0.571972
0.594827
0.563435
0.878466
0.446787
0.106369
0.771705
0.362130
0.758020
0.505064
0.617854
0.320806
0.221961
0.288671
0.344325
0.214182
0.106369
0.368979
0.884948
0.426518
0.518727
0.327120
0.387593
0.434080
0.197797
0.344325
0.357661
0.320806
0.475494
0.563435
0.362130
0.368979
0.491556
0.320806
0.171915
0.543791
