0.000011
0.010595
0.000000
0.000002
0.001324
0.001687
0.000000
0.001436
0.000597
0.652656
0.009546
0.000200
0.000703
0.092778
0.001828
0.052999
0.000065
0.000063
0.050328
0.011753
0.064990
0.000000
0.006703
0.000153
0.787927
0.011106
0.000145
0.000236
0.891273
0.552238
0.000005
0.086919
0.000003
0.499678
0.010595
0.000000
0.000829
0.018883
0.000104
0.000000
0.008436
0.089083
0.000138
0.266225
0.000000
0.000014
0.016293
0.063362
0.003289
0.000829
0.766291
0.000167
0.196422
0.543791
0.000009
0.000000
0.119859
0.000006
0.002041
0.000019
0.597771
0.006447
0.000257
0.005013
0.000002
0.001465
0.000001
0.000359
0.000123
0.000000
0.260793
0.014711
0.000027
0.001687
0.000001
0.022466
0.000040
0.000415
0.329292
0.033966
0.103042
0.060743
0.079397
0.009822
0.001556
0.000415
0.011753
0.147829
0.000097
0.000044
0.021859
0.147829
0.312615
0.000000
0.000013
0.228410
0.000829
0.000271
0.064990
0.001092
0.007593
0.891273
0.000053
0.016293
0.119859
0.329292
0.012907
0.000009
0.774492
0.000000
0.281082
0.142275
0.409279
0.007239
0.009104
0.001310
0.335721
0.002645
0.005743
0.001184
0.018883
0.000000
0.000210
0.000006
0.009104
0.105557
0.329292
0.000000
0.003666
0.000000
0.000000
0.017063
0.000000
0.015845
0.000009
0.000025
0.346575
0.000000
0.001510
0.000000
0.000451
0.000682
0.000764
0.000804
0.000628
0.000000
0.000946
0.055312
0.000000
0.000000
0.382926
0.004288
0.000129
0.000000
0.000359
0.000000
0.160731
0.050328
0.005162
0.000000
0.002395
0.006511
0.000000
0.296545
0.000023
0.000000
0.021859
0.000056
0.306500
0.836720
0.001465
0.000330
0.130653
0.266225
0.008436
0.000027
0.000000
0.907293
0.000000
0.000294
0.004288
0.000279
0.000001
0.000042
0.012317
0.063362
0.000003
0.000129
0.081393
0.421575
0.196422
0.483494
0.543791
0.000000
0.486235
0.000002
0.015128
0.000000
0.020886
0.000002
0.000000
0.005013
0.133745
0.060743
0.000007
0.005687
0.039115
0.000000
0.000000
0.000023
0.000229
0.552238
0.000067
0.000184
0.721628
0.000000
0.007378
0.003559
0.000000
0.024596
0.000000
0.026684
0.051648
0.040864
0.056750
0.000000
0.077446
0.086919
0.000129
0.002146
0.004288
0.040864
0.000304
0.000023
0.002892
0.008436
0.003666
0.000113
0.220452
0.000000
0.000127
0.011425
0.000217
0.000049
0.185229
0.000040
0.018883
0.000000
0.006511
0.119859
0.000000
0.574890
0.000005
0.020886
0.000000
0.027908
0.000000
0.000040
0.000000
0.371333
0.000000
0.000210
0.130653
0.000002
0.409279
0.000182
0.766291
0.000008
0.478214
0.004637
0.196422
0.072465
0.060743
0.034568
0.122729
0.000000
0.130653
0.098985
0.436675
0.816691
0.371333
0.017543
0.004775
0.081393
0.000682
0.003193
0.170690
0.620815
0.312615
0.006511
0.000001
0.312615
0.513281
0.251967
0.003850
0.007032
0.000079
0.416665
0.000000
0.394742
0.000178
0.335721
0.000451
0.000000
0.000000
0.001059
0.036127
0.766291
0.108126
0.130653
0.000172
0.290658
0.002808
0.006028
0.000000
0.022875
0.000060
0.040864
0.290658
0.000001
0.000031
0.000257
0.015409
0.040864
0.000000
0.000027
0.203680
0.006325
0.001865
0.000000
0.013276
0.001510
0.000000
0.000053
0.000000
0.000330
0.000045
0.002443
0.266225
0.119859
0.064990
0.281082
0.022466
0.048208
0.021859
0.124654
0.002517
0.000001
0.076183
0.000013
0.000561
0.001324
0.001556
0.023508
0.017543
0.061772
0.000100
0.000000
0.011753
0.000002
0.758020
0.000003
0.000041
0.000002
0.000002
0.499678
0.000000
0.000000
0.002146
0.000000
0.000000
0.000946
0.462365
0.059212
0.001027
0.130653
0.010900
0.009104
0.015128
0.000000
0.092778
0.322949
0.000855
0.000000
0.874110
0.125659
0.000764
0.000000
0.000000
0.000069
0.000000
0.008197
0.005013
0.007593
0.000000
0.000001
0.006205
0.000001
0.002892
0.000000
0.048208
0.000001
0.000829
0.005162
0.000000
0.203680
0.000000
0.008436
0.000000
0.016293
0.002672
0.000341
0.000109
0.051648
0.001436
0.329292
0.000018
0.166886
0.000000
0.055312
0.000005
0.007815
0.000262
0.266225
0.000044
0.000000
0.000020
0.181158
0.000005
0.220452
0.000359
0.003965
0.028672
0.011753
0.000097
0.000134
0.064990
0.008436
0.215763
0.000000
0.491556
0.177160
0.000279
0.000007
0.044980
0.013654
0.170690
0.006511
0.011753
0.105557
0.090535
0.160731
0.927324
0.000648
0.000000
0.000001
0.000000
0.000000
0.000016
0.000000
0.000010
0.000437
0.000000
0.009368
0.013654
0.000046
0.092778
0.122729
0.001510
0.000402
0.000001
0.006832
0.002808
0.001774
0.001774
0.000222
0.018883
0.010106
0.000007
0.000000
0.000000
0.038094
0.108126
0.000037
0.000013
0.174566
0.005578
0.003131
0.000040
0.000003
0.010106
0.008436
0.002672
0.108126
0.000359
0.000078
0.281082
0.029982
0.000078
0.000005
0.000946
0.000005
0.000872
0.429087
0.001393
0.074303
0.001981
0.011753
0.014043
0.002725
0.000012
0.000764
0.039801
0.000000
0.004503
0.001774
0.009822
0.044980
0.000500
0.003850
0.000134
0.000021
0.000002
0.000000
0.000134
0.046970
0.000002
0.000037
0.000034
0.000138
0.001922
0.000041
0.142275
0.000065
0.000012
0.001393
0.000000
0.220452
0.000000
0.115226
0.000000
0.001208
0.000004
0.000000
0.000236
0.096609
0.014711
0.002255
0.390021
0.001393
0.000000
0.000415
0.192150
0.306500
0.371333
0.000071
0.017063
0.100580
0.000000
0.000028
0.698805
0.000000
0.312615
0.007815
0.001006
0.001922
0.035500
0.000285
0.170690
0.000000
0.000204
0.122729
0.000236
0.112510
0.203680
0.000008
