0.018706
0.779856
0.965738
0.025970
0.907293
0.667094
0.241635
0.208158
0.574890
0.901408
0.483494
0.038094
0.004503
0.916674
0.084803
0.574890
0.312615
0.855893
0.557828
0.848789
0.028409
0.033071
0.449423
0.462365
0.150086
0.549354
0.927324
0.084803
0.223587
0.829282
0.690166
0.434080
0.032199
0.300471
0.855893
0.574890
0.170690
0.306500
0.281082
0.000490
0.112510
0.574890
0.521553
0.874110
0.721628
0.000019
0.597771
0.758020
0.039801
0.063362
0.294528
0.346575
0.690166
0.060217
0.801128
0.192150
0.329292
0.787927
0.208158
0.675784
0.787927
0.603471
0.043818
0.090535
0.002443
0.612135
0.409279
0.098985
0.059212
0.181158
0.416665
0.758020
0.199280
0.035500
0.177160
0.000210
0.269851
0.862861
0.483494
0.010595
0.580543
0.766291
0.787927
0.192150
0.281082
0.787927
0.233315
0.483494
0.449423
0.051648
0.153566
0.434080
0.735726
0.105557
0.027164
0.333520
0.589144
0.057717
0.220452
0.620815
0.855893
0.901408
0.009822
0.003559
0.566341
0.414138
0.462365
0.010595
0.211153
0.000039
0.836720
0.552238
0.681504
0.774492
0.077446
0.867378
0.296545
0.589144
0.133745
0.382926
0.766291
0.284858
0.441715
0.589144
0.290658
0.409279
0.962240
0.050328
0.010298
0.436675
0.135818
0.296545
0.002517
0.940331
0.035500
0.266225
0.119859
0.024825
0.371333
0.010106
0.478214
0.620815
0.620815
0.004043
0.241635
0.015845
0.333520
0.935597
0.025970
0.112510
0.704484
0.984769
0.735726
0.215763
0.074303
0.003965
0.147829
0.034568
0.612135
0.017543
0.713075
0.589144
0.061772
0.891273
0.003039
0.001774
0.159490
0.005968
0.766291
0.891273
0.177160
0.329292
0.306500
0.521553
0.177160
0.667094
0.055312
0.681504
0.401971
0.037099
0.535389
0.390021
0.147829
0.549354
0.603471
0.098985
0.002300
0.749684
0.022466
0.821730
0.841556
0.713075
0.994555
0.108126
0.962240
0.103042
0.421575
0.552238
0.147829
0.098985
0.051648
0.690166
0.521553
0.978604
0.001149
0.829282
0.024825
0.009546
0.574890
0.139014
0.316692
0.836720
0.535389
0.574890
0.907293
0.246759
0.897436
0.713075
0.000163
0.401971
0.098985
0.652656
0.185229
0.007593
0.000561
0.774492
0.916674
0.874110
0.513281
0.505064
0.199280
0.103042
0.014711
0.032199
0.008197
0.001027
0.096609
0.255445
0.245003
0.114294
0.215763
0.744157
0.013654
0.346575
0.147829
0.005013
0.004043
0.014305
0.122729
0.005110
0.144460
0.491556
0.021859
0.816691
0.000461
0.050328
0.543791
0.513281
0.000001
0.836720
0.025970
0.371333
0.690166
0.470257
0.951979
0.513281
0.603471
0.005418
0.766291
0.513281
0.999575
0.735726
0.998868
0.153566
0.816691
0.022466
0.808960
0.034568
0.160731
0.635244
0.927324
0.079397
0.766291
0.215763
0.499678
0.022875
0.612135
0.049040
0.566341
0.808960
0.260793
0.160731
0.183833
0.795913
0.462365
0.897436
0.357661
0.713075
0.105557
0.350951
0.160731
0.884948
0.000000
0.017063
0.046970
0.001310
0.749684
0.981075
0.735726
0.962240
0.390021
0.971109
0.043818
0.795913
0.001510
0.848789
0.318816
0.552238
0.046970
0.048208
0.867378
0.260793
0.114294
0.103042
0.009822
0.535389
0.521553
0.891273
0.787927
0.092778
0.117048
0.077446
0.084803
0.543791
0.079397
0.001393
0.166886
0.177160
0.429087
0.236593
0.072465
0.117048
0.082732
0.557828
0.284858
0.603471
0.013909
0.312615
0.039115
0.848789
0.269851
0.787927
0.335721
0.060743
0.022875
0.695863
0.940331
0.139014
0.284858
0.074303
0.333520
0.039801
0.552238
0.316692
0.643949
0.260793
0.000000
0.269851
0.874110
0.003965
0.589144
0.255445
0.860501
0.897436
0.236593
0.004728
0.009104
0.491556
0.513281
0.215763
0.449423
0.821730
0.017063
0.371333
0.713075
0.055312
0.004503
0.491556
0.012317
0.023508
0.000003
0.535389
0.119859
0.007965
0.658394
0.038094
0.364456
0.913005
0.901408
0.014711
0.269851
0.013909
0.211153
0.084803
0.390021
0.103042
0.108126
0.312615
0.862861
0.003559
0.044980
0.199280
0.421575
0.779856
0.029982
0.821730
0.001059
0.795913
0.003099
0.096609
0.255445
0.312615
0.250182
0.626544
0.390021
0.005418
0.505064
0.094284
0.076183
0.958545
0.153566
0.752533
0.228410
0.010595
0.421575
0.177160
0.513281
0.260793
0.991213
0.002395
0.848789
0.681504
0.199280
0.014711
0.566341
0.003559
0.535389
0.597771
0.690166
0.527033
0.228410
0.306500
0.290658
0.994555
0.021859
0.401971
0.000628
0.003455
0.449423
0.086919
0.316692
0.255445
0.044980
0.067775
0.626544
0.594827
0.009104
0.635244
0.543791
0.160731
0.004372
0.867378
0.281082
0.947760
0.801128
0.962240
0.135818
0.947760
0.192150
0.014711
0.046970
0.290658
0.667094
0.284858
0.260793
0.535389
0.132684
0.690166
0.005013
0.409279
0.491556
0.721628
0.055312
0.329292
0.867378
0.034568
0.109849
0.008197
0.269851
0.057717
0.821730
0.003388
0.290658
0.940331
0.103042
0.658394
0.441715
0.612135
0.721628
0.867378
0.032199
0.096609
0.848789
0.000167
0.011106
0.316692
0.027164
0.779856
0.589144
0.462365
0.027164
0.181158
0.390021
0.000004
0.012317
0.124654
0.713075
0.013276
0.296545
0.004503
0.132684
0.064431
0.147829
0.030798
0.462365
0.017063
0.255445
0.612135
0.127623
0.557828
0.597771
0.041578
0.449423
0.014711
0.698805
0.406779
0.250182
0.296545
0.821730
0.077446
0.007032
0.160731
0.997586
0.255445
0.620815
0.005013
0.704484
0.681504
0.016293
0.014305
0.836720
0.022466
0.735726
0.050328
0.371333
0.067775
0.306500
0.589144
0.727244
0.026438
0.119859
0.874110
0.589144
0.681504
0.787927
0.603471
