0.829282
0.787927
0.421575
0.066084
0.001721
0.103042
0.015845
0.557828
0.801128
0.821730
0.643949
0.735726
0.000222
0.124654
0.901408
0.223587
0.004868
0.690166
0.098170
0.620815
0.483494
0.387593
0.281082
0.766291
0.499678
0.310521
0.002517
0.779856
0.978604
0.758020
0.100580
0.787927
0.981075
0.922090
0.483494
0.916674
0.220452
0.922090
0.907293
0.357661
0.658394
0.874110
0.874110
0.049040
0.787927
0.848789
0.421575
0.316692
0.867378
0.672823
0.382926
0.011640
0.867378
0.704484
0.907293
0.907293
0.258960
0.552238
0.121744
0.107244
0.779856
0.527033
0.947760
0.159490
0.127623
0.135818
0.316692
0.310521
0.727244
0.029708
0.421575
0.052535
0.038094
0.401971
0.001588
0.394742
0.390021
0.223587
0.130653
0.690166
0.251967
0.884948
0.566341
0.947760
0.414138
0.848789
0.695863
0.787927
0.884948
0.144460
0.612135
0.808960
0.467559
0.364456
0.470257
0.462365
0.672823
0.580543
0.346575
0.535389
0.478214
0.119859
0.306500
0.913005
0.841556
0.306500
0.241635
0.672823
0.199280
0.855893
0.620815
0.727244
0.011974
0.449423
0.421575
0.801128
0.009822
0.284858
0.491556
0.978604
0.018706
0.996919
0.589144
0.795913
0.040864
0.306500
0.181158
0.068911
0.984769
0.290658
0.454542
0.147829
0.884948
0.626544
0.635244
0.901408
0.340005
0.441715
0.153566
0.867378
0.067775
0.340005
0.816691
0.049040
0.052535
0.096609
0.020320
0.350951
0.681504
0.499678
0.695863
0.821730
0.496903
0.013276
0.316692
0.535389
0.429087
0.829282
0.891273
0.566341
0.211153
0.658394
0.019230
0.002567
0.290658
0.333520
0.727244
0.084803
0.021268
0.603471
0.194957
0.787927
0.462365
0.017866
0.557828
0.727244
0.454542
0.223587
0.333520
0.075538
0.787927
0.779856
0.848789
0.177160
0.462365
0.236593
0.821730
0.635244
0.327120
0.649688
0.971109
0.891273
0.072465
0.344325
0.884948
0.635244
0.713075
0.922090
0.147829
0.320806
0.112510
0.735726
0.364456
0.779856
0.333520
0.994555
0.173237
0.505064
0.264363
0.300471
0.300471
0.779856
0.478214
0.092778
0.441715
0.357661
0.094284
0.387593
0.409279
0.571972
0.109849
0.003629
0.801128
0.163153
0.690166
0.119859
0.306500
0.744157
0.250182
0.260793
0.505064
0.001540
0.049040
0.284858
0.119859
0.836720
0.470257
0.017543
0.269851
0.264363
0.829282
0.434080
0.612135
0.333520
0.874110
0.635244
0.787927
0.991213
0.620815
0.801128
0.157114
0.080707
0.096609
0.566341
0.059212
0.478214
0.059212
0.713075
0.801128
0.841556
0.203680
0.037099
0.527033
0.470257
0.250182
0.160731
0.269851
0.284858
0.580543
0.236593
0.183833
0.228410
0.462365
0.589144
0.681504
0.860501
0.150086
0.672823
0.947760
0.029982
0.013909
0.958545
0.884948
0.535389
0.658394
0.401971
0.771705
0.322949
0.109849
0.505064
0.132684
0.074303
0.897436
0.727244
0.300471
0.063362
0.441715
0.836720
0.375911
0.049040
0.483494
0.758020
0.626544
0.173237
0.808960
0.658394
0.470257
0.947760
0.735726
0.250182
0.124654
0.994555
0.749684
0.414138
0.124654
0.241635
0.333520
0.368979
0.005262
0.434080
0.082732
0.052535
0.127623
0.310521
0.394742
0.981075
0.401971
0.836720
0.758020
0.426518
0.312615
0.290658
0.043818
0.368979
0.316692
0.394742
0.984769
0.690166
0.322949
0.922090
0.821730
0.357661
0.986757
0.218844
0.675784
0.005855
0.187953
0.340005
0.063362
0.387593
0.836720
0.290658
0.603471
0.294528
0.891273
0.255445
0.187953
0.658394
0.821730
0.414138
0.130653
0.557828
0.897436
0.483494
0.594827
0.916674
0.907293
0.518727
0.808960
0.269851
0.589144
0.513281
0.166886
0.226757
0.589144
0.721628
0.787927
0.394742
0.394742
0.907293
0.681504
0.580543
0.635244
0.322949
0.735726
0.034255
0.766291
0.316692
0.421575
0.589144
0.779856
0.084803
0.658394
0.612135
0.505064
0.333520
0.322949
0.658394
0.483494
0.406779
0.867378
0.462365
0.704484
0.787927
0.316692
0.552238
0.144460
0.114294
0.848789
0.907293
0.070668
0.064990
0.505064
0.626544
0.681504
0.215763
0.874110
0.043818
0.808960
0.275424
0.635244
0.744157
0.005578
0.266225
0.766291
0.401971
0.603471
0.246759
0.947760
0.907293
0.000271
0.294528
0.491556
0.429087
0.635244
0.119859
0.000829
0.965738
0.735726
0.434080
0.357661
0.346575
0.735726
0.603471
0.808960
0.441715
0.310521
0.375911
0.223587
0.098985
0.153566
0.935597
0.535389
0.901408
0.020692
0.409279
0.527033
0.129613
0.916674
0.434080
0.978604
0.867378
0.421575
0.090535
0.064431
0.571972
0.758020
0.039801
0.340005
0.236593
0.566341
0.294528
0.626544
0.571972
0.704484
0.306500
0.294528
0.250182
0.841556
0.667094
0.284858
0.264363
0.612135
0.848789
0.735726
0.279144
0.002645
0.015845
0.801128
0.454542
0.935597
0.779856
0.841556
0.346575
0.160731
0.147829
0.016293
0.060217
0.483494
0.836720
0.735726
0.284858
0.658394
0.203680
0.649688
0.409279
0.218844
0.382926
0.758020
0.075538
0.626544
0.284858
0.236593
0.181158
0.043818
0.916674
0.014711
0.643949
0.300471
0.163153
0.449423
0.001310
0.860501
0.166886
0.414138
0.867378
0.771705
0.922090
0.037099
0.836720
0.100580
0.080707
0.241635
0.808960
0.821730
0.867378
0.005418
0.166886
0.518727
0.907293
0.027908
0.891273
0.008597
0.096609
0.279144
0.394742
0.891273
0.626544
0.340005
0.194957
0.978604
0.580543
0.322949
0.104694
0.981075
0.940331
0.236593
0.907293
0.382926
0.801128
0.157114
0.281082
0.206623
0.907293
0.192150
0.310521
0.124654
0.589144
0.483494
0.855893
0.779856
0.787927
0.082732
0.044581
0.848789
0.033659
