0.540922
0.978604
0.032199
0.144460
0.288671
0.557828
0.927324
0.421575
0.667094
0.449423
0.808960
0.002324
0.124654
0.421575
0.042685
0.499678
0.228410
0.139014
0.454542
0.727244
0.382926
0.000094
0.300471
0.239907
0.620815
0.098985
0.284858
0.130653
0.891273
0.401971
0.364456
0.829282
0.483494
0.053907
0.269851
0.401971
0.000590
0.025274
0.549354
0.233315
0.344325
0.284858
0.098170
0.907293
0.589144
0.211153
0.483494
0.626544
0.357661
0.779856
0.491556
0.135818
0.907293
0.043818
0.713075
0.421575
0.114294
0.077446
0.053907
0.211153
0.449423
0.483494
0.848789
0.470257
0.589144
0.735726
0.014985
0.084803
0.635244
0.004288
0.275424
0.220452
0.947760
0.779856
0.816691
0.991213
0.626544
0.241635
0.192150
0.058699
0.401971
0.002645
0.429087
0.566341
0.867378
0.713075
0.371333
0.667094
0.449423
0.290658
0.994555
0.015845
0.357661
0.491556
0.449423
0.190711
0.203680
0.181158
0.041952
0.290658
0.620815
0.032771
0.192150
0.203680
0.589144
0.150086
0.589144
0.401971
0.002324
0.390021
0.658394
0.891273
0.470257
0.187953
0.017866
0.571972
0.821730
0.808960
0.074303
0.449423
0.215763
0.521553
0.675784
0.612135
0.951979
0.084803
0.353229
0.801128
0.187953
0.690166
0.766291
0.557828
0.094284
0.704484
0.098985
0.032199
0.005110
0.989675
0.860501
0.147829
0.312615
0.135818
0.513281
0.744157
0.626544
0.612135
0.505064
0.958545
0.744157
0.329292
0.793201
0.429087
0.626544
0.735726
0.029186
0.787927
0.275424
0.626544
0.079397
0.025274
0.127623
0.821730
0.884948
0.077446
0.994555
0.867378
0.284858
0.996919
0.100580
0.557828
0.867378
0.117048
0.141156
0.766291
0.462365
0.891273
0.951979
0.808960
0.009546
0.421575
0.891273
0.142275
0.019768
0.635244
0.079397
0.491556
0.077446
0.364456
0.346575
0.848789
0.758020
0.580543
0.535389
0.409279
0.620815
0.808960
0.552238
0.470257
0.100580
0.077446
0.246759
0.049040
0.135818
0.250182
0.758020
0.475494
0.829282
0.429087
0.552238
0.927324
0.566341
0.163153
0.690166
0.153566
0.620815
0.153566
0.951979
0.362130
0.401971
0.067775
0.589144
0.557828
0.483494
0.001636
0.675784
0.290658
0.540922
0.260793
0.039801
0.151265
0.401971
0.112510
0.690166
0.483494
0.018368
0.758020
0.053907
0.333520
0.040864
0.681504
0.589144
0.441715
0.535389
0.580543
0.075538
0.390021
0.766291
0.250182
0.117048
0.758020
0.527033
0.322949
0.032199
0.434080
0.236593
0.001636
0.043818
0.346575
0.000036
0.250182
0.801128
0.208158
0.643949
0.667094
0.215763
0.649688
0.066084
0.766291
0.704484
0.922090
0.434080
0.527033
0.382926
0.000004
0.801128
0.044980
0.758020
0.080707
0.090535
0.310521
0.499678
0.300471
0.375911
0.704484
0.236593
0.727244
0.401971
0.713075
0.643949
0.470257
0.043818
0.203680
0.000108
0.557828
0.571972
0.571972
0.387593
0.401971
0.135818
0.940331
0.947760
0.617854
0.401971
0.061772
0.801128
0.549354
0.557828
0.020320
0.032199
0.364456
0.218844
0.306500
0.930673
0.375911
0.462365
0.011106
0.535389
0.306500
0.260793
0.109849
0.132684
0.874110
0.744157
0.220452
0.048208
0.901408
0.112510
0.971109
0.566341
0.098985
0.672823
0.801128
0.045761
0.557828
0.042685
0.690166
0.037099
0.829282
0.382926
0.940331
0.075538
0.049040
0.771705
0.107244
0.566341
0.387593
0.139014
0.275424
0.039801
0.233315
0.039801
0.681504
0.144460
0.986757
0.246759
0.505064
0.698805
0.053907
0.935597
0.787927
0.848789
0.603471
0.001510
0.566341
0.017063
0.462365
0.051648
0.166886
0.891273
0.462365
0.228410
0.163153
0.513281
0.350951
0.779856
0.991213
0.027908
0.340005
0.997586
0.290658
0.580543
0.350951
0.478214
0.362130
0.322949
0.951979
0.014043
0.513281
0.801128
0.603471
0.597771
0.475494
0.306500
0.000500
0.940331
0.100580
0.681504
0.499678
0.281082
0.333520
0.626544
0.053907
0.401971
0.094284
0.000262
0.441715
0.018368
0.061772
0.185229
0.571972
0.441715
0.049040
0.346575
0.088340
0.434080
0.462365
0.640981
0.166886
0.112510
0.612135
0.382926
0.793201
0.821730
0.088340
0.018368
0.836720
0.557828
0.094284
0.557828
0.144460
0.290658
0.029186
0.387593
0.001284
0.394742
0.005013
0.147829
0.329292
0.236593
0.008436
0.848789
0.454542
0.713075
0.629509
0.690166
0.749684
0.935597
0.000946
0.255445
0.157114
0.499678
0.483494
0.620815
0.808960
0.147829
0.187953
0.039801
0.718717
0.491556
0.250182
0.144460
0.208158
0.290658
0.211153
0.013654
0.206623
0.008597
0.704484
0.153566
0.350951
0.063362
0.658394
0.566341
0.704484
0.935597
0.735726
0.033659
0.170690
0.521553
0.658394
0.357661
0.727244
0.105557
0.475494
0.002082
0.603471
0.401971
0.139014
0.891273
0.793201
0.620815
0.260793
0.312615
0.867378
0.127623
0.264363
0.521553
0.115226
0.177160
0.008197
0.951979
0.521553
0.322949
0.580543
0.626544
0.704484
0.173237
0.185229
0.394742
0.981075
0.991213
0.521553
0.916674
0.233315
0.076183
0.127623
0.470257
0.612135
0.884948
0.223587
0.867378
0.275424
0.296545
0.233315
0.245003
0.744157
0.199280
0.010298
0.658394
0.082732
0.223587
0.241635
0.414138
0.513281
0.690166
0.836720
0.220452
0.951979
0.735726
0.061772
0.787927
0.855893
0.141156
0.199280
0.580543
0.483494
0.454542
0.635244
0.597771
0.434080
0.801128
0.005968
0.434080
0.362130
0.690166
0.713075
0.713075
0.704484
0.079397
0.658394
0.098985
0.228410
0.275424
0.816691
0.462365
0.935597
0.132684
0.231634
0.580543
0.322949
0.010298
0.626544
0.141156
0.470257
0.744157
0.199280
