0.793201
0.165605
0.197797
0.344325
0.718717
0.563435
0.580543
0.310521
0.467559
0.226757
0.399498
0.571972
0.446787
0.209600
0.771705
0.901408
0.406779
0.505064
0.672823
0.821730
0.333520
0.540922
0.304435
0.540922
0.617854
0.426518
0.421575
0.695863
0.414138
0.557828
0.505064
0.695863
0.649688
0.368979
0.221961
0.727244
0.320806
0.878466
0.483494
0.841556
0.527033
0.612135
0.718717
0.179787
0.549354
0.045761
0.316692
0.749684
0.496903
0.483494
0.787927
0.132684
0.635244
0.518727
0.922090
0.406779
0.094284
0.505064
0.793201
0.566341
0.672823
0.426518
0.177160
0.594827
0.922090
0.505064
0.202171
0.284858
0.099752
0.867378
0.884948
0.867378
0.922090
0.294528
0.518727
0.001421
0.214182
0.626544
0.368979
0.704484
0.557828
0.603471
0.916674
0.505064
0.236593
0.434080
0.390021
0.375911
0.387593
0.387593
0.571972
0.626544
0.594827
0.169385
0.695863
0.294528
0.179787
0.421575
0.841556
0.316692
0.064431
0.454542
0.626544
0.580543
0.223587
0.300471
0.749684
0.901408
0.421575
0.603471
0.867378
0.672823
0.727244
0.635244
0.454542
0.727244
0.199280
0.594827
0.704484
0.821730
0.549354
0.169385
0.362130
0.640981
0.779856
0.649688
0.434080
0.333520
0.771705
0.094284
0.387593
0.779856
0.007965
0.153566
0.015409
0.771705
0.194957
0.965738
0.194957
0.475494
0.930673
0.173237
0.273514
0.304435
0.310521
0.399498
0.626544
0.245003
0.467559
0.801128
0.518727
0.695863
0.841556
0.695863
0.571972
0.984769
0.003455
0.594827
0.580543
0.253642
0.426518
0.401971
0.375911
0.380525
0.327120
0.475494
0.446787
0.563435
0.640981
0.449423
0.535389
0.626544
0.901408
0.626544
0.994555
0.462365
0.082732
0.414138
0.177160
0.253642
0.096609
0.617854
0.867378
0.094284
0.848789
0.020320
0.467559
0.603471
0.362130
0.713075
0.421575
0.192150
0.454542
0.513281
0.231634
0.470257
0.470257
0.134742
0.860501
0.304435
0.704484
0.984769
0.978604
0.704484
0.126604
0.571972
0.394742
0.695863
0.505064
0.426518
0.735726
0.190711
0.375911
0.165605
0.603471
0.380525
0.264363
0.867378
0.779856
0.117048
0.118894
0.246759
0.649688
0.695863
0.589144
0.821730
0.387593
0.245003
0.996919
0.626544
0.594827
0.153566
0.947760
0.218844
0.362130
0.518727
0.841556
0.848789
0.228410
0.100580
0.540922
0.015409
0.771705
0.414138
0.922090
0.563435
0.658394
0.727244
0.062816
0.446787
0.171915
0.362130
0.860501
0.771705
0.971109
0.218844
0.779856
0.540922
0.294528
0.513281
0.414138
0.380525
0.446787
0.236593
0.713075
0.848789
0.649688
0.779856
0.672823
0.549354
0.394742
0.681504
0.855893
0.735726
0.467559
0.518727
0.179787
0.414138
0.649688
0.695863
0.245003
0.253642
0.549354
0.015695
0.603471
0.649688
0.821730
0.275424
0.223587
0.758020
0.612135
0.557828
0.236593
0.483494
0.294528
0.958545
0.294528
0.394742
0.967937
0.513281
0.940331
0.841556
0.310521
0.557828
0.306500
0.414138
0.426518
0.793201
0.594827
0.357661
0.603471
0.322949
0.986757
0.681504
0.380525
0.744157
0.117048
0.821730
0.958545
0.735726
0.566341
0.496903
0.496903
0.749684
0.681504
0.068911
0.350951
0.821730
0.891273
0.540922
0.327120
0.350951
0.884948
0.901408
0.958545
0.971109
0.695863
0.218844
0.821730
0.513281
0.049886
0.206623
0.199280
0.527033
0.462365
0.884948
0.626544
0.382926
0.505064
0.333520
0.414138
0.860501
0.141156
0.368979
0.013909
0.771705
0.884948
0.258960
0.727244
0.594827
0.467559
0.218844
0.143326
0.294528
0.387593
0.350951
0.571972
0.320806
0.375911
0.399498
0.267971
0.704484
0.649688
0.603471
0.962240
0.958545
0.901408
0.749684
0.916674
0.426518
0.333520
0.527033
0.171915
0.672823
0.518727
0.362130
0.947760
0.496903
0.333520
0.540922
0.406779
0.617854
0.540922
0.496903
0.649688
0.475494
0.793201
0.571972
0.387593
0.206623
0.304435
0.231634
0.406779
0.884948
0.082037
0.672823
0.209600
0.901408
0.930673
0.994555
0.695863
0.617854
0.518727
0.867378
0.571972
0.454542
0.095811
0.496903
0.368979
0.215763
0.467559
0.718717
0.620815
0.829282
0.947760
0.603471
0.387593
0.505064
0.454542
0.218844
0.672823
0.672823
0.801128
0.483494
0.971109
0.841556
0.124654
0.004246
0.549354
0.483494
0.008597
0.218844
0.441715
0.306500
0.658394
0.231634
0.901408
0.571972
0.855893
0.414138
0.121744
0.935597
0.094284
0.829282
0.475494
0.891273
0.446787
0.467559
0.808960
0.344325
0.787927
0.171915
0.316692
0.821730
0.617854
0.704484
0.518727
0.901408
0.029708
0.527033
0.787927
0.021656
0.344325
0.984769
0.672823
0.306500
0.505064
0.214182
0.239907
0.947760
0.727244
0.867378
0.527033
0.406779
0.727244
0.357661
0.496903
0.848789
0.387593
0.867378
0.563435
0.580543
0.848789
0.406779
0.304435
0.695863
0.446787
0.878466
0.617854
0.414138
0.206623
0.855893
0.901408
0.758020
0.527033
0.626544
0.241635
0.362130
0.704484
0.399498
0.310521
0.434080
0.571972
0.527033
0.626544
0.793201
0.594827
0.169385
0.704484
0.603471
0.540922
0.076791
0.446787
0.649688
0.062816
0.496903
0.848789
0.320806
0.380525
0.549354
0.640981
0.672823
0.387593
0.350951
0.658394
0.253642
0.727244
0.718717
0.540922
0.867378
0.771705
0.821730
0.131630
0.375911
0.829282
0.749684
0.140045
0.571972
0.475494
0.704484
0.989675
0.067775
0.907293
0.139014
0.202171
0.681504
0.867378
0.284858
0.362130
0.594827
0.255445
0.971109
0.114294
0.594827
0.771705
0.446787
0.962240
0.884948
0.434080
0.681504
0.549354
0.449423
0.241635
0.333520
0.549354
0.535389
