0.841556
0.137917
0.998868
0.704484
0.535389
0.704484
0.496903
0.066084
0.718717
0.406779
0.749684
0.333520
0.829282
0.672823
0.421575
0.566341
0.922090
0.771705
0.255445
0.836720
0.681504
0.483494
0.177160
0.527033
0.394742
0.848789
0.177160
0.658394
0.364456
0.094284
0.867378
0.672823
0.612135
0.197797
0.771705
0.821730
0.322949
0.658394
0.580543
0.658394
0.557828
0.867378
0.434080
0.068911
0.978604
0.779856
0.758020
0.082732
0.704484
0.535389
0.848789
0.337784
0.787927
0.727244
0.094284
0.841556
0.891273
0.612135
0.527033
0.022875
0.211153
0.491556
0.549354
0.250182
0.635244
0.202171
0.382926
0.275424
0.958545
0.884948
0.475494
0.836720
0.721628
0.426518
0.421575
0.958545
0.727244
0.771705
0.505064
0.505064
0.310521
0.695863
0.357661
0.462365
0.626544
0.916674
0.808960
0.589144
0.264363
0.635244
0.549354
0.535389
0.994555
0.401971
0.211153
0.907293
0.594827
0.758020
0.821730
0.441715
0.340005
0.658394
0.483494
0.434080
0.901408
0.829282
0.617854
0.594827
0.779856
0.704484
0.107244
0.357661
0.658394
0.821730
0.758020
0.350951
0.290658
0.971109
0.527033
0.571972
0.922090
0.713075
0.713075
0.884948
0.713075
0.922090
0.984769
0.989675
0.626544
0.589144
0.927324
0.320806
0.231634
0.454542
0.131630
0.279144
0.713075
0.284858
0.092778
0.454542
0.749684
0.023935
0.658394
0.867378
0.766291
0.901408
0.078727
0.589144
0.496903
0.681504
0.211153
0.050328
0.294528
0.540922
0.226757
0.916674
0.901408
0.549354
0.543791
0.496903
0.159490
0.735726
0.496903
0.316692
0.535389
0.626544
0.594827
0.922090
0.801128
0.194957
0.589144
0.947760
0.603471
0.275424
0.935597
0.483494
0.667094
0.704484
0.000996
0.884948
0.543791
0.414138
0.346575
0.141156
0.884948
0.236593
0.735726
0.166886
0.375911
0.446787
0.104694
0.635244
0.209600
0.491556
0.635244
0.013909
0.713075
0.603471
0.848789
0.612135
0.916674
0.603471
0.626544
0.704484
0.155897
0.749684
0.053907
0.901408
0.713075
0.001669
0.771705
0.021656
0.681504
0.513281
0.454542
0.557828
0.104694
0.935597
0.368979
0.808960
0.821730
0.994555
0.801128
0.829282
0.535389
0.073672
0.891273
0.250182
0.375911
0.236593
0.211153
0.841556
0.884948
0.958545
0.316692
0.874110
0.157114
0.421575
0.197797
0.829282
0.801128
0.549354
0.206623
0.643949
0.329292
0.557828
0.821730
0.704484
0.470257
0.144460
0.841556
0.749684
0.068911
0.771705
0.867378
0.816691
0.540922
0.290658
0.779856
0.025274
0.597771
0.874110
0.094284
0.499678
0.129613
0.496903
0.681504
0.441715
0.594827
0.626544
0.793201
0.054829
0.090535
0.320806
0.310521
0.771705
0.527033
0.821730
0.269851
0.758020
0.779856
0.029982
0.483494
0.667094
0.406779
0.088340
0.549354
0.626544
0.704484
0.658394
0.078727
0.841556
0.672823
0.589144
0.187953
0.704484
0.594827
0.672823
0.434080
0.310521
0.033659
0.304435
0.594827
0.749684
0.052535
0.974087
0.867378
0.518727
0.002082
0.549354
0.505064
0.031348
0.462365
0.300471
0.848789
0.635244
0.179787
0.535389
0.387593
0.368979
0.735726
0.867378
0.922090
0.916674
0.226757
0.951979
0.214182
0.362130
0.848789
0.841556
0.603471
0.177160
0.922090
0.496903
0.962240
0.626544
0.974087
0.462365
0.758020
0.695863
0.841556
0.635244
0.446787
0.867378
0.557828
0.357661
0.695863
0.947760
0.855893
0.884948
0.779856
0.382926
0.089781
0.779856
0.589144
0.483494
0.021268
0.901408
0.626544
0.340005
0.557828
0.978604
0.333520
0.401971
0.387593
0.527033
0.695863
0.649688
0.069506
0.063362
0.927324
0.150086
0.626544
0.269851
0.841556
0.132684
0.194957
0.935597
0.518727
0.821730
0.860501
0.779856
0.075538
0.829282
0.114294
0.649688
0.649688
0.000795
0.250182
0.951979
0.841556
0.801128
0.713075
0.984769
0.907293
0.421575
0.580543
0.727244
0.215763
0.483494
0.153566
0.527033
0.284858
0.758020
0.658394
0.816691
0.672823
0.462365
0.801128
0.284858
0.594827
0.793201
0.704484
0.045761
0.357661
0.571972
0.454542
0.350951
0.814067
0.075538
0.867378
0.612135
0.758020
0.718717
0.735726
0.758020
0.462365
0.454542
0.594827
0.344325
0.735726
0.236593
0.046970
0.901408
0.787927
0.483494
0.241635
0.434080
0.409279
0.080707
0.855893
0.072465
0.215763
0.258960
0.098170
0.779856
0.695863
0.594827
0.007739
0.907293
0.014985
0.626544
0.801128
0.855893
0.236593
0.643949
0.735726
0.821730
0.867378
0.860501
0.483494
0.357661
0.672823
0.535389
0.658394
0.399498
0.779856
0.414138
0.005523
0.414138
0.758020
0.643949
0.483494
0.228410
0.357661
0.019768
0.603471
0.036765
0.169385
0.478214
0.362130
0.884948
0.153566
0.543791
0.441715
0.848789
0.518727
0.594827
0.766291
0.612135
0.984769
0.907293
0.603471
0.727244
0.394742
0.144460
0.166886
0.681504
0.462365
0.322949
0.801128
0.518727
0.749684
0.951979
0.499678
0.704484
0.340005
0.867378
0.033659
0.137917
0.199280
0.350951
0.821730
0.350951
0.580543
0.475494
0.223587
0.406779
0.483494
0.749684
0.704484
0.566341
0.594827
0.357661
0.462365
0.821730
0.320806
0.513281
0.962240
0.540922
0.935597
0.165605
0.279144
0.901408
0.505064
0.340005
0.467559
0.735726
0.483494
0.044581
0.037752
0.727244
0.446787
0.441715
0.300471
0.617854
0.206623
0.032771
0.310521
0.109849
0.446787
0.967937
0.704484
0.947760
0.333520
0.821730
0.264363
0.557828
0.288671
0.483494
0.290658
0.766291
0.721628
0.521553
0.589144
0.967937
0.075538
0.357661
0.475494
0.549354
0.727244
0.626544
0.549354
0.155897
0.454542
0.771705
