0.258960
0.594827
0.362130
0.540922
0.635244
0.672823
0.221961
0.626544
0.860501
0.771705
0.131630
0.571972
0.505064
0.209600
0.294528
0.454542
0.617854
0.087602
0.279144
0.540922
0.626544
0.304435
0.727244
0.223587
0.446787
0.333520
0.540922
0.078727
0.446787
0.414138
0.540922
0.320806
0.496903
0.779856
0.387593
0.362130
0.549354
0.362130
0.860501
0.267971
0.930673
0.496903
0.221961
0.294528
0.540922
0.175815
0.131630
0.267971
0.414138
0.279144
0.491556
0.264363
0.549354
0.884948
0.718717
0.649688
0.727244
0.088340
0.991213
0.462365
0.467559
0.571972
0.344325
0.245003
0.535389
0.273514
0.221961
0.771705
0.626544
0.727244
0.267971
0.907293
0.718717
0.505064
0.749684
0.841556
0.475494
0.649688
0.401971
0.540922
0.821730
0.401971
0.434080
0.704484
0.454542
0.387593
0.672823
0.549354
0.253642
0.380525
0.649688
0.454542
0.649688
0.434080
0.294528
0.496903
0.496903
0.294528
0.483494
0.387593
0.580543
0.829282
0.771705
0.884948
0.935597
0.617854
0.658394
0.527033
0.426518
0.150086
0.649688
0.454542
0.617854
0.727244
0.197797
0.228410
0.406779
0.617854
0.571972
0.779856
0.749684
0.771705
0.867378
0.549354
0.406779
0.841556
0.137917
0.907293
0.344325
0.106369
0.580543
0.467559
0.848789
0.860501
0.194957
0.867378
0.171915
0.267971
0.157114
0.496903
0.202171
0.594827
0.801128
0.414138
0.161896
0.399498
0.672823
0.793201
0.095811
0.221961
0.518727
0.106369
0.426518
0.186540
0.978604
0.209600
0.304435
0.226757
0.099752
0.467559
0.202171
0.267971
0.161896
0.640981
0.253642
0.049886
0.197797
0.171915
0.727244
0.713075
0.935597
0.401971
0.580543
0.344325
0.446787
0.571972
0.109849
0.735726
0.202171
0.350951
0.183833
0.907293
0.801128
0.829282
0.169385
0.749684
0.971109
0.594827
0.626544
0.491556
0.808960
0.771705
0.267971
0.362130
0.454542
0.320806
0.962240
0.935597
0.727244
0.320806
0.841556
0.916674
0.221961
0.681504
0.640981
0.294528
0.320806
0.947760
0.194957
0.226757
0.672823
0.253642
0.333520
0.155897
0.399498
0.327120
0.594827
0.681504
0.594827
0.304435
0.771705
0.549354
0.947760
0.337784
0.414138
0.475494
0.226757
0.197797
0.387593
0.399498
0.406779
0.549354
0.916674
0.718717
0.362130
0.304435
0.672823
0.190711
0.406779
0.467559
0.387593
0.165605
0.197797
0.239907
0.387593
0.333520
0.467559
0.140045
0.617854
0.106369
0.250182
0.454542
0.771705
0.320806
0.640981
0.821730
0.140045
0.221961
0.527033
0.426518
0.518727
0.518727
0.406779
0.253642
0.649688
0.793201
0.549354
0.649688
0.135818
0.884948
0.749684
0.304435
0.496903
0.643949
0.106369
0.612135
0.505064
0.535389
0.594827
0.571972
0.462365
0.161896
0.155897
0.640981
0.749684
0.594827
0.380525
0.513281
0.640981
0.221961
0.626544
0.513281
0.320806
0.947760
0.267971
0.273514
0.540922
0.387593
0.874110
0.250182
0.426518
0.571972
0.467559
0.603471
0.141156
0.974087
0.267971
0.126604
0.930673
0.320806
0.874110
0.704484
0.518727
0.695863
0.727244
0.322949
0.649688
0.253642
0.085471
0.129613
0.294528
0.316692
0.958545
0.713075
0.672823
0.540922
0.483494
0.571972
0.635244
0.718717
0.848789
0.140045
0.571972
0.518727
0.695863
0.475494
0.617854
0.399498
0.681504
0.399498
0.426518
0.467559
0.368979
0.549354
0.727244
0.060217
0.414138
0.626544
0.163153
0.672823
0.527033
0.557828
0.640981
0.143326
0.375911
0.793201
0.483494
0.603471
0.649688
0.658394
0.106369
0.226757
0.749684
0.594827
0.197797
0.304435
0.467559
0.245003
0.626544
0.171915
0.267971
0.617854
0.320806
0.362130
0.793201
0.209600
0.267971
0.171915
0.626544
0.304435
0.253642
0.475494
0.362130
0.446787
0.387593
0.563435
0.143326
0.171915
0.320806
0.793201
0.884948
0.273514
0.267971
0.406779
0.059696
0.304435
0.320806
0.594827
0.337784
0.749684
0.171915
0.087602
0.362130
0.304435
0.475494
0.467559
0.123655
0.089781
0.483494
0.226757
0.594827
0.368979
0.387593
0.848789
0.540922
0.245003
0.483494
0.518727
0.084092
0.563435
0.496903
0.801128
0.310521
0.084092
0.878466
0.594827
0.540922
0.406779
0.867378
0.197797
0.617854
0.771705
0.649688
0.821730
0.264363
0.199280
0.771705
0.571972
0.947760
0.793201
0.165605
0.475494
0.362130
0.571972
0.209600
0.821730
0.245003
0.518727
0.333520
0.467559
0.344325
0.333520
0.749684
0.475494
0.226757
0.841556
0.758020
0.496903
0.095811
0.320806
0.841556
0.496903
0.273514
0.571972
0.505064
0.140045
0.649688
0.640981
0.057717
0.406779
0.106369
0.288671
0.434080
0.571972
0.793201
0.518727
0.467559
0.294528
0.406779
0.116102
0.209600
0.505064
0.505064
0.594827
0.264363
0.821730
0.186540
0.406779
0.294528
0.571972
0.008761
0.617854
0.718717
0.841556
0.518727
0.518727
0.563435
0.540922
0.467559
0.186540
0.434080
0.171915
0.617854
0.891273
0.518727
0.344325
0.518727
0.496903
0.209600
0.041207
0.141156
0.273514
0.814067
0.267971
0.171915
0.603471
0.161896
0.626544
0.594827
0.380525
0.727244
0.467559
0.221961
0.258960
0.672823
0.320806
0.771705
0.649688
0.571972
0.253642
0.258960
0.771705
0.462365
0.841556
0.253642
0.253642
0.991213
0.571972
0.236593
0.821730
0.884948
0.304435
0.658394
0.758020
0.049040
0.320806
0.106369
0.155897
0.758020
0.362130
0.304435
0.695863
0.304435
0.049040
0.344325
0.951979
0.426518
0.294528
0.116102
0.771705
0.344325
0.947760
0.793201
0.462365
0.821730
0.771705
0.399498
0.350951
0.848789
0.771705
0.273514
0.467559
0.771705
0.253642
0.860501
0.475494
