0.518727
0.640981
0.483494
0.718717
0.250182
0.399498
0.050745
0.085471
0.771705
0.483494
0.152372
0.304435
0.253642
0.161896
0.617854
0.116102
0.143326
0.649688
0.197797
0.496903
0.146673
0.209600
0.029437
0.380525
0.571972
0.901408
0.672823
0.718717
0.860501
0.380525
0.368979
0.518727
0.821730
0.496903
0.916674
0.860501
0.640981
0.399498
0.264363
0.239907
0.320806
0.304435
0.380525
0.155897
0.273514
0.704484
0.239907
0.549354
0.749684
0.231634
0.884948
0.300471
0.704484
0.245003
0.496903
0.320806
0.540922
0.426518
0.327120
0.935597
0.357661
0.958545
0.758020
0.197797
0.288671
0.496903
0.626544
0.496903
0.454542
0.258960
0.304435
0.134742
0.518727
0.793201
0.143326
0.245003
0.161896
0.672823
0.549354
0.462365
0.327120
0.672823
0.350951
0.294528
0.860501
0.175815
0.320806
0.594827
0.387593
0.085471
0.320806
0.399498
0.848789
0.380525
0.118894
0.197797
0.245003
0.540922
0.527033
0.021656
0.947760
0.649688
0.186540
0.841556
0.426518
0.300471
0.860501
0.414138
0.947760
0.320806
0.713075
0.571972
0.758020
0.426518
0.380525
0.483494
0.771705
0.454542
0.626544
0.214182
0.304435
0.718717
0.446787
0.446787
0.518727
0.557828
0.594827
0.163153
0.801128
0.540922
0.603471
0.947760
0.527033
0.288671
0.727244
0.658394
0.540922
0.672823
0.152372
0.344325
0.333520
0.123655
0.140045
0.344325
0.186540
0.304435
0.106369
0.258960
0.540922
0.821730
0.197797
0.320806
0.320806
0.320806
0.209600
0.380525
0.695863
0.221961
0.267971
0.617854
0.279144
0.571972
0.106369
0.467559
0.253642
0.540922
0.771705
0.116102
0.681504
0.540922
0.779856
0.749684
0.406779
0.557828
0.704484
0.137917
0.635244
0.779856
0.340005
0.916674
0.264363
0.901408
0.594827
0.446787
0.580543
0.414138
0.273514
0.089781
0.594827
0.362130
0.557828
0.695863
0.171915
0.518727
0.327120
0.165605
0.626544
0.146673
0.771705
0.239907
0.320806
0.947760
0.540922
0.214182
0.518727
0.267971
0.540922
0.102197
0.540922
0.496903
0.226757
0.496903
0.695863
0.171915
0.446787
0.467559
0.344325
0.681504
0.626544
0.649688
0.344325
0.779856
0.175815
0.571972
0.462365
0.935597
0.771705
0.884948
0.106369
0.114294
0.704484
0.704484
0.316692
0.793201
0.387593
0.718717
0.841556
0.617854
0.197797
0.527033
0.253642
0.406779
0.310521
0.304435
0.947760
0.253642
0.186540
0.063876
0.380525
0.718717
0.540922
0.159490
0.362130
0.106369
0.344325
0.563435
0.016438
0.253642
0.496903
0.449423
0.454542
0.563435
0.171915
0.640981
0.821730
0.617854
0.640981
0.635244
0.316692
0.253642
0.617854
0.028919
0.981075
0.387593
0.197797
0.273514
0.446787
0.362130
0.226757
0.496903
0.327120
0.704484
0.617854
0.749684
0.150086
0.406779
0.368979
0.626544
0.362130
0.640981
0.518727
0.749684
0.718717
0.327120
0.860501
0.496903
0.626544
0.387593
0.649688
0.344325
0.672823
0.253642
0.362130
0.382926
0.102197
0.446787
0.603471
0.475494
0.549354
0.640981
0.116102
0.449423
0.245003
0.878466
0.518727
0.085471
0.131630
0.284858
0.672823
0.672823
0.527033
0.518727
0.258960
0.672823
0.704484
0.916674
0.801128
0.375911
0.434080
0.399498
0.126604
0.304435
0.958545
0.467559
0.253642
0.718717
0.557828
0.626544
0.771705
0.446787
0.475494
0.557828
0.860501
0.594827
0.253642
0.406779
0.426518
0.649688
0.245003
0.327120
0.801128
0.549354
0.793201
0.496903
0.362130
0.793201
0.916674
0.958545
0.940331
0.426518
0.320806
0.563435
0.116102
0.467559
0.640981
0.186540
0.134742
0.467559
0.771705
0.209600
0.344325
0.161896
0.327120
0.518727
0.594827
0.221961
0.380525
0.304435
0.344325
0.209600
0.161896
0.267971
0.320806
0.214182
0.253642
0.406779
0.771705
0.640981
0.540922
0.672823
0.916674
0.209600
0.320806
0.116102
0.221961
0.253642
0.916674
0.095811
0.368979
0.518727
0.362130
0.446787
0.084092
0.209600
0.475494
0.131630
0.446787
0.414138
0.603471
0.617854
0.202171
0.540922
0.475494
0.718717
0.540922
0.617854
0.549354
0.695863
0.123655
0.288671
0.087602
0.267971
0.209600
0.143326
0.446787
0.518727
0.446787
0.617854
0.672823
0.446787
0.549354
0.153566
0.749684
0.718717
0.695863
0.626544
0.518727
0.704484
0.867378
0.226757
0.841556
0.320806
0.549354
0.695863
0.603471
0.426518
0.387593
0.218844
0.406779
0.426518
0.793201
0.540922
0.214182
0.649688
0.496903
0.357661
0.649688
0.294528
0.074897
0.989675
0.209600
0.320806
0.123655
0.171915
0.571972
0.922090
0.258960
0.518727
0.226757
0.518727
0.749684
0.304435
0.288671
0.197797
0.106369
0.527033
0.771705
0.771705
0.239907
0.475494
0.304435
0.467559
0.848789
0.197797
0.362130
0.718717
0.649688
0.617854
0.867378
0.163153
0.704484
0.414138
0.808960
0.095811
0.344325
0.958545
0.406779
0.434080
0.171915
0.483494
0.704484
0.175815
0.209600
0.580543
0.518727
0.380525
0.304435
0.320806
0.190711
0.320806
0.488801
0.279144
0.793201
0.253642
0.617854
0.399498
0.161896
0.344325
0.267971
0.320806
0.380525
0.426518
0.930673
0.161896
0.518727
0.106369
0.594827
0.362130
0.320806
0.171915
0.226757
0.971109
0.197797
0.209600
0.304435
0.221961
0.994555
0.518727
0.467559
0.571972
0.171915
0.116102
0.288671
0.368979
0.672823
0.821730
0.454542
0.387593
0.446787
0.454542
0.067195
0.758020
0.202171
0.304435
0.231634
0.362130
0.310521
0.527033
0.134742
0.496903
0.161896
0.640981
0.793201
0.421575
0.446787
0.793201
0.672823
0.612135
0.695863
0.082037
0.131630
0.387593
0.540922
0.527033
0.821730
0.916674
