0.000033
0.007239
0.000000
0.000000
0.000087
0.028672
0.000059
0.000899
0.000002
0.000065
0.001393
0.390021
0.000257
0.004637
0.000000
0.000055
0.000000
0.000000
0.051648
0.000005
0.000150
0.055312
0.061772
0.009546
0.021268
0.027164
0.000001
0.000359
0.208158
0.000222
0.010106
0.003666
0.000008
0.927324
0.000018
0.000661
0.003559
0.000000
0.000089
0.000082
0.006028
0.000058
0.030798
0.000010
0.000010
0.000104
0.000129
0.147829
0.208158
0.001687
0.228410
0.025970
0.266225
0.507859
0.281082
0.000184
0.122729
0.064990
0.000370
0.003193
0.004775
0.000872
0.000009
0.000011
0.000049
0.016753
0.000000
0.000178
0.020320
0.000451
0.060743
0.000009
0.000019
0.620815
0.092778
0.000000
0.000000
0.000000
0.346575
0.196422
0.000023
0.000461
0.147829
0.185229
0.000000
0.000415
0.005162
0.000000
0.001351
0.000007
0.017543
0.009104
0.000138
0.052999
0.000899
0.521553
0.000046
0.001149
0.019412
0.241635
0.296545
0.566341
0.478214
0.000271
0.023508
0.119859
0.808960
0.090535
0.774492
0.004084
0.027908
0.192150
0.000597
0.795913
0.713075
0.018883
0.000532
0.002725
0.090535
0.000069
0.000001
0.000001
0.000030
0.192150
0.000000
0.574890
0.390021
0.000000
0.000002
0.115226
0.000000
0.000020
0.000516
0.208158
0.000012
0.000004
0.038094
0.306500
0.000000
0.000000
0.371333
0.063362
0.000034
0.002645
0.000000
0.000000
0.000000
0.001828
0.000003
0.000000
0.006028
0.000000
0.000136
0.000007
0.000000
0.353229
0.000764
0.409279
0.000000
0.000000
0.001687
0.000022
0.036456
0.012670
0.000000
0.000003
0.000023
0.003289
0.721628
0.766291
0.000532
0.001006
0.021859
0.023508
0.228410
0.000016
0.001774
0.001149
0.000000
0.144460
0.001828
0.003131
0.163153
0.000000
0.589144
0.203680
0.147829
0.194957
0.089083
0.382926
0.033071
0.173237
0.000003
0.000204
0.000210
0.000000
0.499678
0.009368
0.000123
0.007239
0.000002
0.025970
0.000000
0.002082
0.000451
0.007378
0.000415
0.000001
0.002892
0.000000
0.000000
0.002725
0.005855
0.033966
0.027908
0.000000
0.004637
0.566341
0.001351
0.025970
0.000000
0.000009
0.306500
0.233315
0.652656
0.000010
0.003131
0.000002
0.013032
0.000033
0.589144
0.098985
0.001059
0.002395
0.421575
0.003559
0.000210
0.000009
0.574890
0.000026
0.000051
0.000001
0.000004
0.233315
0.000193
0.030798
0.001556
0.000490
0.081393
0.000000
0.000001
0.000682
0.000927
0.000001
0.001184
0.000026
0.000000
0.005578
0.000437
0.000516
0.000047
0.000000
0.000000
0.001092
0.007815
0.643949
0.187953
0.006028
0.543791
0.000000
0.874110
0.000257
0.015128
0.241635
0.000022
0.006511
0.039115
0.589144
0.927324
0.043818
0.020886
0.004164
0.025970
0.000279
0.000001
0.353229
0.574890
0.013149
0.000163
0.001636
0.203680
0.000145
0.552238
0.002593
0.010106
0.003131
0.867378
0.306500
0.000127
0.000578
0.122729
0.005855
0.003039
0.000578
0.014043
0.018883
0.000000
0.329292
0.667094
0.001588
0.322949
0.947760
0.001393
0.008197
0.000000
0.306500
0.096609
0.000011
0.044980
0.000005
0.000000
0.000000
0.014711
0.052999
0.000000
0.000000
0.001588
0.000002
0.020320
0.010900
0.000028
0.001721
0.000000
0.000000
0.000341
0.127623
0.000023
0.001149
0.698805
0.312615
0.000058
0.000000
0.002950
0.000001
0.170690
0.000641
0.000092
0.312615
0.003289
0.000001
0.013032
0.436675
0.318816
0.017063
0.007593
0.021859
0.018368
0.000257
0.000009
0.251967
0.001510
0.000000
0.000779
0.000100
0.001393
0.014711
0.000000
0.002146
0.713075
0.000004
0.033071
0.069506
0.290658
0.063362
0.001922
0.000500
0.000899
0.000341
0.000001
0.001687
0.000976
0.203680
0.002211
0.035500
0.371333
0.023508
0.017543
0.000682
0.000003
0.060743
0.000000
0.006703
0.018883
0.130653
0.000000
0.000000
0.122729
0.000000
0.000001
0.053907
0.000104
0.000000
0.000001
0.000000
0.000000
0.009822
0.024158
0.067775
0.000006
0.000003
0.004775
0.002395
0.020320
0.766291
0.000006
0.000000
0.000000
0.009822
0.000007
0.597771
0.006205
0.000000
0.079397
0.026684
0.000000
0.028672
0.000000
0.000285
0.000004
0.001059
0.021859
0.000390
0.000927
0.000000
0.041578
0.000001
0.329292
0.478214
0.491556
0.000003
0.122729
0.056750
0.000257
0.090535
0.612135
0.084803
0.713075
0.001465
0.000001
0.051648
0.092778
0.005578
0.429087
0.002517
0.000000
0.416665
0.000000
0.000000
0.000451
0.000047
0.000000
0.001246
0.000069
0.000104
0.017543
0.000000
0.470257
0.127623
0.000000
0.112510
0.000320
0.000063
0.000001
0.000000
0.000000
0.000000
0.181158
0.000031
0.000000
0.055312
0.000000
0.009822
0.006832
0.020886
0.000082
0.000000
0.026684
0.007239
0.041578
0.001774
0.290658
0.074303
0.003131
0.000000
0.000104
0.000019
0.318816
0.000000
0.000000
0.000370
0.000996
0.071276
0.006028
0.063362
0.034568
0.040864
0.000078
0.000001
0.429087
0.251967
0.000017
0.002146
0.000001
0.000003
0.064990
0.038094
0.000000
0.000899
0.000000
0.021268
0.000000
0.009104
0.000004
0.055312
0.203680
0.166886
0.081393
0.000001
0.457201
0.076183
0.000047
0.079397
0.000075
0.574890
0.000217
0.000178
0.006511
0.312615
0.000075
0.855893
0.000000
0.001351
0.000000
0.000000
0.000628
0.007032
0.000000
0.000359
0.050328
0.000000
0.000049
0.115226
0.119859
0.043818
0.001588
0.003131
0.051648
0.927324
0.000127
0.000000
0.382926
0.000000
0.000976
0.001351
0.000703
0.000001
0.483494
0.059212
0.353229
0.000330
0.004775
0.000031
0.001828
0.002593
0.040864
0.021859
