0.488801
0.518727
0.399498
0.320806
0.253642
0.488801
0.380525
0.063876
0.540922
0.878466
0.540922
0.337784
0.186540
0.467559
0.106369
0.171915
0.362130
0.304435
0.399498
0.320806
0.226757
0.594827
0.380525
0.106369
0.695863
0.140045
0.106369
0.571972
0.279144
0.649688
0.194957
0.426518
0.288671
0.387593
0.704484
0.518727
0.594827
0.626544
0.209600
0.446787
0.771705
0.549354
0.076791
0.380525
0.080027
0.749684
0.327120
0.059696
0.841556
0.771705
0.446787
0.527033
0.380525
0.150086
0.841556
0.549354
0.801128
0.231634
0.350951
0.105557
0.860501
0.294528
0.310521
0.327120
0.426518
0.540922
0.518727
0.406779
0.771705
0.337784
0.446787
0.580543
0.496903
0.727244
0.841556
0.467559
0.362130
0.884948
0.169385
0.387593
0.467559
0.571972
0.368979
0.518727
0.344325
0.454542
0.380525
0.727244
0.304435
0.695863
0.446787
0.304435
0.563435
0.771705
0.467559
0.294528
0.267971
0.211153
0.681504
0.704484
0.022875
0.635244
0.426518
0.310521
0.368979
0.841556
0.540922
0.540922
0.989675
0.496903
0.801128
0.483494
0.695863
0.005797
0.446787
0.253642
0.649688
0.704484
0.978604
0.580543
0.771705
0.380525
0.793201
0.231634
0.808960
0.901408
0.446787
0.821730
0.947760
0.399498
0.380525
0.350951
0.387593
0.718717
0.771705
0.540922
0.704484
0.496903
0.749684
0.406779
0.470257
0.426518
0.771705
0.549354
0.085471
0.273514
0.123655
0.221961
0.446787
0.267971
0.239907
0.253642
0.116102
0.171915
0.304435
0.131630
0.304435
0.304435
0.165605
0.209600
0.718717
0.106369
0.037413
0.467559
0.695863
0.267971
0.171915
0.387593
0.505064
0.735726
0.236593
0.483494
0.117048
0.527033
0.362130
0.161896
0.434080
0.901408
0.288671
0.089781
0.841556
0.320806
0.141156
0.273514
0.467559
0.194957
0.241635
0.727244
0.922090
0.483494
0.273514
0.727244
0.253642
0.239907
0.264363
0.617854
0.475494
0.320806
0.161896
0.505064
0.327120
0.037413
0.226757
0.518727
0.884948
0.327120
0.617854
0.197797
0.496903
0.362130
0.209600
0.320806
0.947760
0.518727
0.446787
0.362130
0.320806
0.901408
0.878466
0.640981
0.462365
0.540922
0.549354
0.344325
0.467559
0.594827
0.399498
0.414138
0.735726
0.267971
0.930673
0.434080
0.981075
0.916674
0.617854
0.155897
0.958545
0.320806
0.221961
0.399498
0.640981
0.320806
0.288671
0.253642
0.344325
0.589144
0.727244
0.821730
0.197797
0.672823
0.320806
0.126604
0.304435
0.467559
0.557828
0.771705
0.867378
0.672823
0.186540
0.197797
0.140045
0.793201
0.320806
0.131630
0.344325
0.426518
0.672823
0.279144
0.414138
0.901408
0.209600
0.406779
0.258960
0.649688
0.916674
0.467559
0.279144
0.496903
0.454542
0.467559
0.672823
0.131630
0.171915
0.821730
0.672823
0.571972
0.264363
0.333520
0.984769
0.434080
0.350951
0.327120
0.454542
0.505064
0.123655
0.300471
0.206623
0.518727
0.718717
0.626544
0.320806
0.589144
0.320806
0.771705
0.380525
0.930673
0.380525
0.155897
0.878466
0.718717
0.288671
0.406779
0.967937
0.635244
0.563435
0.446787
0.878466
0.446787
0.426518
0.304435
0.801128
0.165605
0.841556
0.253642
0.649688
0.446787
0.362130
0.226757
0.672823
0.594827
0.304435
0.106369
0.771705
0.161896
0.221961
0.779856
0.441715
0.540922
0.878466
0.617854
0.540922
0.841556
0.779856
0.793201
0.958545
0.320806
0.971109
0.907293
0.434080
0.197797
0.288671
0.695863
0.406779
0.771705
0.134742
0.362130
0.086192
0.640981
0.718717
0.304435
0.344325
0.140045
0.231634
0.916674
0.549354
0.171915
0.518727
0.050745
0.749684
0.273514
0.226757
0.771705
0.253642
0.380525
0.446787
0.143326
0.540922
0.930673
0.085471
0.161896
0.209600
0.267971
0.446787
0.446787
0.640981
0.380525
0.320806
0.106369
0.549354
0.131630
0.253642
0.475494
0.571972
0.540922
0.197797
0.380525
0.749684
0.771705
0.841556
0.197797
0.617854
0.085471
0.426518
0.467559
0.704484
0.380525
0.253642
0.063876
0.821730
0.131630
0.399498
0.140045
0.594827
0.344325
0.617854
0.171915
0.258960
0.695863
0.640981
0.467559
0.467559
0.273514
0.175815
0.821730
0.640981
0.793201
0.540922
0.704484
0.197797
0.161896
0.426518
0.197797
0.426518
0.672823
0.841556
0.206623
0.434080
0.984769
0.043429
0.467559
0.860501
0.935597
0.518727
0.279144
0.821730
0.175815
0.916674
0.626544
0.399498
0.454542
0.304435
0.446787
0.294528
0.362130
0.126604
0.467559
0.253642
0.563435
0.594827
0.426518
0.446787
0.527033
0.209600
0.209600
0.320806
0.617854
0.793201
0.475494
0.171915
0.362130
0.640981
0.320806
0.085471
0.035802
0.320806
0.171915
0.106369
0.362130
0.045355
0.399498
0.245003
0.209600
0.640981
0.197797
0.771705
0.380525
0.518727
0.171915
0.821730
0.540922
0.197797
0.540922
0.801128
0.380525
0.518727
0.304435
0.362130
0.250182
0.063876
0.267971
0.540922
0.320806
0.640981
0.226757
0.209600
0.571972
0.380525
0.362130
0.518727
0.488801
0.406779
0.209600
0.221961
0.867378
0.841556
0.718717
0.878466
0.749684
0.496903
0.368979
0.626544
0.253642
0.681504
0.749684
0.672823
0.327120
0.337784
0.467559
0.540922
0.129613
0.540922
0.617854
0.304435
0.467559
0.304435
0.594827
0.406779
0.344325
0.626544
0.454542
0.380525
0.446787
0.571972
0.134742
0.387593
0.446787
0.475494
0.161896
0.267971
0.171915
0.488801
0.672823
0.518727
0.362130
0.171915
0.171915
0.907293
0.518727
0.557828
0.399498
0.540922
0.202171
0.267971
0.635244
0.446787
0.426518
0.884948
0.446787
0.580543
0.239907
0.496903
0.304435
0.446787
0.273514
0.758020
0.771705
