0.375911
0.434080
0.766291
0.672823
0.580543
0.483494
0.161896
0.194957
0.214182
0.368979
0.239907
0.986757
0.566341
0.962240
0.462365
0.513281
0.626544
0.771705
0.681504
0.267971
0.294528
0.779856
0.771705
0.231634
0.626544
0.589144
0.874110
0.346575
0.192150
0.713075
0.771705
0.518727
0.580543
0.681504
0.033659
0.513281
0.011640
0.571972
0.771705
0.727244
0.901408
0.766291
0.727244
0.860501
0.643949
0.808960
0.836720
0.801128
0.617854
0.368979
0.306500
0.333520
0.995551
0.364456
0.209600
0.821730
0.421575
0.187953
0.901408
0.540922
0.744157
0.236593
0.947760
0.557828
0.163153
0.571972
0.255445
0.867378
0.884948
0.681504
0.183833
0.426518
0.414138
0.891273
0.505064
0.269851
0.643949
0.187953
0.771705
0.421575
0.672823
0.884948
0.364456
0.414138
0.927324
0.612135
0.322949
0.505064
0.874110
0.118894
0.053907
0.978604
0.735726
0.829282
0.935597
0.681504
0.808960
0.713075
0.375911
0.401971
0.483494
0.322949
0.947760
0.793201
0.612135
0.891273
0.394742
0.907293
0.735726
0.891273
0.884948
0.801128
0.626544
0.134742
0.236593
0.884948
0.513281
0.434080
0.557828
0.264363
0.935597
0.612135
0.681504
0.150086
0.901408
0.721628
0.026438
0.535389
0.441715
0.557828
0.192150
0.163153
0.901408
0.695863
0.821730
0.612135
0.589144
0.132684
0.387593
0.557828
0.603471
0.749684
0.513281
0.860501
0.704484
0.940331
0.649688
0.350951
0.421575
0.958545
0.571972
0.672823
0.258960
0.116102
0.382926
0.901408
0.814067
0.571972
0.727244
0.152372
0.250182
0.571972
0.971109
0.475494
0.483494
0.821730
0.050328
0.046554
0.094284
0.749684
0.350951
0.758020
0.801128
0.758020
0.658394
0.779856
0.223587
0.681504
0.867378
0.829282
0.294528
0.011425
0.144460
0.042685
0.001540
0.027652
0.006637
0.449423
0.357661
0.944872
0.841556
0.153566
0.704484
0.518727
0.414138
0.821730
0.072465
0.327120
0.612135
0.483494
0.015845
0.025274
0.643949
0.557828
0.255445
0.603471
0.867378
0.787927
0.344325
0.597771
0.211153
0.594827
0.467559
0.496903
0.571972
0.867378
0.241635
0.350951
0.690166
0.649688
0.549354
0.255445
0.183833
0.144460
0.414138
0.535389
0.290658
0.527033
0.288671
0.300471
0.571972
0.141156
0.658394
0.409279
0.058699
0.935597
0.194957
0.867378
0.139014
0.048208
0.603471
0.483494
0.549354
0.357661
0.787927
0.449423
0.426518
0.061238
0.793201
0.327120
0.984769
0.475494
0.409279
0.620815
0.236593
0.874110
0.836720
0.215763
0.304435
0.771705
0.821730
0.155897
0.441715
0.483494
0.077446
0.462365
0.371333
0.735726
0.462365
0.836720
0.527033
0.052535
0.829282
0.884948
0.713075
0.382926
0.333520
0.860501
0.011106
0.194957
0.364456
0.518727
0.032771
0.974087
0.735726
0.867378
0.801128
0.199280
0.704484
0.357661
0.024596
0.491556
0.483494
0.061772
0.518727
0.907293
0.626544
0.467559
0.010298
0.037099
0.034568
0.935597
0.735726
0.306500
0.300471
0.475494
0.626544
0.658394
0.535389
0.787927
0.527033
0.971109
0.848789
0.269851
0.713075
0.264363
0.470257
0.513281
0.441715
0.491556
0.380525
0.483494
0.718717
0.414138
0.357661
0.580543
0.223587
0.421575
0.284858
0.984769
0.255445
0.035180
0.279144
0.681504
0.258960
0.771705
0.779856
0.589144
0.194957
0.721628
0.821730
0.441715
0.021268
0.935597
0.907293
0.175815
0.848789
0.475494
0.735726
0.170690
0.713075
0.269851
0.316692
0.454542
0.414138
0.496903
0.984769
0.316692
0.406779
0.589144
0.375911
0.594827
0.721628
0.350951
0.462365
0.316692
0.382926
0.771705
0.357661
0.061772
0.001436
0.206623
0.901408
0.401971
0.320806
0.594827
0.426518
0.603471
0.821730
0.333520
0.096609
0.916674
0.787927
0.594827
0.557828
0.350951
0.275424
0.571972
0.771705
0.808960
0.406779
0.310521
0.735726
0.891273
0.264363
0.681504
0.173237
0.496903
0.549354
0.150086
0.612135
0.107244
0.449423
0.571972
0.727244
0.169385
0.357661
0.159490
0.491556
0.214182
0.574890
0.025731
0.279144
0.505064
0.462365
0.470257
0.446787
0.787927
0.779856
0.787927
0.649688
0.310521
0.399498
0.206623
0.279144
0.540922
0.713075
0.713075
0.169385
0.649688
0.284858
0.294528
0.475494
0.821730
0.483494
0.995551
0.855893
0.088340
0.169385
0.981075
0.007168
0.375911
0.190711
0.409279
0.135818
0.414138
0.357661
0.454542
0.808960
0.758020
0.040498
0.989675
0.874110
0.250182
0.462365
0.375911
0.051648
0.617854
0.801128
0.821730
0.491556
0.540922
0.236593
0.749684
0.594827
0.735726
0.935597
0.603471
0.718717
0.649688
0.884948
0.241635
0.434080
0.557828
0.236593
0.884948
0.483494
0.907293
0.194957
0.163153
0.951979
0.821730
0.884948
0.470257
0.681504
0.612135
0.394742
0.563435
0.557828
0.406779
0.375911
0.000047
0.749684
0.771705
0.971109
0.163153
0.513281
0.316692
0.228410
0.241635
0.394742
0.202171
0.518727
0.816691
0.594827
0.801128
0.658394
0.771705
0.718717
0.695863
0.713075
0.566341
0.891273
0.580543
0.735726
0.891273
0.027908
0.884948
0.132684
0.279144
0.704484
0.962240
0.841556
0.394742
0.999575
0.860501
0.727244
0.169385
0.505064
0.055312
0.496903
0.441715
0.505064
0.991213
0.288671
0.169385
0.190711
0.589144
0.749684
0.236593
0.779856
0.187953
0.357661
0.483494
0.984769
0.209600
0.470257
0.566341
0.603471
0.718717
0.727244
0.557828
0.150086
0.848789
0.860501
0.499678
0.951979
0.127623
0.808960
0.475494
0.077446
0.344325
0.340005
0.808960
0.075538
0.394742
0.589144
0.935597
0.401971
0.421575
0.922090
0.557828
0.357661
0.394742
0.566341
0.821730
