0.000330
0.000829
0.000628
0.000021
0.000024
0.001221
0.000030
0.000002
0.003388
0.025970
0.002950
0.060743
0.014043
0.000000
0.000026
0.000249
0.000002
0.000000
0.000313
0.000002
0.000872
0.018883
0.000000
0.000313
0.000000
0.001059
0.000976
0.000402
0.000065
0.002395
0.024158
0.000005
0.000002
0.000000
0.115226
0.041952
0.000001
0.000490
0.000001
0.000279
0.000000
0.000200
0.000002
0.130653
0.027164
0.000004
0.000451
0.000000
0.457201
0.011425
0.470257
0.390021
0.015128
0.027908
0.000661
0.612135
0.001149
0.000437
0.000561
0.025970
0.000804
0.000018
0.151265
0.449423
0.312615
0.009104
0.092778
0.021268
0.306500
0.296545
0.005013
0.000313
0.035500
0.009104
0.000001
0.000014
0.098985
0.974087
0.030798
0.000001
0.151265
0.000000
0.101413
0.119859
0.000000
0.000000
0.000437
0.022466
0.003388
0.000597
0.000000
0.000200
0.002593
0.005162
0.001006
0.000184
0.306500
0.105557
0.020320
0.001687
0.009822
0.166886
0.000415
0.008436
0.002443
0.000000
0.296545
0.031348
0.848789
0.000027
0.228410
0.521553
0.000067
0.056256
0.170690
0.000113
0.141156
0.045761
0.011753
0.281082
0.001310
0.033071
0.001006
0.491556
0.081393
0.000001
0.000085
0.010298
0.000330
0.000078
0.046970
0.031348
0.012670
0.000682
0.012317
0.000009
0.000008
0.000000
0.000000
0.000050
0.112510
0.036456
0.001324
0.000027
0.000045
0.092778
0.000123
0.000000
0.735726
0.000000
0.000000
0.033071
0.003965
0.000005
0.000000
0.013032
0.000000
0.000000
0.000597
0.020886
0.000000
0.000005
0.000001
0.000000
0.000000
0.006703
0.013032
0.000000
0.000740
0.371333
0.015845
0.808960
0.098985
0.000127
0.043818
0.907293
0.160731
0.721628
0.241635
0.371333
0.836720
0.535389
0.008436
0.025970
0.011425
0.066656
0.000370
0.000899
0.255445
0.296545
0.281082
0.000829
0.000648
0.000000
0.000014
0.000000
0.744157
0.035500
0.046170
0.000000
0.025970
0.000002
0.000236
0.000000
0.000000
0.000145
0.001828
0.000000
0.000288
0.000100
0.130653
0.000000
0.000000
0.009368
0.000000
0.000872
0.001092
0.000000
0.048208
0.000000
0.441715
0.000011
0.018883
0.000001
0.000104
0.038094
0.007032
0.002593
0.000069
0.001324
0.151265
0.043818
0.119859
0.001884
0.002808
0.000035
0.416665
0.000031
0.000578
0.046970
0.000648
0.000000
0.208158
0.000010
0.000000
0.000000
0.000001
0.000004
0.000001
0.000000
0.000000
0.000000
0.017543
0.000000
0.009368
0.000138
0.000065
0.000002
0.000000
0.000001
0.001006
0.000000
0.000000
0.000000
0.010298
0.000013
0.002443
0.368979
0.340005
0.035500
0.000764
0.044980
0.187953
0.795913
0.000001
0.130653
0.000187
0.192150
0.170690
0.001828
0.409279
0.012317
0.181158
0.000000
0.112510
0.000294
0.000210
0.000609
0.008436
0.000003
0.003738
0.028409
0.203680
0.064990
0.000000
0.024158
0.513281
0.589144
0.018883
0.000718
0.000000
0.000648
0.105557
0.108126
0.004164
0.067775
0.052999
0.006205
0.000002
0.001774
0.002211
0.000703
0.037099
0.675784
0.001149
0.000001
0.133745
0.000027
0.002892
0.001092
0.787927
0.027908
0.004637
0.001208
0.035500
0.000019
0.004637
0.795913
0.012670
0.629509
0.000113
0.196422
0.064990
0.088340
0.115226
0.000019
0.015128
0.246759
0.000044
0.000020
0.003039
0.002146
0.000872
0.000031
0.000000
0.010595
0.017543
0.000193
0.000193
0.000109
0.055312
0.181158
0.744157
0.067775
0.000106
0.008847
0.000370
0.390021
0.022466
0.147829
0.000000
0.000764
0.000008
0.000000
0.000038
0.000000
0.390021
0.000138
0.000000
0.000000
0.028672
0.000000
0.000000
0.000069
0.001774
0.000200
0.000001
0.000000
0.101413
0.003776
0.076183
0.000000
0.000000
0.000000
0.000000
0.026684
0.000402
0.000113
0.000002
0.000330
0.000071
0.000000
0.000000
0.000000
0.000000
0.000000
0.000000
0.000006
0.000001
0.000000
0.000288
0.000000
0.000005
0.030798
0.000058
0.000000
0.001556
0.000000
0.233315
0.000038
0.000004
0.038094
0.000304
0.001556
0.000000
0.076183
0.000313
0.000490
0.096609
0.000000
0.000001
0.000000
0.000003
0.001310
0.013032
0.000021
0.000163
0.025970
0.001636
0.007239
0.000000
0.000609
0.000193
0.000249
0.003666
0.000007
0.690166
0.848789
0.008436
0.000000
0.000370
0.004288
0.000490
0.027908
0.000899
0.069506
0.029186
0.371333
0.029982
0.000002
0.000003
0.203680
0.521553
0.449423
0.002395
0.409279
0.040864
0.020320
0.000402
0.013654
0.000313
0.000006
0.009822
0.002041
0.041952
0.112510
0.000011
0.002041
0.000038
0.008682
0.003039
0.000000
0.000001
0.000265
0.000451
0.499678
0.004084
0.000039
0.043818
0.001687
0.022466
0.000014
0.897436
0.101413
0.022466
0.000002
0.000145
0.196422
0.000065
0.000000
0.000000
0.018368
0.082732
0.000012
0.003388
0.000829
0.000000
0.130653
0.005013
0.005855
0.000001
0.000001
0.000016
0.000000
0.000000
0.000829
0.000193
0.000163
0.004416
0.000000
0.000000
0.000000
0.000095
0.000031
0.122729
0.000000
0.000150
0.000000
0.000027
0.000000
0.147829
0.246759
0.001246
0.000000
0.000001
0.000016
0.007239
0.000000
0.000451
0.774492
0.000002
0.000000
0.002672
0.000609
0.000000
0.000028
0.041952
0.000085
0.000027
0.003388
0.000158
0.092778
0.069506
0.000764
0.174566
0.000217
0.000000
0.000000
0.000000
0.000000
0.001284
0.071276
0.000000
0.001006
0.010106
0.971109
0.009104
0.260793
0.060743
0.008847
0.000829
0.019768
0.000000
0.000025
0.620815
0.101413
0.074303
0.000178
0.698805
0.000001
0.000532
0.000210
0.007593
0.039801
0.000003
0.795913
