0.994555
0.566341
0.187953
0.617854
0.496903
0.848789
0.421575
0.153566
0.187953
0.922090
0.357661
0.380525
0.387593
0.901408
0.166886
0.273514
0.414138
0.649688
0.171915
0.052535
0.327120
0.571972
0.535389
0.649688
0.322949
0.704484
0.255445
0.620815
0.891273
0.617854
0.589144
0.183833
0.288671
0.157114
0.779856
0.409279
0.884948
0.603471
0.535389
0.801128
0.478214
0.626544
0.779856
0.947760
0.681504
0.414138
0.190711
0.132684
0.758020
0.446787
0.552238
0.801128
0.649688
0.891273
0.808960
0.401971
0.214182
0.454542
0.594827
0.333520
0.215763
0.557828
0.129613
0.695863
0.951979
0.658394
0.841556
0.549354
0.059212
0.316692
0.984769
0.275424
0.884948
0.801128
0.250182
0.223587
0.787927
0.344325
0.284858
0.475494
0.036127
0.119859
0.194957
0.322949
0.557828
0.940331
0.073672
0.357661
0.446787
0.922090
0.735726
0.220452
0.758020
0.967937
0.535389
0.183833
0.279144
0.304435
0.935597
0.183833
0.350951
0.275424
0.535389
0.620815
0.013276
0.082732
0.034568
0.779856
0.505064
0.527033
0.744157
0.290658
0.077446
0.013276
0.290658
0.922090
0.907293
0.153566
0.681504
0.962240
0.194957
0.841556
0.199280
0.571972
0.922090
0.801128
0.028919
0.681504
0.749684
0.658394
0.793201
0.088340
0.612135
0.401971
0.194957
0.322949
0.947760
0.901408
0.758020
0.649688
0.801128
0.884948
0.901408
0.991213
0.727244
0.821730
0.300471
0.626544
0.758020
0.098985
0.090535
0.927324
0.589144
0.211153
0.878466
0.991213
0.649688
0.617854
0.357661
0.177160
0.884948
0.357661
0.695863
0.483494
0.462365
0.467559
0.626544
0.704484
0.231634
0.867378
0.549354
0.100580
0.157114
0.935597
0.304435
0.967937
0.362130
0.829282
0.884948
0.513281
0.566341
0.454542
0.269851
0.867378
0.829282
0.801128
0.744157
0.173237
0.749684
0.971109
0.038764
0.617854
0.117048
0.821730
0.163153
0.713075
0.907293
0.808960
0.626544
0.549354
0.008197
0.279144
0.394742
0.594827
0.462365
0.549354
0.681504
0.643949
0.994555
0.462365
0.594827
0.907293
0.557828
0.171915
0.649688
0.758020
0.848789
0.333520
0.721628
0.713075
0.166886
0.667094
0.649688
0.096609
0.594827
0.971109
0.580543
0.414138
0.290658
0.316692
0.718717
0.951979
0.441715
0.236593
0.580543
0.316692
0.199280
0.226757
0.241635
0.394742
0.135818
0.557828
0.540922
0.860501
0.612135
0.557828
0.984769
0.994555
0.749684
0.779856
0.922090
0.635244
0.478214
0.867378
0.816691
0.135818
0.203680
0.667094
0.571972
0.557828
0.771705
0.491556
0.320806
0.793201
0.505064
0.681504
0.571972
0.394742
0.033659
0.749684
0.829282
0.867378
0.735726
0.713075
0.170690
0.658394
0.462365
0.860501
0.527033
0.070668
0.064431
0.414138
0.310521
0.603471
0.340005
0.518727
0.935597
0.264363
0.580543
0.414138
0.462365
0.322949
0.998463
0.284858
0.421575
0.470257
0.483494
0.245003
0.491556
0.874110
0.394742
0.704484
0.304435
0.020886
0.340005
0.566341
0.907293
0.947760
0.935597
0.841556
0.867378
0.284858
0.927324
0.672823
0.002920
0.157114
0.962240
0.406779
0.004591
0.713075
0.038094
0.922090
0.713075
0.713075
0.470257
0.649688
0.821730
0.223587
0.821730
0.340005
0.695863
0.462365
0.848789
0.144460
0.527033
0.518727
0.779856
0.771705
0.935597
0.535389
0.962240
0.549354
0.867378
0.513281
0.153566
0.649688
0.027164
0.073672
0.901408
0.991213
0.958545
0.434080
0.387593
0.922090
0.821730
0.478214
0.505064
0.250182
0.316692
0.986757
0.273514
0.475494
0.841556
0.446787
0.922090
0.713075
0.475494
0.958545
0.808960
0.922090
0.394742
0.589144
0.153566
0.406779
0.681504
0.064431
0.340005
0.159490
0.571972
0.414138
0.771705
0.426518
0.951979
0.190711
0.340005
0.169385
0.735726
0.891273
0.144460
0.801128
0.727244
0.340005
0.426518
0.491556
0.821730
0.543791
0.787927
0.421575
0.187953
0.061772
0.841556
0.867378
0.540922
0.589144
0.462365
0.316692
0.571972
0.962240
0.766291
0.018706
0.434080
0.848789
0.848789
0.640981
0.043818
0.821730
0.086192
0.704484
0.527033
0.626544
0.187953
0.535389
0.867378
0.793201
0.218844
0.999892
0.922090
0.594827
0.056256
0.401971
0.793201
0.962240
0.779856
0.483494
0.848789
0.672823
0.505064
0.470257
0.150086
0.718717
0.518727
0.626544
0.681504
0.841556
0.241635
0.454542
0.290658
0.695863
0.713075
0.199280
0.375911
0.026438
0.159490
0.406779
0.382926
0.681504
0.649688
0.368979
0.626544
0.922090
0.658394
0.874110
0.779856
0.394742
0.829282
0.658394
0.434080
0.667094
0.594827
0.626544
0.821730
0.426518
0.594827
0.801128
0.617854
0.350951
0.935597
0.841556
0.860501
0.841556
0.050328
0.387593
0.060217
0.009277
0.597771
0.003629
0.704484
0.260793
0.617854
0.304435
0.808960
0.284858
0.971109
0.030518
0.735726
0.527033
0.449423
0.718717
0.454542
0.333520
0.907293
0.916674
0.901408
0.836720
0.006832
0.766291
0.187953
0.375911
0.505064
0.382926
0.434080
0.749684
0.848789
0.056256
0.998868
0.284858
0.322949
0.329292
0.446787
0.793201
0.901408
0.695863
0.779856
0.518727
0.294528
0.626544
0.300471
0.454542
0.231634
0.236593
0.841556
0.589144
0.155897
0.808960
0.231634
0.927324
0.346575
0.218844
0.333520
0.333520
0.758020
0.971109
0.626544
0.223587
0.793201
0.543791
0.518727
0.620815
0.535389
0.922090
0.848789
0.860501
0.496903
0.549354
0.012907
0.491556
0.483494
0.867378
0.594827
0.749684
0.801128
0.594827
0.072465
0.144460
0.860501
0.527033
0.253642
0.186540
0.721628
0.801128
0.012317
0.441715
0.681504
0.891273
0.884948
0.260793
