0.580543
0.344325
0.947760
0.350951
0.649688
0.580543
0.401971
0.884948
0.713075
0.163153
0.829282
0.165605
0.236593
0.020130
0.603471
0.449423
0.571972
0.801128
0.527033
0.513281
0.079397
0.649688
0.496903
0.173237
0.698805
0.922090
0.962240
0.749684
0.758020
0.667094
0.100580
0.454542
0.962240
0.454542
0.483494
0.594827
0.821730
0.362130
0.470257
0.658394
0.132684
0.962240
0.681504
0.681504
0.039801
0.713075
0.038764
0.927324
0.362130
0.255445
0.333520
0.793201
0.916674
0.836720
0.518727
0.340005
0.483494
0.735726
0.310521
0.454542
0.884948
0.105557
0.981075
0.333520
0.294528
0.735726
0.513281
0.766291
0.758020
0.483494
0.672823
0.597771
0.698805
0.109849
0.406779
0.958545
0.612135
0.860501
0.635244
0.566341
0.300471
0.521553
0.233315
0.401971
0.429087
0.527033
0.603471
0.884948
0.371333
0.901408
0.357661
0.922090
0.543791
0.084092
0.011106
0.258960
0.290658
0.640981
0.681504
0.821730
0.821730
0.255445
0.387593
0.971109
0.067775
0.704484
0.681504
0.119859
0.935597
0.446787
0.766291
0.986757
0.086192
0.841556
0.505064
0.620815
0.594827
0.779856
0.848789
0.749684
0.175815
0.399498
0.111596
0.304435
0.916674
0.513281
0.571972
0.603471
0.891273
0.173237
0.387593
0.316692
0.821730
0.571972
0.841556
0.735726
0.245003
0.208158
0.350951
0.123655
0.672823
0.841556
0.362130
0.496903
0.749684
0.867378
0.387593
0.231634
0.350951
0.721628
0.704484
0.635244
0.414138
0.067775
0.426518
0.594827
0.322949
0.505064
0.947760
0.549354
0.878466
0.255445
0.718717
0.935597
0.375911
0.462365
0.901408
0.603471
0.279144
0.971109
0.513281
0.766291
0.491556
0.401971
0.779856
0.860501
0.346575
0.793201
0.901408
0.387593
0.808960
0.300471
0.255445
0.922090
0.124654
0.626544
0.166886
0.124654
0.527033
0.891273
0.821730
0.962240
0.935597
0.635244
0.958545
0.635244
0.340005
0.279144
0.462365
0.114294
0.483494
0.848789
0.749684
0.194957
0.109849
0.209600
0.749684
0.505064
0.454542
0.860501
0.350951
0.294528
0.749684
0.971109
0.061772
0.535389
0.727244
0.704484
0.626544
0.649688
0.958545
0.449423
0.978604
0.907293
0.364456
0.718717
0.462365
0.513281
0.958545
0.382926
0.055312
0.499678
0.103042
0.878466
0.434080
0.434080
0.340005
0.316692
0.194957
0.049040
0.612135
0.496903
0.518727
0.483494
0.042685
0.483494
0.505064
0.327120
0.594827
0.779856
0.860501
0.132684
0.513281
0.310521
0.260793
0.491556
0.821730
0.057717
0.194957
0.371333
0.304435
0.612135
0.505064
0.681504
0.940331
0.068911
0.721628
0.250182
0.245003
0.589144
0.841556
0.779856
0.241635
0.406779
0.901408
0.612135
0.713075
0.362130
0.535389
0.275424
0.518727
0.580543
0.470257
0.758020
0.109849
0.434080
0.462365
0.543791
0.239907
0.962240
0.344325
0.264363
0.357661
0.269851
0.649688
0.421575
0.505064
0.211153
0.322949
0.310521
0.860501
0.426518
0.543791
0.284858
0.190711
0.681504
0.454542
0.897436
0.127623
0.690166
0.192150
0.947760
0.958545
0.635244
0.947760
0.901408
0.119859
0.214182
0.194957
0.475494
0.695863
0.695863
0.462365
0.951979
0.004868
0.580543
0.880693
0.183833
0.491556
0.695863
0.228410
0.821730
0.316692
0.218844
0.155897
0.658394
0.362130
0.829282
0.617854
0.535389
0.002920
0.429087
0.129613
0.816691
0.505064
0.079397
0.589144
0.294528
0.667094
0.350951
0.014571
0.406779
0.535389
0.672823
0.197797
0.749684
0.441715
0.580543
0.322949
0.327120
0.137917
0.462365
0.681504
0.841556
0.055312
0.801128
0.594827
0.848789
0.100580
0.414138
0.300471
0.727244
0.907293
0.947760
0.867378
0.787927
0.566341
0.658394
0.141156
0.793201
0.150086
0.704484
0.749684
0.483494
0.082732
0.199280
0.441715
0.626544
0.557828
0.935597
0.907293
0.848789
0.496903
0.462365
0.727244
0.183833
0.704484
0.958545
0.027652
0.758020
0.884948
0.841556
0.165605
0.841556
0.801128
0.141156
0.991213
0.069506
0.713075
0.758020
0.727244
0.382926
0.801128
0.779856
0.543791
0.549354
0.594827
0.940331
0.380525
0.848789
0.603471
0.649688
0.935597
0.333520
0.258960
0.123655
0.175815
0.300471
0.535389
0.364456
0.735726
0.787927
0.727244
0.312615
0.206623
0.069506
0.394742
0.142275
0.310521
0.589144
0.930673
0.362130
0.597771
0.535389
0.617854
0.161896
0.340005
0.124654
0.557828
0.505064
0.104694
0.626544
0.209600
0.206623
0.513281
0.246759
0.221961
0.749684
0.446787
0.749684
0.002697
0.279144
0.387593
0.841556
0.771705
0.681504
0.426518
0.527033
0.475494
0.163153
0.808960
0.098170
0.183833
0.549354
0.841556
0.426518
0.141156
0.617854
0.258960
0.935597
0.163153
0.901408
0.589144
0.649688
0.766291
0.836720
0.947760
0.177160
0.940331
0.801128
0.005418
0.744157
0.250182
0.414138
0.491556
0.829282
0.022875
0.119859
0.300471
0.935597
0.117048
0.667094
0.927324
0.441715
0.848789
0.203680
0.986757
0.380525
0.454542
0.801128
0.891273
0.779856
0.612135
0.735726
0.779856
0.855893
0.962240
0.549354
0.958545
0.304435
0.496903
0.380525
0.441715
0.884948
0.527033
0.981075
0.557828
0.867378
0.284858
0.821730
0.771705
0.434080
0.860501
0.940331
0.549354
0.426518
0.891273
0.718717
0.434080
0.658394
0.406779
0.446787
0.467559
0.891273
0.580543
0.540922
0.589144
0.316692
0.916674
0.549354
0.626544
0.409279
0.603471
0.470257
0.368979
0.901408
0.935597
0.211153
0.202171
0.467559
0.821730
0.260793
0.483494
0.801128
0.612135
0.930673
0.327120
0.749684
0.749684
0.801128
0.884948
0.571972
0.612135
0.483494
0.787927
0.294528
