0.085471
0.209600
0.140045
0.467559
0.380525
0.161896
0.190711
0.106369
0.080027
0.496903
0.161896
0.344325
0.626544
0.070065
0.085471
0.426518
0.140045
0.087602
0.362130
0.123655
0.197797
0.446787
0.209600
0.320806
0.221961
0.143326
0.304435
0.475494
0.467559
0.032771
0.380525
0.496903
0.061238
0.320806
0.288671
0.867378
0.362130
0.131630
0.140045
0.197797
0.116102
0.226757
0.399498
0.446787
0.143326
0.197797
0.406779
0.540922
0.304435
0.467559
0.231634
0.387593
0.089781
0.617854
0.426518
0.467559
0.483494
0.380525
0.841556
0.841556
0.518727
0.467559
0.446787
0.320806
0.496903
0.901408
0.380525
0.273514
0.649688
0.380525
0.446787
0.916674
0.171915
0.214182
0.161896
0.540922
0.273514
0.226757
0.617854
0.273514
0.454542
0.099752
0.304435
0.140045
0.695863
0.337784
0.171915
0.253642
0.362130
0.380525
0.475494
0.380525
0.143326
0.304435
0.426518
0.749684
0.143326
0.549354
0.273514
0.095811
0.695863
0.304435
0.267971
0.922090
0.518727
0.901408
0.467559
0.496903
0.649688
0.327120
0.658394
0.718717
0.649688
0.134742
0.496903
0.640981
0.269851
0.496903
0.617854
0.695863
0.821730
0.626544
0.727244
0.267971
0.841556
0.749684
0.134742
0.171915
0.571972
0.267971
0.594827
0.239907
0.380525
0.406779
0.594827
0.320806
0.171915
0.749684
0.496903
0.085471
0.380525
0.344325
0.214182
0.594827
0.131630
0.099752
0.320806
0.267971
0.320806
0.380525
0.106369
0.209600
0.085471
0.209600
0.406779
0.131630
0.070065
0.085471
0.085471
0.063876
0.320806
0.171915
0.209600
0.518727
0.320806
0.085471
0.362130
0.406779
0.640981
0.186540
0.841556
0.496903
0.801128
0.695863
0.704484
0.496903
0.727244
0.362130
0.617854
0.640981
0.690166
0.672823
0.505064
0.749684
0.727244
0.704484
0.695863
0.454542
0.146673
0.368979
0.106369
0.273514
0.102197
0.617854
0.106369
0.085471
0.617854
0.771705
0.518727
0.221961
0.467559
0.209600
0.344325
0.114294
0.171915
0.239907
0.304435
0.140045
0.649688
0.221961
0.304435
0.672823
0.267971
0.617854
0.253642
0.518727
0.695863
0.540922
0.571972
0.571972
0.310521
0.320806
0.467559
0.467559
0.434080
0.320806
0.483494
0.930673
0.320806
0.771705
0.320806
0.294528
0.320806
0.727244
0.050745
0.076791
0.197797
0.672823
0.571972
0.841556
0.085471
0.202171
0.171915
0.320806
0.771705
0.695863
0.106369
0.253642
0.267971
0.446787
0.082037
0.527033
0.380525
0.106369
0.209600
0.320806
0.571972
0.131630
0.106369
0.860501
0.399498
0.063876
0.085471
0.380525
0.640981
0.594827
0.649688
0.771705
0.878466
0.549354
0.075538
0.672823
0.557828
0.253642
0.594827
0.594827
0.028919
0.540922
0.414138
0.672823
0.695863
0.209600
0.475494
0.426518
0.475494
0.672823
0.165605
0.387593
0.211153
0.106369
0.841556
0.617854
0.884948
0.258960
0.221961
0.380525
0.226757
0.695863
0.483494
0.009454
0.380525
0.718717
0.327120
0.518727
0.475494
0.978604
0.380525
0.380525
0.197797
0.362130
0.320806
0.649688
0.467559
0.594827
0.209600
0.267971
0.426518
0.327120
0.635244
0.171915
0.434080
0.518727
0.320806
0.426518
0.571972
0.161896
0.320806
0.380525
0.300471
0.518727
0.475494
0.267971
0.221961
0.549354
0.518727
0.137917
0.681504
0.571972
0.735726
0.327120
0.267971
0.958545
0.617854
0.446787
0.603471
0.901408
0.221961
0.704484
0.186540
0.087602
0.518727
0.617854
0.540922
0.518727
0.594827
0.267971
0.399498
0.304435
0.165605
0.617854
0.221961
0.140045
0.239907
0.380525
0.380525
0.253642
0.080027
0.267971
0.171915
0.467559
0.050745
0.099752
0.099752
0.878466
0.186540
0.085471
0.063876
0.197797
0.344325
0.131630
0.106369
0.320806
0.063876
0.197797
0.399498
0.140045
0.050745
0.362130
0.563435
0.209600
0.221961
0.140045
0.085471
0.344325
0.226757
0.221961
0.221961
0.221961
0.131630
0.085471
0.362130
0.467559
0.106369
0.617854
0.518727
0.085471
0.085471
0.267971
0.106369
0.426518
0.617854
0.175815
0.821730
0.695863
0.209600
0.344325
0.320806
0.050745
0.273514
0.267971
0.426518
0.085471
0.320806
0.320806
0.475494
0.571972
0.540922
0.399498
0.221961
0.320806
0.288671
0.320806
0.320806
0.884948
0.848789
0.320806
0.749684
0.434080
0.362130
0.380525
0.155897
0.245003
0.563435
0.571972
0.304435
0.089781
0.695863
0.320806
0.362130
0.226757
0.380525
0.496903
0.626544
0.304435
0.337784
0.304435
0.253642
0.267971
0.640981
0.380525
0.134742
0.713075
0.304435
0.320806
0.071848
0.640981
0.221961
0.337784
0.617854
0.320806
0.467559
0.695863
0.878466
0.540922
0.320806
0.947760
0.161896
0.140045
0.267971
0.106369
0.540922
0.488801
0.320806
0.175815
0.672823
0.186540
0.362130
0.304435
0.446787
0.434080
0.617854
0.571972
0.362130
0.387593
0.930673
0.175815
0.267971
0.771705
0.267971
0.563435
0.399498
0.320806
0.221961
0.695863
0.161896
0.050745
0.406779
0.467559
0.467559
0.907293
0.171915
0.594827
0.350951
0.253642
0.171915
0.253642
0.380525
0.106369
0.016438
0.563435
0.594827
0.171915
0.320806
0.273514
0.617854
0.239907
0.273514
0.426518
0.226757
0.253642
0.446787
0.050745
0.214182
0.320806
0.070065
0.496903
0.253642
0.226757
0.947760
0.171915
0.362130
0.304435
0.821730
0.253642
0.518727
0.143326
0.221961
0.143326
0.640981
0.140045
0.063876
0.617854
0.344325
0.337784
0.362130
0.571972
0.475494
0.169385
0.161896
0.549354
0.320806
0.426518
0.171915
0.025041
0.327120
0.155897
0.434080
0.194957
0.640981
0.344325
0.518727
0.209600
0.771705
0.426518
0.362130
0.571972
