0.695863
0.380525
0.253642
0.406779
0.414138
0.344325
0.540922
0.123655
0.131630
0.320806
0.165605
0.089781
0.327120
0.749684
0.362130
0.467559
0.320806
0.771705
0.190711
0.518727
0.518727
0.540922
0.085471
0.672823
0.695863
0.901408
0.571972
0.626544
0.155897
0.245003
0.362130
0.704484
0.540922
0.406779
0.344325
0.681504
0.496903
0.467559
0.434080
0.793201
0.239907
0.841556
0.131630
0.860501
0.316692
0.930673
0.672823
0.042305
0.727244
0.387593
0.727244
0.995551
0.771705
0.467559
0.426518
0.672823
0.841556
0.161896
0.695863
0.695863
0.571972
0.221961
0.406779
0.209600
0.141156
0.571972
0.344325
0.867378
0.245003
0.161896
0.571972
0.718717
0.580543
0.226757
0.111596
0.320806
0.194957
0.635244
0.563435
0.540922
0.951979
0.704484
0.793201
0.394742
0.475494
0.617854
0.467559
0.947760
0.821730
0.640981
0.380525
0.527033
0.454542
0.540922
0.874110
0.387593
0.467559
0.387593
0.829282
0.841556
0.070668
0.496903
0.695863
0.916674
0.183833
0.571972
0.771705
0.860501
0.698805
0.316692
0.821730
0.947760
0.672823
0.771705
0.571972
0.749684
0.681504
0.320806
0.727244
0.037752
0.549354
0.223587
0.727244
0.841556
0.462365
0.394742
0.580543
0.695863
0.245003
0.626544
0.695863
0.310521
0.787927
0.337784
0.467559
0.793201
0.779856
0.901408
0.304435
0.434080
0.380525
0.288671
0.320806
0.197797
0.320806
0.197797
0.540922
0.488801
0.131630
0.226757
0.496903
0.221961
0.304435
0.414138
0.467559
0.106369
0.239907
0.793201
0.267971
0.197797
0.718717
0.406779
0.304435
0.258960
0.304435
0.267971
0.171915
0.327120
0.426518
0.215763
0.540922
0.264363
0.808960
0.672823
0.841556
0.387593
0.141156
0.197797
0.771705
0.166886
0.771705
0.829282
0.571972
0.594827
0.357661
0.672823
0.672823
0.387593
0.860501
0.467559
0.273514
0.414138
0.267971
0.518727
0.426518
0.446787
0.467559
0.549354
0.446787
0.267971
0.603471
0.267971
0.749684
0.226757
0.426518
0.672823
0.294528
0.518727
0.337784
0.008761
0.099752
0.793201
0.467559
0.518727
0.771705
0.527033
0.571972
0.406779
0.779856
0.426518
0.215763
0.735726
0.571972
0.344325
0.426518
0.735726
0.239907
0.557828
0.333520
0.749684
0.060217
0.617854
0.907293
0.617854
0.320806
0.304435
0.617854
0.406779
0.721628
0.935597
0.399498
0.036765
0.209600
0.967937
0.704484
0.362130
0.171915
0.221961
0.209600
0.518727
0.140045
0.114294
0.518727
0.221961
0.380525
0.793201
0.571972
0.518727
0.446787
0.454542
0.236593
0.467559
0.467559
0.549354
0.362130
0.264363
0.901408
0.475494
0.084092
0.571972
0.867378
0.171915
0.626544
0.571972
0.454542
0.310521
0.414138
0.793201
0.771705
0.984769
0.821730
0.406779
0.264363
0.102197
0.344325
0.250182
0.316692
0.202171
0.749684
0.603471
0.681504
0.310521
0.245003
0.496903
0.640981
0.749684
0.088340
0.075538
0.672823
0.310521
0.121744
0.947760
0.316692
0.771705
0.557828
0.718717
0.475494
0.076791
0.535389
0.540922
0.771705
0.695863
0.808960
0.175815
0.267971
0.179787
0.380525
0.199280
0.186540
0.294528
0.640981
0.399498
0.387593
0.387593
0.672823
0.434080
0.549354
0.446787
0.860501
0.467559
0.414138
0.518727
0.704484
0.186540
0.258960
0.322949
0.209600
0.640981
0.255445
0.082037
0.758020
0.727244
0.718717
0.779856
0.947760
0.557828
0.241635
0.454542
0.221961
0.860501
0.267971
0.399498
0.603471
0.362130
0.320806
0.165605
0.306500
0.793201
0.505064
0.801128
0.197797
0.209600
0.209600
0.258960
0.320806
0.123655
0.841556
0.253642
0.186540
0.540922
0.197797
0.580543
0.617854
0.741289
0.226757
0.401971
0.414138
0.140045
0.426518
0.304435
0.140045
0.337784
0.171915
0.540922
0.540922
0.446787
0.446787
0.304435
0.337784
0.258960
0.320806
0.406779
0.294528
0.161896
0.226757
0.434080
0.253642
0.267971
0.594827
0.171915
0.080707
0.197797
0.288671
0.253642
0.563435
0.226757
0.344325
0.540922
0.640981
0.221961
0.049886
0.175815
0.801128
0.446787
0.704484
0.446787
0.218844
0.134742
0.967937
0.239907
0.793201
0.446787
0.357661
0.267971
0.518727
0.337784
0.617854
0.253642
0.294528
0.085471
0.434080
0.571972
0.441715
0.594827
0.340005
0.446787
0.766291
0.643949
0.467559
0.563435
0.245003
0.253642
0.821730
0.681504
0.264363
0.626544
0.704484
0.375911
0.916674
0.626544
0.475494
0.549354
0.916674
0.426518
0.337784
0.594827
0.475494
0.672823
0.571972
0.320806
0.171915
0.206623
0.362130
0.085471
0.749684
0.735726
0.594827
0.300471
0.362130
0.209600
0.814067
0.380525
0.320806
0.239907
0.140045
0.231634
0.344325
0.406779
0.446787
0.878466
0.571972
0.695863
0.672823
0.549354
0.704484
0.375911
0.496903
0.362130
0.727244
0.640981
0.713075
0.380525
0.571972
0.344325
0.571972
0.253642
0.617854
0.672823
0.171915
0.496903
0.695863
0.171915
0.640981
0.202171
0.540922
0.518727
0.226757
0.134742
0.454542
0.300471
0.273514
0.344325
0.288671
0.426518
0.426518
0.399498
0.540922
0.695863
0.779856
0.106369
0.779856
0.884948
0.362130
0.496903
0.380525
0.099752
0.454542
0.223587
0.273514
0.475494
0.540922
0.496903
0.901408
0.320806
0.406779
0.867378
0.527033
0.571972
0.496903
0.279144
0.467559
0.028919
0.518727
0.387593
0.989675
0.518727
0.085471
0.253642
0.793201
0.171915
0.152372
0.718717
0.580543
0.841556
0.245003
0.860501
0.150086
0.793201
0.540922
0.821730
0.446787
0.475494
0.454542
0.380525
0.071848
0.362130
0.406779
0.978604
0.771705
0.594827
0.140045
0.320806
0.214182
0.718717
0.467559
0.947760
