0.300471
0.808960
0.454542
0.801128
0.333520
0.007593
0.449423
0.375911
0.491556
0.735726
0.867378
0.467559
0.779856
0.333520
0.004963
0.620815
0.275424
0.401971
0.580543
0.752533
0.082732
0.375911
0.129613
0.036127
0.005418
0.626544
0.100580
0.426518
0.050328
0.211153
0.771705
0.505064
0.821730
0.434080
0.779856
0.187953
0.848789
0.483494
0.008847
0.557828
0.771705
0.774492
0.088340
0.801128
0.821730
0.236593
0.922090
0.978604
0.211153
0.475494
0.884948
0.117048
0.971109
0.052535
0.478214
0.795913
0.571972
0.901408
0.713075
0.387593
0.930673
0.124654
0.801128
0.612135
0.414138
0.079397
0.049040
0.194957
0.779856
0.947760
0.144460
0.901408
0.357661
0.557828
0.022875
0.940331
0.003039
0.649688
0.690166
0.181158
0.758020
0.144460
0.010298
0.316692
0.454542
0.518727
0.821730
0.779856
0.787927
0.505064
0.735726
0.421575
0.672823
0.062816
0.916674
0.290658
0.157114
0.549354
0.387593
0.779856
0.947760
0.927324
0.566341
0.279144
0.891273
0.626544
0.566341
0.288671
0.521553
0.549354
0.848789
0.199280
0.015409
0.874110
0.758020
0.021268
0.749684
0.394742
0.597771
0.907293
0.874110
0.549354
0.092778
0.462365
0.612135
0.829282
0.758020
0.414138
0.667094
0.594827
0.119859
0.194957
0.916674
0.215763
0.901408
0.499678
0.329292
0.306500
0.475494
0.279144
0.177160
0.316692
0.144460
0.727244
0.375911
0.382926
0.434080
0.589144
0.483494
0.434080
0.612135
0.030518
0.199280
0.304435
0.080707
0.181158
0.758020
0.672823
0.135818
0.589144
0.626544
0.513281
0.245003
0.543791
0.557828
0.540922
0.787927
0.115226
0.275424
0.429087
0.051194
0.891273
0.808960
0.971109
0.063362
0.535389
0.535389
0.350951
0.015845
0.055312
0.491556
0.749684
0.105557
0.124654
0.223587
0.114294
0.496903
0.867378
0.231634
0.758020
0.916674
0.177160
0.913005
0.658394
0.375911
0.984769
0.233315
0.640981
0.273514
0.344325
0.635244
0.033659
0.713075
0.612135
0.594827
0.907293
0.150086
0.013909
0.505064
0.161896
0.571972
0.014711
0.735726
0.808960
0.382926
0.048208
0.848789
0.635244
0.535389
0.220452
0.635244
0.163153
0.540922
0.735726
0.019768
0.241635
0.012670
0.901408
0.316692
0.681504
0.478214
0.357661
0.521553
0.878466
0.603471
0.192150
0.350951
0.316692
0.434080
0.394742
0.129613
0.499678
0.300471
0.557828
0.735726
0.681504
0.527033
0.306500
0.050328
0.658394
0.635244
0.635244
0.681504
0.364456
0.535389
0.735726
0.821730
0.897436
0.867378
0.061772
0.109849
0.390021
0.157114
0.211153
0.951979
0.808960
0.649688
0.255445
0.192150
0.571972
0.030798
0.357661
0.177160
0.269851
0.194957
0.228410
0.306500
0.163153
0.658394
0.535389
0.713075
0.290658
0.698805
0.159490
0.118894
0.375911
0.049040
0.022258
0.735726
0.727244
0.340005
0.603471
0.421575
0.758020
0.470257
0.340005
0.771705
0.166886
0.241635
0.766291
0.002517
0.681504
0.867378
0.658394
0.001636
0.984769
0.704484
0.092778
0.901408
0.907293
0.483494
0.991213
0.218844
0.758020
0.505064
0.478214
0.449423
0.787927
0.375911
0.414138
0.505064
0.758020
0.382926
0.505064
0.329292
0.549354
0.001351
0.527033
0.371333
0.635244
0.054829
0.855893
0.855893
0.375911
0.735726
0.499678
0.068911
0.901408
0.527033
0.491556
0.958545
0.935597
0.836720
0.836720
0.371333
0.658394
0.681504
0.635244
0.704484
0.766291
0.667094
0.082732
0.735726
0.021859
0.962240
0.483494
0.346575
0.758020
0.940331
0.421575
0.269851
0.935597
0.829282
0.202171
0.603471
0.401971
0.603471
0.406779
0.635244
0.255445
0.294528
0.867378
0.183833
0.047782
0.357661
0.483494
0.984769
0.962240
0.643949
0.916674
0.829282
0.316692
0.441715
0.094284
0.357661
0.006325
0.535389
0.874110
0.294528
0.449423
0.626544
0.681504
0.643949
0.535389
0.037752
0.104694
0.220452
0.027164
0.727244
0.320806
0.119859
0.821730
0.187953
0.594827
0.202171
0.284858
0.496903
0.496903
0.821730
0.922090
0.346575
0.109849
0.333520
0.421575
0.543791
0.991213
0.947760
0.981075
0.333520
0.306500
0.364456
0.589144
0.478214
0.483494
0.549354
0.135818
0.704484
0.513281
0.241635
0.258960
0.690166
0.848789
0.758020
0.658394
0.727244
0.132684
0.787927
0.735726
0.713075
0.329292
0.462365
0.170690
0.027652
0.022875
0.704484
0.223587
0.801128
0.117048
0.007965
0.290658
0.513281
0.147829
0.574890
0.690166
0.821730
0.829282
0.571972
0.801128
0.829282
0.758020
0.008761
0.994555
0.855893
0.672823
0.867378
0.713075
0.000039
0.029982
0.478214
0.340005
0.727244
0.635244
0.104694
0.713075
0.084092
0.927324
0.727244
0.236593
0.867378
0.187953
0.884948
0.829282
0.527033
0.491556
0.296545
0.429087
0.749684
0.357661
0.836720
0.603471
0.884948
0.007378
0.884948
0.978604
0.157114
0.594827
0.353229
0.774492
0.003455
0.139014
0.836720
0.021268
0.002950
0.063362
0.082732
0.566341
0.635244
0.821730
0.434080
0.947760
0.049040
0.589144
0.836720
0.112510
0.260793
0.735726
0.855893
0.483494
0.036127
0.075538
0.390021
0.681504
0.380525
0.181158
0.112510
0.643949
0.749684
0.829282
0.105557
0.153566
0.836720
0.816691
0.117048
0.406779
0.681504
0.092008
0.612135
0.907293
0.557828
0.658394
0.690166
0.571972
0.549354
0.160731
0.566341
0.003193
0.635244
0.387593
0.375911
0.357661
0.718717
0.375911
0.962240
0.017063
0.275424
0.513281
0.409279
0.658394
0.021268
0.329292
0.017063
0.470257
0.141156
0.098985
0.096609
0.505064
0.006637
0.848789
0.387593
0.434080
0.061772
0.891273
0.594827
0.316692
0.991213
0.978604
