0.320806
0.362130
0.209600
0.771705
0.617854
0.337784
0.267971
0.617854
0.695863
0.320806
0.171915
0.496903
0.446787
0.106369
0.129613
0.380525
0.446787
0.557828
0.267971
0.116102
0.695863
0.320806
0.209600
0.399498
0.594827
0.426518
0.063876
0.704484
0.123655
0.496903
0.406779
0.320806
0.011315
0.273514
0.967937
0.106369
0.603471
0.860501
0.426518
0.821730
0.496903
0.126604
0.695863
0.771705
0.617854
0.540922
0.197797
0.617854
0.496903
0.727244
0.589144
0.310521
0.672823
0.513281
0.690166
0.209600
0.239907
0.749684
0.518727
0.434080
0.672823
0.958545
0.064431
0.821730
0.672823
0.540922
0.137917
0.327120
0.496903
0.446787
0.549354
0.491556
0.171915
0.226757
0.454542
0.368979
0.226757
0.848789
0.496903
0.099752
0.672823
0.491556
0.867378
0.380525
0.362130
0.288671
0.175815
0.100580
0.131630
0.050745
0.718717
0.626544
0.695863
0.771705
0.672823
0.197797
0.401971
0.375911
0.434080
0.940331
0.695863
0.867378
0.695863
0.527033
0.771705
0.483494
0.245003
0.704484
0.994555
0.406779
0.771705
0.362130
0.540922
0.258960
0.316692
0.362130
0.695863
0.557828
0.223587
0.505064
0.617854
0.771705
0.916674
0.916674
0.368979
0.793201
0.649688
0.594827
0.594827
0.316692
0.571972
0.617854
0.518727
0.267971
0.034255
0.098170
0.099752
0.221961
0.467559
0.406779
0.197797
0.146673
0.273514
0.362130
0.640981
0.082037
0.140045
0.380525
0.704484
0.626544
0.171915
0.239907
0.221961
0.496903
0.518727
0.239907
0.488801
0.399498
0.171915
0.617854
0.304435
0.518727
0.050745
0.085471
0.380525
0.085471
0.505064
0.344325
0.132684
0.718717
0.304435
0.137917
0.253642
0.357661
0.316692
0.771705
0.380525
0.426518
0.626544
0.626544
0.320806
0.013654
0.874110
0.399498
0.713075
0.011974
0.793201
0.571972
0.304435
0.496903
0.518727
0.649688
0.446787
0.475494
0.626544
0.380525
0.626544
0.267971
0.080027
0.821730
0.454542
0.749684
0.446787
0.947760
0.704484
0.496903
0.446787
0.143326
0.143326
0.617854
0.446787
0.518727
0.704484
0.594827
0.209600
0.320806
0.672823
0.771705
0.273514
0.231634
0.808960
0.467559
0.273514
0.253642
0.245003
0.821730
0.617854
0.991213
0.540922
0.727244
0.922090
0.406779
0.984769
0.231634
0.483494
0.771705
0.496903
0.617854
0.159490
0.165605
0.258960
0.209600
0.327120
0.718717
0.649688
0.540922
0.426518
0.467559
0.571972
0.362130
0.267971
0.106369
0.190711
0.399498
0.344325
0.426518
0.603471
0.171915
0.399498
0.649688
0.209600
0.713075
0.571972
0.320806
0.454542
0.406779
0.116102
0.603471
0.387593
0.414138
0.549354
0.771705
0.771705
0.672823
0.171915
0.197797
0.320806
0.223587
0.922090
0.475494
0.426518
0.454542
0.446787
0.294528
0.793201
0.640981
0.449423
0.350951
0.197797
0.165605
0.214182
0.727244
0.518727
0.137917
0.426518
0.426518
0.380525
0.779856
0.649688
0.454542
0.143326
0.362130
0.414138
0.380525
0.771705
0.253642
0.695863
0.467559
0.380525
0.649688
0.640981
0.626544
0.594827
0.681504
0.649688
0.218844
0.860501
0.406779
0.426518
0.053435
0.202171
0.640981
0.649688
0.549354
0.916674
0.518727
0.571972
0.571972
0.304435
0.194957
0.362130
0.131630
0.126604
0.467559
0.362130
0.454542
0.649688
0.209600
0.617854
0.690166
0.362130
0.617854
0.571972
0.594827
0.206623
0.434080
0.375911
0.978604
0.540922
0.571972
0.333520
0.394742
0.426518
0.239907
0.116102
0.617854
0.535389
0.467559
0.951979
0.446787
0.380525
0.518727
0.209600
0.771705
0.475494
0.304435
0.801128
0.350951
0.741289
0.116102
0.209600
0.749684
0.672823
0.310521
0.320806
0.085471
0.171915
0.362130
0.258960
0.362130
0.050745
0.221961
0.496903
0.399498
0.571972
0.467559
0.935597
0.446787
0.527033
0.050745
0.327120
0.320806
0.916674
0.320806
0.264363
0.399498
0.118894
0.226757
0.327120
0.131630
0.050745
0.253642
0.380525
0.718717
0.860501
0.171915
0.010198
0.050745
0.380525
0.267971
0.102197
0.344325
0.978604
0.273514
0.267971
0.380525
0.171915
0.062816
0.273514
0.161896
0.496903
0.161896
0.704484
0.867378
0.603471
0.549354
0.197797
0.518727
0.380525
0.563435
0.518727
0.626544
0.231634
0.143326
0.051194
0.155897
0.483494
0.549354
0.141156
0.496903
0.250182
0.327120
0.087602
0.841556
0.088340
0.118894
0.399498
0.549354
0.681504
0.649688
0.098170
0.718717
0.304435
0.617854
0.718717
0.749684
0.387593
0.171915
0.337784
0.540922
0.594827
0.967937
0.467559
0.106369
0.667094
0.540922
0.617854
0.399498
0.380525
0.380525
0.394742
0.380525
0.368979
0.518727
0.518727
0.267971
0.793201
0.434080
0.446787
0.267971
0.202171
0.140045
0.603471
0.171915
0.475494
0.406779
0.557828
0.337784
0.288671
0.467559
0.505064
0.245003
0.288671
0.549354
0.984769
0.617854
0.380525
0.171915
0.304435
0.884948
0.223587
0.406779
0.540922
0.344325
0.446787
0.267971
0.406779
0.626544
0.967937
0.649688
0.253642
0.099752
0.672823
0.362130
0.672823
0.801128
0.704484
0.362130
0.916674
0.704484
0.320806
0.518727
0.245003
0.253642
0.362130
0.202171
0.884948
0.867378
0.253642
0.344325
0.496903
0.984769
0.171915
0.108955
0.362130
0.518727
0.190711
0.099752
0.073672
0.741289
0.672823
0.118894
0.549354
0.161896
0.540922
0.718717
0.467559
0.273514
0.226757
0.239907
0.649688
0.399498
0.362130
0.793201
0.218844
0.467559
0.406779
0.603471
0.718717
0.848789
0.368979
0.475494
0.958545
0.008761
0.446787
0.406779
0.350951
0.434080
0.649688
0.867378
0.594827
0.901408
0.258960
0.467559
0.194957
0.901408
