0.246759
0.077446
0.333520
0.316692
0.626544
0.115226
0.115226
0.821730
0.255445
0.211153
0.139014
0.006325
0.690166
0.067775
0.001588
0.991213
0.470257
0.069506
0.109849
0.574890
0.821730
0.695863
0.312615
0.766291
0.296545
0.801128
0.913005
0.409279
0.070668
0.681504
0.735726
0.574890
0.704484
0.434080
0.867378
0.816691
0.011753
0.580543
0.010298
0.521553
0.211153
0.429087
0.848789
0.281082
0.449423
0.290658
0.704484
0.053907
0.884948
0.284858
0.557828
0.505064
0.667094
0.704484
0.177160
0.620815
0.749684
0.505064
0.228410
0.250182
0.042685
0.153566
0.483494
0.884948
0.801128
0.075538
0.223587
0.808960
0.409279
0.681504
0.962240
0.028409
0.491556
0.981075
0.050328
0.421575
0.246759
0.067775
0.371333
0.735726
0.027908
0.989675
0.112510
0.713075
0.867378
0.855893
0.771705
0.353229
0.177160
0.981075
0.000359
0.880693
0.401971
0.922090
0.050328
0.187953
0.771705
0.779856
0.018368
0.735726
0.727244
0.181158
0.300471
0.086192
0.667094
0.907293
0.025970
0.401971
0.496903
0.211153
0.421575
0.122729
0.203680
0.513281
0.589144
0.364456
0.063362
0.704484
0.220452
0.236593
0.075538
0.681504
0.208158
0.006325
0.074303
0.144460
0.449423
0.175815
0.867378
0.144460
0.580543
0.007965
0.643949
0.891273
0.867378
0.126604
0.002863
0.199280
0.375911
0.713075
0.421575
0.597771
0.829282
0.513281
0.667094
0.505064
0.037099
0.080707
0.364456
0.004164
0.521553
0.236593
0.001721
0.255445
0.535389
0.329292
0.612135
0.907293
0.958545
0.643949
0.735726
0.306500
0.527033
0.090535
0.867378
0.037752
0.441715
0.375911
0.635244
0.281082
0.749684
0.015409
0.000085
0.695863
0.658394
0.557828
0.681504
0.340005
0.513281
0.690166
0.053907
0.821730
0.735726
0.808960
0.795913
0.009277
0.203680
0.667094
0.194957
0.449423
0.364456
0.306500
0.144460
0.333520
0.061772
0.290658
0.015409
0.735726
0.037099
0.667094
0.927324
0.211153
0.643949
0.649688
0.269851
0.580543
0.499678
0.281082
0.808960
0.223587
0.603471
0.449423
0.940331
0.907293
0.245003
0.228410
0.681504
0.867378
0.092008
0.004503
0.986757
0.135818
0.891273
0.001393
0.177160
0.974087
0.005687
0.907293
0.449423
0.335721
0.192150
0.808960
0.535389
0.114294
0.107244
0.053907
0.063362
0.499678
0.187953
0.483494
0.070668
0.132684
0.727244
0.269851
0.416665
0.907293
0.574890
0.848789
0.658394
0.927324
0.589144
0.260793
0.667094
0.922090
0.462365
0.077446
0.612135
0.675784
0.690166
0.004637
0.652656
0.264363
0.462365
0.095811
0.505064
0.281082
0.228410
0.848789
0.690166
0.640981
0.013654
0.441715
0.808960
0.401971
0.382926
0.901408
0.766291
0.540922
0.821730
0.250182
0.387593
0.109849
0.012907
0.177160
0.015409
0.255445
0.727244
0.350951
0.749684
0.421575
0.045761
0.063362
0.163153
0.698805
0.012907
0.096609
0.132684
0.306500
0.744157
0.057717
0.390021
0.082732
0.269851
0.507859
0.139014
0.867378
0.589144
0.483494
0.012317
0.766291
0.250182
0.004503
0.127623
0.362130
0.580543
0.005262
0.006144
0.211153
0.035500
0.690166
0.055312
0.681504
0.821730
0.874110
0.429087
0.626544
0.082732
0.130653
0.543791
0.535389
0.457201
0.491556
0.005687
0.153566
0.801128
0.421575
0.414138
0.808960
0.059212
0.340005
0.940331
0.808960
0.901408
0.000561
0.470257
0.735726
0.008847
0.513281
0.126604
0.951979
0.829282
0.505064
0.521553
0.109849
0.749684
0.096609
0.848789
0.300471
0.713075
0.787927
0.218844
0.211153
0.808960
0.470257
0.927324
0.275424
0.821730
0.082732
0.543791
0.787927
0.147829
0.940331
0.203680
0.681504
0.744157
0.029982
0.066084
0.658394
0.749684
0.779856
0.935597
0.027164
0.571972
0.206623
0.166886
0.064990
0.612135
0.566341
0.250182
0.758020
0.322949
0.566341
0.499678
0.836720
0.368979
0.449423
0.364456
0.603471
0.521553
0.340005
0.566341
0.897436
0.269851
0.371333
0.758020
0.620815
0.981075
0.382926
0.316692
0.855893
0.350951
0.543791
0.382926
0.549354
0.072465
0.010595
0.112510
0.874110
0.947760
0.589144
0.005418
0.779856
0.166886
0.429087
0.041578
0.927324
0.483494
0.053907
0.322949
0.603471
0.008197
0.025274
0.000609
0.535389
0.390021
0.350951
0.051648
0.088340
0.421575
0.157114
0.236593
0.333520
0.382926
0.557828
0.589144
0.713075
0.927324
0.117048
0.023935
0.675784
0.316692
0.160731
0.690166
0.727244
0.991213
0.194957
0.320806
0.880693
0.203680
0.774492
0.594827
0.098985
0.690166
0.024596
0.006832
0.713075
0.491556
0.033071
0.793201
0.855893
0.346575
0.518727
0.132684
0.269851
0.617854
0.589144
0.157114
0.935597
0.294528
0.855893
0.070668
0.017866
0.290658
0.001721
0.196422
0.667094
0.041578
0.470257
0.462365
0.143326
0.698805
0.947760
0.860501
0.057717
0.382926
0.735726
0.026438
0.052535
0.513281
0.346575
0.088340
0.557828
0.713075
0.030798
0.004372
0.409279
0.597771
0.135818
0.566341
0.401971
0.236593
0.698805
0.139014
0.690166
0.290658
0.037099
0.867378
0.025970
0.177160
0.874110
0.371333
0.855893
0.340005
0.787927
0.612135
0.199280
0.620815
0.151265
0.112510
0.296545
0.012317
0.346575
0.079397
0.552238
0.727244
0.401971
0.109849
0.064990
0.713075
0.421575
0.375911
0.157114
0.808960
0.335721
0.003289
0.306500
0.549354
0.635244
0.387593
0.808960
0.801128
0.643949
0.704484
0.965738
0.022466
0.382926
0.045761
0.441715
0.350951
0.135818
0.841556
0.986757
0.000804
0.029186
0.935597
0.779856
0.513281
0.855893
0.409279
0.008197
0.044581
0.922090
0.543791
0.215763
0.260793
0.441715
