0.171915
0.140045
0.123655
0.626544
0.518727
0.320806
0.617854
0.218844
0.131630
0.483494
0.540922
0.727244
0.253642
0.116102
0.288671
0.106369
0.571972
0.399498
0.368979
0.267971
0.446787
0.304435
0.209600
0.467559
0.171915
0.672823
0.399498
0.190711
0.922090
0.749684
0.333520
0.505064
0.273514
0.197797
0.239907
0.749684
0.860501
0.171915
0.209600
0.907293
0.116102
0.518727
0.140045
0.320806
0.320806
0.320806
0.387593
0.958545
0.695863
0.016438
0.063362
0.454542
0.922090
0.496903
0.549354
0.406779
0.496903
0.841556
0.549354
0.672823
0.549354
0.426518
0.165605
0.446787
0.344325
0.146673
0.695863
0.540922
0.406779
0.267971
0.626544
0.426518
0.320806
0.267971
0.649688
0.984769
0.304435
0.152372
0.434080
0.239907
0.718717
0.571972
0.446787
0.426518
0.496903
0.267971
0.434080
0.426518
0.916674
0.037413
0.406779
0.106369
0.505064
0.727244
0.649688
0.771705
0.387593
0.672823
0.758020
0.475494
0.527033
0.362130
0.362130
0.695863
0.294528
0.310521
0.199280
0.771705
0.681504
0.801128
0.617854
0.406779
0.867378
0.333520
0.279144
0.771705
0.867378
0.190711
0.649688
0.406779
0.253642
0.380525
0.718717
0.518727
0.681504
0.571972
0.718717
0.171915
0.320806
0.197797
0.426518
0.617854
0.793201
0.681504
0.695863
0.496903
0.406779
0.387593
0.171915
0.496903
0.344325
0.467559
0.727244
0.446787
0.197797
0.074897
0.467559
0.549354
0.106369
0.123655
0.540922
0.253642
0.161896
0.540922
0.304435
0.273514
0.106369
0.617854
0.267971
0.399498
0.037413
0.718717
0.640981
0.171915
0.399498
0.089781
0.475494
0.267971
0.518727
0.860501
0.527033
0.312615
0.475494
0.340005
0.320806
0.406779
0.557828
0.672823
0.801128
0.907293
0.540922
0.075538
0.527033
0.821730
0.984769
0.580543
0.649688
0.146673
0.617854
0.527033
0.344325
0.771705
0.571972
0.695863
0.878466
0.387593
0.294528
0.475494
0.454542
0.209600
0.245003
0.446787
0.414138
0.884948
0.320806
0.231634
0.226757
0.387593
0.467559
0.549354
0.540922
0.727244
0.518727
0.171915
0.106369
0.387593
0.333520
0.368979
0.626544
0.594827
0.672823
0.258960
0.454542
0.406779
0.978604
0.146673
0.594827
0.727244
0.073672
0.320806
0.557828
0.414138
0.446787
0.672823
0.320806
0.426518
0.549354
0.841556
0.368979
0.635244
0.304435
0.467559
0.082732
0.967937
0.206623
0.206623
0.089781
0.527033
0.304435
0.209600
0.617854
0.718717
0.320806
0.380525
0.129613
0.467559
0.916674
0.245003
0.099752
0.304435
0.171915
0.727244
0.304435
0.171915
0.124654
0.727244
0.406779
0.231634
0.294528
0.681504
0.635244
0.467559
0.446787
0.362130
0.860501
0.368979
0.695863
0.190711
0.930673
0.860501
0.594827
0.218844
0.695863
0.414138
0.304435
0.549354
0.394742
0.226757
0.320806
0.258960
0.255445
0.141156
0.617854
0.695863
0.649688
0.175815
0.165605
0.100580
0.821730
0.253642
0.884948
0.426518
0.867378
0.771705
0.695863
0.617854
0.406779
0.749684
0.535389
0.704484
0.226757
0.209600
0.258960
0.197797
0.399498
0.771705
0.107244
0.267971
0.617854
0.867378
0.269851
0.771705
0.316692
0.171915
0.681504
0.727244
0.681504
0.626544
0.695863
0.640981
0.594827
0.958545
0.930673
0.327120
0.209600
0.441715
0.454542
0.387593
0.362130
0.672823
0.258960
0.571972
0.967937
0.848789
0.848789
0.695863
0.617854
0.267971
0.131630
0.140045
0.867378
0.771705
0.580543
0.821730
0.540922
0.771705
0.320806
0.406779
0.186540
0.380525
0.362130
0.496903
0.267971
0.221961
0.594827
0.496903
0.197797
0.161896
0.099752
0.143326
0.406779
0.718717
0.434080
0.387593
0.640981
0.406779
0.362130
0.273514
0.221961
0.171915
0.209600
0.253642
0.226757
0.085471
0.540922
0.197797
0.320806
0.197797
0.267971
0.304435
0.221961
0.984769
0.958545
0.467559
0.380525
0.267971
0.672823
0.304435
0.186540
0.626544
0.123655
0.446787
0.337784
0.209600
0.171915
0.454542
0.197797
0.171915
0.475494
0.253642
0.695863
0.214182
0.344325
0.626544
0.209600
0.718717
0.617854
0.239907
0.540922
0.549354
0.518727
0.467559
0.368979
0.467559
0.749684
0.467559
0.841556
0.320806
0.771705
0.901408
0.518727
0.221961
0.380525
0.197797
0.571972
0.421575
0.161896
0.368979
0.505064
0.267971
0.727244
0.860501
0.288671
0.202171
0.940331
0.658394
0.320806
0.779856
0.288671
0.749684
0.143326
0.771705
0.727244
0.304435
0.496903
0.749684
0.253642
0.446787
0.304435
0.226757
0.253642
0.540922
0.821730
0.186540
0.226757
0.571972
0.758020
0.399498
0.161896
0.140045
0.518727
0.640981
0.971109
0.070065
0.197797
0.253642
0.074897
0.749684
0.518727
0.549354
0.441715
0.571972
0.214182
0.362130
0.640981
0.672823
0.029437
0.239907
0.426518
0.771705
0.126604
0.186540
0.454542
0.649688
0.878466
0.617854
0.571972
0.540922
0.273514
0.333520
0.947760
0.387593
0.814067
0.793201
0.467559
0.320806
0.594827
0.362130
0.269851
0.571972
0.304435
0.695863
0.197797
0.841556
0.362130
0.658394
0.333520
0.640981
0.129613
0.467559
0.320806
0.540922
0.304435
0.099752
0.294528
0.505064
0.273514
0.197797
0.475494
0.052074
0.320806
0.672823
0.267971
0.878466
0.239907
0.380525
0.426518
0.304435
0.337784
0.695863
0.549354
0.901408
0.540922
0.197797
0.239907
0.288671
0.171915
0.267971
0.540922
0.245003
0.467559
0.771705
0.320806
0.749684
0.362130
0.540922
0.658394
0.935597
0.362130
0.320806
0.718717
0.454542
0.399498
0.793201
0.454542
0.344325
0.860501
0.821730
0.860501
0.387593
0.518727
0.749684
0.771705
0.226757
0.344325
0.649688
