0.540922
0.617854
0.209600
0.236593
0.540922
0.380525
0.771705
0.010009
0.267971
0.187953
0.496903
0.327120
0.273514
0.044581
0.131630
0.253642
0.907293
0.426518
0.626544
0.496903
0.771705
0.483494
0.434080
0.406779
0.320806
0.640981
0.304435
0.527033
0.713075
0.947760
0.023935
0.316692
0.649688
0.741289
0.152372
0.626544
0.787927
0.594827
0.727244
0.884948
0.131630
0.549354
0.467559
0.123655
0.649688
0.380525
0.310521
0.635244
0.467559
0.294528
0.000304
0.704484
0.382926
0.704484
0.594827
0.333520
0.540922
0.758020
0.874110
0.527033
0.223587
0.848789
0.860501
0.549354
0.589144
0.153566
0.626544
0.793201
0.441715
0.446787
0.132684
0.658394
0.841556
0.505064
0.594827
0.821730
0.214182
0.801128
0.368979
0.426518
0.771705
0.173237
0.186540
0.557828
0.771705
0.239907
0.549354
0.446787
0.848789
0.454542
0.580543
0.540922
0.658394
0.557828
0.727244
0.704484
0.284858
0.749684
0.346575
0.841556
0.183833
0.901408
0.117048
0.496903
0.603471
0.054829
0.727244
0.414138
0.808960
0.935597
0.454542
0.368979
0.940331
0.884948
0.387593
0.236593
0.414138
0.414138
0.203680
0.333520
0.380525
0.540922
0.132684
0.771705
0.211153
0.930673
0.190711
0.197797
0.571972
0.454542
0.496903
0.967937
0.704484
0.594827
0.603471
0.434080
0.787927
0.114294
0.253642
0.394742
0.695863
0.658394
0.088340
0.603471
0.087602
0.267971
0.434080
0.557828
0.239907
0.380525
0.549354
0.084092
0.155897
0.505064
0.226757
0.672823
0.209600
0.245003
0.406779
0.594827
0.380525
0.821730
0.626544
0.197797
0.496903
0.231634
0.143326
0.337784
0.434080
0.540922
0.322949
0.284858
0.446787
0.766291
0.527033
0.144460
0.901408
0.387593
0.793201
0.667094
0.704484
0.273514
0.223587
0.891273
0.962240
0.779856
0.848789
0.194957
0.617854
0.241635
0.075538
0.245003
0.414138
0.475494
0.190711
0.771705
0.521553
0.635244
0.603471
0.344325
0.146673
0.310521
0.984769
0.958545
0.571972
0.368979
0.446787
0.571972
0.793201
0.535389
0.549354
0.300471
0.649688
0.165605
0.362130
0.571972
0.535389
0.626544
0.421575
0.124654
0.320806
0.549354
0.571972
0.434080
0.549354
0.362130
0.279144
0.958545
0.333520
0.658394
0.112510
0.258960
0.841556
0.462365
0.505064
0.223587
0.505064
0.848789
0.841556
0.063362
0.695863
0.399498
0.003008
0.821730
0.357661
0.070668
0.704484
0.183833
0.434080
0.362130
0.518727
0.380525
0.801128
0.406779
0.146673
0.617854
0.860501
0.159490
0.617854
0.454542
0.253642
0.860501
0.310521
0.320806
0.163153
0.841556
0.183833
0.104694
0.300471
0.491556
0.441715
0.860501
0.901408
0.362130
0.860501
0.414138
0.841556
0.190711
0.801128
0.891273
0.557828
0.017866
0.884948
0.215763
0.454542
0.916674
0.658394
0.860501
0.658394
0.414138
0.049040
0.250182
0.695863
0.029708
0.672823
0.095811
0.279144
0.749684
0.771705
0.426518
0.013276
0.333520
0.061772
0.273514
0.727244
0.891273
0.704484
0.557828
0.513281
0.744157
0.206623
0.793201
0.884948
0.771705
0.566341
0.829282
0.603471
0.603471
0.626544
0.704484
0.255445
0.454542
0.821730
0.695863
0.749684
0.446787
0.658394
0.603471
0.264363
0.971109
0.901408
0.275424
0.626544
0.771705
0.022663
0.025274
0.681504
0.821730
0.231634
0.118894
0.735726
0.916674
0.649688
0.475494
0.779856
0.808960
0.571972
0.681504
0.380525
0.344325
0.793201
0.300471
0.867378
0.092778
0.131630
0.549354
0.304435
0.231634
0.116102
0.250182
0.735726
0.916674
0.165605
0.793201
0.454542
0.971109
0.793201
0.106369
0.320806
0.146673
0.446787
0.727244
0.086192
0.779856
0.860501
0.258960
0.092008
0.310521
0.467559
0.467559
0.152372
0.718717
0.771705
0.320806
0.155897
0.082037
0.867378
0.496903
0.540922
0.434080
0.140045
0.841556
0.239907
0.540922
0.368979
0.304435
0.580543
0.344325
0.095811
0.322949
0.617854
0.015695
0.197797
0.288671
0.258960
0.496903
0.320806
0.571972
0.540922
0.129613
0.735726
0.179787
0.171915
0.649688
0.793201
0.658394
0.231634
0.218844
0.878466
0.672823
0.718717
0.527033
0.563435
0.860501
0.603471
0.399498
0.884948
0.505064
0.462365
0.891273
0.095811
0.617854
0.253642
0.640981
0.571972
0.215763
0.735726
0.727244
0.848789
0.718717
0.626544
0.704484
0.019230
0.143326
0.421575
0.690166
0.197797
0.019768
0.496903
0.836720
0.143326
0.971109
0.153566
0.695863
0.284858
0.727244
0.626544
0.594827
0.446787
0.194957
0.496903
0.518727
0.901408
0.092008
0.380525
0.962240
0.735726
0.821730
0.821730
0.672823
0.935597
0.549354
0.816691
0.062816
0.045355
0.841556
0.749684
0.649688
0.681504
0.306500
0.971109
0.749684
0.603471
0.672823
0.779856
0.382926
0.362130
0.380525
0.218844
0.841556
0.518727
0.316692
0.727244
0.681504
0.771705
0.998463
0.288671
0.758020
0.527033
0.626544
0.626544
0.304435
0.967937
0.187953
0.718717
0.362130
0.884948
0.808960
0.922090
0.713075
0.527033
0.779856
0.190711
0.771705
0.467559
0.793201
0.194957
0.362130
0.159490
0.704484
0.718717
0.821730
0.165605
0.304435
0.394742
0.580543
0.594827
0.362130
0.333520
0.387593
0.333520
0.922090
0.695863
0.884948
0.406779
0.267971
0.362130
0.860501
0.165605
0.801128
0.727244
0.962240
0.821730
0.380525
0.727244
0.454542
0.406779
0.793201
0.475494
0.226757
0.131630
0.540922
0.681504
0.695863
0.454542
0.446787
0.491556
0.735726
0.571972
0.406779
0.841556
0.947760
0.749684
0.296545
0.344325
0.375911
0.735726
0.549354
0.580543
0.279144
0.279144
0.958545
0.958545
0.475494
0.434080
0.483494
