0.153566
0.496903
0.617854
0.387593
0.704484
0.078727
0.258960
0.793201
0.300471
0.344325
0.226757
0.401971
0.233315
0.860501
0.801128
0.192150
0.434080
0.793201
0.179787
0.496903
0.264363
0.399498
0.518727
0.310521
0.454542
0.940331
0.829282
0.483494
0.922090
0.580543
0.727244
0.891273
0.801128
0.643949
0.340005
0.951979
0.441715
0.594827
0.580543
0.549354
0.146673
0.475494
0.922090
0.860501
0.971109
0.907293
0.153566
0.829282
0.901408
0.681504
0.153566
0.357661
0.505064
0.470257
0.801128
0.695863
0.779856
0.077446
0.470257
0.214182
0.713075
0.223587
0.496903
0.375911
0.695863
0.231634
0.375911
0.571972
0.306500
0.116102
0.695863
0.294528
0.672823
0.183833
0.414138
0.173237
0.922090
0.829282
0.320806
0.173237
0.316692
0.603471
0.173237
0.023935
0.566341
0.916674
0.279144
0.557828
0.246759
0.681504
0.003455
0.884948
0.744157
0.462365
0.749684
0.787927
0.199280
0.649688
0.649688
0.275424
0.626544
0.483494
0.947760
0.841556
0.090535
0.808960
0.375911
0.513281
0.612135
0.273514
0.718717
0.874110
0.223587
0.258960
0.535389
0.535389
0.470257
0.758020
0.566341
0.860501
0.821730
0.094284
0.962240
0.368979
0.589144
0.978604
0.848789
0.513281
0.571972
0.557828
0.603471
0.364456
0.841556
0.320806
0.203680
0.922090
0.766291
0.061772
0.841556
0.626544
0.801128
0.695863
0.667094
0.958545
0.713075
0.848789
0.387593
0.594827
0.350951
0.202171
0.594827
0.068911
0.462365
0.380525
0.499678
0.771705
0.594827
0.771705
0.626544
0.226757
0.350951
0.749684
0.867378
0.571972
0.779856
0.758020
0.475494
0.040498
0.901408
0.218844
0.258960
0.808960
0.496903
0.098170
0.779856
0.643949
0.434080
0.940331
0.245003
0.077446
0.958545
0.681504
0.795913
0.744157
0.357661
0.300471
0.038764
0.255445
0.971109
0.589144
0.984769
0.922090
0.978604
0.681504
0.387593
0.571972
0.006447
0.197797
0.935597
0.829282
0.658394
0.008354
0.429087
0.454542
0.264363
0.333520
0.891273
0.316692
0.518727
0.635244
0.121744
0.284858
0.930673
0.362130
0.658394
0.612135
0.275424
0.589144
0.603471
0.060217
0.446787
0.421575
0.713075
0.104694
0.658394
0.681504
0.177160
0.626544
0.337784
0.727244
0.713075
0.045761
0.874110
0.821730
0.535389
0.779856
0.727244
0.658394
0.414138
0.364456
0.727244
0.505064
0.382926
0.045761
0.566341
0.483494
0.626544
0.126604
0.446787
0.362130
0.994555
0.236593
0.907293
0.067775
0.557828
0.003455
0.401971
0.390021
0.279144
0.989675
0.557828
0.344325
0.055312
0.375911
0.163153
0.137917
0.421575
0.535389
0.801128
0.350951
0.935597
0.787927
0.626544
0.192150
0.382926
0.394742
0.199280
0.245003
0.052535
0.394742
0.255445
0.951979
0.901408
0.989675
0.107244
0.121744
0.704484
0.462365
0.368979
0.284858
0.100580
0.557828
0.121744
0.927324
0.749684
0.984769
0.841556
0.626544
0.867378
0.713075
0.011974
0.603471
0.228410
0.816691
0.269851
0.901408
0.779856
0.603471
0.255445
0.999575
0.758020
0.603471
0.808960
0.947760
0.557828
0.505064
0.211153
0.713075
0.580543
0.228410
0.612135
0.808960
0.901408
0.527033
0.264363
0.766291
0.513281
0.626544
0.801128
0.070668
0.135818
0.597771
0.994555
0.962240
0.231634
0.713075
0.300471
0.589144
0.594827
0.429087
0.713075
0.557828
0.255445
0.916674
0.884948
0.279144
0.836720
0.223587
0.434080
0.079397
0.991213
0.088340
0.483494
0.169385
0.231634
0.434080
0.713075
0.505064
0.527033
0.991213
0.357661
0.603471
0.897436
0.901408
0.612135
0.279144
0.316692
0.793201
0.758020
0.421575
0.004775
0.340005
0.695863
0.922090
0.527033
0.505064
0.310521
0.984769
0.483494
0.294528
0.269851
0.340005
0.594827
0.041578
0.935597
0.947760
0.153566
0.779856
0.245003
0.096609
0.594827
0.300471
0.357661
0.978604
0.535389
0.801128
0.540922
0.626544
0.617854
0.056256
0.801128
0.061772
0.166886
0.183833
0.901408
0.640981
0.264363
0.013909
0.003629
0.414138
0.675784
0.000021
0.414138
0.031348
0.681504
0.401971
0.771705
0.612135
0.333520
0.916674
0.483494
0.535389
0.255445
0.218844
0.749684
0.841556
0.163153
0.801128
0.029708
0.758020
0.018706
0.236593
0.549354
0.841556
0.124654
0.951979
0.940331
0.109849
0.771705
0.306500
0.333520
0.264363
0.179787
0.986757
0.046970
0.441715
0.922090
0.801128
0.357661
0.294528
0.368979
0.749684
0.017543
0.916674
0.704484
0.860501
0.035500
0.649688
0.922090
0.357661
0.986757
0.362130
0.357661
0.540922
0.626544
0.159490
0.658394
0.462365
0.901408
0.475494
0.549354
0.821730
0.860501
0.848789
0.387593
0.771705
0.749684
0.643949
0.649688
0.371333
0.521553
0.462365
0.779856
0.589144
0.971109
0.690166
0.072465
0.672823
0.758020
0.867378
0.103042
0.041578
0.978604
0.571972
0.626544
0.681504
0.878466
0.449423
0.246759
0.421575
0.981075
0.649688
0.922090
0.766291
0.801128
0.986757
0.084803
0.978604
0.640981
0.841556
0.758020
0.258960
0.290658
0.190711
0.635244
0.874110
0.357661
0.721628
0.947760
0.375911
0.758020
0.841556
0.735726
0.008117
0.681504
0.735726
0.704484
0.155897
0.801128
0.589144
0.344325
0.891273
0.114294
0.867378
0.771705
0.704484
0.114294
0.279144
0.649688
0.223587
0.727244
0.119859
0.884948
0.434080
0.571972
0.454542
0.758020
0.357661
0.124654
0.267971
0.635244
0.594827
0.958545
0.922090
0.978604
0.535389
0.704484
0.119859
0.475494
0.658394
0.322949
0.434080
0.771705
0.901408
0.300471
0.281082
0.275424
0.357661
0.215763
0.874110
0.658394
0.962240
0.951979
0.382926
0.527033
0.884948
