0.316692
0.821730
0.841556
0.727244
0.306500
0.269851
0.173237
0.027652
0.049040
0.421575
0.901408
0.105557
0.672823
0.779856
0.151265
0.594827
0.836720
0.346575
0.897436
0.382926
0.024596
0.635244
0.758020
0.658394
0.594827
0.808960
0.002863
0.891273
0.406779
0.117048
0.045761
0.971109
0.994555
0.173237
0.549354
0.658394
0.329292
0.907293
0.808960
0.491556
0.255445
0.177160
0.250182
0.449423
0.310521
0.844036
0.233315
0.340005
0.981075
0.947760
0.258960
0.779856
0.535389
0.695863
0.279144
0.884948
0.409279
0.421575
0.513281
0.749684
0.735726
0.084092
0.094284
0.273514
0.681504
0.951979
0.001351
0.681504
0.462365
0.549354
0.749684
0.000561
0.449423
0.589144
0.088340
0.092778
0.801128
0.940331
0.203680
0.279144
0.246759
0.109849
0.284858
0.766291
0.147829
0.223587
0.867378
0.260793
0.034568
0.364456
0.394742
0.211153
0.787927
0.927324
0.907293
0.496903
0.841556
0.223587
0.192150
0.518727
0.744157
0.449423
0.749684
0.675784
0.940331
0.549354
0.658394
0.434080
0.084803
0.690166
0.007965
0.023508
0.382926
0.612135
0.346575
0.290658
0.312615
0.922090
0.779856
0.808960
0.275424
0.713075
0.808960
0.935597
0.681504
0.521553
0.626544
0.884948
0.626544
0.269851
0.053907
0.483494
0.255445
0.264363
0.962240
0.483494
0.441715
0.758020
0.675784
0.371333
0.727244
0.721628
0.157114
0.496903
0.787927
0.005418
0.543791
0.557828
0.841556
0.364456
0.038094
0.146673
0.758020
0.475494
0.266225
0.233315
0.409279
0.092778
0.617854
0.177160
0.758020
0.848789
0.727244
0.018883
0.260793
0.357661
0.962240
0.704484
0.513281
0.603471
0.603471
0.275424
0.426518
0.382926
0.322949
0.004372
0.913005
0.612135
0.808960
0.721628
0.829282
0.194957
0.848789
0.543791
0.103042
0.635244
0.848789
0.867378
0.620815
0.698805
0.513281
0.470257
0.571972
0.801128
0.382926
0.284858
0.206623
0.891273
0.808960
0.024596
0.491556
0.241635
0.521553
0.549354
0.045761
0.014985
0.194957
0.589144
0.364456
0.643949
0.401971
0.132684
0.316692
0.260793
0.394742
0.848789
0.132684
0.566341
0.199280
0.130653
0.000215
0.250182
0.478214
0.620815
0.867378
0.758020
0.203680
0.027908
0.132684
0.749684
0.867378
0.434080
0.848789
0.698805
0.855893
0.382926
0.218844
0.104694
0.594827
0.051194
0.177160
0.039801
0.264363
0.589144
0.836720
0.566341
0.228410
0.690166
0.744157
0.150086
0.375911
0.153566
0.409279
0.105557
0.266225
0.306500
0.357661
0.947760
0.589144
0.521553
0.306500
0.922090
0.470257
0.787927
0.867378
0.095811
0.269851
0.649688
0.159490
0.672823
0.043818
0.470257
0.462365
0.566341
0.368979
0.557828
0.962240
0.749684
0.779856
0.978604
0.306500
0.045761
0.394742
0.829282
0.913005
0.350951
0.695863
0.874110
0.704484
0.527033
0.394742
0.549354
0.187953
0.021268
0.010009
0.848789
0.344325
0.884948
0.867378
0.401971
0.999575
0.766291
0.129613
0.907293
0.199280
0.382926
0.211153
0.053907
0.421575
0.735726
0.375911
0.867378
0.434080
0.434080
0.192150
0.441715
0.874110
0.821730
0.713075
0.499678
0.057717
0.086919
0.758020
0.246759
0.153566
0.069506
0.787927
0.061772
0.713075
0.429087
0.144460
0.713075
0.675784
0.300471
0.874110
0.491556
0.884948
0.241635
0.010795
0.340005
0.066084
0.793201
0.829282
0.014305
0.704484
0.001149
0.241635
0.635244
0.390021
0.649688
0.991213
0.829282
0.855893
0.009546
0.801128
0.535389
0.681504
0.808960
0.658394
0.848789
0.940331
0.218844
0.199280
0.316692
0.114294
0.535389
0.462365
0.999575
0.808960
0.841556
0.401971
0.119859
0.375911
0.382926
0.454542
0.848789
0.275424
0.046970
0.635244
0.658394
0.066084
0.999988
0.612135
0.658394
0.758020
0.958545
0.215763
0.880693
0.153566
0.053907
0.672823
0.744157
0.808960
0.513281
0.620815
0.144460
0.727244
0.617854
0.114294
0.801128
0.135818
0.357661
0.103042
0.589144
0.848789
0.690166
0.681504
0.284858
0.086192
0.000320
0.571972
0.250182
0.429087
0.203680
0.735726
0.848789
0.241635
0.704484
0.214182
0.322949
0.114294
0.333520
0.829282
0.364456
0.521553
0.421575
0.117048
0.246759
0.112510
0.166886
0.183833
0.333520
0.260793
0.375911
0.294528
0.183833
0.874110
0.163153
0.566341
0.306500
0.429087
0.088340
0.681504
0.202171
0.874110
0.681504
0.658394
0.255445
0.735726
0.535389
0.962240
0.375911
0.491556
0.801128
0.643949
0.215763
0.491556
0.023935
0.867378
0.364456
0.429087
0.808960
0.462365
0.527033
0.183833
0.441715
0.001027
0.269851
0.727244
0.549354
0.246759
0.779856
0.884948
0.206623
0.971109
0.749684
0.771705
0.626544
0.350951
0.549354
0.735726
0.713075
0.001351
0.867378
0.170690
0.801128
0.007965
0.153566
0.429087
0.958545
0.144460
0.255445
0.401971
0.056256
0.603471
0.177160
0.029982
0.543791
0.527033
0.179787
0.951979
0.300471
0.718717
0.038764
0.077446
0.643949
0.951979
0.079397
0.127623
0.527033
0.774492
0.023508
0.758020
0.046970
0.758020
0.141156
0.713075
0.364456
0.183833
0.658394
0.626544
0.597771
0.273514
0.421575
0.260793
0.860501
0.557828
0.112510
0.735726
0.571972
0.829282
0.061772
0.958545
0.190711
0.549354
0.192150
0.758020
0.766291
0.129613
0.855893
0.867378
0.594827
0.758020
0.260793
0.119859
0.192150
0.571972
0.449423
0.183833
0.513281
0.649688
0.907293
0.958545
0.025274
0.867378
0.375911
0.470257
0.135818
0.144460
0.132684
0.346575
0.574890
0.505064
0.109849
0.727244
0.000500
0.483494
0.986757
0.491556
0.475494
0.758020
0.409279
0.275424
0.177160
0.758020
0.177160
