0.563435
0.947760
0.626544
0.947760
0.758020
0.681504
0.316692
0.467559
0.279144
0.401971
0.727244
0.540922
0.269851
0.221961
0.051194
0.401971
0.535389
0.848789
0.603471
0.667094
0.327120
0.771705
0.446787
0.681504
0.483494
0.821730
0.649688
0.540922
0.144460
0.294528
0.649688
0.475494
0.617854
0.119859
0.258960
0.580543
0.793201
0.344325
0.571972
0.658394
0.080707
0.787927
0.758020
0.449423
0.821730
0.434080
0.549354
0.771705
0.967937
0.344325
0.704484
0.603471
0.997586
0.566341
0.264363
0.998463
0.179787
0.426518
0.971109
0.814067
0.414138
0.821730
0.304435
0.635244
0.935597
0.218844
0.901408
0.549354
0.132684
0.640981
0.793201
0.727244
0.290658
0.603471
0.049040
0.962240
0.037099
0.236593
0.749684
0.429087
0.236593
0.612135
0.603471
0.159490
0.414138
0.594827
0.635244
0.801128
0.984769
0.264363
0.901408
0.640981
0.635244
0.089781
0.884948
0.971109
0.821730
0.426518
0.649688
0.667094
0.594827
0.589144
0.401971
0.867378
0.922090
0.971109
0.300471
0.496903
0.649688
0.310521
0.603471
0.626544
0.635244
0.672823
0.454542
0.808960
0.841556
0.483494
0.991213
0.984769
0.749684
0.206623
0.037099
0.304435
0.978604
0.848789
0.218844
0.771705
0.467559
0.169385
0.246759
0.626544
0.197797
0.223587
0.758020
0.962240
0.513281
0.580543
0.387593
0.841556
0.787927
0.549354
0.327120
0.549354
0.304435
0.749684
0.549354
0.483494
0.947760
0.414138
0.612135
0.245003
0.333520
0.446787
0.394742
0.884948
0.527033
0.406779
0.080707
0.801128
0.496903
0.357661
0.362130
0.867378
0.394742
0.099752
0.454542
0.735726
0.620815
0.874110
0.245003
0.557828
0.994555
0.841556
0.077446
0.727244
0.316692
0.571972
0.008597
0.290658
0.690166
0.821730
0.203680
0.153566
0.054829
0.357661
0.344325
0.667094
0.310521
0.787927
0.771705
0.028409
0.821730
0.713075
0.848789
0.841556
0.483494
0.387593
0.380525
0.320806
0.094284
0.070668
0.749684
0.907293
0.362130
0.922090
0.394742
0.114294
0.848789
0.209600
0.922090
0.901408
0.617854
0.672823
0.704484
0.004164
0.744157
0.218844
0.505064
0.891273
0.848789
0.779856
0.793201
0.922090
0.300471
0.681504
0.922090
0.406779
0.884948
0.935597
0.635244
0.264363
0.513281
0.549354
0.603471
0.421575
0.294528
0.603471
0.406779
0.841556
0.867378
0.589144
0.264363
0.028409
0.758020
0.801128
0.446787
0.505064
0.322949
0.658394
0.907293
0.441715
0.821730
0.713075
0.375911
0.922090
0.821730
0.713075
0.860501
0.891273
0.284858
0.014305
0.649688
0.681504
0.681504
0.446787
0.718717
0.841556
0.574890
0.199280
0.401971
0.801128
0.499678
0.357661
0.958545
0.446787
0.300471
0.749684
0.603471
0.884948
0.991213
0.513281
0.940331
0.304435
0.143326
0.727244
0.649688
0.527033
0.713075
0.594827
0.401971
0.867378
0.749684
0.357661
0.300471
0.626544
0.793201
0.029186
0.072465
0.535389
0.103042
0.454542
0.801128
0.841556
0.808960
0.387593
0.594827
0.112510
0.327120
0.406779
0.350951
0.978604
0.540922
0.626544
0.549354
0.119859
0.735726
0.462365
0.704484
0.211153
0.183833
0.173237
0.203680
0.758020
0.215763
0.808960
0.000890
0.735726
0.406779
0.841556
0.368979
0.829282
0.580543
0.426518
0.580543
0.787927
0.454542
0.594827
0.867378
0.441715
0.658394
0.704484
0.505064
0.357661
0.947760
0.984769
0.672823
0.441715
0.159490
0.922090
0.462365
0.758020
0.327120
0.667094
0.947760
0.549354
0.704484
0.344325
0.527033
0.718717
0.496903
0.527033
0.406779
0.549354
0.727244
0.971109
0.304435
0.496903
0.218844
0.505064
0.549354
0.589144
0.320806
0.727244
0.540922
0.206623
0.771705
0.727244
0.462365
0.704484
0.603471
0.483494
0.327120
0.231634
0.094284
0.275424
0.382926
0.727244
0.362130
0.991213
0.496903
0.848789
0.787927
0.718717
0.549354
0.727244
0.978604
0.401971
0.483494
0.540922
0.891273
0.414138
0.713075
0.617854
0.368979
0.327120
0.594827
0.787927
0.300471
0.543791
0.727244
0.907293
0.387593
0.829282
0.821730
0.901408
0.867378
0.441715
0.672823
0.127623
0.357661
0.958545
0.090535
0.218844
0.779856
0.027164
0.735726
0.119859
0.580543
0.267971
0.978604
0.991213
0.704484
0.141156
0.901408
0.603471
0.658394
0.080707
0.643949
0.758020
0.414138
0.744157
0.491556
0.306500
0.070668
0.062816
0.580543
0.245003
0.203680
0.930673
0.766291
0.681504
0.199280
0.681504
0.771705
0.350951
0.860501
0.984769
0.426518
0.239907
0.118894
0.159490
0.808960
0.310521
0.771705
0.947760
0.589144
0.340005
0.594827
0.304435
0.470257
0.958545
0.967937
0.401971
0.434080
0.836720
0.104694
0.527033
0.704484
0.612135
0.011315
0.462365
0.141156
0.527033
0.808960
0.713075
0.749684
0.801128
0.971109
0.704484
0.414138
0.758020
0.779856
0.640981
0.279144
0.273514
0.574890
0.597771
0.264363
0.505064
0.935597
0.441715
0.735726
0.421575
0.841556
0.505064
0.368979
0.841556
0.344325
0.718717
0.027652
0.368979
0.626544
0.867378
0.513281
0.744157
0.829282
0.793201
0.300471
0.387593
0.382926
0.035180
0.380525
0.766291
0.241635
0.603471
0.245003
0.718717
0.228410
0.103042
0.848789
0.589144
0.821730
0.626544
0.399498
0.350951
0.141156
0.155897
0.612135
0.080707
0.255445
0.758020
0.446787
0.986757
0.848789
0.300471
0.681504
0.273514
0.475494
0.061772
0.916674
0.475494
0.549354
0.414138
0.483494
0.907293
0.816691
0.462365
0.901408
0.357661
0.194957
0.612135
0.704484
0.441715
0.658394
0.958545
0.316692
0.658394
0.672823
0.571972
0.758020
0.153566
0.467559
0.434080
0.907293
0.527033
