0.218844
0.409279
0.518727
0.580543
0.779856
0.801128
0.454542
0.294528
0.467559
0.907293
0.695863
0.109849
0.011640
0.681504
0.187953
0.589144
0.446787
0.475494
0.860501
0.159490
0.362130
0.771705
0.496903
0.589144
0.264363
0.279144
0.549354
0.483494
0.603471
0.658394
0.441715
0.713075
0.978604
0.475494
0.603471
0.984769
0.549354
0.848789
0.626544
0.749684
0.901408
0.434080
0.368979
0.540922
0.446787
0.350951
0.231634
0.401971
0.340005
0.787927
0.275424
0.816691
0.245003
0.981075
0.801128
0.793201
0.117048
0.211153
0.300471
0.470257
0.084092
0.821730
0.454542
0.841556
0.821730
0.808960
0.190711
0.194957
0.841556
0.518727
0.187953
0.667094
0.357661
0.704484
0.540922
0.848789
0.907293
0.571972
0.310521
0.294528
0.350951
0.475494
0.821730
0.100580
0.649688
0.540922
0.340005
0.462365
0.414138
0.446787
0.612135
0.901408
0.322949
0.223587
0.808960
0.940331
0.571972
0.215763
0.958545
0.779856
0.306500
0.922090
0.246759
0.304435
0.704484
0.026438
0.475494
0.549354
0.346575
0.446787
0.704484
0.951979
0.907293
0.771705
0.121744
0.258960
0.241635
0.549354
0.779856
0.155897
0.521553
0.387593
0.821730
0.771705
0.441715
0.557828
0.603471
0.362130
0.004868
0.704484
0.841556
0.467559
0.821730
0.090535
0.527033
0.793201
0.462365
0.940331
0.535389
0.695863
0.470257
0.867378
0.580543
0.978604
0.749684
0.304435
0.841556
0.300471
0.426518
0.930673
0.426518
0.362130
0.375911
0.916674
0.793201
0.231634
0.518727
0.294528
0.483494
0.375911
0.649688
0.695863
0.649688
0.727244
0.421575
0.467559
0.518727
0.344325
0.690166
0.215763
0.574890
0.867378
0.589144
0.527033
0.867378
0.704484
0.690166
0.350951
0.051648
0.617854
0.173237
0.758020
0.350951
0.421575
0.264363
0.571972
0.855893
0.704484
0.793201
0.284858
0.695863
0.867378
0.275424
0.841556
0.635244
0.549354
0.735726
0.117048
0.462365
0.454542
0.401971
0.527033
0.603471
0.075538
0.758020
0.518727
0.414138
0.226757
0.681504
0.387593
0.491556
0.475494
0.454542
0.884948
0.922090
0.475494
0.132684
0.496903
0.401971
0.037099
0.031348
0.082732
0.947760
0.264363
0.658394
0.006447
0.513281
0.922090
0.704484
0.965738
0.922090
0.058699
0.475494
0.434080
0.467559
0.971109
0.681504
0.306500
0.206623
0.264363
0.496903
0.333520
0.801128
0.580543
0.031348
0.690166
0.916674
0.704484
0.749684
0.771705
0.829282
0.357661
0.603471
0.340005
0.320806
0.626544
0.735726
0.878466
0.190711
0.296545
0.099752
0.161896
0.922090
0.841556
0.387593
0.026438
0.406779
0.434080
0.320806
0.681504
0.589144
0.211153
0.867378
0.357661
0.930673
0.927324
0.387593
0.658394
0.801128
0.421575
0.206623
0.649688
0.406779
0.072465
0.540922
0.333520
0.454542
0.635244
0.364456
0.571972
0.649688
0.357661
0.801128
0.124654
0.540922
0.779856
0.986757
0.884948
0.874110
0.626544
0.462365
0.496903
0.704484
0.808960
0.901408
0.346575
0.901408
0.884948
0.658394
0.375911
0.387593
0.223587
0.771705
0.462365
0.279144
0.141156
0.713075
0.535389
0.002370
0.721628
0.848789
0.704484
0.375911
0.505064
0.821730
0.549354
0.258960
0.380525
0.995551
0.513281
0.107244
0.626544
0.414138
0.626544
0.535389
0.836720
0.947760
0.387593
0.208158
0.449423
0.179787
0.867378
0.801128
0.841556
0.394742
0.067775
0.801128
0.394742
0.860501
0.771705
0.841556
0.267971
0.867378
0.935597
0.132684
0.951979
0.690166
0.241635
0.907293
0.727244
0.518727
0.681504
0.129613
0.132684
0.505064
0.387593
0.380525
0.727244
0.304435
0.202171
0.362130
0.197797
0.116102
0.273514
0.496903
0.454542
0.387593
0.434080
0.617854
0.540922
0.245003
0.368979
0.603471
0.434080
0.269851
0.518727
0.841556
0.132684
0.406779
0.518727
0.273514
0.426518
0.695863
0.429087
0.104694
0.617854
0.549354
0.344325
0.126604
0.186540
0.375911
0.540922
0.231634
0.505064
0.380525
0.658394
0.930673
0.549354
0.496903
0.483494
0.695863
0.462365
0.002517
0.082732
0.362130
0.793201
0.727244
0.841556
0.194957
0.300471
0.935597
0.159490
0.269851
0.421575
0.527033
0.294528
0.304435
0.475494
0.821730
0.626544
0.617854
0.557828
0.032199
0.236593
0.667094
0.044581
0.008436
0.177160
0.801128
0.571972
0.907293
0.434080
0.787927
0.695863
0.580543
0.891273
0.829282
0.264363
0.771705
0.166886
0.300471
0.814067
0.681504
0.704484
0.841556
0.848789
0.394742
0.793201
0.848789
0.518727
0.867378
0.744157
0.704484
0.626544
0.571972
0.727244
0.333520
0.580543
0.153566
0.571972
0.681504
0.362130
0.848789
0.134742
0.649688
0.718717
0.316692
0.518727
0.571972
0.713075
0.350951
0.713075
0.771705
0.704484
0.406779
0.194957
0.513281
0.294528
0.294528
0.860501
0.907293
0.414138
0.518727
0.967937
0.518727
0.414138
0.958545
0.978604
0.848789
0.749684
0.821730
0.758020
0.867378
0.801128
0.218844
0.406779
0.206623
0.340005
0.829282
0.862861
0.617854
0.681504
0.907293
0.860501
0.368979
0.143326
0.150086
0.901408
0.001540
0.907293
0.801128
0.518727
0.603471
0.779856
0.841556
0.267971
0.557828
0.867378
0.387593
0.153566
0.996919
0.617854
0.951979
0.454542
0.978604
0.603471
0.958545
0.867378
0.228410
0.491556
0.146673
0.884948
0.382926
0.540922
0.491556
0.549354
0.380525
0.535389
0.566341
0.801128
0.197797
0.368979
0.236593
0.483494
0.175815
0.284858
0.006832
0.513281
0.333520
0.848789
0.571972
0.571972
0.127623
0.626544
0.399498
0.947760
0.758020
0.109849
0.580543
0.713075
0.991213
0.635244
0.166886
0.922090
0.612135
0.713075
