0.190711
0.695863
0.140045
0.211153
0.044581
0.161896
0.695863
0.860501
0.594827
0.406779
0.771705
0.258960
0.821730
0.695863
0.612135
0.518727
0.626544
0.672823
0.867378
0.300471
0.344325
0.143326
0.239907
0.860501
0.580543
0.571972
0.304435
0.475494
0.005687
0.414138
0.841556
0.617854
0.387593
0.841556
0.821730
0.518727
0.771705
0.273514
0.984769
0.226757
0.306500
0.860501
0.907293
0.821730
0.626544
0.549354
0.672823
0.394742
0.143326
0.206623
0.848789
0.143326
0.718717
0.406779
0.580543
0.947760
0.727244
0.074897
0.527033
0.860501
0.758020
0.104694
0.209600
0.580543
0.672823
0.269851
0.462365
0.161896
0.855893
0.695863
0.264363
0.316692
0.571972
0.143326
0.884948
0.649688
0.821730
0.159490
0.118894
0.749684
0.821730
0.344325
0.226757
0.304435
0.441715
0.672823
0.635244
0.690166
0.603471
0.978604
0.294528
0.901408
0.144460
0.106369
0.617854
0.779856
0.320806
0.672823
0.141156
0.713075
0.441715
0.199280
0.916674
0.253642
0.117048
0.375911
0.758020
0.749684
0.387593
0.505064
0.935597
0.446787
0.368979
0.279144
0.304435
0.150086
0.434080
0.947760
0.401971
0.211153
0.344325
0.380525
0.594827
0.617854
0.401971
0.446787
0.594827
0.612135
0.214182
0.749684
0.563435
0.867378
0.344325
0.540922
0.672823
0.375911
0.540922
0.327120
0.362130
0.695863
0.241635
0.771705
0.267971
0.549354
0.749684
0.467559
0.186540
0.350951
0.380525
0.617854
0.617854
0.475494
0.617854
0.571972
0.496903
0.718717
0.841556
0.446787
0.496903
0.475494
0.273514
0.640981
0.344325
0.337784
0.695863
0.221961
0.258960
0.387593
0.496903
0.557828
0.535389
0.695863
0.626544
0.294528
0.907293
0.996919
0.327120
0.215763
0.467559
0.829282
0.236593
0.333520
0.306500
0.470257
0.779856
0.626544
0.874110
0.540922
0.505064
0.549354
0.704484
0.713075
0.310521
0.462365
0.771705
0.467559
0.218844
0.801128
0.399498
0.695863
0.971109
0.549354
0.771705
0.294528
0.793201
0.368979
0.571972
0.310521
0.273514
0.841556
0.475494
0.288671
0.718717
0.362130
0.589144
0.718717
0.771705
0.527033
0.329292
0.626544
0.594827
0.649688
0.672823
0.916674
0.496903
0.496903
0.467559
0.399498
0.958545
0.387593
0.483494
0.884948
0.273514
0.467559
0.580543
0.841556
0.649688
0.749684
0.836720
0.594827
0.681504
0.594827
0.202171
0.617854
0.998868
0.771705
0.814067
0.916674
0.209600
0.116102
0.496903
0.901408
0.380525
0.031348
0.496903
0.279144
0.922090
0.713075
0.288671
0.535389
0.089781
0.350951
0.143326
0.779856
0.713075
0.414138
0.603471
0.258960
0.066084
0.337784
0.704484
0.718717
0.658394
0.594827
0.273514
0.496903
0.368979
0.368979
0.406779
0.718717
0.695863
0.947760
0.594827
0.288671
0.467559
0.357661
0.231634
0.406779
0.518727
0.848789
0.996919
0.467559
0.399498
0.173237
0.681504
0.704484
0.267971
0.499678
0.462365
0.793201
0.612135
0.571972
0.958545
0.658394
0.986757
0.626544
0.540922
0.306500
0.771705
0.695863
0.426518
0.884948
0.505064
0.304435
0.245003
0.640981
0.672823
0.695863
0.718717
0.231634
0.233315
0.958545
0.557828
0.557828
0.304435
0.718717
0.594827
0.241635
0.357661
0.540922
0.626544
0.984769
0.124654
0.571972
0.406779
0.907293
0.571972
0.771705
0.962240
0.206623
0.808960
0.640981
0.589144
0.446787
0.658394
0.344325
0.340005
0.141156
0.649688
0.594827
0.884948
0.382926
0.197797
0.867378
0.771705
0.518727
0.771705
0.672823
0.288671
0.505064
0.362130
0.320806
0.617854
0.594827
0.327120
0.841556
0.344325
0.446787
0.496903
0.672823
0.483494
0.779856
0.727244
0.253642
0.690166
0.454542
0.617854
0.901408
0.649688
0.626544
0.169385
0.771705
0.344325
0.922090
0.144460
0.860501
0.496903
0.362130
0.231634
0.967937
0.540922
0.727244
0.155897
0.387593
0.273514
0.304435
0.779856
0.695863
0.996919
0.467559
0.441715
0.434080
0.387593
0.718717
0.640981
0.695863
0.695863
0.179787
0.617854
0.867378
0.841556
0.505064
0.426518
0.146673
0.143326
0.320806
0.635244
0.821730
0.540922
0.118894
0.916674
0.649688
0.250182
0.718717
0.387593
0.521553
0.793201
0.223587
0.406779
0.190711
0.571972
0.986757
0.681504
0.106369
0.310521
0.930673
0.594827
0.713075
0.518727
0.197797
0.580543
0.916674
0.406779
0.727244
0.290658
0.571972
0.681504
0.626544
0.681504
0.399498
0.129613
0.612135
0.041578
0.571972
0.580543
0.239907
0.793201
0.989675
0.098170
0.214182
0.209600
0.681504
0.821730
0.344325
0.267971
0.387593
0.129613
0.496903
0.594827
0.327120
0.214182
0.434080
0.462365
0.446787
0.187953
0.380525
0.549354
0.962240
0.320806
0.540922
0.935597
0.454542
0.672823
0.496903
0.986757
0.867378
0.190711
0.571972
0.462365
0.571972
0.617854
0.518727
0.829282
0.829282
0.496903
0.704484
0.749684
0.475494
0.640981
0.513281
0.269851
0.935597
0.907293
0.829282
0.426518
0.821730
0.306500
0.672823
0.078727
0.640981
0.727244
0.197797
0.414138
0.649688
0.580543
0.718717
0.718717
0.206623
0.434080
0.563435
0.808960
0.467559
0.146673
0.527033
0.718717
0.821730
0.867378
0.273514
0.518727
0.454542
0.357661
0.571972
0.727244
0.518727
0.380525
0.475494
0.380525
0.406779
0.735726
0.672823
0.718717
0.860501
0.758020
0.841556
0.294528
0.362130
0.916674
0.758020
0.092008
0.304435
0.253642
0.649688
0.462365
0.635244
0.518727
0.434080
0.626544
0.612135
0.801128
0.635244
0.829282
0.387593
0.218844
0.884948
0.540922
0.527033
0.771705
0.273514
0.540922
0.935597
0.380525
0.446787
0.333520
0.907293
0.594827
0.143326
