0.273514
0.380525
0.867378
0.758020
0.640981
0.617854
0.344325
0.218844
0.102197
0.626544
0.672823
0.350951
0.540922
0.640981
0.527033
0.340005
0.549354
0.380525
0.672823
0.214182
0.916674
0.253642
0.540922
0.727244
0.626544
0.206623
0.426518
0.239907
0.967937
0.884948
0.821730
0.320806
0.153566
0.344325
0.496903
0.294528
0.841556
0.704484
0.231634
0.727244
0.475494
0.155897
0.426518
0.070065
0.563435
0.749684
0.467559
0.571972
0.603471
0.394742
0.357661
0.035500
0.406779
0.518727
0.114294
0.060217
0.340005
0.527033
0.571972
0.306500
0.735726
0.527033
0.540922
0.171915
0.017063
0.991213
0.771705
0.649688
0.310521
0.594827
0.446787
0.571972
0.362130
0.496903
0.571972
0.801128
0.401971
0.801128
0.735726
0.320806
0.603471
0.333520
0.617854
0.426518
0.617854
0.749684
0.258960
0.735726
0.727244
0.406779
0.194957
0.771705
0.434080
0.406779
0.848789
0.475494
0.617854
0.735726
0.771705
0.779856
0.226757
0.735726
0.241635
0.071848
0.475494
0.603471
0.496903
0.399498
0.475494
0.446787
0.860501
0.829282
0.327120
0.695863
0.218844
0.080707
0.978604
0.658394
0.179787
0.454542
0.793201
0.867378
0.771705
0.704484
0.867378
0.801128
0.617854
0.527033
0.535389
0.571972
0.612135
0.475494
0.735726
0.350951
0.626544
0.327120
0.718717
0.640981
0.681504
0.475494
0.718717
0.380525
0.068911
0.718717
0.380525
0.793201
0.771705
0.483494
0.209600
0.860501
0.518727
0.446787
0.175815
0.867378
0.406779
0.294528
0.399498
0.475494
0.793201
0.749684
0.183833
0.496903
0.446787
0.571972
0.446787
0.496903
0.337784
0.239907
0.672823
0.667094
0.848789
0.496903
0.771705
0.144460
0.907293
0.406779
0.649688
0.935597
0.698805
0.434080
0.649688
0.994555
0.626544
0.672823
0.505064
0.718717
0.695863
0.867378
0.058699
0.771705
0.549354
0.320806
0.462365
0.209600
0.672823
0.884948
0.467559
0.146673
0.695863
0.273514
0.382926
0.821730
0.462365
0.264363
0.264363
0.267971
0.223587
0.549354
0.779856
0.344325
0.612135
0.380525
0.496903
0.549354
0.771705
0.475494
0.175815
0.594827
0.421575
0.344325
0.874110
0.667094
0.771705
0.214182
0.580543
0.320806
0.557828
0.446787
0.288671
0.015695
0.179787
0.793201
0.475494
0.727244
0.426518
0.518727
0.206623
0.279144
0.155897
0.304435
0.288671
0.672823
0.821730
0.801128
0.107244
0.867378
0.793201
0.672823
0.617854
0.316692
0.179787
0.221961
0.749684
0.087602
0.029437
0.337784
0.362130
0.991213
0.273514
0.626544
0.171915
0.140045
0.446787
0.649688
0.527033
0.202171
0.288671
0.475494
0.183833
0.518727
0.571972
0.236593
0.231634
0.454542
0.758020
0.978604
0.098170
0.821730
0.540922
0.672823
0.771705
0.344325
0.467559
0.626544
0.821730
0.014985
0.137917
0.793201
0.989675
0.380525
0.848789
0.884948
0.284858
0.571972
0.406779
0.116102
0.749684
0.206623
0.978604
0.231634
0.916674
0.603471
0.571972
0.496903
0.695863
0.801128
0.100580
0.194957
0.114294
0.129613
0.640981
0.141156
0.878466
0.727244
0.758020
0.236593
0.364456
0.626544
0.916674
0.821730
0.704484
0.288671
0.483494
0.878466
0.267971
0.446787
0.626544
0.399498
0.566341
0.557828
0.916674
0.161896
0.649688
0.357661
0.994555
0.971109
0.304435
0.226757
0.031348
0.935597
0.867378
0.704484
0.368979
0.434080
0.626544
0.245003
0.901408
0.930673
0.100580
0.571972
0.841556
0.557828
0.387593
0.092008
0.344325
0.821730
0.294528
0.387593
0.704484
0.350951
0.467559
0.380525
0.549354
0.173237
0.540922
0.958545
0.617854
0.467559
0.102197
0.209600
0.143326
0.221961
0.226757
0.107244
0.518727
0.362130
0.594827
0.104694
0.304435
0.594827
0.320806
0.518727
0.749684
0.814067
0.071848
0.540922
0.496903
0.197797
0.594827
0.446787
0.155897
0.718717
0.434080
0.171915
0.695863
0.446787
0.771705
0.681504
0.594827
0.496903
0.267971
0.496903
0.253642
0.161896
0.446787
0.672823
0.209600
0.518727
0.571972
0.540922
0.483494
0.984769
0.300471
0.727244
0.930673
0.380525
0.749684
0.841556
0.640981
0.161896
0.612135
0.626544
0.727244
0.505064
0.357661
0.426518
0.273514
0.695863
0.626544
0.267971
0.076791
0.821730
0.421575
0.362130
0.449423
0.253642
0.766291
0.337784
0.704484
0.446787
0.735726
0.231634
0.940331
0.380525
0.749684
0.264363
0.165605
0.878466
0.226757
0.117048
0.475494
0.380525
0.540922
0.540922
0.672823
0.841556
0.267971
0.841556
0.713075
0.114294
0.095811
0.617854
0.126604
0.518727
0.143326
0.253642
0.594827
0.253642
0.186540
0.267971
0.540922
0.594827
0.333520
0.186540
0.288671
0.344325
0.245003
0.362130
0.267971
0.779856
0.211153
0.704484
0.695863
0.426518
0.626544
0.327120
0.441715
0.496903
0.571972
0.414138
0.076791
0.749684
0.779856
0.793201
0.718717
0.111596
0.316692
0.475494
0.930673
0.304435
0.695863
0.779856
0.518727
0.304435
0.380525
0.793201
0.779856
0.380525
0.446787
0.984769
0.362130
0.209600
0.483494
0.288671
0.749684
0.171915
0.801128
0.672823
0.540922
0.209600
0.681504
0.771705
0.793201
0.935597
0.626544
0.171915
0.446787
0.626544
0.169385
0.549354
0.626544
0.267971
0.401971
0.695863
0.821730
0.197797
0.327120
0.771705
0.681504
0.672823
0.518727
0.141156
0.304435
0.037752
0.387593
0.406779
0.695863
0.488801
0.727244
0.978604
0.304435
0.540922
0.387593
0.316692
0.320806
0.690166
0.801128
0.867378
0.118894
0.362130
0.801128
0.779856
0.441715
0.475494
0.594827
0.399498
0.793201
0.505064
0.867378
0.594827
0.518727
0.690166
0.245003
0.279144
0.571972
0.441715
