0.279144
0.267971
0.848789
0.758020
0.566341
0.713075
0.793201
0.245003
0.043818
0.284858
0.841556
0.612135
0.362130
0.344325
0.566341
0.787927
0.449423
0.387593
0.672823
0.626544
0.294528
0.273514
0.304435
0.821730
0.793201
0.441715
0.971109
0.086192
0.690166
0.080707
0.025731
0.194957
0.626544
0.264363
0.690166
0.527033
0.518727
0.991213
0.098170
0.836720
0.434080
0.535389
0.540922
0.690166
0.841556
0.916674
0.316692
0.620815
0.986757
0.246759
0.571972
0.197797
0.340005
0.635244
0.390021
0.907293
0.787927
0.505064
0.808960
0.306500
0.057717
0.197797
0.617854
0.649688
0.098170
0.978604
0.978604
0.947760
0.454542
0.808960
0.695863
0.841556
0.951979
0.078727
0.698805
0.801128
0.749684
0.187953
0.795913
0.779856
0.566341
0.513281
0.735726
0.735726
0.821730
0.617854
0.441715
0.543791
0.491556
0.499678
0.467559
0.940331
0.597771
0.535389
0.672823
0.744157
0.594827
0.082732
0.518727
0.801128
0.549354
0.801128
0.658394
0.401971
0.649688
0.901408
0.779856
0.626544
0.594827
0.279144
0.159490
0.549354
0.891273
0.649688
0.580543
0.891273
0.211153
0.496903
0.935597
0.617854
0.787927
0.387593
0.346575
0.441715
0.867378
0.322949
0.475494
0.855893
0.891273
0.793201
0.333520
0.380525
0.947760
0.829282
0.518727
0.713075
0.681504
0.357661
0.603471
0.704484
0.362130
0.129613
0.264363
0.991213
0.947760
0.288671
0.253642
0.958545
0.310521
0.294528
0.580543
0.364456
0.021656
0.718717
0.223587
0.867378
0.236593
0.713075
0.658394
0.505064
0.518727
0.695863
0.947760
0.658394
0.275424
0.603471
0.197797
0.848789
0.566341
0.080707
0.446787
0.223587
0.766291
0.571972
0.375911
0.096609
0.375911
0.829282
0.122729
0.118894
0.387593
0.991213
0.658394
0.935597
0.940331
0.446787
0.540922
0.667094
0.357661
0.672823
0.594827
0.521553
0.672823
0.231634
0.749684
0.475494
0.350951
0.094284
0.704484
0.635244
0.947760
0.821730
0.368979
0.368979
0.218844
0.414138
0.672823
0.681504
0.399498
0.801128
0.527033
0.727244
0.462365
0.635244
0.749684
0.860501
0.409279
0.860501
0.245003
0.340005
0.441715
0.340005
0.394742
0.922090
0.956001
0.649688
0.808960
0.744157
0.626544
0.643949
0.194957
0.727244
0.505064
0.681504
0.916674
0.766291
0.499678
0.749684
0.387593
0.527033
0.793201
0.163153
0.690166
0.137917
0.951979
0.727244
0.414138
0.518727
0.681504
0.483494
0.922090
0.255445
0.951979
0.640981
0.375911
0.848789
0.727244
0.454542
0.434080
0.735726
0.505064
0.603471
0.935597
0.340005
0.779856
0.848789
0.603471
0.401971
0.841556
0.690166
0.916674
0.891273
0.801128
0.421575
0.930673
0.681504
0.735726
0.066084
0.203680
0.327120
0.135818
0.284858
0.394742
0.153566
0.620815
0.841556
0.829282
0.505064
0.197797
0.496903
0.713075
0.999892
0.620815
0.000872
0.434080
0.626544
0.557828
0.177160
0.566341
0.031348
0.787927
0.771705
0.658394
0.387593
0.137917
0.704484
0.658394
0.594827
0.163153
0.884948
0.375911
0.426518
0.994555
0.245003
0.947760
0.557828
0.571972
0.891273
0.749684
0.387593
0.021656
0.821730
0.467559
0.989675
0.947760
0.907293
0.860501
0.245003
0.346575
0.771705
0.617854
0.829282
0.821730
0.300471
0.414138
0.226757
0.143326
0.535389
0.491556
0.499678
0.978604
0.375911
0.454542
0.848789
0.874110
0.505064
0.165605
0.340005
0.112510
0.163153
0.867378
0.884948
0.626544
0.329292
0.874110
0.414138
0.635244
0.749684
0.867378
0.922090
0.771705
0.141156
0.327120
0.841556
0.681504
0.727244
0.779856
0.672823
0.535389
0.718717
0.518727
0.841556
0.958545
0.032771
0.771705
0.123655
0.867378
0.304435
0.916674
0.350951
0.758020
0.387593
0.518727
0.672823
0.848789
0.320806
0.658394
0.203680
0.368979
0.867378
0.649688
0.704484
0.620815
0.860501
0.658394
0.475494
0.399498
0.231634
0.713075
0.496903
0.667094
0.829282
0.294528
0.821730
0.496903
0.454542
0.223587
0.005687
0.626544
0.475494
0.935597
0.333520
0.571972
0.727244
0.505064
0.841556
0.978604
0.409279
0.294528
0.279144
0.103042
0.718717
0.594827
0.483494
0.771705
0.513281
0.316692
0.513281
0.626544
0.749684
0.310521
0.549354
0.241635
0.771705
0.891273
0.884948
0.103042
0.978604
0.829282
0.787927
0.566341
0.075538
0.382926
0.320806
0.434080
0.161896
0.394742
0.795913
0.971109
0.841556
0.414138
0.617854
0.681504
0.333520
0.333520
0.107244
0.749684
0.483494
0.496903
0.250182
0.557828
0.704484
0.727244
0.362130
0.011315
0.658394
0.226757
0.916674
0.860501
0.860501
0.241635
0.206623
0.221961
0.505064
0.860501
0.401971
0.518727
0.070668
0.766291
0.735726
0.891273
0.589144
0.070668
0.394742
0.340005
0.527033
0.454542
0.304435
0.603471
0.306500
0.462365
0.589144
0.549354
0.635244
0.434080
0.935597
0.340005
0.269851
0.010009
0.362130
0.441715
0.223587
0.984769
0.635244
0.771705
0.758020
0.867378
0.031348
0.441715
0.368979
0.012548
0.387593
0.316692
0.901408
0.867378
0.513281
0.264363
0.718717
0.364456
0.333520
0.163153
0.496903
0.735726
0.202171
0.971109
0.540922
0.749684
0.829282
0.626544
0.667094
0.649688
0.350951
0.279144
0.986757
0.206623
0.357661
0.884948
0.617854
0.801128
0.816691
0.744157
0.841556
0.549354
0.094284
0.626544
0.603471
0.527033
0.594827
0.121744
0.793201
0.549354
0.557828
0.695863
0.951979
0.704484
0.672823
0.269851
0.907293
0.787927
0.758020
0.441715
0.112510
0.867378
0.996919
0.867378
0.667094
0.316692
0.617854
0.032771
0.362130
0.727244
0.626544
0.603471
0.250182
0.758020
0.922090
