0.483494
0.984769
0.118894
0.454542
0.549354
0.848789
0.199280
0.175815
0.107244
0.821730
0.175815
0.454542
0.421575
0.406779
0.264363
0.540922
0.793201
0.020692
0.649688
0.998868
0.483494
0.580543
0.935597
0.672823
0.052535
0.848789
0.867378
0.250182
0.414138
0.513281
0.226757
0.771705
0.713075
0.518727
0.690166
0.284858
0.962240
0.462365
0.454542
0.718717
0.549354
0.103042
0.867378
0.316692
0.350951
0.350951
0.462365
0.713075
0.635244
0.727244
0.594827
0.635244
0.306500
0.808960
0.617854
0.253642
0.475494
0.375911
0.483494
0.649688
0.462365
0.049040
0.316692
0.801128
0.304435
0.690166
0.672823
0.566341
0.771705
0.513281
0.704484
0.153566
0.749684
0.727244
0.571972
0.766291
0.891273
0.927324
0.617854
0.727244
0.223587
0.387593
0.350951
0.250182
0.907293
0.718717
0.749684
0.829282
0.394742
0.735726
0.421575
0.635244
0.357661
0.294528
0.695863
0.566341
0.211153
0.434080
0.475494
0.855893
0.505064
0.808960
0.357661
0.009277
0.884948
0.088340
0.801128
0.580543
0.406779
0.084092
0.867378
0.096609
0.947760
0.300471
0.079397
0.884948
0.626544
0.891273
0.704484
0.173237
0.255445
0.454542
0.306500
0.401971
0.629509
0.999575
0.258960
0.860501
0.978604
0.793201
0.260793
0.540922
0.958545
0.098985
0.735726
0.475494
0.901408
0.779856
0.518727
0.549354
0.658394
0.310521
0.075538
0.951979
0.841556
0.209600
0.681504
0.704484
0.884948
0.146673
0.916674
0.344325
0.658394
0.930673
0.304435
0.483494
0.594827
0.344325
0.916674
0.860501
0.681504
0.801128
0.916674
0.187953
0.518727
0.930673
0.704484
0.713075
0.353229
0.758020
0.012907
0.187953
0.874110
0.620815
0.035500
0.414138
0.978604
0.406779
0.362130
0.771705
0.177160
0.821730
0.649688
0.340005
0.735726
0.357661
0.306500
0.284858
0.658394
0.994555
0.771705
0.304435
0.884948
0.841556
0.571972
0.974087
0.566341
0.735726
0.867378
0.594827
0.320806
0.414138
0.801128
0.848789
0.935597
0.543791
0.294528
0.672823
0.787927
0.771705
0.300471
0.159490
0.848789
0.860501
0.878466
0.771705
0.387593
0.874110
0.978604
0.357661
0.603471
0.518727
0.571972
0.306500
0.316692
0.004043
0.580543
0.758020
0.371333
0.713075
0.620815
0.787927
0.735726
0.695863
0.131630
0.340005
0.333520
0.884948
0.527033
0.194957
0.226757
0.603471
0.475494
0.527033
0.907293
0.549354
0.867378
0.771705
0.557828
0.218844
0.589144
0.434080
0.327120
0.527033
0.713075
0.681504
0.414138
0.727244
0.518727
0.375911
0.394742
0.518727
0.406779
0.012548
0.322949
0.821730
0.025274
0.829282
0.540922
0.658394
0.907293
0.935597
0.779856
0.135818
0.073672
0.241635
0.884948
0.704484
0.446787
0.095811
0.860501
0.470257
0.801128
0.329292
0.387593
0.491556
0.793201
0.566341
0.735726
0.801128
0.454542
0.695863
0.306500
0.965738
0.735726
0.513281
0.255445
0.821730
0.387593
0.617854
0.841556
0.290658
0.362130
0.044581
0.382926
0.951979
0.672823
0.855893
0.199280
0.454542
0.008597
0.316692
0.594827
0.223587
0.018706
0.557828
0.612135
0.916674
0.891273
0.062816
0.049040
0.032771
0.203680
0.940331
0.350951
0.496903
0.505064
0.841556
0.821730
0.749684
0.121744
0.346575
0.441715
0.658394
0.382926
0.922090
0.426518
0.927324
0.344325
0.119859
0.718717
0.727244
0.771705
0.749684
0.958545
0.086192
0.527033
0.626544
0.557828
0.771705
0.246759
0.496903
0.491556
0.829282
0.922090
0.841556
0.922090
0.713075
0.284858
0.475494
0.399498
0.340005
0.580543
0.513281
0.001669
0.496903
0.718717
0.231634
0.368979
0.399498
0.695863
0.594827
0.540922
0.672823
0.749684
0.316692
0.239907
0.245003
0.190711
0.571972
0.394742
0.344325
0.406779
0.294528
0.505064
0.446787
0.814067
0.109849
0.236593
0.749684
0.124654
0.258960
0.446787
0.153566
0.329292
0.594827
0.681504
0.649688
0.771705
0.226757
0.801128
0.475494
0.672823
0.801128
0.226757
0.253642
0.626544
0.414138
0.333520
0.190711
0.758020
0.258960
0.306500
0.557828
0.801128
0.667094
0.713075
0.947760
0.350951
0.836720
0.279144
0.406779
0.454542
0.505064
0.434080
0.649688
0.197797
0.971109
0.144460
0.649688
0.051194
0.312615
0.215763
0.801128
0.672823
0.304435
0.758020
0.000718
0.027908
0.617854
0.513281
0.454542
0.086192
0.346575
0.047782
0.612135
0.884948
0.491556
0.518727
0.434080
0.320806
0.935597
0.121744
0.211153
0.617854
0.241635
0.667094
0.821730
0.250182
0.617854
0.144460
0.978604
0.626544
0.414138
0.971109
0.231634
0.841556
0.375911
0.150086
0.496903
0.735726
0.867378
0.150086
0.727244
0.779856
0.082732
0.557828
0.446787
0.027652
0.107244
0.320806
0.549354
0.250182
0.626544
0.727244
0.231634
0.121744
0.019768
0.483494
0.571972
0.211153
0.549354
0.549354
0.958545
0.505064
0.513281
0.635244
0.115226
0.446787
0.223587
0.300471
0.935597
0.421575
0.779856
0.107244
0.549354
0.549354
0.223587
0.157114
0.199280
0.617854
0.927324
0.368979
0.273514
0.557828
0.658394
0.617854
0.779856
0.454542
0.269851
0.441715
0.672823
0.801128
0.808960
0.916674
0.030518
0.316692
0.488801
0.814067
0.672823
0.935597
0.994555
0.255445
0.143326
0.496903
0.327120
0.333520
0.727244
0.735726
0.930673
0.841556
0.206623
0.965738
0.320806
0.658394
0.749684
0.159490
0.672823
0.029982
0.406779
0.099752
0.434080
0.749684
0.984769
0.340005
0.967937
0.236593
0.006511
0.441715
0.071848
0.735726
0.749684
0.194957
0.187953
0.387593
0.557828
0.496903
0.658394
0.916674
0.801128
0.549354
0.150086
0.829282
0.672823
0.758020
0.496903
