0.197797
0.406779
0.186540
0.021268
0.603471
0.387593
0.362130
0.549354
0.134742
0.467559
0.475494
0.380525
0.368979
0.718717
0.380525
0.901408
0.681504
0.718717
0.129613
0.801128
0.253642
0.258960
0.239907
0.801128
0.901408
0.727244
0.612135
0.000572
0.454542
0.496903
0.594827
0.640981
0.801128
0.649688
0.401971
0.175815
0.462365
0.821730
0.718717
0.380525
0.114294
0.860501
0.749684
0.183833
0.603471
0.848789
0.557828
0.264363
0.357661
0.821730
0.194957
0.718717
0.163153
0.362130
0.801128
0.375911
0.658394
0.557828
0.626544
0.368979
0.540922
0.080707
0.434080
0.779856
0.589144
0.288671
0.749684
0.821730
0.594827
0.211153
0.649688
0.884948
0.214182
0.617854
0.387593
0.922090
0.206623
0.387593
0.434080
0.649688
0.394742
0.197797
0.382926
0.841556
0.350951
0.603471
0.441715
0.771705
0.054829
0.350951
0.958545
0.357661
0.223587
0.958545
0.320806
0.118894
0.483494
0.462365
0.884948
0.215763
0.206623
0.727244
0.344325
0.704484
0.940331
0.672823
0.284858
0.215763
0.540922
0.340005
0.867378
0.867378
0.649688
0.978604
0.695863
0.340005
0.984769
0.171915
0.626544
0.779856
0.793201
0.067775
0.594827
0.571972
0.414138
0.394742
0.594827
0.727244
0.121744
0.916674
0.718717
0.483494
0.518727
0.571972
0.978604
0.454542
0.527033
0.884948
0.540922
0.704484
0.557828
0.467559
0.884948
0.513281
0.771705
0.327120
0.226757
0.467559
0.978604
0.505064
0.594827
0.258960
0.901408
0.749684
0.771705
0.310521
0.426518
0.344325
0.758020
0.617854
0.320806
0.695863
0.226757
0.695863
0.617854
0.327120
0.221961
0.169385
0.779856
0.362130
0.421575
0.848789
0.475494
0.202171
0.801128
0.549354
0.009277
0.787927
0.513281
0.269851
0.394742
0.246759
0.867378
0.727244
0.027652
0.658394
0.690166
0.704484
0.177160
0.434080
0.658394
0.787927
0.080707
0.165605
0.727244
0.594827
0.901408
0.294528
0.940331
0.841556
0.518727
0.518727
0.771705
0.496903
0.462365
0.294528
0.190711
0.718717
0.617854
0.878466
0.594827
0.140045
0.718717
0.279144
0.848789
0.218844
0.672823
0.947760
0.483494
0.350951
0.483494
0.329292
0.406779
0.186540
0.406779
0.300471
0.194957
0.867378
0.406779
0.387593
0.264363
0.808960
0.226757
0.771705
0.362130
0.649688
0.401971
0.269851
0.273514
0.016902
0.399498
0.518727
0.841556
0.771705
0.922090
0.406779
0.446787
0.727244
0.098170
0.190711
0.279144
0.123655
0.793201
0.159490
0.658394
0.672823
0.327120
0.640981
0.362130
0.155897
0.169385
0.253642
0.483494
0.860501
0.793201
0.695863
0.333520
0.211153
0.704484
0.998868
0.171915
0.771705
0.626544
0.626544
0.406779
0.426518
0.793201
0.150086
0.218844
0.727244
0.390021
0.594827
0.258960
0.704484
0.333520
0.279144
0.380525
0.496903
0.020130
0.368979
0.848789
0.015695
0.344325
0.681504
0.603471
0.672823
0.350951
0.273514
0.441715
0.787927
0.749684
0.294528
0.658394
0.320806
0.062816
0.521553
0.779856
0.214182
0.801128
0.841556
0.947760
0.518727
0.672823
0.907293
0.194957
0.916674
0.735726
0.978604
0.362130
0.211153
0.749684
0.518727
0.209600
0.962240
0.617854
0.612135
0.096609
0.236593
0.649688
0.821730
0.594827
0.727244
0.718717
0.421575
0.327120
0.860501
0.727244
0.362130
0.117048
0.771705
0.649688
0.860501
0.649688
0.594827
0.540922
0.406779
0.264363
0.406779
0.907293
0.841556
0.758020
0.749684
0.236593
0.771705
0.527033
0.462365
0.749684
0.771705
0.821730
0.414138
0.171915
0.749684
0.672823
0.406779
0.454542
0.426518
0.426518
0.197797
0.320806
0.073672
0.273514
0.273514
0.267971
0.454542
0.867378
0.704484
0.362130
0.171915
0.137917
0.446787
0.475494
0.029437
0.344325
0.549354
0.099752
0.540922
0.118894
0.070065
0.649688
0.771705
0.766291
0.186540
0.209600
0.475494
0.380525
0.672823
0.594827
0.672823
0.368979
0.320806
0.626544
0.368979
0.718717
0.475494
0.612135
0.102197
0.226757
0.273514
0.300471
0.143326
0.518727
0.540922
0.649688
0.446787
0.704484
0.749684
0.695863
0.771705
0.310521
0.527033
0.649688
0.483494
0.146673
0.518727
0.718717
0.273514
0.984769
0.368979
0.106369
0.527033
0.603471
0.194957
0.470257
0.387593
0.771705
0.855893
0.446787
0.884948
0.549354
0.380525
0.505064
0.557828
0.527033
0.387593
0.713075
0.935597
0.978604
0.380525
0.446787
0.617854
0.635244
0.269851
0.814067
0.068911
0.821730
0.603471
0.441715
0.131630
0.462365
0.446787
0.787927
0.821730
0.891273
0.617854
0.333520
0.749684
0.375911
0.406779
0.695863
0.540922
0.603471
0.841556
0.098170
0.779856
0.695863
0.449423
0.718717
0.284858
0.206623
0.316692
0.518727
0.571972
0.505064
0.884948
0.749684
0.594827
0.808960
0.727244
0.718717
0.401971
0.727244
0.150086
0.134742
0.640981
0.414138
0.958545
0.549354
0.082037
0.002232
0.749684
0.594827
0.202171
0.617854
0.426518
0.264363
0.434080
0.269851
0.940331
0.958545
0.267971
0.475494
0.320806
0.226757
0.483494
0.267971
0.031348
0.594827
0.155897
0.566341
0.051194
0.749684
0.426518
0.401971
0.640981
0.380525
0.226757
0.518727
0.667094
0.779856
0.527033
0.194957
0.978604
0.333520
0.626544
0.446787
0.518727
0.848789
0.695863
0.991213
0.218844
0.496903
0.829282
0.211153
0.467559
0.718717
0.617854
0.808960
0.718717
0.294528
0.727244
0.446787
0.406779
0.626544
0.848789
0.258960
0.535389
0.194957
0.626544
0.649688
0.518727
0.316692
0.096609
0.681504
0.821730
0.049040
0.749684
0.540922
0.771705
0.594827
0.350951
0.779856
0.454542
0.070668
0.104694
0.446787
0.040498
