0.171915
0.140045
0.626544
0.304435
0.718717
0.253642
0.131630
0.626544
0.488801
0.814067
0.540922
0.549354
0.226757
0.186540
0.399498
0.294528
0.380525
0.116102
0.640981
0.617854
0.771705
0.035802
0.059696
0.901408
0.496903
0.253642
0.320806
0.209600
0.672823
0.221961
0.320806
0.368979
0.380525
0.749684
0.387593
0.594827
0.540922
0.140045
0.209600
0.549354
0.467559
0.571972
0.267971
0.426518
0.362130
0.672823
0.253642
0.749684
0.258960
0.344325
0.505064
0.891273
0.387593
0.380525
0.253642
0.294528
0.735726
0.426518
0.935597
0.841556
0.867378
0.681504
0.190711
0.143326
0.695863
0.000863
0.695863
0.320806
0.320806
0.563435
0.337784
0.540922
0.327120
0.695863
0.171915
0.640981
0.267971
0.735726
0.239907
0.171915
0.571972
0.518727
0.082037
0.267971
0.316692
0.267971
0.718717
0.718717
0.337784
0.171915
0.140045
0.518727
0.380525
0.171915
0.793201
0.446787
0.475494
0.907293
0.406779
0.571972
0.209600
0.253642
0.239907
0.571972
0.258960
0.640981
0.930673
0.475494
0.901408
0.935597
0.394742
0.304435
0.801128
0.380525
0.337784
0.867378
0.236593
0.186540
0.197797
0.594827
0.793201
0.029708
0.454542
0.793201
0.801128
0.549354
0.380525
0.123655
0.253642
0.320806
0.121744
0.518727
0.793201
0.549354
0.841556
0.518727
0.727244
0.380525
0.214182
0.143326
0.155897
0.253642
0.304435
0.226757
0.288671
0.446787
0.231634
0.672823
0.467559
0.399498
0.171915
0.221961
0.171915
0.446787
0.380525
0.258960
0.085471
0.179787
0.267971
0.221961
0.106369
0.095811
0.106369
0.197797
0.344325
0.171915
0.571972
0.267971
0.106369
0.421575
0.231634
0.020320
0.042685
0.649688
0.695863
0.245003
0.571972
0.434080
0.446787
0.571972
0.320806
0.649688
0.649688
0.821730
0.557828
0.922090
0.543791
0.387593
0.267971
0.916674
0.626544
0.718717
0.749684
0.041207
0.320806
0.209600
0.387593
0.368979
0.267971
0.540922
0.186540
0.209600
0.681504
0.695863
0.320806
0.320806
0.426518
0.406779
0.380525
0.399498
0.320806
0.399498
0.304435
0.253642
0.161896
0.209600
0.446787
0.218844
0.333520
0.901408
0.414138
0.273514
0.362130
0.197797
0.475494
0.258960
0.333520
0.967937
0.649688
0.333520
0.793201
0.209600
0.446787
0.771705
0.695863
0.264363
0.344325
0.116102
0.617854
0.496903
0.209600
0.362130
0.406779
0.718717
0.279144
0.406779
0.085471
0.140045
0.226757
0.304435
0.399498
0.267971
0.239907
0.518727
0.446787
0.085471
0.304435
0.344325
0.496903
0.239907
0.467559
0.320806
0.140045
0.749684
0.245003
0.801128
0.901408
0.695863
0.454542
0.617854
0.137917
0.749684
0.518727
0.496903
0.171915
0.161896
0.540922
0.288671
0.199280
0.362130
0.672823
0.672823
0.426518
0.821730
0.518727
0.681504
0.446787
0.446787
0.406779
0.186540
0.310521
0.571972
0.571972
0.594827
0.239907
0.221961
0.446787
0.749684
0.294528
0.446787
0.962240
0.617854
0.344325
0.143326
0.337784
0.617854
0.320806
0.483494
0.907293
0.672823
0.273514
0.140045
0.399498
0.649688
0.267971
0.718717
0.068911
0.779856
0.045355
0.426518
0.518727
0.841556
0.626544
0.771705
0.344325
0.446787
0.907293
0.727244
0.771705
0.362130
0.279144
0.221961
0.617854
0.267971
0.399498
0.527033
0.267971
0.095811
0.594827
0.563435
0.446787
0.848789
0.253642
0.848789
0.380525
0.549354
0.617854
0.446787
0.549354
0.878466
0.382926
0.368979
0.129613
0.735726
0.467559
0.617854
0.563435
0.594827
0.050745
0.344325
0.063876
0.288671
0.209600
0.080027
0.649688
0.209600
0.165605
0.131630
0.467559
0.446787
0.446787
0.540922
0.310521
0.106369
0.131630
0.344325
0.549354
0.399498
0.131630
0.288671
0.050745
0.446787
0.640981
0.085471
0.171915
0.116102
0.344325
0.406779
0.860501
0.496903
0.123655
0.380525
0.414138
0.209600
0.549354
0.171915
0.518727
0.467559
0.209600
0.267971
0.362130
0.267971
0.253642
0.267971
0.143326
0.253642
0.267971
0.171915
0.131630
0.594827
0.649688
0.327120
0.209600
0.446787
0.239907
0.209600
0.749684
0.718717
0.320806
0.617854
0.258960
0.626544
0.848789
0.085471
0.505064
0.462365
0.446787
0.672823
0.320806
0.253642
0.171915
0.467559
0.175815
0.288671
0.475494
0.549354
0.406779
0.901408
0.958545
0.253642
0.758020
0.935597
0.454542
0.594827
0.718717
0.860501
0.304435
0.801128
0.226757
0.718717
0.337784
0.310521
0.563435
0.594827
0.380525
0.727244
0.253642
0.518727
0.152372
0.258960
0.116102
0.380525
0.245003
0.253642
0.226757
0.171915
0.518727
0.221961
0.350951
0.362130
0.540922
0.454542
0.549354
0.267971
0.197797
0.102197
0.406779
0.841556
0.540922
0.640981
0.505064
0.218844
0.406779
0.226757
0.141156
0.779856
0.099752
0.140045
0.704484
0.549354
0.062816
0.426518
0.399498
0.368979
0.695863
0.496903
0.344325
0.337784
0.947760
0.320806
0.171915
0.496903
0.258960
0.209600
0.197797
0.171915
0.518727
0.540922
0.155897
0.841556
0.475494
0.209600
0.649688
0.518727
0.028919
0.099752
0.387593
0.344325
0.209600
0.594827
0.475494
0.239907
0.085471
0.446787
0.640981
0.446787
0.209600
0.617854
0.214182
0.106369
0.446787
0.131630
0.085471
0.617854
0.771705
0.337784
0.518727
0.380525
0.467559
0.878466
0.362130
0.364456
0.304435
0.672823
0.165605
0.793201
0.143326
0.649688
0.540922
0.344325
0.821730
0.399498
0.467559
0.267971
0.672823
0.649688
0.064431
0.571972
0.327120
0.239907
0.518727
0.672823
0.617854
0.681504
0.916674
0.344325
0.221961
0.549354
0.327120
0.106369
0.140045
0.626544
0.206623
0.704484
0.935597
0.901408
