0.008197
0.000000
0.071276
0.001027
0.103042
0.164417
0.000053
0.246759
0.001027
0.312615
0.004637
0.029982
0.371333
0.000490
0.478214
0.017543
0.000001
0.000648
0.891273
0.000012
0.119859
0.061772
0.000927
0.007815
0.000000
0.013654
0.000019
0.055312
0.543791
0.329292
0.029982
0.220452
0.017543
0.000113
0.880693
0.000025
0.027908
0.092778
0.000006
0.787927
0.015409
0.007815
0.022466
0.001246
0.000193
0.025274
0.000023
0.005013
0.000112
0.059212
0.029982
0.000976
0.312615
0.529876
0.069506
0.043818
0.255445
0.015845
0.001828
0.090535
0.000271
0.000000
0.000058
0.014711
0.449423
0.067775
0.382926
0.698805
0.000899
0.049040
0.051648
0.000001
0.000609
0.001828
0.000000
0.170690
0.006511
0.281082
0.290658
0.000005
0.322949
0.002517
0.003455
0.001922
0.667094
0.007739
0.513281
0.000026
0.000271
0.000045
0.023508
0.000000
0.011106
0.192150
0.260793
0.000415
0.436675
0.185229
0.521553
0.037099
0.028409
0.353229
0.017063
0.038094
0.690166
0.000241
0.015845
0.109849
0.322949
0.004637
0.004503
0.290658
0.681504
0.000330
0.574890
0.096609
0.566341
0.000008
0.457201
0.008197
0.153566
0.421575
0.006703
0.000085
0.000000
0.000026
0.061772
0.382926
0.048208
0.009822
0.002255
0.233315
0.281082
0.064990
0.052999
0.215763
0.000058
0.965738
0.006028
0.241635
0.010106
0.025970
0.000001
0.000000
0.014711
0.333520
0.003666
0.196422
0.041952
0.060743
0.000053
0.001922
0.000000
0.000075
0.364456
0.049476
0.010900
0.007239
0.012317
0.027908
0.000000
0.041952
0.012317
0.029982
0.000007
0.429087
0.014711
0.000021
0.000008
0.290658
0.290658
0.067775
0.713075
0.006703
0.000172
0.160731
0.002370
0.215763
0.483494
0.589144
0.006832
0.382926
0.006511
0.002020
0.521553
0.021859
0.346575
0.023508
0.033659
0.006832
0.836720
0.072465
0.000000
0.056750
0.010595
0.000009
0.048208
0.170690
0.084803
0.029982
0.046970
0.064990
0.028672
0.185229
0.000000
0.000000
0.470257
0.507859
0.000013
0.033071
0.017543
0.000027
0.390021
0.000016
0.020320
0.006325
0.051648
0.000210
0.079397
0.003559
0.771705
0.457201
0.046970
0.007815
0.029982
0.001922
0.008436
0.067775
0.020886
0.000578
0.652656
0.020886
0.018883
0.170690
0.220452
0.000138
0.001351
0.074303
0.038094
0.119859
0.787927
0.002041
0.000001
0.014305
0.069506
0.059212
0.000053
0.597771
0.004288
0.000053
0.940331
0.028672
0.000976
0.211153
0.001351
0.030798
0.003965
0.010900
0.013654
0.246759
0.000011
0.009368
0.000976
0.535389
0.007593
0.056750
0.014305
0.007965
0.017866
0.037099
0.035500
0.000000
0.098985
0.233315
0.000003
0.004728
0.023508
0.040864
0.009822
0.000134
0.000002
0.029982
0.098985
0.000001
0.521553
0.056750
0.006511
0.000000
0.000490
0.000000
0.721628
0.090535
0.051648
0.006703
0.035500
0.086919
0.260793
0.296545
0.046970
0.795913
0.233315
0.010900
0.112510
0.025274
0.130653
0.139014
0.008197
0.127623
0.371333
0.059212
0.000113
0.016293
0.013654
0.012317
0.004503
0.000000
0.891273
0.010900
0.014711
0.004728
0.589144
0.135818
0.713075
0.153566
0.513281
0.007239
0.000461
0.574890
0.203680
0.000000
0.064990
0.000047
0.105557
0.038094
0.312615
0.371333
0.030798
0.000027
0.589144
0.055312
0.064990
0.002146
0.192150
0.002725
0.001027
0.000016
0.335721
0.112510
0.000682
0.409279
0.000017
0.001774
0.241635
0.001884
0.000516
0.030798
0.151265
0.170690
0.119859
0.173237
0.000063
0.023508
0.000007
0.018883
0.074303
0.000003
0.231634
0.130653
0.000000
0.000030
0.090535
0.000000
0.000000
0.101413
0.220452
0.018883
0.000065
0.390021
0.003965
0.042685
0.001556
0.001884
0.000004
0.177160
0.000002
0.056750
0.000002
0.096609
0.021859
0.001149
0.004288
0.001922
0.000001
0.000060
0.032199
0.318816
0.005578
0.000016
0.566341
0.220452
0.220452
0.005578
0.196422
0.048208
0.117048
0.000007
0.034568
0.012670
0.566341
0.000003
0.079397
0.296545
0.241635
0.000648
0.000437
0.000000
0.052999
0.507859
0.000003
0.000005
0.000804
0.000052
0.000001
0.028672
0.766291
0.035500
0.029982
0.019412
0.000004
0.181158
0.027908
0.004164
0.005578
0.312615
0.001092
0.836720
0.014711
0.037099
0.000249
0.151265
0.003965
0.000003
0.436675
0.050328
0.003850
0.015128
0.002255
0.375911
0.000846
0.000000
0.675784
0.103042
0.001149
0.046970
0.033659
0.000172
0.002645
0.001393
0.001687
0.215763
0.246759
0.836720
0.067775
0.000000
0.000000
0.006511
0.390021
0.067775
0.000013
0.002211
0.000003
0.007032
0.000846
0.000011
0.052999
0.027908
0.000002
0.074303
0.940331
0.048208
0.421575
0.076183
0.192150
0.629509
0.000000
0.787927
0.005855
0.000003
0.897436
0.007593
0.196422
0.026438
0.394742
0.151265
0.000092
0.020320
0.000092
0.006325
0.228410
0.074303
0.000000
0.364456
0.000004
0.012317
0.000236
0.000899
0.382926
0.001981
0.021859
0.000532
0.000001
0.000000
0.012670
0.000007
0.017543
0.000010
0.329292
0.063362
0.044980
0.000034
0.000661
0.004637
0.063362
0.076183
0.082732
0.000014
0.006325
0.874110
0.000022
0.001284
0.000000
0.620815
0.002593
0.025970
0.000002
0.050328
0.513281
0.000021
0.306500
0.364456
0.003738
0.008436
0.005418
0.043818
0.000696
0.001184
0.005418
0.000000
0.000092
0.127623
0.346575
0.000609
0.192150
0.007815
0.000004
0.002082
0.005578
0.566341
0.744157
0.090535
0.340005
0.108126
0.390021
0.007032
0.429087
0.005013
0.019412
0.499678
0.101413
0.000178
0.364456
0.038094
0.000193
0.000544
0.203680
0.163153
