0.072465
0.056256
0.318816
0.275424
0.034568
0.382926
0.771705
0.003256
0.801128
0.018706
0.375911
0.566341
0.821730
0.233315
0.082732
0.867378
0.077446
0.421575
0.470257
0.681504
0.166886
0.984769
0.971109
0.907293
0.132684
0.543791
0.233315
0.017543
0.390021
0.491556
0.340005
0.454542
0.082732
0.617854
0.281082
0.808960
0.019230
0.414138
0.316692
0.187953
0.513281
0.098985
0.096609
0.223587
0.001669
0.096609
0.552238
0.713075
0.483494
0.855893
0.951979
0.478214
0.690166
0.848789
0.962240
0.981075
0.346575
0.139014
0.956001
0.362130
0.115226
0.187953
0.187953
0.735726
0.127623
0.771705
0.000094
0.766291
0.371333
0.045761
0.163153
0.001620
0.264363
0.901408
0.667094
0.897436
0.192150
0.199280
0.580543
0.000059
0.535389
0.916674
0.371333
0.744157
0.027908
0.088340
0.766291
0.589144
0.147829
0.922090
0.115226
0.005262
0.543791
0.543791
0.329292
0.333520
0.275424
0.801128
0.974087
0.409279
0.124654
0.000005
0.390021
0.340005
0.096609
0.801128
0.192150
0.543791
0.038094
0.112510
0.543791
0.652656
0.543791
0.060217
0.891273
0.491556
0.483494
0.891273
0.829282
0.150086
0.390021
0.088340
0.018368
0.203680
0.978604
0.390021
0.346575
0.022875
0.735726
0.117048
0.000063
0.000590
0.713075
0.793201
0.290658
0.208158
0.103042
0.704484
0.226757
0.215763
0.727244
0.441715
0.228410
0.612135
0.449423
0.774492
0.986757
0.173237
0.891273
0.603471
0.527033
0.589144
0.594827
0.070668
0.020320
0.580543
0.454542
0.771705
0.306500
0.245003
0.855893
0.626544
0.177160
0.300471
0.658394
0.199280
0.096609
0.211153
0.153566
0.927324
0.821730
0.371333
0.491556
0.346575
0.033659
0.117048
0.375911
0.300471
0.927324
0.589144
0.068911
0.007593
0.269851
0.022875
0.060217
0.421575
0.329292
0.275424
0.241635
0.698805
0.643949
0.612135
0.340005
0.989675
0.947760
0.758020
0.371333
0.255445
0.635244
0.364456
0.063362
0.074303
0.018368
0.147829
0.470257
0.260793
0.048208
0.318816
0.848789
0.000330
0.004164
0.264363
0.640981
0.681504
0.658394
0.612135
0.566341
0.766291
0.829282
0.566341
0.025731
0.787927
0.727244
0.147829
0.855893
0.003559
0.766291
0.449423
0.771705
0.667094
0.841556
0.255445
0.535389
0.127623
0.649688
0.414138
0.521553
0.000210
0.003850
0.041952
0.346575
0.166886
0.713075
0.153566
0.698805
0.119859
0.236593
0.557828
0.884948
0.187953
0.206623
0.346575
0.002146
0.721628
0.713075
0.721628
0.880693
0.170690
0.414138
0.901408
0.163153
0.491556
0.003559
0.483494
0.112510
0.994555
0.002808
0.449423
0.635244
0.612135
0.867378
0.037099
0.409279
0.922090
0.829282
0.233315
0.505064
0.144460
0.597771
0.735726
0.766291
0.401971
0.713075
0.203680
0.177160
0.681504
0.589144
0.535389
0.758020
0.364456
0.000033
0.787927
0.505064
0.491556
0.758020
0.721628
0.971109
0.667094
0.211153
0.017543
0.043818
0.284858
0.758020
0.927324
0.135818
0.214182
0.787927
0.357661
0.787927
0.105557
0.129613
0.357661
0.965738
0.007168
0.357661
0.005110
0.177160
0.260793
0.011106
0.040864
0.779856
0.974087
0.290658
0.535389
0.470257
0.612135
0.027164
0.995551
0.470257
0.860501
0.779856
0.187953
0.290658
0.836720
0.766291
0.535389
0.306500
0.105557
0.441715
0.808960
0.462365
0.177160
0.300471
0.122729
0.375911
0.695863
0.940331
0.300471
0.557828
0.246759
0.306500
0.449423
0.357661
0.505064
0.735726
0.874110
0.891273
0.322949
0.735726
0.951979
0.401971
0.001721
0.079397
0.401971
0.603471
0.009277
0.215763
0.543791
0.735726
0.141156
0.574890
0.368979
0.916674
0.766291
0.695863
0.735726
0.483494
0.157114
0.744157
0.470257
0.246759
0.787927
0.057717
0.841556
0.626544
0.382926
0.643949
0.867378
0.986757
0.574890
0.766291
0.947760
0.620815
0.836720
0.177160
0.962240
0.316692
0.121744
0.250182
0.962240
0.017063
0.421575
0.103042
0.940331
0.449423
0.566341
0.603471
0.003256
0.752533
0.098170
0.022466
0.260793
0.340005
0.039801
0.223587
0.057717
0.549354
0.848789
0.109849
0.335721
0.735726
0.316692
0.228410
0.223587
0.098985
0.505064
0.897436
0.667094
0.535389
0.836720
0.061772
0.841556
0.617854
0.079397
0.612135
0.721628
0.449423
0.329292
0.316692
0.991213
0.144460
0.543791
0.649688
0.667094
0.048208
0.801128
0.635244
0.250182
0.063362
0.011425
0.704484
0.603471
0.808960
0.721628
0.079397
0.033659
0.816691
0.891273
0.449423
0.658394
0.766291
0.496903
0.414138
0.005855
0.357661
0.795913
0.284858
0.434080
0.549354
0.202171
0.414138
0.023508
0.258960
0.055312
0.829282
0.196422
0.109849
0.312615
0.015409
0.033659
0.643949
0.874110
0.916674
0.675784
0.612135
0.612135
0.416665
0.635244
0.035500
0.801128
0.284858
0.007965
0.735726
0.496903
0.025274
0.006325
0.922090
0.127623
0.795913
0.018368
0.088340
0.114294
0.421575
0.462365
0.549354
0.306500
0.215763
0.382926
0.375911
0.947760
0.409279
0.690166
0.306500
0.026438
0.260793
0.499678
0.006832
0.951979
0.557828
0.350951
0.612135
0.795913
0.681504
0.434080
0.238302
0.927324
0.306500
0.236593
0.015409
0.994555
0.779856
0.346575
0.787927
0.163153
0.658394
0.072465
0.557828
0.241635
0.027164
0.848789
0.090535
0.108126
0.025274
0.821730
0.300471
0.399498
0.808960
0.891273
0.163153
0.962240
0.713075
0.107244
0.146673
0.028409
0.401971
0.000145
0.829282
0.735726
0.884948
0.626544
0.090535
0.617854
0.079397
0.695863
0.105557
0.064431
0.927324
0.771705
0.241635
0.462365
0.012670
0.031348
0.735726
0.421575
0.041952
0.060217
