0.000000
0.096609
0.016595
0.018368
0.000012
0.000059
0.855893
0.139014
0.000000
0.003388
0.006511
0.135818
0.015845
0.002725
0.022466
0.067775
0.001421
0.002255
0.223587
0.658394
0.013654
0.000001
0.589144
0.371333
0.275424
0.552238
0.009546
0.008436
0.521553
0.002324
0.000006
0.003289
0.000006
0.000872
0.000085
0.589144
0.897436
0.215763
0.014711
0.098985
0.003559
0.499678
0.000040
0.007815
0.000002
0.000229
0.024158
0.025970
0.074303
0.056750
0.690166
0.000516
0.019412
0.652656
0.580543
0.025274
0.000092
0.897436
0.170690
0.401971
0.144460
0.215763
0.884948
0.220452
0.000005
0.074303
0.103042
0.157114
0.364456
0.018883
0.000000
0.003666
0.063362
0.371333
0.449423
0.044980
0.007032
0.296545
0.008197
0.421575
0.667094
0.109849
0.000804
0.151265
0.004288
0.025274
0.025970
0.004164
0.056750
0.079397
0.192150
0.050328
0.897436
0.002593
0.124654
0.011974
0.019412
0.130653
0.069506
0.795913
0.414138
0.056750
0.000628
0.043818
0.620815
0.643949
0.000609
0.009822
0.000000
0.353229
0.246759
0.122729
0.667094
0.038094
0.000217
0.698805
0.603471
0.001149
0.758020
0.236593
0.037099
0.000000
0.816691
0.094284
0.382926
0.329292
0.002395
0.566341
0.521553
0.003193
0.008197
0.009104
0.246759
0.874110
0.457201
0.208158
0.144460
0.001774
0.019230
0.000000
0.008197
0.000042
0.215763
0.035500
0.006325
0.000002
0.096609
0.000012
0.000044
0.001556
0.042685
0.368979
0.139014
0.000085
0.030798
0.187953
0.000002
0.000115
0.009822
0.007815
0.000000
0.122729
0.483494
0.329292
0.000976
0.000013
0.028409
0.081393
0.566341
0.260793
0.022875
0.000740
0.135818
0.713075
0.371333
0.079397
0.635244
0.000136
0.390021
0.913005
0.713075
0.000009
0.375911
0.521553
0.000000
0.183833
0.620815
0.105557
0.000003
0.033659
0.260793
0.021268
0.006028
0.002211
0.122729
0.064431
0.907293
0.000113
0.000034
0.000075
0.000740
0.001721
0.003039
0.100580
0.003039
0.340005
0.000829
0.064990
0.000058
0.112510
0.322949
0.978604
0.039801
0.000946
0.449423
0.000040
0.000007
0.147829
0.160731
0.735726
0.003131
0.000000
0.001828
0.603471
0.003039
0.086919
0.000109
0.000002
0.051648
0.000946
0.119859
0.122729
0.020320
0.000123
0.000001
0.135818
0.001393
0.011425
0.181158
0.007593
0.001687
0.000001
0.001149
0.000740
0.787927
0.241635
0.001149
0.000000
0.346575
0.001636
0.000000
0.371333
0.000095
0.018036
0.011974
0.735726
0.040864
0.051648
0.000015
0.029186
0.185229
0.006325
0.470257
0.000089
0.848789
0.470257
0.004637
0.018883
0.051648
0.000004
0.491556
0.004043
0.192150
0.000123
0.055312
0.266225
0.025970
0.004164
0.284858
0.478214
0.000092
0.000215
0.050328
0.098985
0.001828
0.000021
0.001393
0.004637
0.000000
0.228410
0.000153
0.000001
0.002950
0.643949
0.001172
0.029982
0.246759
0.119859
0.000000
0.170690
0.935597
0.166886
0.192150
0.015128
0.375911
0.513281
0.015845
0.829282
0.183833
0.005013
0.000000
0.014711
0.010900
0.000000
0.074303
0.086919
0.000000
0.003559
0.228410
0.000010
0.357661
0.008197
0.002808
0.011425
0.151265
0.211153
0.084803
0.092778
0.574890
0.436675
0.135818
0.166886
0.103042
0.000578
0.675784
0.499678
0.003193
0.006325
0.549354
0.449423
0.913005
0.000872
0.081393
0.000001
0.233315
0.008847
0.008197
0.215763
0.000145
0.000182
0.094284
0.000330
0.043818
0.721628
0.478214
0.018883
0.416665
0.046970
0.101413
0.105557
0.566341
0.000134
0.001149
0.011753
0.029982
0.042685
0.000229
0.000022
0.002808
0.001922
0.000000
0.449423
0.177160
0.192150
0.139014
0.698805
0.011974
0.275424
0.001059
0.000000
0.034568
0.059212
0.017543
0.000052
0.096609
0.027908
0.836720
0.059212
0.000000
0.070668
0.000002
0.043818
0.401971
0.082732
0.521553
0.064990
0.306500
0.001828
0.006511
0.000000
0.007239
0.033071
0.060743
0.000123
0.000065
0.004043
0.002324
0.000000
0.007593
0.478214
0.001922
0.000976
0.040864
0.434080
0.203680
0.312615
0.371333
0.008197
0.462365
0.233315
0.499678
0.296545
0.037099
0.029186
0.000027
0.013654
0.000001
0.340005
0.086192
0.000029
0.203680
0.855893
0.290658
0.009368
0.010106
0.098985
0.947760
0.306500
0.571972
0.105557
0.203680
0.346575
0.072465
0.290658
0.296545
0.042685
0.000158
0.042685
0.251967
0.681504
0.000163
0.043818
0.296545
0.000019
0.001510
0.130653
0.003666
0.000055
0.014711
0.002146
0.010900
0.000976
0.017543
0.000097
0.135818
0.721628
0.364456
0.096609
0.060743
0.022466
0.603471
0.000000
0.139014
0.001636
0.007593
0.014305
0.069506
0.001284
0.000002
0.074303
0.063362
0.157114
0.002593
0.002950
0.061772
0.002808
0.000000
0.020320
0.021859
0.000044
0.127623
0.043818
0.000055
0.011753
0.013654
0.109849
0.698805
0.084803
0.241635
0.003666
0.002395
0.030798
0.771705
0.022875
0.003926
0.000004
0.002255
0.013276
0.816691
0.255445
0.529876
0.010106
0.312615
0.704484
0.260793
0.364456
0.074303
0.011425
0.127623
0.063362
0.055312
0.713075
0.001092
0.187953
0.000001
0.004288
0.174566
0.001687
0.021859
0.103042
0.000069
0.053907
0.008197
0.000424
0.004288
0.038094
0.139014
0.000005
0.000000
0.457201
0.000001
0.312615
0.000204
0.039801
0.040864
0.127623
0.312615
0.000288
0.357661
0.000004
0.006028
0.478214
0.002324
0.002082
0.025970
0.000461
0.039801
0.187953
0.521553
0.142275
0.848789
0.000016
0.449423
0.000976
0.003388
0.228410
0.874110
0.059212
0.015409
0.000001
0.003388
0.048208
0.009104
0.001687
0.457201
0.429087
