0.279144
0.175815
0.984769
0.540922
0.446787
0.045761
0.406779
0.549354
0.344325
0.540922
0.658394
0.649688
0.197797
0.640981
0.518727
0.380525
0.695863
0.288671
0.603471
0.226757
0.901408
0.267971
0.362130
0.940331
0.279144
0.340005
0.986757
0.713075
0.727244
0.078727
0.284858
0.375911
0.087602
0.513281
0.672823
0.967937
0.202171
0.672823
0.848789
0.446787
0.100580
0.518727
0.967937
0.018706
0.255445
0.749684
0.603471
0.672823
0.406779
0.288671
0.808960
0.540922
0.735726
0.787927
0.672823
0.518727
0.617854
0.771705
0.496903
0.867378
0.434080
0.672823
0.571972
0.467559
0.446787
0.617854
0.333520
0.426518
0.672823
0.718717
0.681504
0.672823
0.038764
0.159490
0.808960
0.557828
0.801128
0.467559
0.118894
0.344325
0.922090
0.173237
0.848789
0.279144
0.965738
0.695863
0.801128
0.446787
0.874110
0.426518
0.414138
0.930673
0.165605
0.793201
0.294528
0.340005
0.226757
0.421575
0.735726
0.571972
0.008597
0.947760
0.867378
0.801128
0.930673
0.518727
0.002517
0.848789
0.713075
0.997586
0.181158
0.368979
0.320806
0.557828
0.169385
0.535389
0.779856
0.713075
0.454542
0.580543
0.771705
0.848789
0.518727
0.549354
0.104694
0.134742
0.357661
0.594827
0.543791
0.930673
0.672823
0.566341
0.557828
0.294528
0.327120
0.098170
0.206623
0.316692
0.935597
0.758020
0.571972
0.279144
0.267971
0.496903
0.253642
0.467559
0.771705
0.527033
0.467559
0.801128
0.571972
0.368979
0.496903
0.930673
0.779856
0.704484
0.320806
0.518727
0.467559
0.594827
0.171915
0.426518
0.681504
0.399498
0.399498
0.841556
0.695863
0.483494
0.327120
0.446787
0.891273
0.357661
0.860501
0.159490
0.704484
0.527033
0.475494
0.475494
0.771705
0.264363
0.580543
0.594827
0.245003
0.718717
0.206623
0.718717
0.434080
0.173237
0.199280
0.540922
0.143326
0.672823
0.344325
0.304435
0.454542
0.333520
0.549354
0.434080
0.454542
0.304435
0.549354
0.681504
0.253642
0.916674
0.951979
0.793201
0.426518
0.771705
0.253642
0.991213
0.209600
0.848789
0.540922
0.467559
0.475494
0.617854
0.518727
0.279144
0.141156
0.273514
0.462365
0.884948
0.527033
0.549354
0.269851
0.117048
0.617854
0.571972
0.505064
0.294528
0.557828
0.344325
0.787927
0.340005
0.971109
0.475494
0.414138
0.320806
0.322949
0.214182
0.056256
0.258960
0.771705
0.380525
0.958545
0.935597
0.467559
0.695863
0.226757
0.467559
0.821730
0.026438
0.758020
0.211153
0.304435
0.518727
0.194957
0.159490
0.617854
0.175815
0.020692
0.594827
0.116102
0.483494
0.690166
0.304435
0.594827
0.749684
0.340005
0.380525
0.749684
0.814067
0.255445
0.150086
0.766291
0.758020
0.704484
0.414138
0.626544
0.801128
0.860501
0.922090
0.344325
0.984769
0.672823
0.368979
0.916674
0.197797
0.718717
0.867378
0.382926
0.935597
0.801128
0.549354
0.594827
0.535389
0.250182
0.848789
0.540922
0.496903
0.566341
0.860501
0.571972
0.612135
0.867378
0.454542
0.771705
0.078727
0.557828
0.399498
0.540922
0.241635
0.092008
0.617854
0.916674
0.940331
0.294528
0.821730
0.626544
0.571972
0.617854
0.475494
0.848789
0.978604
0.467559
0.594827
0.284858
0.483494
0.518727
0.771705
0.891273
0.406779
0.023291
0.446787
0.594827
0.264363
0.603471
0.190711
0.867378
0.672823
0.667094
0.867378
0.454542
0.749684
0.695863
0.718717
0.991213
0.749684
0.951979
0.808960
0.380525
0.505064
0.518727
0.294528
0.984769
0.695863
0.867378
0.626544
0.475494
0.901408
0.344325
0.186540
0.640981
0.640981
0.362130
0.771705
0.672823
0.394742
0.518727
0.930673
0.300471
0.681504
0.540922
0.288671
0.518727
0.310521
0.947760
0.387593
0.362130
0.649688
0.399498
0.467559
0.467559
0.104694
0.446787
0.320806
0.357661
0.226757
0.340005
0.549354
0.258960
0.658394
0.350951
0.258960
0.434080
0.446787
0.640981
0.446787
0.667094
0.284858
0.327120
0.749684
0.288671
0.505064
0.112510
0.771705
0.749684
0.146673
0.406779
0.594827
0.253642
0.749684
0.441715
0.310521
0.236593
0.239907
0.626544
0.718717
0.998463
0.483494
0.454542
0.901408
0.183833
0.226757
0.580543
0.727244
0.406779
0.071848
0.197797
0.518727
0.571972
0.362130
0.527033
0.209600
0.060217
0.273514
0.387593
0.350951
0.362130
0.368979
0.421575
0.649688
0.214182
0.927324
0.505064
0.649688
0.194957
0.571972
0.449423
0.060217
0.320806
0.758020
0.649688
0.258960
0.571972
0.901408
0.860501
0.749684
0.594827
0.245003
0.446787
0.884948
0.483494
0.640981
0.279144
0.346575
0.467559
0.994555
0.821730
0.155897
0.294528
0.891273
0.380525
0.475494
0.131630
0.779856
0.116102
0.454542
0.878466
0.649688
0.290658
0.907293
0.505064
0.100580
0.704484
0.787927
0.475494
0.446787
0.801128
0.088340
0.284858
0.779856
0.327120
0.518727
0.848789
0.214182
0.496903
0.793201
0.304435
0.727244
0.284858
0.186540
0.549354
0.989675
0.169385
0.672823
0.793201
0.380525
0.758020
0.333520
0.749684
0.640981
0.214182
0.771705
0.483494
0.527033
0.771705
0.197797
0.727244
0.362130
0.580543
0.434080
0.171915
0.467559
0.086192
0.496903
0.626544
0.801128
0.749684
0.867378
0.258960
0.617854
0.426518
0.426518
0.320806
0.841556
0.749684
0.199280
0.496903
0.749684
0.718717
0.320806
0.214182
0.758020
0.801128
0.446787
0.935597
0.603471
0.878466
0.540922
0.483494
0.333520
0.848789
0.640981
0.801128
0.483494
0.758020
0.394742
0.362130
0.672823
0.978604
0.672823
0.617854
0.947760
0.475494
0.749684
0.916674
0.635244
0.467559
0.841556
0.749684
0.264363
0.540922
0.344325
0.594827
0.962240
