0.000000
0.000000
0.000294
0.000193
0.000041
0.000000
0.000000
0.000000
0.000000
0.000000
0.000000
0.000200
0.000002
0.000000
0.000000
0.000000
0.000000
0.000000
0.000000
0.000000
0.000000
0.000000
0.000000
0.000000
0.000000
0.000000
0.000000
0.004084
0.000000
0.000000
0.000000
0.000000
0.000000
0.007593
0.000000
0.000003
0.000000
0.000490
0.000000
0.000000
0.000001
0.000000
0.000000
0.000000
0.000330
0.000000
0.000000
0.000000
0.001981
0.010900
0.000415
0.147829
0.000049
0.000113
0.000000
0.000000
0.001092
0.000000
0.000000
0.000000
0.000004
0.000000
0.006028
0.051648
0.013276
0.000000
0.000008
0.000010
0.029982
0.000015
0.000000
0.147829
0.000000
0.000000
0.000000
0.000000
0.000001
0.000014
0.000001
0.000000
0.000000
0.000000
0.000000
0.000044
0.000000
0.000976
0.000000
0.000000
0.000007
0.000000
0.000000
0.000000
0.000000
0.000000
0.000000
0.000000
0.000178
0.208158
0.000145
0.010106
0.064990
0.658394
0.000000
0.000000
0.030798
0.000000
0.000003
0.000516
0.130653
0.000000
0.007239
0.000000
0.000000
0.000000
0.009104
0.529876
0.000058
0.002211
0.000018
0.000001
0.000000
0.000000
0.000000
0.003559
0.000001
0.001284
0.000000
0.008847
0.000000
0.000000
0.002593
0.000000
0.000000
0.000116
0.000000
0.000000
0.000000
0.000000
0.000000
0.000001
0.000001
0.000000
0.000000
0.000000
0.000000
0.000001
0.000000
0.000000
0.001184
0.000001
0.000000
0.000000
0.000000
0.000000
0.000000
0.000000
0.000000
0.000000
0.000000
0.000000
0.000000
0.000000
0.000000
0.000000
0.000000
0.000000
0.000000
0.000000
0.000000
0.208158
0.000000
0.208158
0.000044
0.000004
0.000210
0.390021
0.015845
0.000000
0.000000
0.000006
0.000016
0.124654
0.035500
0.000829
0.013032
0.000000
0.000000
0.000000
0.001310
0.000000
0.005162
0.000415
0.000000
0.000000
0.000000
0.000000
0.000092
0.000000
0.000000
0.000000
0.000023
0.000000
0.000000
0.000001
0.000000
0.000000
0.000000
0.000000
0.000000
0.000000
0.000000
0.000000
0.000000
0.000045
0.000000
0.000000
0.000000
0.000002
0.000001
0.000000
0.007815
0.000000
0.000000
0.000000
0.000027
0.000019
0.000000
0.010900
0.000134
0.000000
0.000000
0.000005
0.000001
0.000138
0.000000
0.000000
0.000001
0.000008
0.000000
0.000000
0.000000
0.000000
0.000000
0.000000
0.000000
0.000000
0.000000
0.000000
0.000000
0.000000
0.000000
0.000000
0.000000
0.000000
0.000000
0.000000
0.000000
0.000000
0.000000
0.000000
0.000000
0.000000
0.000000
0.000000
0.000000
0.000210
0.000000
0.000040
0.011753
0.003289
0.000002
0.000000
0.004164
0.752533
0.000000
0.003965
0.000047
0.000000
0.012670
0.000000
0.000001
0.000035
0.000000
0.000000
0.012317
0.000000
0.000000
0.000000
0.000017
0.000000
0.000119
0.000123
0.000001
0.000002
0.000000
0.000000
0.000053
0.000024
0.000000
0.002950
0.000000
0.000000
0.000000
0.001436
0.000000
0.000000
0.000000
0.000000
0.000000
0.000000
0.000000
0.000002
0.000000
0.000163
0.000178
0.000000
0.000005
0.000829
0.000002
0.000000
0.000682
0.000000
0.000001
0.000000
0.000012
0.000003
0.001393
0.000000
0.000000
0.000490
0.000000
0.000000
0.006511
0.000005
0.000065
0.000011
0.000007
0.000000
0.022466
0.000000
0.000004
0.000003
0.000249
0.000352
0.000009
0.000032
0.000000
0.000044
0.000341
0.000000
0.000000
0.000000
0.000597
0.000000
0.002041
0.000000
0.004288
0.000000
0.000370
0.000000
0.000000
0.000000
0.000000
0.000000
0.000000
0.000000
0.000000
0.000000
0.000000
0.000000
0.000000
0.000000
0.000000
0.000000
0.000000
0.000000
0.000000
0.000000
0.000000
0.000000
0.000000
0.000000
0.000000
0.000000
0.000000
0.000000
0.000000
0.000000
0.000000
0.000000
0.000000
0.000000
0.000000
0.000000
0.000000
0.000000
0.000000
0.000001
0.000000
0.000000
0.000000
0.000000
0.000000
0.000000
0.000004
0.000000
0.000000
0.000000
0.000000
0.000000
0.000012
0.000000
0.000000
0.000000
0.000000
0.000000
0.000000
0.000000
0.000000
0.000000
0.000004
0.000000
0.000000
0.000003
0.000003
0.000000
0.000000
0.000000
0.000000
0.000000
0.000000
0.000000
0.000001
0.000019
0.000740
0.000001
0.436675
0.000000
0.000020
0.000000
0.000003
0.019412
0.000000
0.000010
0.000001
0.000532
0.000008
0.000000
0.000018
0.000038
0.000011
0.000000
0.000065
0.000000
0.000000
0.000000
0.000927
0.000000
0.000000
0.000000
0.000013
0.000000
0.000000
0.000000
0.000000
0.000001
0.000000
0.000000
0.000000
0.000000
0.000000
0.000000
0.000000
0.000184
0.000000
0.000001
0.000000
0.000004
0.000000
0.000000
0.000000
0.000000
0.001184
0.000000
0.000030
0.000044
0.000005
0.000000
0.000000
0.000000
0.000000
0.000829
0.000005
0.000000
0.000000
0.000000
0.000113
0.000000
0.000000
0.000000
0.000000
0.000000
0.000000
0.000000
0.000000
0.000000
0.000000
0.001687
0.000000
0.000000
0.000000
0.000000
0.000000
0.000000
0.000257
0.000000
0.000012
0.000000
0.000000
0.000000
0.000000
0.000019
0.000000
0.000000
0.000001
0.000000
0.000000
0.000257
0.000000
0.000000
0.000000
0.000000
0.000000
0.000000
0.000000
0.000000
0.000000
0.000000
0.000005
0.000000
0.000000
0.000000
0.000341
0.000000
0.001556
0.000000
0.000000
0.000000
0.000000
0.000050
0.000000
0.000000
0.000000
0.000000
0.000000
0.260793
0.000000
0.000829
0.000011
0.000002
0.000000
0.000000
0.000000
0.335721
0.329292
0.000304
0.000313
0.000000
0.000095
0.000000
0.000004
0.000000
0.000000
0.000000
0.000000
0.000056
