0.304435
0.171915
0.454542
0.518727
0.169385
0.749684
0.518727
0.085471
0.446787
0.563435
0.446787
0.226757
0.617854
0.267971
0.123655
0.197797
0.793201
0.140045
0.197797
0.253642
0.446787
0.320806
0.518727
0.380525
0.771705
0.022663
0.681504
0.841556
0.231634
0.907293
0.930673
0.143326
0.380525
0.594827
0.718717
0.209600
0.161896
0.258960
0.380525
0.197797
0.239907
0.649688
0.344325
0.535389
0.183833
0.140045
0.947760
0.258960
0.967937
0.161896
0.344325
0.540922
0.467559
0.304435
0.801128
0.454542
0.310521
0.793201
0.571972
0.758020
0.695863
0.231634
0.406779
0.327120
0.269851
0.245003
0.362130
0.327120
0.518727
0.640981
0.380525
0.867378
0.467559
0.350951
0.387593
0.288671
0.540922
0.449423
0.475494
0.250182
0.713075
0.186540
0.273514
0.594827
0.045355
0.867378
0.099752
0.557828
0.226757
0.320806
0.406779
0.617854
0.426518
0.527033
0.337784
0.594827
0.304435
0.454542
0.171915
0.978604
0.704484
0.255445
0.841556
0.594827
0.758020
0.414138
0.994555
0.209600
0.518727
0.771705
0.930673
0.089781
0.718717
0.300471
0.695863
0.061238
0.155897
0.695863
0.434080
0.187953
0.344325
0.380525
0.253642
0.626544
0.978604
0.935597
0.518727
0.209600
0.206623
0.626544
0.387593
0.169385
0.496903
0.505064
0.594827
0.387593
0.549354
0.617854
0.594827
0.626544
0.916674
0.171915
0.603471
0.860501
0.209600
0.446787
0.209600
0.171915
0.171915
0.161896
0.617854
0.467559
0.197797
0.171915
0.085471
0.426518
0.467559
0.467559
0.106369
0.070065
0.304435
0.063876
0.106369
0.123655
0.239907
0.320806
0.063876
0.540922
0.695863
0.467559
0.848789
0.884948
0.527033
0.505064
0.150086
0.074897
0.375911
0.387593
0.197797
0.672823
0.362130
0.841556
0.462365
0.801128
0.681504
0.068911
0.626544
0.231634
0.368979
0.594827
0.446787
0.203680
0.209600
0.171915
0.540922
0.226757
0.821730
0.304435
0.649688
0.540922
0.540922
0.106369
0.131630
0.848789
0.672823
0.426518
0.518727
0.540922
0.304435
0.475494
0.380525
0.362130
0.640981
0.446787
0.426518
0.143326
0.718717
0.387593
0.749684
0.518727
0.841556
0.171915
0.362130
0.771705
0.727244
0.294528
0.304435
0.571972
0.771705
0.350951
0.771705
0.245003
0.971109
0.907293
0.099752
0.626544
0.617854
0.327120
0.649688
0.527033
0.518727
0.821730
0.387593
0.239907
0.253642
0.209600
0.239907
0.467559
0.771705
0.549354
0.617854
0.467559
0.108955
0.362130
0.727244
0.496903
0.594827
0.878466
0.344325
0.161896
0.304435
0.267971
0.140045
0.446787
0.793201
0.801128
0.171915
0.426518
0.421575
0.557828
0.380525
0.214182
0.008597
0.718717
0.223587
0.749684
0.635244
0.958545
0.658394
0.527033
0.434080
0.626544
0.380525
0.594827
0.505064
0.406779
0.594827
0.364456
0.727244
0.617854
0.978604
0.617854
0.253642
0.496903
0.496903
0.127623
0.496903
0.771705
0.878466
0.209600
0.626544
0.273514
0.475494
0.368979
0.901408
0.304435
0.327120
0.171915
0.267971
0.771705
0.267971
0.594827
0.221961
0.426518
0.206623
0.085471
0.231634
0.426518
0.841556
0.594827
0.563435
0.344325
0.171915
0.540922
0.171915
0.518727
0.749684
0.406779
0.867378
0.540922
0.771705
0.594827
0.467559
0.446787
0.362130
0.978604
0.387593
0.518727
0.362130
0.860501
0.821730
0.801128
0.695863
0.793201
0.483494
0.084092
0.273514
0.462365
0.380525
0.594827
0.344325
0.821730
0.496903
0.563435
0.962240
0.462365
0.467559
0.399498
0.344325
0.380525
0.540922
0.209600
0.571972
0.771705
0.426518
0.771705
0.197797
0.320806
0.603471
0.406779
0.209600
0.454542
0.467559
0.399498
0.467559
0.540922
0.099752
0.527033
0.123655
0.304435
0.320806
0.267971
0.467559
0.143326
0.434080
0.467559
0.380525
0.304435
0.123655
0.106369
0.446787
0.527033
0.380525
0.496903
0.171915
0.695863
0.563435
0.304435
0.123655
0.380525
0.406779
0.085471
0.106369
0.446787
0.446787
0.161896
0.161896
0.594827
0.434080
0.143326
0.226757
0.617854
0.467559
0.076791
0.801128
0.540922
0.640981
0.197797
0.454542
0.273514
0.718717
0.916674
0.771705
0.916674
0.617854
0.718717
0.617854
0.245003
0.446787
0.253642
0.197797
0.540922
0.267971
0.695863
0.658394
0.190711
0.426518
0.718717
0.704484
0.771705
0.771705
0.496903
0.434080
0.344325
0.467559
0.344325
0.617854
0.594827
0.226757
0.571972
0.505064
0.446787
0.695863
0.106369
0.320806
0.695863
0.171915
0.527033
0.209600
0.226757
0.421575
0.496903
0.758020
0.171915
0.267971
0.878466
0.116102
0.446787
0.958545
0.540922
0.779856
0.239907
0.749684
0.197797
0.197797
0.310521
0.387593
0.197797
0.380525
0.467559
0.380525
0.475494
0.916674
0.143326
0.226757
0.860501
0.801128
0.380525
0.467559
0.681504
0.571972
0.848789
0.467559
0.594827
0.123655
0.143326
0.209600
0.483494
0.344325
0.841556
0.540922
0.518727
0.197797
0.333520
0.253642
0.540922
0.878466
0.116102
0.518727
0.123655
0.320806
0.161896
0.380525
0.387593
0.884948
0.279144
0.441715
0.123655
0.571972
0.617854
0.316692
0.571972
0.518727
0.380525
0.901408
0.399498
0.571972
0.446787
0.475494
0.672823
0.344325
0.718717
0.571972
0.344325
0.226757
0.540922
0.695863
0.649688
0.571972
0.333520
0.434080
0.171915
0.426518
0.406779
0.967937
0.496903
0.380525
0.087602
0.116102
0.467559
0.518727
0.603471
0.626544
0.446787
0.380525
0.640981
0.197797
0.695863
0.253642
0.320806
0.214182
0.672823
0.649688
0.269851
0.394742
0.496903
0.406779
0.197797
0.749684
0.362130
0.779856
0.399498
0.467559
0.727244
0.695863
0.916674
