0.617854
0.267971
0.617854
0.320806
0.540922
0.226757
0.253642
0.446787
0.496903
0.155897
0.672823
0.718717
0.320806
0.171915
0.580543
0.617854
0.518727
0.860501
0.050745
0.571972
0.446787
0.771705
0.426518
0.841556
0.106369
0.253642
0.947760
0.434080
0.649688
0.771705
0.015263
0.695863
0.337784
0.681504
0.758020
0.727244
0.658394
0.543791
0.102197
0.658394
0.821730
0.930673
0.681504
0.421575
0.549354
0.022663
0.116102
0.841556
0.362130
0.540922
0.884948
0.399498
0.867378
0.672823
0.226757
0.344325
0.039445
0.749684
0.505064
0.294528
0.049040
0.518727
0.446787
0.626544
0.672823
0.161896
0.518727
0.884948
0.491556
0.304435
0.848789
0.273514
0.801128
0.594827
0.580543
0.672823
0.922090
0.617854
0.310521
0.171915
0.594827
0.197797
0.749684
0.426518
0.294528
0.387593
0.143326
0.221961
0.779856
0.304435
0.617854
0.426518
0.967937
0.239907
0.454542
0.916674
0.947760
0.958545
0.406779
0.340005
0.362130
0.971109
0.239907
0.571972
0.713075
0.549354
0.031906
0.829282
0.426518
0.362130
0.626544
0.518727
0.380525
0.535389
0.626544
0.491556
0.132684
0.137917
0.779856
0.518727
0.718717
0.626544
0.426518
0.380525
0.640981
0.279144
0.496903
0.513281
0.236593
0.362130
0.718717
0.214182
0.310521
0.320806
0.527033
0.793201
0.718717
0.131630
0.273514
0.617854
0.380525
0.406779
0.171915
0.540922
0.617854
0.540922
0.123655
0.209600
0.387593
0.475494
0.749684
0.563435
0.231634
0.197797
0.475494
0.446787
0.617854
0.267971
0.518727
0.304435
0.085471
0.161896
0.399498
0.033354
0.984769
0.518727
0.771705
0.446787
0.527033
0.153566
0.713075
0.061238
0.518727
0.695863
0.241635
0.454542
0.294528
0.226757
0.159490
0.426518
0.874110
0.067195
0.681504
0.801128
0.380525
0.695863
0.549354
0.078727
0.475494
0.387593
0.175815
0.306500
0.089781
0.475494
0.434080
0.258960
0.070668
0.316692
0.414138
0.106369
0.267971
0.434080
0.814067
0.505064
0.749684
0.540922
0.197797
0.617854
0.594827
0.344325
0.841556
0.446787
0.406779
0.454542
0.695863
0.916674
0.749684
0.475494
0.206623
0.288671
0.005968
0.571972
0.086192
0.310521
0.380525
0.088340
0.333520
0.267971
0.475494
0.267971
0.867378
0.304435
0.821730
0.513281
0.414138
0.994555
0.320806
0.771705
0.549354
0.304435
0.406779
0.594827
0.467559
0.123655
0.901408
0.267971
0.467559
0.320806
0.250182
0.226757
0.594827
0.087602
0.362130
0.540922
0.255445
0.143326
0.640981
0.239907
0.267971
0.821730
0.320806
0.540922
0.209600
0.718717
0.549354
0.143326
0.594827
0.434080
0.681504
0.163153
0.294528
0.320806
0.727244
0.406779
0.058699
0.505064
0.362130
0.211153
0.951979
0.434080
0.958545
0.491556
0.214182
0.483494
0.245003
0.310521
0.171915
0.273514
0.540922
0.860501
0.310521
0.672823
0.340005
0.344325
0.779856
0.197797
0.267971
0.344325
0.171915
0.518727
0.594827
0.171915
0.557828
0.446787
0.549354
0.518727
0.649688
0.304435
0.841556
0.085471
0.320806
0.749684
0.143326
0.496903
0.362130
0.695863
0.758020
0.209600
0.535389
0.793201
0.704484
0.406779
0.718717
0.333520
0.071848
0.741289
0.594827
0.146673
0.878466
0.571972
0.197797
0.626544
0.300471
0.258960
0.617854
0.518727
0.082037
0.617854
0.681504
0.253642
0.549354
0.186540
0.362130
0.549354
0.617854
0.267971
0.454542
0.375911
0.741289
0.496903
0.426518
0.221961
0.095811
0.793201
0.901408
0.884948
0.821730
0.426518
0.801128
0.594827
0.454542
0.467559
0.304435
0.304435
0.304435
0.446787
0.186540
0.594827
0.540922
0.267971
0.197797
0.288671
0.197797
0.626544
0.171915
0.617854
0.649688
0.446787
0.209600
0.617854
0.793201
0.344325
0.320806
0.505064
0.197797
0.380525
0.267971
0.617854
0.649688
0.362130
0.171915
0.131630
0.496903
0.380525
0.505064
0.617854
0.344325
0.320806
0.080027
0.267971
0.399498
0.475494
0.344325
0.527033
0.320806
0.406779
0.984769
0.239907
0.253642
0.467559
0.617854
0.571972
0.594827
0.209600
0.860501
0.399498
0.718717
0.171915
0.362130
0.202171
0.571972
0.779856
0.695863
0.695863
0.426518
0.496903
0.368979
0.380525
0.989675
0.362130
0.649688
0.107244
0.841556
0.626544
0.681504
0.449423
0.958545
0.672823
0.505064
0.860501
0.304435
0.612135
0.771705
0.267971
0.947760
0.304435
0.535389
0.640981
0.821730
0.143326
0.527033
0.540922
0.978604
0.617854
0.202171
0.557828
0.387593
0.540922
0.518727
0.518727
0.617854
0.626544
0.426518
0.540922
0.186540
0.594827
0.310521
0.406779
0.496903
0.947760
0.304435
0.267971
0.304435
0.540922
0.209600
0.475494
0.640981
0.958545
0.406779
0.264363
0.056256
0.626544
0.935597
0.116102
0.399498
0.540922
0.496903
0.253642
0.967937
0.231634
0.239907
0.483494
0.658394
0.907293
0.454542
0.672823
0.175815
0.197797
0.594827
0.860501
0.304435
0.362130
0.884948
0.649688
0.681504
0.116102
0.197797
0.779856
0.649688
0.718717
0.446787
0.540922
0.380525
0.695863
0.540922
0.617854
0.467559
0.226757
0.267971
0.104694
0.594827
0.771705
0.344325
0.106369
0.067775
0.930673
0.161896
0.779856
0.197797
0.197797
0.540922
0.922090
0.518727
0.406779
0.603471
0.140045
0.071848
0.288671
0.218844
0.617854
0.414138
0.320806
0.801128
0.467559
0.171915
0.320806
0.320806
0.300471
0.922090
0.749684
0.267971
0.380525
0.267971
0.104694
0.475494
0.658394
0.758020
0.496903
0.884948
0.267971
0.211153
0.594827
0.496903
0.426518
0.935597
0.617854
0.362130
0.221961
0.394742
0.718717
0.801128
0.221961
0.535389
0.649688
0.779856
0.250182
