0.930673
0.841556
0.727244
0.620815
0.406779
0.829282
0.649688
0.491556
0.808960
0.779856
0.467559
0.505064
0.077446
0.681504
0.695863
0.801128
0.848789
0.214182
0.981075
0.998868
0.496903
0.848789
0.626544
0.635244
0.704484
0.658394
0.713075
0.057717
0.557828
0.053907
0.269851
0.449423
0.986757
0.626544
0.429087
0.203680
0.930673
0.695863
0.144460
0.368979
0.107244
0.340005
0.320806
0.394742
0.296545
0.153566
0.884948
0.505064
0.594827
0.779856
0.916674
0.344325
0.749684
0.203680
0.758020
0.215763
0.793201
0.589144
0.273514
0.549354
0.829282
0.183833
0.758020
0.626544
0.496903
0.779856
0.749684
0.721628
0.446787
0.704484
0.316692
0.159490
0.787927
0.947760
0.245003
0.357661
0.255445
0.144460
0.821730
0.540922
0.094284
0.215763
0.749684
0.284858
0.000182
0.681504
0.014711
0.603471
0.735726
0.874110
0.907293
0.223587
0.649688
0.787927
0.821730
0.901408
0.907293
0.841556
0.907293
0.505064
0.779856
0.916674
0.499678
0.935597
0.667094
0.194957
0.030518
0.401971
0.505064
0.658394
0.998463
0.779856
0.658394
0.010009
0.991213
0.462365
0.129613
0.426518
0.362130
0.491556
0.916674
0.211153
0.118894
0.704484
0.695863
0.867378
0.643949
0.658394
0.401971
0.401971
0.749684
0.901408
0.036127
0.496903
0.971109
0.329292
0.848789
0.245003
0.935597
0.744157
0.255445
0.749684
0.454542
0.971109
0.617854
0.878466
0.527033
0.971109
0.527033
0.086192
0.281082
0.649688
0.801128
0.344325
0.690166
0.290658
0.518727
0.771705
0.779856
0.300471
0.454542
0.635244
0.718717
0.434080
0.549354
0.603471
0.626544
0.387593
0.344325
0.626544
0.916674
0.836720
0.901408
0.535389
0.114294
0.414138
0.549354
0.199280
0.690166
0.787927
0.848789
0.935597
0.617854
0.667094
0.491556
0.841556
0.316692
0.220452
0.922090
0.401971
0.340005
0.801128
0.155897
0.571972
0.306500
0.718717
0.848789
0.713075
0.779856
0.635244
0.603471
0.549354
0.695863
0.704484
0.005262
0.884948
0.157114
0.513281
0.322949
0.848789
0.426518
0.951979
0.253642
0.841556
0.735726
0.681504
0.779856
0.594827
0.594827
0.518727
0.594827
0.010298
0.375911
0.267971
0.984769
0.518727
0.836720
0.971109
0.658394
0.771705
0.132684
0.368979
0.496903
0.475494
0.048208
0.231634
0.053907
0.518727
0.749684
0.540922
0.505064
0.414138
0.260793
0.322949
0.779856
0.658394
0.704484
0.475494
0.387593
0.231634
0.157114
0.658394
0.771705
0.749684
0.907293
0.603471
0.589144
0.681504
0.916674
0.749684
0.779856
0.064431
0.527033
0.127623
0.901408
0.749684
0.159490
0.758020
0.072465
0.255445
0.434080
0.681504
0.721628
0.215763
0.713075
0.991213
0.829282
0.901408
0.916674
0.153566
0.434080
0.067775
0.518727
0.672823
0.947760
0.223587
0.032771
0.446787
0.333520
0.086192
0.603471
0.758020
0.434080
0.801128
0.057717
0.978604
0.727244
0.350951
0.346575
0.999575
0.557828
0.380525
0.226757
0.597771
0.483494
0.169385
0.250182
0.580543
0.013654
0.250182
0.986757
0.316692
0.132684
0.100580
0.300471
0.571972
0.681504
0.758020
0.121744
0.940331
0.721628
0.603471
0.867378
0.749684
0.211153
0.394742
0.203680
0.867378
0.513281
0.640981
0.727244
0.649688
0.620815
0.258960
0.635244
0.667094
0.874110
0.704484
0.922090
0.681504
0.223587
0.978604
0.681504
0.884948
0.635244
0.779856
0.922090
0.713075
0.483494
0.357661
0.566341
0.635244
0.462365
0.357661
0.848789
0.414138
0.540922
0.779856
0.848789
0.375911
0.333520
0.916674
0.594827
0.984769
0.535389
0.141156
0.350951
0.867378
0.848789
0.867378
0.090535
0.974087
0.695863
0.190711
0.649688
0.333520
0.848789
0.215763
0.258960
0.241635
0.951979
0.060217
0.640981
0.045761
0.143326
0.735726
0.290658
0.031348
0.264363
0.513281
0.399498
0.310521
0.449423
0.672823
0.901408
0.947760
0.535389
0.787927
0.779856
0.947760
0.704484
0.681504
0.540922
0.690166
0.672823
0.947760
0.475494
0.603471
0.475494
0.704484
0.304435
0.387593
0.306500
0.779856
0.475494
0.075538
0.727244
0.891273
0.749684
0.264363
0.406779
0.841556
0.260793
0.310521
0.922090
0.967937
0.681504
0.236593
0.394742
0.704484
0.045761
0.617854
0.787927
0.211153
0.566341
0.984769
0.159490
0.228410
0.535389
0.143326
0.007965
0.375911
0.132684
0.829282
0.735726
0.535389
0.057717
0.758020
0.821730
0.874110
0.907293
0.092008
0.749684
0.930673
0.021268
0.816691
0.603471
0.713075
0.793201
0.304435
0.421575
0.758020
0.808960
0.984769
0.357661
0.061772
0.316692
0.681504
0.535389
0.984769
0.029708
0.626544
0.475494
0.704484
0.364456
0.658394
0.387593
0.549354
0.594827
0.681504
0.978604
0.594827
0.015409
0.253642
0.787927
0.749684
0.571972
0.958545
0.333520
0.603471
0.735726
0.310521
0.170690
0.284858
0.867378
0.667094
0.540922
0.713075
0.971109
0.491556
0.462365
0.617854
0.255445
0.306500
0.034568
0.294528
0.793201
0.496903
0.999892
0.540922
0.867378
0.704484
0.518727
0.978604
0.855893
0.808960
0.571972
0.658394
0.449423
0.571972
0.672823
0.951979
0.518727
0.848789
0.672823
0.841556
0.571972
0.215763
0.695863
0.264363
0.527033
0.246759
0.713075
0.704484
0.672823
0.401971
0.958545
0.848789
0.643949
0.139014
0.340005
0.821730
0.155897
0.169385
0.441715
0.821730
0.821730
0.179787
0.749684
0.449423
0.658394
0.557828
0.855893
0.518727
0.218844
0.867378
0.496903
0.855893
0.951979
0.557828
0.658394
0.518727
0.758020
0.414138
0.821730
0.543791
0.907293
0.704484
0.173237
0.718717
0.549354
0.735726
0.406779
0.779856
0.907293
0.333520
