0.197797
0.406779
0.350951
0.884948
0.617854
0.155897
0.350951
0.841556
0.406779
0.695863
0.037413
0.467559
0.695863
0.446787
0.580543
0.727244
0.267971
0.267971
0.209600
0.901408
0.681504
0.793201
0.253642
0.245003
0.771705
0.106369
0.821730
0.294528
0.549354
0.884948
0.380525
0.197797
0.114294
0.214182
0.549354
0.626544
0.841556
0.320806
0.518727
0.239907
0.571972
0.171915
0.171915
0.029708
0.540922
0.076791
0.496903
0.304435
0.518727
0.446787
0.557828
0.171915
0.603471
0.357661
0.758020
0.626544
0.350951
0.362130
0.141156
0.667094
0.175815
0.245003
0.483494
0.470257
0.441715
0.771705
0.467559
0.454542
0.446787
0.878466
0.947760
0.681504
0.454542
0.640981
0.640981
0.209600
0.344325
0.958545
0.258960
0.557828
0.718717
0.527033
0.380525
0.214182
0.594827
0.300471
0.527033
0.735726
0.446787
0.362130
0.380525
0.594827
0.947760
0.771705
0.316692
0.491556
0.771705
0.253642
0.672823
0.279144
0.984769
0.086192
0.306500
0.681504
0.589144
0.793201
0.421575
0.044581
0.603471
0.505064
0.211153
0.640981
0.779856
0.434080
0.475494
0.779856
0.382926
0.310521
0.446787
0.275424
0.860501
0.226757
0.626544
0.727244
0.387593
0.735726
0.104694
0.294528
0.617854
0.527033
0.104694
0.414138
0.475494
0.483494
0.571972
0.362130
0.821730
0.821730
0.672823
0.540922
0.399498
0.226757
0.239907
0.475494
0.814067
0.267971
0.793201
0.320806
0.399498
0.446787
0.749684
0.209600
0.505064
0.106369
0.793201
0.258960
0.540922
0.320806
0.518727
0.209600
0.253642
0.294528
0.571972
0.399498
0.518727
0.063876
0.362130
0.563435
0.758020
0.304435
0.441715
0.475494
0.999575
0.935597
0.362130
0.304435
0.571972
0.414138
0.916674
0.766291
0.527033
0.304435
0.986757
0.245003
0.801128
0.304435
0.771705
0.518727
0.829282
0.505064
0.300471
0.681504
0.446787
0.821730
0.121744
0.320806
0.594827
0.414138
0.540922
0.171915
0.320806
0.264363
0.462365
0.475494
0.327120
0.640981
0.245003
0.549354
0.288671
0.801128
0.672823
0.380525
0.571972
0.304435
0.050745
0.518727
0.557828
0.049886
0.202171
0.399498
0.667094
0.194957
0.475494
0.231634
0.320806
0.518727
0.540922
0.749684
0.399498
0.357661
0.187953
0.505064
0.236593
0.350951
0.304435
0.916674
0.446787
0.387593
0.362130
0.801128
0.884948
0.483494
0.617854
0.617854
0.414138
0.134742
0.518727
0.320806
0.571972
0.821730
0.327120
0.316692
0.930673
0.399498
0.226757
0.527033
0.300471
0.171915
0.226757
0.475494
0.801128
0.362130
0.649688
0.505064
0.316692
0.434080
0.368979
0.874110
0.092008
0.658394
0.467559
0.505064
0.518727
0.028409
0.344325
0.000918
0.971109
0.362130
0.667094
0.505064
0.394742
0.475494
0.603471
0.617854
0.491556
0.821730
0.054829
0.462365
0.741289
0.860501
0.327120
0.841556
0.406779
0.505064
0.640981
0.566341
0.549354
0.704484
0.649688
0.841556
0.175815
0.867378
0.580543
0.951979
0.836720
0.821730
0.695863
0.518727
0.106369
0.100580
0.667094
0.426518
0.304435
0.294528
0.264363
0.496903
0.571972
0.549354
0.344325
0.640981
0.505064
0.758020
0.649688
0.727244
0.518727
0.557828
0.155897
0.681504
0.190711
0.273514
0.288671
0.935597
0.695863
0.563435
0.304435
0.841556
0.626544
0.226757
0.226757
0.264363
0.387593
0.821730
0.594827
0.958545
0.727244
0.434080
0.860501
0.617854
0.771705
0.143326
0.362130
0.571972
0.771705
0.540922
0.446787
0.179787
0.727244
0.226757
0.218844
0.401971
0.267971
0.467559
0.640981
0.594827
0.649688
0.320806
0.467559
0.320806
0.143326
0.253642
0.426518
0.749684
0.399498
0.446787
0.718717
0.446787
0.380525
0.518727
0.549354
0.540922
0.454542
0.563435
0.209600
0.446787
0.294528
0.029437
0.267971
0.214182
0.399498
0.152372
0.594827
0.165605
0.580543
0.399498
0.288671
0.580543
0.793201
0.695863
0.695863
0.771705
0.267971
0.649688
0.496903
0.327120
0.426518
0.617854
0.446787
0.368979
0.549354
0.518727
0.320806
0.571972
0.603471
0.557828
0.681504
0.467559
0.258960
0.085471
0.603471
0.681504
0.304435
0.695863
0.106369
0.505064
0.935597
0.527033
0.649688
0.426518
0.190711
0.267971
0.603471
0.571972
0.690166
0.793201
0.357661
0.884948
0.518727
0.571972
0.617854
0.518727
0.454542
0.304435
0.032771
0.658394
0.594827
0.695863
0.771705
0.304435
0.406779
0.380525
0.126604
0.121744
0.250182
0.496903
0.704484
0.947760
0.446787
0.320806
0.454542
0.221961
0.434080
0.594827
0.505064
0.095811
0.467559
0.446787
0.672823
0.194957
0.916674
0.253642
0.143326
0.118894
0.475494
0.206623
0.496903
0.426518
0.649688
0.841556
0.821730
0.057215
0.155897
0.571972
0.571972
0.368979
0.704484
0.978604
0.171915
0.380525
0.672823
0.214182
0.801128
0.704484
0.672823
0.535389
0.617854
0.801128
0.793201
0.901408
0.327120
0.549354
0.496903
0.518727
0.916674
0.617854
0.626544
0.221961
0.496903
0.062816
0.434080
0.884948
0.967937
0.594827
0.304435
0.571972
0.496903
0.672823
0.793201
0.814067
0.258960
0.860501
0.165605
0.505064
0.294528
0.062816
0.741289
0.197797
0.475494
0.617854
0.563435
0.186540
0.475494
0.771705
0.749684
0.226757
0.695863
0.496903
0.571972
0.475494
0.123655
0.161896
0.704484
0.901408
0.518727
0.121744
0.434080
0.749684
0.718717
0.344325
0.231634
0.095811
0.779856
0.718717
0.288671
0.540922
0.146673
0.406779
0.426518
0.111596
0.672823
0.640981
0.695863
0.102197
0.640981
0.672823
0.179787
0.273514
0.446787
0.718717
0.362130
0.635244
0.441715
0.971109
0.867378
0.076791
0.626544
0.571972
