0.000000
0.000000
0.816691
0.000628
0.151265
0.000000
0.000005
0.000026
0.000000
0.233315
0.000000
0.997586
0.000236
0.000016
0.033071
0.000025
0.018036
0.036456
0.007239
0.000000
0.371333
0.000009
0.000000
0.002593
0.000000
0.000000
0.000002
0.003039
0.185229
0.036456
0.000123
0.000002
0.000013
0.013276
0.002808
0.000578
0.002808
0.170690
0.000004
0.000009
0.000178
0.000265
0.012090
0.108126
0.529876
0.000829
0.000000
0.000000
0.063362
0.033071
0.151265
0.144460
0.013276
0.001284
0.069506
0.001774
0.346575
0.035500
0.060743
0.620815
0.000313
0.000040
0.014711
0.034568
0.001774
0.000092
0.390021
0.589144
0.951979
0.521553
0.001636
0.022875
0.000000
0.000578
0.000628
0.000000
0.208158
0.457201
0.002041
0.002146
0.001393
0.000003
0.056750
0.067775
0.000000
0.016293
0.000063
0.000023
0.000000
0.066656
0.000001
0.122729
0.000000
0.000007
0.000009
0.000001
0.449423
0.153566
0.032199
0.157114
0.183833
0.284858
0.007593
0.000330
0.003666
0.000000
0.005418
0.022466
0.103042
0.139014
0.457201
0.055312
0.002324
0.281082
0.090535
0.652656
0.000009
0.074303
0.000006
0.000184
0.000004
0.390021
0.059212
0.787927
0.001184
0.000119
0.005855
0.000204
0.044980
0.011753
0.275424
0.015845
0.000004
0.203680
0.001556
0.001149
0.000005
0.000000
0.041952
0.203680
0.016293
0.000000
0.019768
0.030798
0.000009
0.017543
0.012090
0.000000
0.246759
0.000000
0.000038
0.000000
0.000000
0.000000
0.000000
0.000341
0.000012
0.000000
0.000023
0.000000
0.000000
0.000000
0.000000
0.000056
0.133745
0.010106
0.004288
0.000000
0.024158
0.913005
0.000078
0.521553
0.001246
0.013032
0.008197
0.409279
0.421575
0.019768
0.643949
0.119859
0.499678
0.401971
0.002950
0.002146
0.000016
0.064990
0.003388
0.000578
0.000031
0.000000
0.329292
0.003666
0.000000
0.008436
0.000000
0.000000
0.004164
0.008197
0.000000
0.000000
0.011753
0.000000
0.000210
0.002395
0.000000
0.001027
0.033071
0.000829
0.007593
0.017543
0.000000
0.000000
0.000682
0.003965
0.000055
0.002041
0.177160
0.000000
0.027908
0.000119
0.382926
0.014711
0.000002
0.000003
0.014711
0.478214
0.032199
0.246759
0.000134
0.000000
0.022466
0.001687
0.021859
0.000004
0.000304
0.014043
0.000178
0.000040
0.000000
0.000000
0.000475
0.000002
0.003388
0.002395
0.000000
0.000000
0.008682
0.000004
0.006325
0.000075
0.000000
0.000004
0.119859
0.000000
0.000001
0.000265
0.000000
0.000138
0.000007
0.000000
0.000123
0.000005
0.000000
0.000000
0.000004
0.013654
0.098985
0.181158
0.774492
0.080707
0.000119
0.241635
0.059212
0.119859
0.006703
0.020320
0.000053
0.017063
0.552238
0.000210
0.010595
0.079397
0.208158
0.000000
0.322949
0.000003
0.022466
0.000628
0.014711
0.000000
0.228410
0.001059
0.016293
0.000127
0.000000
0.022466
0.457201
0.001922
0.000009
0.038094
0.001556
0.067775
0.000005
0.044980
0.018036
0.000461
0.010900
0.000703
0.000169
0.009104
0.000000
0.721628
0.000236
0.046970
0.015845
0.000370
0.000031
0.056750
0.000030
0.024158
0.281082
0.079397
0.004637
0.006511
0.340005
0.000946
0.003666
0.000000
0.010106
0.010900
0.000024
0.000005
0.037099
0.005013
0.052999
0.203680
0.620815
0.000002
0.491556
0.000023
0.014711
0.001149
0.000061
0.004084
0.033071
0.160731
0.006325
0.643949
0.024158
0.000279
0.013654
0.060743
0.028672
0.040864
0.000011
0.090535
0.290658
0.006028
0.029186
0.010900
0.000000
0.000265
0.000187
0.005162
0.000000
0.000104
0.008197
0.000000
0.000000
0.000010
0.000000
0.000000
0.000002
0.000010
0.001284
0.000018
0.000000
0.000000
0.006703
0.000002
0.000257
0.000000
0.000005
0.000000
0.000000
0.000000
0.020886
0.000000
0.000532
0.000000
0.000000
0.000000
0.000000
0.000000
0.009368
0.006703
0.000000
0.000000
0.000000
0.000000
0.000000
0.000000
0.000578
0.033071
0.002808
0.000000
0.000000
0.000000
0.001922
0.000000
0.002808
0.000578
0.246759
0.002593
0.000002
0.005162
0.014043
0.000178
0.009104
0.000402
0.028672
0.000001
0.000000
0.000013
0.157114
0.001284
0.429087
0.000004
0.000000
0.000000
0.000001
0.001828
0.009822
0.000008
0.009822
0.000001
0.177160
0.000060
0.021268
0.000000
0.082732
0.390021
0.000000
0.001774
0.001981
0.012670
0.177160
0.000000
0.050328
0.074303
0.000008
0.000048
0.139014
0.001092
0.000005
0.000217
0.721628
0.000082
0.000019
0.133745
0.046970
0.003289
0.000000
0.006511
0.014043
0.004503
0.000145
0.000304
0.004288
0.000178
0.000475
0.001006
0.000000
0.574890
0.000304
0.032199
0.000217
0.056256
0.012670
0.000249
0.000058
0.000014
0.017543
0.000024
0.429087
0.014711
0.000703
0.000011
0.000000
0.000016
0.000005
0.017063
0.006511
0.001556
0.001981
0.000000
0.000018
0.000000
0.000304
0.000085
0.006703
0.000058
0.000000
0.000001
0.000150
0.000000
0.000008
0.306500
0.000004
0.000002
0.000138
0.016753
0.000016
0.000002
0.001981
0.001246
0.000001
0.000000
0.000104
0.246759
0.020886
0.014711
0.000000
0.000000
0.043818
0.000150
0.000008
0.002808
0.000000
0.000516
0.000004
0.000037
0.000341
0.000001
0.000019
0.000014
0.000021
0.000257
0.000516
0.001092
0.004868
0.064990
0.069506
0.016293
0.574890
0.016293
0.000018
0.000001
0.000000
0.023508
0.016293
0.000005
0.000628
0.675784
0.003289
0.744157
0.000075
0.010900
0.000764
0.022466
0.012670
0.000030
0.000020
0.335721
0.698805
0.816691
0.371333
0.457201
0.003388
0.000100
0.000000
0.052999
0.115226
0.007593
0.000001
0.034568
