0.000829
0.000058
0.196422
0.023508
0.008597
0.001059
0.290658
0.005418
0.353229
0.589144
0.055312
0.457201
0.014711
0.076183
0.000001
0.000001
0.000009
0.000021
0.971109
0.001208
0.095071
0.000006
0.009277
0.713075
0.010595
0.429087
0.228410
0.000123
0.017543
0.067775
0.000002
0.000002
0.329292
0.000025
0.000402
0.142275
0.012670
0.007032
0.290658
0.007239
0.000437
0.020886
0.000045
0.160731
0.067775
0.038094
0.007739
0.050328
0.112510
0.001510
0.260793
0.034568
0.000001
0.009104
0.002517
0.084803
0.015409
0.220452
0.543791
0.000257
0.027908
0.000271
0.033071
0.009104
0.003388
0.721628
0.228410
0.003131
0.002211
0.000134
0.312615
0.002593
0.082732
0.478214
0.015845
0.000703
0.000097
0.015845
0.215763
0.974087
0.000089
0.109849
0.000150
0.000003
0.255445
0.003039
0.000402
0.057717
0.015845
0.001059
0.000829
0.170690
0.215763
0.000020
0.000136
0.051648
0.109849
0.891273
0.081393
0.513281
0.449423
0.115226
0.000063
0.000359
0.027164
0.000310
0.580543
0.907293
0.108126
0.004503
0.130653
0.499678
0.012317
0.049040
0.211153
0.112510
0.000002
0.000500
0.322949
0.009822
0.000013
0.014711
0.002324
0.535389
0.183833
0.119859
0.012317
0.003666
0.001184
0.000561
0.000003
0.007239
0.067775
0.002517
0.003388
0.000030
0.092778
0.157114
0.401971
0.000804
0.010298
0.220452
0.177160
0.023508
0.000028
0.000000
0.220452
0.166886
0.000000
0.000976
0.001284
0.000000
0.003289
0.000222
0.000341
0.000500
0.000075
0.000271
0.000000
0.225222
0.009822
0.000153
0.005162
0.233315
0.018036
0.040864
0.000000
0.499678
0.649688
0.000012
0.006325
0.543791
0.013654
0.971109
0.016595
0.127623
0.114294
0.434080
0.233315
0.529876
0.009104
0.566341
0.018368
0.194957
0.312615
0.039801
0.000527
0.808960
0.001092
0.974087
0.051648
0.704484
0.001059
0.000010
0.643949
0.013276
0.029982
0.020886
0.019412
0.109849
0.329292
0.457201
0.002517
0.018368
0.375911
0.034568
0.000005
0.000000
0.449423
0.000193
0.000000
0.203680
0.005418
0.566341
0.436675
0.000000
0.119859
0.007032
0.014985
0.000294
0.620815
0.056750
0.429087
0.008847
0.001246
0.312615
0.012670
0.002808
0.000003
0.003131
0.620815
0.758020
0.086919
0.000740
0.266225
0.074303
0.059212
0.002593
0.000217
0.001246
0.000000
0.002324
0.000012
0.855893
0.306500
0.015845
0.000561
0.003850
0.022466
0.032199
0.000000
0.031348
0.000002
0.255445
0.000516
0.203680
0.000000
0.135818
0.196422
0.076183
0.208158
0.000000
0.010298
0.401971
0.000210
0.208158
0.002324
0.046970
0.005687
0.000402
0.025970
0.027908
0.096609
0.000005
0.000544
0.025970
0.151265
0.322949
0.241635
0.491556
0.744157
0.401971
0.157114
0.203680
0.011425
0.260793
0.074303
0.023508
0.000047
0.101413
0.000145
0.000008
0.228410
0.051648
0.000000
0.000236
0.002324
0.884948
0.015845
0.000005
0.075538
0.312615
0.364456
0.000001
0.000820
0.329292
0.157114
0.281082
0.147829
0.704484
0.173237
0.020886
0.000000
0.002395
0.001828
0.000578
0.060743
0.032199
0.185229
0.003666
0.000000
0.002211
0.019412
0.000899
0.000000
0.015845
0.088340
0.002725
0.658394
0.017543
0.346575
0.000000
0.329292
0.071276
0.115226
0.040864
0.002041
0.290658
0.787927
0.401971
0.032199
0.000279
0.220452
0.043818
0.142275
0.357661
0.816691
0.275424
0.643949
0.000141
0.092778
0.098985
0.000337
0.018368
0.115226
0.000187
0.000001
0.031348
0.371333
0.024158
0.014711
0.076183
0.081393
0.007815
0.108126
0.003559
0.071276
0.005855
0.992594
0.185229
0.000000
0.829282
0.535389
0.897436
0.003193
0.079397
0.000210
0.055312
0.041952
0.000018
0.000078
0.306500
0.643949
0.855893
0.002517
0.000000
0.009822
0.000026
0.000019
0.643949
0.017063
0.000104
0.597771
0.007593
0.340005
0.022466
0.000532
0.000005
0.004775
0.000000
0.001774
0.000437
0.010106
0.029982
0.000019
0.346575
0.101413
0.246759
0.000000
0.000000
0.187953
0.059212
0.044980
0.387593
0.000437
0.013276
0.039801
0.499678
0.001149
0.713075
0.000000
0.353229
0.026438
0.275424
0.643949
0.000002
0.000123
0.269851
0.000150
0.001208
0.002725
0.275424
0.382926
0.000000
0.166886
0.010900
0.006028
0.620815
0.836720
0.000609
0.735726
0.390021
0.897436
0.457201
0.025970
0.000015
0.026438
0.721628
0.000628
0.449423
0.000946
0.002443
0.478214
0.260793
0.005855
0.401971
0.000005
0.014305
0.000271
0.215763
0.000000
0.312615
0.000000
0.002672
0.019412
0.005162
0.000097
0.429087
0.000000
0.816691
0.203680
0.151265
0.000000
0.000000
0.005013
0.000082
0.011425
0.000014
0.000829
0.000024
0.000516
0.429087
0.000000
0.059212
0.000002
0.003965
0.000009
0.000000
0.228410
0.001588
0.003455
0.000682
0.335721
0.022466
0.001284
0.382926
0.077446
0.000158
0.000411
0.000000
0.449423
0.018368
0.039801
0.048208
0.000001
0.007032
0.000005
0.000000
0.012317
0.000204
0.001149
0.499678
0.867378
0.003131
0.000012
0.192150
0.034568
0.000006
0.401971
0.635244
0.000042
0.000055
0.071276
0.296545
0.043818
0.038094
0.000123
0.043818
0.449423
0.060743
0.055312
0.018368
0.185229
0.000007
0.004372
0.024825
0.478214
0.364456
0.020320
0.000341
0.000071
0.000341
0.000003
0.000000
0.001465
0.329292
0.000257
0.004637
0.014711
0.000001
0.006205
0.000378
0.000000
0.855893
0.017063
0.000000
0.346575
0.612135
0.449423
0.000044
0.499678
0.002146
0.000119
0.014043
0.002950
0.371333
0.787927
0.390021
0.203680
0.043818
0.000004
0.002950
0.000718
0.000003
0.690166
0.251967
