0.267971
0.131630
0.749684
0.267971
0.549354
0.253642
0.140045
0.140045
0.406779
0.304435
0.333520
0.749684
0.197797
0.793201
0.236593
0.594827
0.129613
0.467559
0.399498
0.518727
0.841556
0.387593
0.171915
0.718717
0.518727
0.695863
0.771705
0.209600
0.362130
0.649688
0.074897
0.209600
0.253642
0.267971
0.434080
0.518727
0.467559
0.273514
0.617854
0.320806
0.116102
0.253642
0.304435
0.540922
0.426518
0.320806
0.267971
0.594827
0.446787
0.594827
0.672823
0.727244
0.718717
0.540922
0.841556
0.350951
0.350951
0.104694
0.446787
0.801128
0.056256
0.446787
0.649688
0.727244
0.640981
0.867378
0.571972
0.159490
0.672823
0.344325
0.310521
0.947760
0.878466
0.406779
0.267971
0.727244
0.635244
0.695863
0.649688
0.571972
0.640981
0.406779
0.333520
0.350951
0.518727
0.571972
0.718717
0.658394
0.841556
0.779856
0.878466
0.446787
0.860501
0.380525
0.304435
0.085471
0.518727
0.672823
0.294528
0.362130
0.603471
0.344325
0.399498
0.758020
0.947760
0.467559
0.226757
0.068911
0.690166
0.958545
0.617854
0.496903
0.179787
0.563435
0.387593
0.316692
0.399498
0.362130
0.626544
0.649688
0.362130
0.749684
0.258960
0.672823
0.294528
0.434080
0.793201
0.718717
0.273514
0.496903
0.320806
0.150086
0.617854
0.253642
0.749684
0.161896
0.496903
0.380525
0.304435
0.426518
0.626544
0.958545
0.362130
0.649688
0.253642
0.063876
0.304435
0.640981
0.814067
0.226757
0.209600
0.123655
0.320806
0.273514
0.253642
0.380525
0.267971
0.496903
0.380525
0.718717
0.171915
0.123655
0.467559
0.718717
0.267971
0.197797
0.085471
0.446787
0.749684
0.173237
0.779856
0.681504
0.695863
0.727244
0.549354
0.640981
0.155897
0.340005
0.250182
0.273514
0.518727
0.245003
0.793201
0.649688
0.672823
0.771705
0.273514
0.793201
0.483494
0.012317
0.434080
0.836720
0.140045
0.617854
0.571972
0.496903
0.320806
0.362130
0.467559
0.594827
0.446787
0.258960
0.063876
0.209600
0.304435
0.399498
0.239907
0.085471
0.454542
0.171915
0.426518
0.320806
0.540922
0.540922
0.197797
0.294528
0.380525
0.626544
0.446787
0.771705
0.094284
0.695863
0.496903
0.718717
0.467559
0.967937
0.406779
0.327120
0.454542
0.131630
0.540922
0.916674
0.239907
0.226757
0.165605
0.549354
0.131630
0.549354
0.344325
0.496903
0.594827
0.099752
0.197797
0.304435
0.267971
0.226757
0.123655
0.320806
0.399498
0.239907
0.131630
0.518727
0.467559
0.467559
0.362130
0.106369
0.197797
0.320806
0.106369
0.253642
0.594827
0.106369
0.467559
0.061238
0.801128
0.250182
0.571972
0.640981
0.947760
0.084092
0.540922
0.226757
0.454542
0.186540
0.704484
0.186540
0.867378
0.518727
0.387593
0.394742
0.649688
0.368979
0.603471
0.344325
0.867378
0.080707
0.288671
0.350951
0.540922
0.414138
0.626544
0.814067
0.387593
0.518727
0.672823
0.399498
0.540922
0.414138
0.664129
0.357661
0.327120
0.860501
0.821730
0.123655
0.016438
0.557828
0.475494
0.527033
0.387593
0.288671
0.362130
0.549354
0.106369
0.821730
0.387593
0.337784
0.496903
0.571972
0.640981
0.214182
0.867378
0.344325
0.617854
0.258960
0.155897
0.540922
0.434080
0.916674
0.704484
0.320806
0.267971
0.695863
0.123655
0.571972
0.258960
0.454542
0.947760
0.221961
0.294528
0.649688
0.935597
0.563435
0.279144
0.221961
0.209600
0.563435
0.131630
0.226757
0.387593
0.540922
0.073672
0.304435
0.771705
0.563435
0.527033
0.406779
0.258960
0.161896
0.496903
0.594827
0.123655
0.446787
0.273514
0.426518
0.063876
0.085471
0.540922
0.304435
0.337784
0.267971
0.171915
0.467559
0.253642
0.557828
0.279144
0.540922
0.155897
0.171915
0.626544
0.640981
0.085471
0.085471
0.099752
0.467559
0.131630
0.426518
0.190711
0.087602
0.197797
0.488801
0.320806
0.140045
0.221961
0.131630
0.640981
0.467559
0.793201
0.362130
0.106369
0.540922
0.036765
0.161896
0.131630
0.672823
0.085471
0.171915
0.143326
0.171915
0.426518
0.221961
0.594827
0.695863
0.793201
0.226757
0.253642
0.304435
0.540922
0.304435
0.273514
0.320806
0.126604
0.131630
0.518727
0.617854
0.267971
0.099752
0.116102
0.947760
0.640981
0.221961
0.496903
0.496903
0.695863
0.054829
0.190711
0.793201
0.273514
0.549354
0.406779
0.406779
0.758020
0.540922
0.793201
0.049886
0.107244
0.197797
0.165605
0.718717
0.518727
0.258960
0.518727
0.333520
0.549354
0.594827
0.617854
0.848789
0.426518
0.320806
0.399498
0.380525
0.197797
0.426518
0.446787
0.320806
0.327120
0.399498
0.571972
0.126604
0.106369
0.467559
0.549354
0.362130
0.399498
0.258960
0.380525
0.801128
0.518727
0.406779
0.518727
0.446787
0.226757
0.140045
0.496903
0.344325
0.535389
0.082037
0.253642
0.649688
0.320806
0.549354
0.860501
0.202171
0.540922
0.253642
0.304435
0.426518
0.132684
0.540922
0.099752
0.258960
0.518727
0.362130
0.267971
0.540922
0.320806
0.231634
0.171915
0.540922
0.146673
0.467559
0.267971
0.123655
0.399498
0.197797
0.540922
0.640981
0.626544
0.426518
0.446787
0.344325
0.446787
0.253642
0.267971
0.085471
0.267971
0.878466
0.672823
0.304435
0.267971
0.226757
0.024369
0.527033
0.134742
0.239907
0.505064
0.106369
0.401971
0.380525
0.672823
0.197797
0.161896
0.801128
0.253642
0.253642
0.209600
0.399498
0.279144
0.209600
0.446787
0.841556
0.344325
0.603471
0.814067
0.793201
0.253642
0.467559
0.467559
0.603471
0.841556
0.496903
0.190711
0.344325
0.239907
0.406779
0.496903
0.221961
0.496903
0.695863
0.310521
0.231634
0.350951
0.320806
0.821730
0.571972
0.475494
0.635244
