0.098170
0.821730
0.036765
0.491556
0.658394
0.640981
0.155897
0.380525
0.884948
0.829282
0.475494
0.549354
0.320806
0.467559
0.718717
0.253642
0.672823
0.294528
0.475494
0.821730
0.801128
0.467559
0.197797
0.344325
0.801128
0.718717
0.446787
0.829282
0.387593
0.016139
0.829282
0.124654
0.060217
0.727244
0.446787
0.594827
0.891273
0.399498
0.310521
0.727244
0.047782
0.165605
0.672823
0.563435
0.603471
0.496903
0.399498
0.496903
0.801128
0.549354
0.617854
0.681504
0.264363
0.414138
0.672823
0.414138
0.841556
0.649688
0.362130
0.127623
0.821730
0.387593
0.070668
0.563435
0.357661
0.801128
0.580543
0.057717
0.658394
0.998868
0.549354
0.801128
0.884948
0.867378
0.801128
0.947760
0.236593
0.580543
0.475494
0.901408
0.690166
0.617854
0.505064
0.179787
0.357661
0.801128
0.727244
0.640981
0.540922
0.718717
0.294528
0.695863
0.557828
0.002370
0.771705
0.401971
0.727244
0.771705
0.681504
0.150086
0.704484
0.245003
0.011640
0.829282
0.462365
0.075538
0.916674
0.505064
0.901408
0.922090
0.014985
0.571972
0.947760
0.008354
0.916674
0.935597
0.998868
0.518727
0.867378
0.060217
0.344325
0.166886
0.571972
0.594827
0.801128
0.223587
0.841556
0.499678
0.947760
0.521553
0.236593
0.179787
0.344325
0.935597
0.421575
0.594827
0.100580
0.981075
0.841556
0.884948
0.594827
0.414138
0.718717
0.617854
0.333520
0.672823
0.387593
0.518727
0.571972
0.394742
0.304435
0.518727
0.649688
0.695863
0.841556
0.841556
0.344325
0.380525
0.695863
0.267971
0.183833
0.994555
0.123655
0.467559
0.617854
0.320806
0.518727
0.226757
0.406779
0.603471
0.513281
0.727244
0.483494
0.470257
0.922090
0.505064
0.884948
0.771705
0.163153
0.626544
0.211153
0.836720
0.658394
0.874110
0.206623
0.108955
0.758020
0.535389
0.884948
0.421575
0.475494
0.362130
0.426518
0.527033
0.483494
0.505064
0.394742
0.267971
0.294528
0.727244
0.779856
0.603471
0.916674
0.681504
0.540922
0.518727
0.848789
0.340005
0.749684
0.589144
0.454542
0.571972
0.549354
0.310521
0.793201
0.426518
0.649688
0.901408
0.557828
0.434080
0.580543
0.462365
0.801128
0.387593
0.571972
0.000222
0.375911
0.962240
0.891273
0.758020
0.062816
0.549354
0.441715
0.566341
0.867378
0.264363
0.649688
0.749684
0.801128
0.672823
0.580543
0.362130
0.658394
0.841556
0.496903
0.617854
0.793201
0.399498
0.779856
0.549354
0.231634
0.704484
0.183833
0.267971
0.483494
0.062816
0.695863
0.967937
0.518727
0.695863
0.344325
0.518727
0.727244
0.426518
0.375911
0.681504
0.078727
0.984769
0.312615
0.848789
0.771705
0.540922
0.421575
0.935597
0.288671
0.475494
0.044581
0.549354
0.446787
0.749684
0.801128
0.649688
0.814067
0.704484
0.808960
0.535389
0.209600
0.718717
0.357661
0.758020
0.187953
0.749684
0.626544
0.064431
0.821730
0.922090
0.194957
0.008354
0.258960
0.821730
0.236593
0.635244
0.357661
0.505064
0.173237
0.380525
0.640981
0.958545
0.037752
0.218844
0.681504
0.357661
0.119859
0.199280
0.475494
0.123655
0.916674
0.758020
0.387593
0.387593
0.421575
0.253642
0.231634
0.406779
0.927324
0.978604
0.841556
0.190711
0.518727
0.434080
0.612135
0.310521
0.250182
0.141156
0.603471
0.434080
0.848789
0.399498
0.922090
0.626544
0.735726
0.549354
0.713075
0.284858
0.801128
0.594827
0.211153
0.032771
0.626544
0.215763
0.131630
0.626544
0.454542
0.446787
0.446787
0.808960
0.288671
0.874110
0.994555
0.667094
0.106369
0.082037
0.267971
0.513281
0.316692
0.171915
0.549354
0.414138
0.327120
0.695863
0.518727
0.362130
0.718717
0.288671
0.658394
0.658394
0.758020
0.518727
0.860501
0.617854
0.226757
0.617854
0.446787
0.264363
0.116102
0.594827
0.426518
0.320806
0.496903
0.426518
0.150086
0.571972
0.557828
0.793201
0.603471
0.364456
0.337784
0.549354
0.681504
0.467559
0.073672
0.095811
0.304435
0.267971
0.387593
0.841556
0.462365
0.267971
0.962240
0.426518
0.505064
0.793201
0.779856
0.947760
0.284858
0.406779
0.571972
0.258960
0.467559
0.527033
0.129613
0.434080
0.727244
0.884948
0.327120
0.387593
0.681504
0.718717
0.107244
0.518727
0.649688
0.009016
0.467559
0.467559
0.649688
0.841556
0.327120
0.264363
0.994555
0.841556
0.111596
0.253642
0.013909
0.971109
0.821730
0.695863
0.626544
0.421575
0.771705
0.350951
0.808960
0.829282
0.884948
0.649688
0.214182
0.082732
0.406779
0.841556
0.749684
0.557828
0.649688
0.183833
0.690166
0.454542
0.695863
0.667094
0.264363
0.603471
0.387593
0.841556
0.134742
0.446787
0.294528
0.387593
0.320806
0.414138
0.821730
0.672823
0.518727
0.549354
0.884948
0.626544
0.194957
0.127623
0.159490
0.727244
0.984769
0.446787
0.264363
0.082732
0.050328
0.483494
0.758020
0.867378
0.132684
0.483494
0.483494
0.727244
0.571972
0.801128
0.718717
0.320806
0.131630
0.901408
0.801128
0.264363
0.496903
0.549354
0.951979
0.406779
0.672823
0.114294
0.704484
0.681504
0.801128
0.681504
0.821730
0.704484
0.044581
0.771705
0.406779
0.394742
0.940331
0.467559
0.801128
0.209600
0.255445
0.713075
0.518727
0.044581
0.907293
0.930673
0.518727
0.118894
0.368979
0.821730
0.635244
0.273514
0.316692
0.867378
0.681504
0.061772
0.626544
0.094284
0.491556
0.527033
0.327120
0.446787
0.878466
0.362130
0.380525
0.241635
0.322949
0.930673
0.594827
0.808960
0.672823
0.454542
0.867378
0.658394
0.245003
0.549354
0.001378
0.190711
0.695863
0.357661
0.801128
0.589144
0.635244
0.310521
0.475494
0.316692
0.808960
0.860501
0.695863
0.023508
