0.681504
0.333520
0.390021
0.727244
0.690166
0.067775
0.017866
0.681504
0.340005
0.094284
0.375911
0.994555
0.681504
0.333520
0.749684
0.079397
0.483494
0.667094
0.635244
0.907293
0.916674
0.371333
0.094284
0.787927
0.233315
0.690166
0.713075
0.375911
0.364456
0.816691
0.829282
0.816691
0.024596
0.603471
0.841556
0.986757
0.518727
0.401971
0.535389
0.329292
0.821730
0.421575
0.841556
0.713075
0.454542
0.475494
0.571972
0.829282
0.848789
0.364456
0.808960
0.808960
0.867378
0.457201
0.255445
0.658394
0.855893
0.429087
0.001149
0.080707
0.884948
0.316692
0.264363
0.027908
0.721628
0.275424
0.449423
0.787927
0.721628
0.935597
0.947760
0.231634
0.922090
0.382926
0.215763
0.513281
0.884948
0.836720
0.112510
0.306500
0.984769
0.304435
0.603471
0.187953
0.643949
0.727244
0.454542
0.255445
0.322949
0.612135
0.874110
0.571972
0.984769
0.166886
0.513281
0.021268
0.727244
0.003738
0.394742
0.340005
0.483494
0.913005
0.766291
0.032199
0.024158
0.947760
0.513281
0.269851
0.055312
0.250182
0.223587
0.491556
0.612135
0.801128
0.290658
0.036127
0.612135
0.690166
0.667094
0.199280
0.364456
0.390021
0.061772
0.026438
0.589144
0.483494
0.020692
0.589144
0.275424
0.907293
0.031348
0.414138
0.535389
0.612135
0.779856
0.557828
0.053907
0.107244
0.037099
0.704484
0.236593
0.927324
0.580543
0.241635
0.434080
0.119859
0.971109
0.141156
0.327120
0.713075
0.475494
0.441715
0.704484
0.735726
0.141156
0.150086
0.496903
0.901408
0.132684
0.194957
0.333520
0.766291
0.635244
0.057717
0.821730
0.735726
0.177160
0.275424
0.874110
0.340005
0.045761
0.836720
0.681504
0.414138
0.153566
0.454542
0.483494
0.771705
0.153566
0.103042
0.801128
0.409279
0.727244
0.658394
0.626544
0.795913
0.787927
0.681504
0.962240
0.681504
0.483494
0.574890
0.721628
0.626544
0.713075
0.194957
0.603471
0.499678
0.535389
0.801128
0.589144
0.290658
0.867378
0.228410
0.414138
0.779856
0.774492
0.907293
0.183833
0.434080
0.241635
0.103042
0.635244
0.635244
0.727244
0.829282
0.962240
0.340005
0.327120
0.290658
0.927324
0.051648
0.749684
0.457201
0.793201
0.088340
0.735726
0.635244
0.100580
0.787927
0.998868
0.246759
0.535389
0.867378
0.241635
0.322949
0.016902
0.535389
0.658394
0.144460
0.643949
0.434080
0.275424
0.681504
0.470257
0.470257
0.557828
0.375911
0.333520
0.744157
0.333520
0.535389
0.009546
0.246759
0.079397
0.589144
0.236593
0.891273
0.214182
0.986757
0.183833
0.357661
0.382926
0.557828
0.589144
0.019768
0.626544
0.245003
0.275424
0.958545
0.766291
0.758020
0.060743
0.255445
0.771705
0.426518
0.690166
0.250182
0.571972
0.394742
0.284858
0.884948
0.090535
0.779856
0.074303
0.620815
0.787927
0.727244
0.658394
0.194957
0.566341
0.159490
0.766291
0.350951
0.681504
0.132684
0.758020
0.758020
0.269851
0.057717
0.441715
0.744157
0.429087
0.183833
0.181158
0.462365
0.296545
0.897436
0.449423
0.027164
0.922090
0.163153
0.527033
0.766291
0.300471
0.284858
0.704484
0.535389
0.055312
0.626544
0.223587
0.793201
0.744157
0.884948
0.808960
0.557828
0.535389
0.626544
0.713075
0.543791
0.821730
0.075538
0.387593
0.667094
0.421575
0.117048
0.375911
0.779856
0.357661
0.801128
0.557828
0.053907
0.727244
0.779856
0.055312
0.521553
0.603471
0.841556
0.279144
0.727244
0.612135
0.357661
0.144460
0.649688
0.758020
0.264363
0.034568
0.394742
0.364456
0.300471
0.322949
0.907293
0.552238
0.364456
0.006511
0.922090
0.333520
0.284858
0.779856
0.681504
0.962240
0.994555
0.429087
0.727244
0.635244
0.612135
0.409279
0.006637
0.749684
0.658394
0.612135
0.060743
0.727244
0.236593
0.470257
0.260793
0.333520
0.139014
0.991213
0.787927
0.635244
0.199280
0.513281
0.675784
0.801128
0.375911
0.735726
0.206623
0.175815
0.994555
0.793201
0.340005
0.640981
0.855893
0.255445
0.735726
0.333520
0.183833
0.836720
0.922090
0.449423
0.713075
0.713075
0.026438
0.947760
0.749684
0.735726
0.322949
0.727244
0.107244
0.771705
0.612135
0.603471
0.441715
0.658394
0.771705
0.153566
0.771705
0.901408
0.801128
0.255445
0.549354
0.574890
0.589144
0.350951
0.269851
0.302517
0.137917
0.744157
0.626544
0.223587
0.916674
0.300471
0.394742
0.989675
0.368979
0.462365
0.727244
0.867378
0.421575
0.603471
0.346575
0.153566
0.626544
0.891273
0.620815
0.340005
0.718717
0.491556
0.808960
0.907293
0.052535
0.935597
0.801128
0.749684
0.401971
0.073672
0.004164
0.483494
0.793201
0.994555
0.357661
0.603471
0.001149
0.084803
0.057717
0.107244
0.626544
0.612135
0.380525
0.483494
0.855893
0.557828
0.038764
0.749684
0.434080
0.306500
0.157114
0.901408
0.429087
0.855893
0.231634
0.214182
0.103042
0.549354
0.231634
0.801128
0.340005
0.088340
0.491556
0.735726
0.667094
0.290658
0.771705
0.626544
0.766291
0.698805
0.175815
0.667094
0.867378
0.848789
0.454542
0.300471
0.947760
0.505064
0.713075
0.643949
0.441715
0.801128
0.787927
0.004868
0.082732
0.211153
0.658394
0.808960
0.382926
0.735726
0.192150
0.927324
0.808960
0.808960
0.206623
0.513281
0.521553
0.907293
0.491556
0.014711
0.735726
0.935597
0.635244
0.005855
0.994555
0.421575
0.884948
0.306500
0.557828
0.580543
0.002950
0.626544
0.401971
0.491556
0.190711
0.704484
0.194957
0.300471
0.779856
0.421575
0.735726
0.429087
0.557828
0.350951
0.626544
0.704484
0.414138
0.269851
0.612135
0.986757
0.496903
0.874110
0.891273
0.566341
0.603471
0.275424
0.114294
0.535389
0.231634
