0.394742
0.387593
0.310521
0.316692
0.971109
0.246759
0.744157
0.690166
0.394742
0.013276
0.491556
0.897436
0.122729
0.157114
0.250182
0.434080
0.441715
0.951979
0.884948
0.658394
0.626544
0.787927
0.580543
0.681504
0.454542
0.077446
0.080707
0.496903
0.181158
0.329292
0.053907
0.375911
0.018368
0.984769
0.406779
0.429087
0.121744
0.704484
0.727244
0.801128
0.829282
0.007168
0.214182
0.306500
0.672823
0.513281
0.841556
0.787927
0.766291
0.549354
0.079397
0.279144
0.907293
0.907293
0.088340
0.940331
0.704484
0.505064
0.649688
0.626544
0.496903
0.829282
0.829282
0.658394
0.940331
0.603471
0.236593
0.144460
0.177160
0.153566
0.901408
0.394742
0.226757
0.327120
0.434080
0.429087
0.779856
0.744157
0.549354
0.744157
0.449423
0.127623
0.375911
0.962240
0.310521
0.513281
0.991213
0.855893
0.749684
0.462365
0.535389
0.322949
0.082732
0.535389
0.387593
0.441715
0.744157
0.566341
0.521553
0.967937
0.891273
0.255445
0.441715
0.543791
0.690166
0.044581
0.462365
0.029982
0.350951
0.901408
0.441715
0.907293
0.841556
0.406779
0.787927
0.077446
0.346575
0.580543
0.867378
0.855893
0.409279
0.353229
0.333520
0.304435
0.228410
0.935597
0.513281
0.557828
0.649688
0.284858
0.681504
0.557828
0.312615
0.483494
0.658394
0.971109
0.241635
0.181158
0.518727
0.177160
0.505064
0.779856
0.821730
0.121744
0.749684
0.518727
0.744157
0.491556
0.808960
0.935597
0.721628
0.557828
0.084803
0.867378
0.505064
0.269851
0.713075
0.061772
0.891273
0.513281
0.390021
0.039801
0.346575
0.483494
0.535389
0.951979
0.269851
0.779856
0.031348
0.004043
0.552238
0.681504
0.860501
0.779856
0.505064
0.513281
0.513281
0.135818
0.758020
0.513281
0.801128
0.070668
0.470257
0.566341
0.589144
0.245003
0.134742
0.771705
0.117048
0.316692
0.727244
0.264363
0.971109
0.153566
0.112510
0.771705
0.061772
0.192150
0.956001
0.141156
0.951979
0.258960
0.273514
0.884948
0.039801
0.513281
0.808960
0.153566
0.382926
0.947760
0.211153
0.690166
0.310521
0.052535
0.557828
0.884948
0.543791
0.612135
0.884948
0.421575
0.449423
0.793201
0.829282
0.513281
0.003629
0.401971
0.749684
0.470257
0.962240
0.667094
0.744157
0.962240
0.735726
0.922090
0.971109
0.340005
0.183833
0.643949
0.667094
0.704484
0.808960
0.483494
0.454542
0.814067
0.177160
0.255445
0.357661
0.552238
0.984769
0.626544
0.135818
0.264363
0.281082
0.727244
0.571972
0.829282
0.580543
0.306500
0.284858
0.758020
0.269851
0.557828
0.713075
0.557828
0.808960
0.958545
0.290658
0.275424
0.749684
0.462365
0.690166
0.771705
0.401971
0.203680
0.255445
0.426518
0.771705
0.626544
0.002324
0.779856
0.884948
0.901408
0.394742
0.288671
0.958545
0.735726
0.947760
0.079397
0.010595
0.350951
0.672823
0.187953
0.735726
0.518727
0.382926
0.160731
0.695863
0.421575
0.874110
0.441715
0.518727
0.580543
0.543791
0.571972
0.173237
0.713075
0.141156
0.808960
0.974087
0.995551
0.011106
0.513281
0.449423
0.340005
0.434080
0.513281
0.704484
0.880693
0.658394
0.024596
0.958545
0.978604
0.589144
0.233315
0.382926
0.779856
0.821730
0.848789
0.727244
0.333520
0.421575
0.940331
0.153566
0.296545
0.470257
0.329292
0.566341
0.874110
0.801128
0.695863
0.727244
0.429087
0.470257
0.322949
0.991213
0.375911
0.771705
0.255445
0.626544
0.316692
0.907293
0.884948
0.557828
0.296545
0.779856
0.713075
0.103042
0.612135
0.626544
0.284858
0.327120
0.284858
0.557828
0.787927
0.978604
0.103042
0.690166
0.816691
0.146673
0.421575
0.357661
0.139014
0.713075
0.036127
0.571972
0.580543
0.787927
0.535389
0.603471
0.322949
0.643949
0.713075
0.922090
0.635244
0.793201
0.594827
0.698805
0.690166
0.236593
0.735726
0.322949
0.991213
0.658394
0.801128
0.566341
0.758020
0.829282
0.491556
0.357661
0.848789
0.841556
0.518727
0.187953
0.130653
0.848789
0.635244
0.984769
0.557828
0.603471
0.462365
0.241635
0.462365
0.958545
0.208158
0.296545
0.643949
0.462365
0.353229
0.735726
0.475494
0.808960
0.246759
0.163153
0.787927
0.635244
0.947760
0.927324
0.462365
0.236593
0.766291
0.470257
0.006637
0.409279
0.163153
0.821730
0.362130
0.401971
0.999575
0.496903
0.505064
0.744157
0.635244
0.658394
0.183833
0.848789
0.867378
0.549354
0.867378
0.867378
0.231634
0.907293
0.971109
0.406779
0.557828
0.907293
0.713075
0.727244
0.557828
0.521553
0.223587
0.566341
0.771705
0.841556
0.491556
0.135818
0.612135
0.159490
0.215763
0.704484
0.000001
0.829282
0.749684
0.940331
0.713075
0.039801
0.922090
0.322949
0.543791
0.935597
0.063362
0.855893
0.884948
0.206623
0.690166
0.117048
0.316692
0.855893
0.491556
0.971109
0.891273
0.394742
0.290658
0.779856
0.681504
0.640981
0.758020
0.841556
0.667094
0.808960
0.667094
0.580543
0.002020
0.434080
0.989675
0.382926
0.962240
0.059212
0.030798
0.421575
0.094284
0.749684
0.675784
0.922090
0.382926
0.357661
0.821730
0.169385
0.907293
0.434080
0.626544
0.535389
0.589144
0.014305
0.203680
0.029982
0.409279
0.141156
0.103042
0.735726
0.382926
0.141156
0.203680
0.279144
0.220452
0.907293
0.848789
0.643949
0.127623
0.382926
0.913005
0.744157
0.543791
0.034568
0.589144
0.984769
0.801128
0.874110
0.306500
0.513281
0.801128
0.166886
0.066084
0.874110
0.380525
0.192150
0.713075
0.808960
0.382926
0.704484
0.527033
0.024596
0.401971
0.667094
0.394742
0.228410
0.793201
0.022875
0.112510
0.446787
0.643949
0.681504
0.749684
0.441715
0.005687
0.394742
0.626544
