0.874110
0.483494
0.681504
0.540922
0.275424
0.978604
0.848789
0.913005
0.907293
0.139014
0.491556
0.250182
0.394742
0.635244
0.535389
0.414138
0.841556
0.470257
0.626544
0.177160
0.612135
0.340005
0.441715
0.228410
0.566341
0.064990
0.199280
0.829282
0.300471
0.816691
0.475494
0.965738
0.454542
0.166886
0.518727
0.192150
0.991213
0.935597
0.084803
0.658394
0.236593
0.269851
0.735726
0.681504
0.346575
0.566341
0.535389
0.513281
0.891273
0.375911
0.434080
0.475494
0.681504
0.166886
0.878466
0.478214
0.735726
0.891273
0.713075
0.566341
0.758020
0.382926
0.421575
0.098985
0.505064
0.779856
0.241635
0.008847
0.695863
0.147829
0.340005
0.535389
0.192150
0.132684
0.566341
0.132684
0.421575
0.535389
0.264363
0.704484
0.166886
0.643949
0.774492
0.681504
0.958545
0.153566
0.375911
0.387593
0.346575
0.521553
0.808960
0.320806
0.107244
0.935597
0.062816
0.766291
0.787927
0.695863
0.082732
0.483494
0.421575
0.779856
0.177160
0.275424
0.273514
0.922090
0.681504
0.236593
0.322949
0.231634
0.589144
0.075538
0.441715
0.203680
0.340005
0.183833
0.421575
0.681504
0.971109
0.978604
0.196422
0.429087
0.038764
0.333520
0.166886
0.454542
0.177160
0.208158
0.434080
0.264363
0.690166
0.322949
0.649688
0.390021
0.681504
0.793201
0.018368
0.496903
0.414138
0.173237
0.441715
0.935597
0.284858
0.580543
0.947760
0.836720
0.951979
0.100580
0.758020
0.758020
0.521553
0.878466
0.449423
0.626544
0.467559
0.375911
0.589144
0.382926
0.401971
0.306500
0.549354
0.997586
0.006511
0.009822
0.104694
0.695863
0.891273
0.429087
0.713075
0.063362
0.527033
0.215763
0.658394
0.079397
0.322949
0.368979
0.848789
0.382926
0.749684
0.867378
0.855893
0.177160
0.787927
0.971109
0.626544
0.023935
0.429087
0.033659
0.649688
0.441715
0.194957
0.462365
0.026438
0.713075
0.290658
0.758020
0.916674
0.744157
0.612135
0.940331
0.947760
0.449423
0.801128
0.643949
0.228410
0.333520
0.037099
0.322949
0.965738
0.255445
0.019768
0.228410
0.144460
0.170690
0.306500
0.758020
0.589144
0.364456
0.995551
0.635244
0.735726
0.744157
0.199280
0.269851
0.566341
0.394742
0.951979
0.643949
0.907293
0.187953
0.496903
0.913005
0.735726
0.922090
0.146673
0.112510
0.141156
0.406779
0.246759
0.874110
0.552238
0.580543
0.357661
0.779856
0.100580
0.589144
0.695863
0.098985
0.454542
0.357661
0.236593
0.002370
0.549354
0.245003
0.589144
0.874110
0.306500
0.986757
0.808960
0.255445
0.483494
0.635244
0.962240
0.998868
0.997586
0.884948
0.173237
0.088340
0.187953
0.566341
0.066084
0.357661
0.470257
0.658394
0.779856
0.527033
0.203680
0.023508
0.382926
0.294528
0.255445
0.421575
0.002370
0.306500
0.713075
0.626544
0.935597
0.571972
0.821730
0.962240
0.874110
0.072465
0.594827
0.841556
0.962240
0.907293
0.867378
0.758020
0.713075
0.457201
0.947760
0.107244
0.571972
0.841556
0.766291
0.935597
0.940331
0.884948
0.414138
0.589144
0.527033
0.867378
0.801128
0.735726
0.491556
0.735726
0.117048
0.019768
0.173237
0.821730
0.557828
0.414138
0.907293
0.940331
0.483494
0.368979
0.414138
0.127623
0.749684
0.612135
0.643949
0.951979
0.535389
0.197797
0.019230
0.284858
0.962240
0.055312
0.045761
0.104694
0.505064
0.037099
0.144460
0.922090
0.169385
0.020692
0.566341
0.704484
0.074303
0.951979
0.735726
0.884948
0.429087
0.236593
0.364456
0.836720
0.037099
0.779856
0.816691
0.144460
0.557828
0.255445
0.829282
0.241635
0.033659
0.119859
0.357661
0.986757
0.382926
0.294528
0.947760
0.043818
0.867378
0.269851
0.829282
0.401971
0.589144
0.589144
0.166886
0.011974
0.620815
0.333520
0.340005
0.974087
0.211153
0.801128
0.884948
0.649688
0.382926
0.984769
0.927324
0.173237
0.603471
0.449423
0.429087
0.269851
0.643949
0.907293
0.829282
0.426518
0.025274
0.306500
0.322949
0.454542
0.672823
0.571972
0.496903
0.034568
0.127623
0.340005
0.066084
0.947760
0.483494
0.927324
0.698805
0.026684
0.019230
0.735726
0.070668
0.779856
0.897436
0.867378
0.421575
0.279144
0.228410
0.935597
0.848789
0.434080
0.147829
0.735726
0.901408
0.364456
0.771705
0.626544
0.048208
0.199280
0.848789
0.005687
0.499678
0.874110
0.449423
0.930673
0.962240
0.787927
0.010795
0.603471
0.350951
0.382926
0.829282
0.658394
0.779856
0.787927
0.930673
0.333520
0.643949
0.390021
0.744157
0.787927
0.649688
0.652656
0.787927
0.401971
0.735726
0.658394
0.387593
0.375911
0.072465
0.940331
0.965738
0.749684
0.907293
0.100580
0.275424
0.557828
0.264363
0.001774
0.571972
0.300471
0.549354
0.704484
0.675784
0.312615
0.571972
0.098985
0.441715
0.713075
0.357661
0.643949
0.589144
0.557828
0.375911
0.901408
0.454542
0.658394
0.375911
0.375911
0.549354
0.409279
0.640981
0.364456
0.749684
0.294528
0.884948
0.821730
0.922090
0.867378
0.836720
0.603471
0.981075
0.241635
0.986757
0.566341
0.470257
0.241635
0.635244
0.387593
0.005855
0.491556
0.462365
0.045761
0.322949
0.284858
0.667094
0.808960
0.441715
0.103042
0.109849
0.264363
0.010595
0.922090
0.867378
0.779856
0.483494
0.070668
0.884948
0.658394
0.557828
0.218844
0.098170
0.513281
0.996919
0.346575
0.491556
0.962240
0.981075
0.779856
0.884948
0.603471
0.935597
0.084803
0.406779
0.779856
0.275424
0.672823
0.971109
0.228410
0.441715
0.144460
0.940331
0.007305
0.357661
0.643949
0.935597
0.043818
0.269851
0.744157
0.597771
0.300471
0.255445
0.483494
0.284858
0.434080
0.626544
0.543791
0.681504
0.375911
