0.978604
0.779856
0.962240
0.483494
0.414138
0.922090
0.771705
0.907293
0.916674
0.922090
0.897436
0.028672
0.681504
0.658394
0.821730
0.801128
0.704484
0.713075
0.394742
0.922090
0.327120
0.139014
0.535389
0.163153
0.051648
0.306500
0.721628
0.082732
0.589144
0.629509
0.333520
0.000461
0.681504
0.513281
0.922090
0.735726
0.215763
0.387593
0.390021
0.874110
0.340005
0.218844
0.672823
0.124654
0.300471
0.076791
0.758020
0.557828
0.971109
0.557828
0.643949
0.223587
0.629509
0.414138
0.513281
0.250182
0.233315
0.346575
0.513281
0.735726
0.758020
0.927324
0.549354
0.667094
0.589144
0.000077
0.874110
0.821730
0.147829
0.241635
0.414138
0.940331
0.901408
0.907293
0.867378
0.758020
0.236593
0.505064
0.144460
0.649688
0.698805
0.406779
0.057717
0.527033
0.462365
0.620815
0.958545
0.821730
0.658394
0.187953
0.860501
0.079397
0.421575
0.978604
0.821730
0.535389
0.986757
0.371333
0.329292
0.350951
0.922090
0.269851
0.658394
0.333520
0.470257
0.160731
0.215763
0.940331
0.312615
0.029708
0.084803
0.187953
0.603471
0.223587
0.119859
0.327120
0.109849
0.855893
0.462365
0.000609
0.215763
0.787927
0.304435
0.951979
0.635244
0.848789
0.874110
0.580543
0.658394
0.255445
0.228410
0.735726
0.643949
0.181158
0.821730
0.984769
0.779856
0.758020
0.612135
0.913005
0.848789
0.215763
0.649688
0.649688
0.758020
0.513281
0.672823
0.368979
0.310521
0.713075
0.940331
0.098985
0.095811
0.994555
0.713075
0.434080
0.749684
0.978604
0.727244
0.275424
0.300471
0.947760
0.357661
0.421575
0.228410
0.368979
0.580543
0.401971
0.658394
0.713075
0.589144
0.505064
0.958545
0.947760
0.223587
0.978604
0.571972
0.971109
0.991213
0.927324
0.766291
0.940331
0.808960
0.695863
0.860501
0.429087
0.848789
0.930673
0.779856
0.841556
0.718717
0.203680
0.597771
0.749684
0.713075
0.056256
0.421575
0.290658
0.626544
0.527033
0.867378
0.907293
0.055312
0.037099
0.002645
0.935597
0.974087
0.231634
0.499678
0.594827
0.166886
0.513281
0.177160
0.346575
0.891273
0.206623
0.090535
0.421575
0.127623
0.735726
0.735726
0.505064
0.704484
0.279144
0.940331
0.704484
0.241635
0.275424
0.704484
0.155897
0.478214
0.771705
0.072465
0.635244
0.758020
0.675784
0.467559
0.375911
0.409279
0.084803
0.382926
0.462365
0.127623
0.414138
0.897436
0.414138
0.141156
0.399498
0.199280
0.971109
0.446787
0.266225
0.499678
0.874110
0.357661
0.353229
0.787927
0.462365
0.190711
0.434080
0.603471
0.294528
0.284858
0.346575
0.557828
0.478214
0.269851
0.414138
0.643949
0.681504
0.884948
0.521553
0.096609
0.462365
0.462365
0.589144
0.958545
0.483494
0.801128
0.574890
0.322949
0.841556
0.749684
0.727244
0.787927
0.066084
0.901408
0.549354
0.421575
0.808960
0.483494
0.090535
0.173237
0.088340
0.258960
0.867378
0.245003
0.062816
0.884948
0.478214
0.695863
0.978604
0.364456
0.090535
0.758020
0.228410
0.779856
0.012199
0.829282
0.735726
0.643949
0.658394
0.801128
0.513281
0.535389
0.626544
0.667094
0.346575
0.375911
0.072465
0.513281
0.901408
0.667094
0.290658
0.449423
0.346575
0.006637
0.505064
0.626544
0.169385
0.100580
0.940331
0.848789
0.049040
0.012670
0.727244
0.557828
0.177160
0.329292
0.153566
0.483494
0.141156
0.072465
0.115226
0.821730
0.829282
0.390021
0.612135
0.300471
0.735726
0.446787
0.749684
0.082732
0.177160
0.681504
0.891273
0.675784
0.749684
0.649688
0.571972
0.779856
0.589144
0.009546
0.774492
0.913005
0.236593
0.269851
0.681504
0.475494
0.409279
0.095811
0.617854
0.173237
0.246759
0.597771
0.170690
0.884948
0.901408
0.246759
0.848789
0.228410
0.848789
0.589144
0.220452
0.667094
0.974087
0.766291
0.194957
0.316692
0.023935
0.279144
0.597771
0.211153
0.067775
0.094284
0.187953
0.228410
0.626544
0.496903
0.320806
0.300471
0.135818
0.121744
0.513281
0.139014
0.643949
0.867378
0.160731
0.390021
0.153566
0.667094
0.549354
0.779856
0.787927
0.333520
0.658394
0.000097
0.333520
0.940331
0.848789
0.557828
0.357661
0.228410
0.300471
0.491556
0.333520
0.027652
0.626544
0.527033
0.808960
0.978604
0.698805
0.612135
0.421575
0.795913
0.603471
0.296545
0.483494
0.322949
0.801128
0.364456
0.884948
0.649688
0.808960
0.426518
0.002020
0.048208
0.557828
0.635244
0.848789
0.672823
0.922090
0.549354
0.375911
0.527033
0.441715
0.808960
0.549354
0.290658
0.878466
0.713075
0.891273
0.401971
0.187953
0.841556
0.808960
0.046970
0.535389
0.695863
0.236593
0.121744
0.829282
0.434080
0.025970
0.409279
0.704484
0.475494
0.483494
0.457201
0.245003
0.713075
0.681504
0.635244
0.978604
0.499678
0.414138
0.160731
0.177160
0.206623
0.483494
0.667094
0.916674
0.922090
0.094284
0.005968
0.962240
0.540922
0.821730
0.300471
0.808960
0.333520
0.357661
0.566341
0.787927
0.434080
0.056750
0.836720
0.867378
0.758020
0.015845
0.513281
0.406779
0.649688
0.061772
0.841556
0.891273
0.589144
0.226757
0.643949
0.821730
0.535389
0.000641
0.580543
0.269851
0.401971
0.891273
0.771705
0.704484
0.727244
0.752533
0.499678
0.758020
0.848789
0.333520
0.766291
0.907293
0.056256
0.434080
0.951979
0.867378
0.521553
0.749684
0.079397
0.787927
0.211153
0.771705
0.884948
0.727244
0.681504
0.132684
0.566341
0.153566
0.878466
0.169385
0.055312
0.986757
0.475494
0.681504
0.008597
0.612135
0.513281
0.758020
0.580543
0.744157
0.848789
0.594827
0.082732
0.735726
0.922090
0.771705
0.635244
0.264363
0.454542
0.414138
0.603471
0.727244
