0.000058
0.462365
0.005855
0.704484
0.067775
0.901408
0.649688
0.153566
0.874110
0.787927
0.801128
0.867378
0.170690
0.264363
0.658394
0.491556
0.090535
0.986757
0.340005
0.603471
0.649688
0.860501
0.735726
0.421575
0.414138
0.483494
0.758020
0.215763
0.129613
0.848789
0.067775
0.010493
0.643949
0.749684
0.496903
0.867378
0.063362
0.069506
0.907293
0.042685
0.521553
0.117048
0.414138
0.801128
0.935597
0.157114
0.643949
0.801128
0.104694
0.695863
0.543791
0.194957
0.884948
0.206623
0.787927
0.266225
0.250182
0.612135
0.012317
0.836720
0.082732
0.103042
0.114294
0.787927
0.096609
0.329292
0.884948
0.082732
0.713075
0.612135
0.135818
0.049040
0.566341
0.000003
0.135818
0.044581
0.306500
0.549354
0.603471
0.594827
0.034255
0.848789
0.635244
0.571972
0.449423
0.735726
0.801128
0.874110
0.617854
0.518727
0.566341
0.891273
0.024158
0.947760
0.000012
0.132684
0.077446
0.344325
0.626544
0.580543
0.037099
0.187953
0.620815
0.170690
0.947760
0.394742
0.535389
0.357661
0.695863
0.294528
0.735726
0.513281
0.275424
0.594827
0.026438
0.141156
0.535389
0.340005
0.429087
0.491556
0.004288
0.695863
0.848789
0.984769
0.672823
0.211153
0.580543
0.449423
0.124654
0.518727
0.375911
0.005262
0.013654
0.891273
0.935597
0.658394
0.867378
0.907293
0.236593
0.340005
0.848789
0.441715
0.841556
0.620815
0.300471
0.300471
0.056750
0.658394
0.704484
0.667094
0.096609
0.713075
0.690166
0.035500
0.194957
0.848789
0.233315
0.771705
0.580543
0.860501
0.255445
0.594827
0.215763
0.860501
0.333520
0.284858
0.401971
0.935597
0.333520
0.612135
0.264363
0.483494
0.429087
0.947760
0.199280
0.690166
0.020130
0.382926
0.454542
0.603471
0.962240
0.922090
0.241635
0.841556
0.566341
0.658394
0.223587
0.406779
0.357661
0.483494
0.612135
0.414138
0.518727
0.927324
0.231634
0.690166
0.457201
0.199280
0.801128
0.771705
0.401971
0.594827
0.296545
0.766291
0.258960
0.735726
0.478214
0.597771
0.329292
0.505064
0.907293
0.094284
0.090535
0.406779
0.779856
0.322949
0.848789
0.000129
0.346575
0.935597
0.018883
0.344325
0.603471
0.401971
0.470257
0.891273
0.090535
0.300471
0.649688
0.999892
0.735726
0.801128
0.401971
0.211153
0.643949
0.223587
0.626544
0.159490
0.829282
0.557828
0.454542
0.340005
0.907293
0.787927
0.199280
0.322949
0.017378
0.183833
0.294528
0.704484
0.300471
0.166886
0.387593
0.713075
0.513281
0.962240
0.434080
0.658394
0.913005
0.617854
0.132684
0.266225
0.808960
0.658394
0.322949
0.114294
0.771705
0.690166
0.535389
0.082732
0.543791
0.002443
0.387593
0.109849
0.635244
0.211153
0.513281
0.727244
0.475494
0.187953
0.922090
0.177160
0.635244
0.000073
0.013909
0.107244
0.322949
0.421575
0.658394
0.223587
0.051648
0.350951
0.043818
0.513281
0.681504
0.771705
0.821730
0.971109
0.491556
0.449423
0.727244
0.159490
0.057717
0.779856
0.004043
0.044581
0.771705
0.462365
0.141156
0.429087
0.557828
0.284858
0.891273
0.808960
0.387593
0.758020
0.935597
0.594827
0.449423
0.971109
0.808960
0.273514
0.333520
0.580543
0.986757
0.667094
0.855893
0.951979
0.808960
0.884948
0.092008
0.994555
0.306500
0.394742
0.787927
0.470257
0.848789
0.848789
0.808960
0.401971
0.543791
0.643949
0.626544
0.603471
0.211153
0.884948
0.766291
0.758020
0.907293
0.306500
0.454542
0.566341
0.612135
0.758020
0.758020
0.704484
0.159490
0.241635
0.779856
0.306500
0.808960
0.867378
0.735726
0.246759
0.672823
0.316692
0.635244
0.100580
0.951979
0.758020
0.513281
0.290658
0.000675
0.329292
0.744157
0.589144
0.958545
0.406779
0.779856
0.704484
0.357661
0.441715
0.421575
0.704484
0.070668
0.649688
0.226757
0.884948
0.117048
0.329292
0.387593
0.848789
0.557828
0.589144
0.922090
0.927324
0.449423
0.771705
0.649688
0.462365
0.991213
0.007739
0.414138
0.454542
0.626544
0.951979
0.004868
0.109849
0.874110
0.612135
0.956001
0.186540
0.357661
0.340005
0.672823
0.241635
0.589144
0.962240
0.496903
0.658394
0.300471
0.884948
0.441715
0.273514
0.681504
0.414138
0.312615
0.007378
0.290658
0.667094
0.735726
0.346575
0.250182
0.231634
0.727244
0.284858
0.434080
0.557828
0.996919
0.779856
0.549354
0.241635
0.096609
0.340005
0.275424
0.874110
0.735726
0.017063
0.053907
0.346575
0.260793
0.891273
0.170690
0.159490
0.166886
0.290658
0.296545
0.187953
0.491556
0.695863
0.300471
0.088340
0.375911
0.667094
0.127623
0.808960
0.787927
0.620815
0.916674
0.177160
0.557828
0.527033
0.626544
0.434080
0.056256
0.922090
0.947760
0.080707
0.721628
0.434080
0.571972
0.144460
0.535389
0.658394
0.557828
0.094284
0.713075
0.039801
0.907293
0.236593
0.667094
0.643949
0.829282
0.454542
0.269851
0.260793
0.241635
0.766291
0.401971
0.470257
0.163153
0.935597
0.787927
0.390021
0.626544
0.357661
0.368979
0.667094
0.766291
0.643949
0.612135
0.090535
0.228410
0.951979
0.255445
0.658394
0.704484
0.462365
0.290658
0.406779
0.589144
0.236593
0.718717
0.446787
0.580543
0.179787
0.543791
0.072465
0.414138
0.922090
0.940331
0.228410
0.094284
0.594827
0.401971
0.327120
0.340005
0.727244
0.177160
0.935597
0.643949
0.368979
0.025274
0.269851
0.612135
0.695863
0.023935
0.821730
0.382926
0.580543
0.030518
0.255445
0.483494
0.475494
0.874110
0.557828
0.169385
0.044581
0.357661
0.406779
0.086192
0.821730
0.288671
0.535389
0.935597
0.194957
0.322949
0.187953
0.867378
0.543791
0.998463
0.891273
0.779856
0.643949
0.749684
0.023508
