0.187953
0.518727
0.617854
0.801128
0.005578
0.958545
0.998868
0.566341
0.793201
0.626544
0.635244
0.457201
0.454542
0.962240
0.505064
0.540922
0.808960
0.275424
0.549354
0.183833
0.787927
0.994555
0.223587
0.462365
0.357661
0.884948
0.362130
0.340005
0.643949
0.557828
0.589144
0.617854
0.206623
0.241635
0.409279
0.329292
0.409279
0.132684
0.382926
0.962240
0.306500
0.626544
0.105557
0.727244
0.974087
0.250182
0.951979
0.672823
0.322949
0.475494
0.589144
0.667094
0.620815
0.000002
0.333520
0.808960
0.779856
0.658394
0.401971
0.589144
0.795913
0.867378
0.231634
0.566341
0.884948
0.690166
0.981075
0.891273
0.771705
0.169385
0.275424
0.475494
0.658394
0.913005
0.127623
0.401971
0.940331
0.801128
0.375911
0.199280
0.245003
0.027908
0.829282
0.978604
0.157114
0.000172
0.203680
0.848789
0.635244
0.884948
0.454542
0.836720
0.860501
0.527033
0.907293
0.035180
0.094284
0.223587
0.394742
0.434080
0.316692
0.758020
0.649688
0.727244
0.390021
0.312615
0.981075
0.255445
0.901408
0.612135
0.557828
0.124654
0.449423
0.421575
0.867378
0.727244
0.997586
0.566341
0.874110
0.658394
0.086192
0.801128
0.027164
0.848789
0.141156
0.907293
0.462365
0.223587
0.571972
0.429087
0.867378
0.535389
0.695863
0.505064
0.491556
0.434080
0.984769
0.382926
0.364456
0.718717
0.255445
0.535389
0.667094
0.449423
0.557828
0.916674
0.421575
0.449423
0.333520
0.801128
0.141156
0.364456
0.874110
0.112510
0.406779
0.002189
0.179787
0.060217
0.171915
0.836720
0.603471
0.177160
0.855893
0.535389
0.001271
0.521553
0.947760
0.157114
0.874110
0.821730
0.571972
0.749684
0.867378
0.521553
0.275424
0.981075
0.672823
0.808960
0.001922
0.521553
0.771705
0.681504
0.635244
0.821730
0.057717
0.594827
0.284858
0.382926
0.829282
0.612135
0.922090
0.081393
0.978604
0.836720
0.350951
0.704484
0.543791
0.867378
0.063362
0.907293
0.878466
0.055312
0.690166
0.290658
0.801128
0.681504
0.643949
0.557828
0.006832
0.884948
0.401971
0.019230
0.375911
0.033659
0.206623
0.462365
0.913005
0.088340
0.375911
0.603471
0.947760
0.135818
0.787927
0.462365
0.333520
0.203680
0.382926
0.672823
0.787927
0.658394
0.597771
0.449423
0.874110
0.269851
0.749684
0.758020
0.002950
0.414138
0.603471
0.491556
0.951979
0.119859
0.312615
0.038764
0.808960
0.470257
0.867378
0.612135
0.346575
0.603471
0.947760
0.228410
0.070668
0.801128
0.173237
0.141156
0.241635
0.264363
0.808960
0.290658
0.557828
0.841556
0.594827
0.897436
0.658394
0.891273
0.574890
0.612135
0.173237
0.060217
0.535389
0.387593
0.991213
0.275424
0.984769
0.667094
0.580543
0.139014
0.100580
0.874110
0.357661
0.296545
0.612135
0.150086
0.139014
0.612135
0.535389
0.414138
0.916674
0.735726
0.011974
0.735726
0.848789
0.312615
0.907293
0.658394
0.603471
0.141156
0.922090
0.989675
0.441715
0.779856
0.848789
0.779856
0.231634
0.649688
0.603471
0.816691
0.681504
0.704484
0.340005
0.073672
0.808960
0.603471
0.749684
0.535389
0.981075
0.028409
0.421575
0.962240
0.626544
0.080707
0.275424
0.228410
0.626544
0.907293
0.218844
0.527033
0.064431
0.031348
0.329292
0.462365
0.971109
0.177160
0.922090
0.848789
0.758020
0.194957
0.649688
0.300471
0.867378
0.150086
0.580543
0.518727
0.375911
0.597771
0.981075
0.306500
0.088340
0.527033
0.434080
0.273514
0.203680
0.060217
0.032771
0.962240
0.891273
0.434080
0.940331
0.390021
0.787927
0.667094
0.153566
0.518727
0.713075
0.003354
0.368979
0.441715
0.513281
0.421575
0.951979
0.320806
0.290658
0.462365
0.009104
0.434080
0.991213
0.922090
0.566341
0.082732
0.088340
0.020692
0.215763
0.390021
0.040864
0.306500
0.580543
0.429087
0.094284
0.860501
0.228410
0.364456
0.250182
0.787927
0.462365
0.279144
0.971109
0.681504
0.535389
0.074303
0.940331
0.105557
0.758020
0.795913
0.231634
0.667094
0.535389
0.284858
0.935597
0.090535
0.793201
0.649688
0.199280
0.713075
0.382926
0.649688
0.215763
0.357661
0.499678
0.658394
0.290658
0.808960
0.513281
0.031348
0.927324
0.505064
0.958545
0.306500
0.434080
0.387593
0.884948
0.643949
0.375911
0.275424
0.848789
0.735726
0.045761
0.505064
0.084092
0.316692
0.901408
0.771705
0.801128
0.284858
0.088340
0.735726
0.429087
0.874110
0.462365
0.491556
0.335721
0.499678
0.589144
0.368979
0.223587
0.821730
0.041578
0.721628
0.329292
0.978604
0.901408
0.935597
0.426518
0.867378
0.801128
0.649688
0.658394
0.505064
0.672823
0.021268
0.821730
0.713075
0.930673
0.129613
0.848789
0.294528
0.940331
0.580543
0.275424
0.394742
0.080707
0.518727
0.055312
0.867378
0.649688
0.199280
0.540922
0.327120
0.935597
0.603471
0.414138
0.316692
0.867378
0.635244
0.088340
0.816691
0.589144
0.672823
0.801128
0.793201
0.467559
0.380525
0.874110
0.735726
0.996919
0.940331
0.617854
0.350951
0.713075
0.061772
0.589144
0.867378
0.260793
0.994555
0.848789
0.891273
0.549354
0.552238
0.041578
0.194957
0.141156
0.001114
0.070668
0.335721
0.907293
0.580543
0.005523
0.829282
0.571972
0.153566
0.749684
0.580543
0.015695
0.009822
0.771705
0.063362
0.434080
0.306500
0.571972
0.250182
0.855893
0.053907
0.603471
0.667094
0.571972
0.594827
0.454542
0.766291
0.907293
0.721628
0.901408
0.053907
0.672823
0.279144
0.594827
0.867378
0.867378
0.749684
0.518727
0.056256
0.045761
0.441715
0.704484
0.580543
0.462365
0.380525
0.681504
0.543791
0.891273
0.986757
0.927324
0.962240
0.177160
0.836720
0.735726
0.947760
