0.340005
0.771705
0.130653
0.535389
0.947760
0.462365
0.626544
0.478214
0.269851
0.603471
0.891273
0.991213
0.090535
0.744157
0.053907
0.103042
0.981075
0.346575
0.735726
0.211153
0.135818
0.390021
0.300471
0.744157
0.841556
0.998868
0.986757
0.153566
0.779856
0.001922
0.375911
0.735726
0.095811
0.105557
0.076183
0.922090
0.114294
0.566341
0.117048
0.766291
0.368979
0.793201
0.779856
0.965738
0.867378
0.223587
0.000424
0.021859
0.364456
0.774492
0.718717
0.300471
0.434080
0.394742
0.971109
0.681504
0.279144
0.962240
0.749684
0.658394
0.368979
0.127623
0.667094
0.535389
0.787927
0.984769
0.771705
0.322949
0.223587
0.907293
0.082732
0.245003
0.044581
0.867378
0.478214
0.626544
0.215763
0.203680
0.017866
0.571972
0.749684
0.984769
0.626544
0.829282
0.223587
0.049040
0.340005
0.394742
0.927324
0.165605
0.758020
0.109849
0.316692
0.155897
0.380525
0.991213
0.199280
0.916674
0.275424
0.226757
0.681504
0.505064
0.190711
0.571972
0.177160
0.620815
0.300471
0.649688
0.011974
0.695863
0.667094
0.814067
0.199280
0.151265
0.421575
0.300471
0.808960
0.241635
0.231634
0.155897
0.867378
0.141156
0.649688
0.658394
0.260793
0.491556
0.574890
0.907293
0.322949
0.475494
0.891273
0.394742
0.571972
0.296545
0.841556
0.409279
0.491556
0.300471
0.672823
0.643949
0.649688
0.874110
0.499678
0.053907
0.967937
0.956001
0.549354
0.713075
0.658394
0.801128
0.884948
0.215763
0.635244
0.075538
0.316692
0.177160
0.808960
0.848789
0.884948
0.848789
0.916674
0.643949
0.088340
0.758020
0.916674
0.855893
0.543791
0.971109
0.179787
0.513281
0.441715
0.290658
0.179787
0.535389
0.020320
0.269851
0.166886
0.620815
0.891273
0.002863
0.491556
0.114294
0.727244
0.513281
0.199280
0.658394
0.984769
0.008436
0.137917
0.068911
0.012317
0.620815
0.316692
0.421575
0.922090
0.513281
0.841556
0.996919
0.150086
0.994555
0.836720
0.294528
0.362130
0.206623
0.566341
0.475494
0.329292
0.681504
0.269851
0.483494
0.046970
0.821730
0.620815
0.483494
0.580543
0.927324
0.779856
0.922090
0.462365
0.364456
0.004164
0.935597
0.264363
0.513281
0.766291
0.429087
0.061772
0.681504
0.173237
0.462365
0.821730
0.535389
0.571972
0.264363
0.346575
0.589144
0.199280
0.771705
0.884948
0.801128
0.801128
0.150086
0.013276
0.426518
0.454542
0.037099
0.236593
0.284858
0.658394
0.163153
0.667094
0.589144
0.100580
0.316692
0.749684
0.375911
0.927324
0.867378
0.965738
0.667094
0.549354
0.006637
0.290658
0.981075
0.441715
0.874110
0.092008
0.231634
0.340005
0.163153
0.901408
0.947760
0.643949
0.246759
0.414138
0.635244
0.196422
0.491556
0.294528
0.046970
0.368979
0.368979
0.300471
0.329292
0.690166
0.505064
0.414138
0.521553
0.166886
0.441715
0.557828
0.269851
0.962240
0.020320
0.681504
0.132684
0.612135
0.173237
0.033659
0.589144
0.306500
0.390021
0.855893
0.848789
0.848789
0.382926
0.848789
0.956001
0.808960
0.434080
0.557828
0.649688
0.092008
0.612135
0.855893
0.011106
0.947760
0.166886
0.147829
0.779856
0.139014
0.414138
0.483494
0.260793
0.580543
0.626544
0.735726
0.011640
0.096609
0.368979
0.713075
0.620815
0.907293
0.617854
0.387593
0.956001
0.371333
0.421575
0.643949
0.306500
0.250182
0.357661
0.867378
0.218844
0.513281
0.231634
0.421575
0.695863
0.620815
0.368979
0.635244
0.166886
0.557828
0.916674
0.322949
0.123655
0.922090
0.801128
0.986757
0.273514
0.215763
0.735726
0.094284
0.077446
0.971109
0.236593
0.454542
0.922090
0.704484
0.475494
0.072465
0.019768
0.721628
0.855893
0.658394
0.981075
0.275424
0.829282
0.566341
0.557828
0.322949
0.884948
0.187953
0.042685
0.462365
0.841556
0.006144
0.132684
0.626544
0.620815
0.884948
0.163153
0.640981
0.269851
0.340005
0.144460
0.681504
0.860501
0.491556
0.192150
0.940331
0.758020
0.223587
0.409279
0.922090
0.491556
0.022875
0.658394
0.223587
0.808960
0.063362
0.713075
0.690166
0.462365
0.375911
0.681504
0.018368
0.787927
0.667094
0.821730
0.215763
0.829282
0.300471
0.513281
0.907293
0.867378
0.643949
0.499678
0.306500
0.947760
0.978604
0.441715
0.357661
0.121744
0.421575
0.260793
0.421575
0.907293
0.766291
0.000067
0.000009
0.096609
0.284858
0.357661
0.322949
0.884948
0.658394
0.580543
0.529876
0.350951
0.496903
0.935597
0.364456
0.194957
0.735726
0.675784
0.801128
0.535389
0.055312
0.986757
0.612135
0.177160
0.255445
0.829282
0.010795
0.566341
0.779856
0.192150
0.203680
0.246759
0.429087
0.848789
0.589144
0.414138
0.821730
0.557828
0.749684
0.626544
0.787927
0.704484
0.766291
0.543791
0.421575
0.014711
0.962240
0.978604
0.978604
0.401971
0.084803
0.300471
0.907293
0.829282
0.046970
0.166886
0.279144
0.183833
0.112510
0.704484
0.667094
0.695863
0.543791
0.758020
0.462365
0.441715
0.483494
0.535389
0.658394
0.165605
0.350951
0.848789
0.462365
0.557828
0.744157
0.589144
0.643949
0.779856
0.557828
0.079397
0.597771
0.100580
0.387593
0.658394
0.580543
0.874110
0.159490
0.543791
0.947760
0.163153
0.031348
0.513281
0.829282
0.658394
0.690166
0.245003
0.787927
0.394742
0.779856
0.021859
0.196422
0.346575
0.008847
0.260793
0.275424
0.043818
0.236593
0.139014
0.470257
0.304435
0.779856
0.505064
0.357661
0.749684
0.025274
0.552238
0.744157
0.228410
0.552238
0.612135
0.907293
0.801128
0.801128
0.643949
0.658394
0.549354
0.183833
0.250182
0.241635
0.649688
0.231634
0.284858
0.021268
0.020320
0.017866
0.922090
0.891273
0.228410
