0.454542
0.483494
0.215763
0.603471
0.454542
0.571972
0.169385
0.907293
0.039801
0.848789
0.907293
0.713075
0.344325
0.059212
0.891273
0.141156
0.897436
0.640981
0.704484
0.203680
0.346575
0.580543
0.001208
0.333520
0.496903
0.721628
0.150086
0.580543
0.290658
0.617854
0.884948
0.421575
0.021859
0.406779
0.940331
0.617854
0.891273
0.183833
0.626544
0.848789
0.787927
0.290658
0.836720
0.749684
0.841556
0.580543
0.727244
0.860501
0.322949
0.177160
0.787927
0.603471
0.549354
0.916674
0.779856
0.721628
0.821730
0.829282
0.103042
0.117048
0.090535
0.935597
0.962240
0.016902
0.357661
0.414138
0.375911
0.322949
0.603471
0.203680
0.766291
0.635244
0.821730
0.153566
0.836720
0.829282
0.801128
0.749684
0.294528
0.758020
0.841556
0.935597
0.394742
0.940331
0.735726
0.594827
0.441715
0.995551
0.260793
0.801128
0.848789
0.022258
0.491556
0.667094
0.190711
0.998868
0.103042
0.322949
0.275424
0.848789
0.713075
0.414138
0.250182
0.927324
0.454542
0.275424
0.434080
0.978604
0.603471
0.033659
0.626544
0.192150
0.874110
0.958545
0.429087
0.394742
0.269851
0.884948
0.922090
0.414138
0.681504
0.454542
0.132684
0.183833
0.940331
0.681504
0.053907
0.681504
0.681504
0.571972
0.974087
0.449423
0.269851
0.470257
0.808960
0.884948
0.574890
0.290658
0.635244
0.499678
0.758020
0.935597
0.649688
0.362130
0.749684
0.821730
0.233315
0.322949
0.255445
0.779856
0.841556
0.958545
0.867378
0.580543
0.020692
0.991213
0.306500
0.211153
0.836720
0.801128
0.496903
0.557828
0.749684
0.603471
0.390021
0.787927
0.589144
0.007378
0.139014
0.649688
0.535389
0.084803
0.231634
0.667094
0.787927
0.001310
0.766291
0.907293
0.183833
0.681504
0.766291
0.153566
0.557828
0.991213
0.032199
0.192150
0.557828
0.144460
0.836720
0.836720
0.449423
0.406779
0.667094
0.088340
0.649688
0.390021
0.062816
0.571972
0.135818
0.462365
0.199280
0.626544
0.470257
0.713075
0.483494
0.552238
0.540922
0.787927
0.124654
0.965738
0.727244
0.454542
0.223587
0.735726
0.962240
0.901408
0.927324
0.557828
0.107244
0.922090
0.434080
0.913005
0.462365
0.643949
0.884948
0.228410
0.758020
0.779856
0.179787
0.009546
0.855893
0.441715
0.199280
0.144460
0.163153
0.269851
0.727244
0.580543
0.867378
0.513281
0.406779
0.264363
0.991213
0.986757
0.816691
0.026438
0.557828
0.563435
0.612135
0.922090
0.566341
0.855893
0.491556
0.649688
0.603471
0.652656
0.250182
0.070668
0.387593
0.771705
0.107244
0.010298
0.787927
0.475494
0.135818
0.350951
0.901408
0.382926
0.727244
0.704484
0.364456
0.169385
0.821730
0.626544
0.241635
0.884948
0.771705
0.867378
0.940331
0.626544
0.371333
0.867378
0.015409
0.527033
0.571972
0.749684
0.744157
0.241635
0.935597
0.436675
0.779856
0.375911
0.006637
0.137917
0.335721
0.401971
0.649688
0.958545
0.020886
0.690166
0.241635
0.166886
0.241635
0.294528
0.114294
0.718717
0.454542
0.449423
0.626544
0.020692
0.935597
0.727244
0.958545
0.867378
0.801128
0.793201
0.483494
0.779856
0.279144
0.306500
0.635244
0.357661
0.157114
0.394742
0.060743
0.829282
0.000918
0.021268
0.962240
0.169385
0.483494
0.446787
0.566341
0.841556
0.124654
0.744157
0.984769
0.821730
0.434080
0.047782
0.245003
0.394742
0.144460
0.704484
0.211153
0.991213
0.300471
0.166886
0.382926
0.867378
0.713075
0.916674
0.681504
0.771705
0.329292
0.681504
0.177160
0.649688
0.649688
0.012907
0.947760
0.766291
0.223587
0.163153
0.649688
0.649688
0.441715
0.612135
0.127623
0.269851
0.721628
0.119859
0.066084
0.681504
0.183833
0.475494
0.704484
0.935597
0.962240
0.681504
0.306500
0.000740
0.462365
0.475494
0.462365
0.658394
0.535389
0.169385
0.549354
0.821730
0.049040
0.758020
0.643949
0.681504
0.727244
0.713075
0.199280
0.535389
0.080707
0.667094
0.024596
0.681504
0.143326
0.009016
0.947760
0.643949
0.758020
0.357661
0.549354
0.475494
0.848789
0.467559
0.031348
0.462365
0.478214
0.603471
0.540922
0.867378
0.421575
0.589144
0.749684
0.635244
0.672823
0.000411
0.183833
0.704484
0.038764
0.375911
0.255445
0.787927
0.649688
0.801128
0.075538
0.535389
0.935597
0.007965
0.109849
0.001271
0.698805
0.024596
0.250182
0.241635
0.025731
0.927324
0.211153
0.617854
0.264363
0.090535
0.401971
0.357661
0.935597
0.236593
0.735726
0.114294
0.454542
0.884948
0.187953
0.088340
0.922090
0.223587
0.922090
0.704484
0.513281
0.306500
0.808960
0.414138
0.848789
0.183833
0.057717
0.187953
0.580543
0.571972
0.169385
0.044581
0.704484
0.779856
0.421575
0.535389
0.086192
0.808960
0.211153
0.375911
0.758020
0.153566
0.891273
0.357661
0.409279
0.829282
0.513281
0.521553
0.003289
0.787927
0.223587
0.758020
0.884948
0.177160
0.695863
0.236593
0.007378
0.549354
0.727244
0.713075
0.935597
0.483494
0.127623
0.333520
0.063362
0.513281
0.901408
0.086919
0.884948
0.357661
0.016595
0.643949
0.801128
0.038764
0.829282
0.296545
0.649688
0.779856
0.310521
0.462365
0.159490
0.333520
0.496903
0.228410
0.518727
0.047782
0.316692
0.255445
0.141156
0.874110
0.357661
0.414138
0.513281
0.735726
0.096609
0.491556
0.251967
0.935597
0.549354
0.727244
0.183833
0.951979
0.626544
0.658394
0.971109
0.121744
0.543791
0.441715
0.848789
0.727244
0.462365
0.549354
0.681504
0.620815
0.467559
0.055312
0.891273
0.848789
0.470257
0.382926
0.543791
0.829282
0.848789
0.177160
0.255445
0.549354
0.092778
0.635244
0.273514
0.462365
0.390021
0.897436
0.505064
0.169385
