0.721628
0.971109
0.141156
0.704484
0.643949
0.821730
0.387593
0.672823
0.801128
0.406779
0.375911
0.166886
0.449423
0.991213
0.047782
0.801128
0.874110
0.801128
0.971109
0.635244
0.549354
0.658394
0.364456
0.284858
0.387593
0.891273
0.475494
0.771705
0.891273
0.084092
0.007965
0.190711
0.787927
0.175815
0.080707
0.749684
0.335721
0.922090
0.527033
0.449423
0.543791
0.250182
0.290658
0.749684
0.211153
0.518727
0.626544
0.505064
0.603471
0.635244
0.203680
0.916674
0.808960
0.316692
0.340005
0.962240
0.467559
0.414138
0.727244
0.557828
0.211153
0.241635
0.333520
0.735726
0.620815
0.958545
0.173237
0.017866
0.088340
0.181158
0.571972
0.521553
0.491556
0.499678
0.368979
0.333520
0.580543
0.589144
0.100580
0.513281
0.935597
0.080707
0.513281
0.916674
0.322949
0.695863
0.649688
0.163153
0.867378
0.333520
0.350951
0.096609
0.074303
0.060217
0.643949
0.907293
0.808960
0.891273
0.521553
0.735726
0.527033
0.808960
0.667094
0.001114
0.183833
0.658394
0.597771
0.549354
0.867378
0.194957
0.749684
0.589144
0.543791
0.727244
0.258960
0.947760
0.690166
0.187953
0.350951
0.218844
0.394742
0.867378
0.951979
0.922090
0.073672
0.816691
0.635244
0.104694
0.010298
0.434080
0.163153
0.371333
0.357661
0.681504
0.907293
0.364456
0.290658
0.801128
0.643949
0.357661
0.441715
0.727244
0.483494
0.801128
0.617854
0.446787
0.874110
0.672823
0.727244
0.801128
0.535389
0.649688
0.690166
0.034568
0.491556
0.394742
0.589144
0.766291
0.704484
0.713075
0.357661
0.821730
0.951979
0.971109
0.043818
0.940331
0.401971
0.223587
0.681504
0.350951
0.922090
0.967937
0.951979
0.962240
0.449423
0.429087
0.916674
0.681504
0.067775
0.884948
0.801128
0.211153
0.429087
0.958545
0.971109
0.574890
0.088340
0.749684
0.483494
0.874110
0.874110
0.603471
0.107244
0.449423
0.771705
0.557828
0.891273
0.340005
0.758020
0.357661
0.667094
0.454542
0.296545
0.066084
0.935597
0.353229
0.350951
0.139014
0.496903
0.984769
0.741289
0.250182
0.549354
0.002863
0.916674
0.557828
0.231634
0.713075
0.649688
0.681504
0.023508
0.603471
0.580543
0.335721
0.499678
0.375911
0.228410
0.848789
0.594827
0.290658
0.643949
0.626544
0.044980
0.721628
0.996919
0.891273
0.958545
0.163153
0.867378
0.841556
0.821730
0.535389
0.012317
0.940331
0.907293
0.470257
0.571972
0.306500
0.000846
0.589144
0.470257
0.867378
0.997586
0.947760
0.603471
0.000899
0.704484
0.260793
0.513281
0.571972
0.107244
0.855893
0.907293
0.557828
0.147829
0.316692
0.483494
0.019768
0.231634
0.470257
0.436675
0.150086
0.951979
0.779856
0.580543
0.901408
0.649688
0.223587
0.930673
0.735726
0.008197
0.571972
0.981075
0.394742
0.275424
0.414138
0.505064
0.626544
0.375911
0.082732
0.211153
0.947760
0.038094
0.483494
0.991213
0.199280
0.329292
0.779856
0.698805
0.139014
0.275424
0.150086
0.250182
0.475494
0.130653
0.231634
0.793201
0.513281
0.635244
0.401971
0.275424
0.801128
0.401971
0.513281
0.704484
0.735726
0.884948
0.535389
0.350951
0.626544
0.884948
0.421575
0.907293
0.821730
0.667094
0.620815
0.390021
0.916674
0.940331
0.808960
0.947760
0.294528
0.375911
0.223587
0.597771
0.566341
0.681504
0.991213
0.483494
0.626544
0.399498
0.211153
0.013909
0.860501
0.580543
0.779856
0.836720
0.681504
0.935597
0.658394
0.187953
0.808960
0.672823
0.935597
0.449423
0.322949
0.401971
0.462365
0.527033
0.375911
0.626544
0.935597
0.401971
0.891273
0.157114
0.056256
0.603471
0.513281
0.241635
0.177160
0.672823
0.121744
0.597771
0.735726
0.779856
0.940331
0.255445
0.368979
0.901408
0.269851
0.916674
0.574890
0.635244
0.250182
0.698805
0.557828
0.250182
0.626544
0.300471
0.992594
0.643949
0.808960
0.721628
0.841556
0.406779
0.927324
0.275424
0.518727
0.288671
0.978604
0.153566
0.454542
0.951979
0.121744
0.735726
0.019768
0.211153
0.344325
0.672823
0.454542
0.801128
0.035180
0.483494
0.566341
0.571972
0.779856
0.505064
0.922090
0.316692
0.513281
0.362130
0.836720
0.300471
0.002950
0.475494
0.218844
0.000661
0.119859
0.414138
0.681504
0.821730
0.190711
0.626544
0.159490
0.483494
0.011640
0.228410
0.986757
0.434080
0.535389
0.245003
0.521553
0.203680
0.434080
0.181158
0.947760
0.557828
0.499678
0.375911
0.735726
0.951979
0.483494
0.658394
0.441715
0.727244
0.991213
0.744157
0.821730
0.566341
0.672823
0.603471
0.913005
0.173237
0.441715
0.199280
0.117048
0.264363
0.194957
0.491556
0.922090
0.913005
0.603471
0.375911
0.962240
0.649688
0.793201
0.649688
0.075538
0.284858
0.266225
0.901408
0.891273
0.333520
0.119859
0.907293
0.535389
0.414138
0.401971
0.695863
0.483494
0.329292
0.421575
0.907293
0.617854
0.758020
0.518727
0.658394
0.024596
0.127623
0.620815
0.329292
0.612135
0.922090
0.527033
0.713075
0.082732
0.159490
0.470257
0.916674
0.574890
0.290658
0.470257
0.275424
0.557828
0.543791
0.218844
0.758020
0.744157
0.603471
0.223587
0.426518
0.483494
0.727244
0.907293
0.543791
0.901408
0.211153
0.989675
0.829282
0.505064
0.603471
0.275424
0.758020
0.801128
0.566341
0.718717
0.036127
0.127623
0.012670
0.246759
0.821730
0.394742
0.117048
0.681504
0.529876
0.801128
0.467559
0.771705
0.316692
0.690166
0.236593
0.801128
0.075538
0.594827
0.364456
0.016139
0.771705
0.462365
0.202171
0.667094
0.667094
0.704484
0.527033
0.821730
0.543791
0.211153
0.667094
0.387593
0.580543
0.874110
0.681504
0.049886
0.704484
0.744157
0.626544
0.574890
