0.658394
0.658394
0.836720
0.566341
0.589144
0.594827
0.922090
0.371333
0.394742
0.891273
0.727244
0.986757
0.401971
0.681504
0.470257
0.958545
0.340005
0.001809
0.935597
0.986757
0.635244
0.758020
0.681504
0.255445
0.992594
0.758020
0.557828
0.779856
0.103042
0.951979
0.096609
0.521553
0.821730
0.273514
0.971109
0.821730
0.927324
0.127623
0.441715
0.214182
0.375911
0.264363
0.735726
0.855893
0.829282
0.690166
0.414138
0.836720
0.228410
0.054829
0.535389
0.245003
0.897436
0.375911
0.098985
0.735726
0.681504
0.491556
0.922090
0.390021
0.160731
0.571972
0.580543
0.940331
0.779856
0.787927
0.635244
0.721628
0.749684
0.779856
0.971109
0.829282
0.867378
0.913005
0.557828
0.603471
0.704484
0.387593
0.045761
0.449423
0.139014
0.017866
0.984769
0.072465
0.040864
0.549354
0.922090
0.721628
0.340005
0.194957
0.735726
0.821730
0.246759
0.535389
0.801128
0.681504
0.394742
0.704484
0.749684
0.681504
0.462365
0.758020
0.672823
0.462365
0.124654
0.727244
0.121744
0.940331
0.658394
0.250182
0.187953
0.346575
0.236593
0.013276
0.163153
0.704484
0.070668
0.029708
0.922090
0.643949
0.643949
0.414138
0.884948
0.269851
0.848789
0.505064
0.013909
0.284858
0.681504
0.580543
0.322949
0.649688
0.779856
0.084803
0.566341
0.735726
0.333520
0.086919
0.552238
0.333520
0.836720
0.557828
0.037752
0.449423
0.316692
0.841556
0.704484
0.589144
0.947760
0.735726
0.603471
0.394742
0.580543
0.821730
0.340005
0.002255
0.421575
0.848789
0.927324
0.589144
0.978604
0.245003
0.829282
0.989675
0.597771
0.421575
0.264363
0.513281
0.891273
0.672823
0.202171
0.535389
0.070065
0.010009
0.132684
0.294528
0.940331
0.907293
0.521553
0.211153
0.704484
0.808960
0.446787
0.290658
0.269851
0.094284
0.340005
0.072465
0.357661
0.927324
0.874110
0.312615
0.009822
0.626544
0.049040
0.273514
0.478214
0.153566
0.513281
0.047782
0.549354
0.667094
0.543791
0.713075
0.169385
0.112510
0.787927
0.735726
0.935597
0.901408
0.978604
0.316692
0.543791
0.808960
0.491556
0.505064
0.922090
0.350951
0.787927
0.007739
0.704484
0.306500
0.127623
0.192150
0.549354
0.907293
0.329292
0.454542
0.916674
0.612135
0.695863
0.086919
0.401971
0.690166
0.713075
0.350951
0.067775
0.580543
0.801128
0.483494
0.194957
0.907293
0.072465
0.454542
0.612135
0.597771
0.867378
0.594827
0.449423
0.958545
0.874110
0.034568
0.006832
0.226757
0.491556
0.681504
0.215763
0.907293
0.927324
0.672823
0.114294
0.025970
0.024596
0.612135
0.566341
0.913005
0.907293
0.457201
0.206623
0.228410
0.300471
0.414138
0.300471
0.255445
0.260793
0.130653
0.483494
0.971109
0.566341
0.462365
0.288671
0.290658
0.643949
0.255445
0.758020
0.072465
0.535389
0.571972
0.157114
0.649688
0.535389
0.713075
0.922090
0.984769
0.603471
0.658394
0.335721
0.441715
0.135818
0.255445
0.878466
0.441715
0.414138
0.449423
0.316692
0.406779
0.061772
0.316692
0.626544
0.350951
0.672823
0.916674
0.211153
0.704484
0.667094
0.088340
0.406779
0.994555
0.649688
0.713075
0.535389
0.848789
0.290658
0.681504
0.266225
0.771705
0.848789
0.713075
0.848789
0.821730
0.084803
0.787927
0.245003
0.771705
0.163153
0.901408
0.470257
0.907293
0.603471
0.867378
0.771705
0.971109
0.695863
0.713075
0.310521
0.026684
0.771705
0.364456
0.462365
0.008597
0.072465
0.535389
0.829282
0.984769
0.094284
0.735726
0.441715
0.744157
0.387593
0.401971
0.612135
0.787927
0.382926
0.571972
0.002779
0.346575
0.406779
0.695863
0.978604
0.704484
0.163153
0.449423
0.667094
0.658394
0.462365
0.829282
0.300471
0.109849
0.001721
0.557828
0.535389
0.150086
0.344325
0.082732
0.690166
0.695863
0.749684
0.690166
0.449423
0.160731
0.117048
0.000129
0.269851
0.626544
0.951979
0.543791
0.951979
0.382926
0.649688
0.947760
0.836720
0.808960
0.891273
0.962240
0.947760
0.211153
0.394742
0.009546
0.513281
0.421575
0.649688
0.046554
0.047782
0.626544
0.971109
0.322949
0.935597
0.199280
0.989675
0.034568
0.074303
0.258960
0.312615
0.603471
0.327120
0.132684
0.727244
0.808960
0.727244
0.001865
0.350951
0.557828
0.986757
0.713075
0.958545
0.069506
0.206623
0.028409
0.681504
0.901408
0.187953
0.414138
0.922090
0.891273
0.816691
0.543791
0.199280
0.241635
0.535389
0.491556
0.735726
0.215763
0.690166
0.141156
0.375911
0.735726
0.916674
0.626544
0.603471
0.907293
0.362130
0.916674
0.681504
0.406779
0.505064
0.749684
0.589144
0.264363
0.749684
0.543791
0.199280
0.273514
0.557828
0.279144
0.758020
0.981075
0.157114
0.306500
0.290658
0.211153
0.350951
0.187953
0.340005
0.228410
0.409279
0.978604
0.505064
0.771705
0.269851
0.978604
0.194957
0.322949
0.141156
0.580543
0.620815
0.375911
0.612135
0.916674
0.135818
0.467559
0.045761
0.340005
0.549354
0.166886
0.749684
0.470257
0.457201
0.874110
0.626544
0.052535
0.414138
0.394742
0.640981
0.449423
0.100580
0.470257
0.273514
0.421575
0.594827
0.228410
0.147829
0.841556
0.626544
0.690166
0.255445
0.907293
0.094284
0.340005
0.449423
0.580543
0.787927
0.070668
0.543791
0.014711
0.713075
0.513281
0.000204
0.935597
0.153566
0.157114
0.793201
0.658394
0.306500
0.449423
0.072465
0.357661
0.727244
0.589144
0.290658
0.535389
0.173237
0.735726
0.947760
0.801128
0.233315
0.416665
0.255445
0.462365
0.922090
0.971109
0.269851
0.821730
0.922090
0.082732
0.874110
0.394742
0.855893
0.255445
0.275424
0.907293
0.483494
0.574890
0.521553
0.401971
0.620815
0.499678
