0.672823
0.626544
0.658394
0.626544
0.177160
0.394742
0.306500
0.951979
0.446787
0.758020
0.245003
0.927324
0.414138
0.446787
0.535389
0.867378
0.557828
0.333520
0.002020
0.704484
0.382926
0.594827
0.021859
0.617854
0.306500
0.107244
0.612135
0.255445
0.635244
0.635244
0.603471
0.543791
0.635244
0.848789
0.667094
0.015409
0.157114
0.841556
0.446787
0.713075
0.549354
0.603471
0.109849
0.874110
0.801128
0.971109
0.241635
0.549354
0.394742
0.046970
0.327120
0.105557
0.793201
0.094284
0.690166
0.549354
0.014985
0.401971
0.935597
0.202171
0.771705
0.159490
0.394742
0.617854
0.735726
0.907293
0.306500
0.421575
0.441715
0.177160
0.947760
0.998868
0.141156
0.626544
0.491556
0.978604
0.470257
0.394742
0.935597
0.635244
0.414138
0.735726
0.962240
0.978604
0.390021
0.322949
0.758020
0.801128
0.594827
0.672823
0.310521
0.874110
0.867378
0.199280
0.984769
0.867378
0.187953
0.029982
0.434080
0.284858
0.066084
0.421575
0.166886
0.766291
0.974087
0.250182
0.643949
0.962240
0.994555
0.566341
0.927324
0.312615
0.549354
0.580543
0.513281
0.513281
0.897436
0.441715
0.626544
0.821730
0.658394
0.801128
0.462365
0.603471
0.483494
0.681504
0.643949
0.409279
0.947760
0.566341
0.940331
0.549354
0.727244
0.414138
0.801128
0.855893
0.255445
0.382926
0.958545
0.829282
0.441715
0.155897
0.409279
0.454542
0.649688
0.626544
0.801128
0.935597
0.571972
0.206623
0.704484
0.015695
0.527033
0.658394
0.073672
0.173237
0.003738
0.275424
0.505064
0.643949
0.779856
0.475494
0.441715
0.779856
0.535389
0.368979
0.491556
0.529876
0.974087
0.026438
0.521553
0.434080
0.848789
0.246759
0.801128
0.491556
0.322949
0.626544
0.364456
0.947760
0.382926
0.787927
0.340005
0.727244
0.312615
0.667094
0.294528
0.203680
0.518727
0.075538
0.681504
0.368979
0.816691
0.329292
0.589144
0.449423
0.603471
0.758020
0.529876
0.053907
0.649688
0.808960
0.441715
0.620815
0.294528
0.179787
0.690166
0.766291
0.603471
0.170690
0.727244
0.744157
0.223587
0.916674
0.241635
0.173237
0.010595
0.821730
0.535389
0.557828
0.031348
0.787927
0.927324
0.962240
0.052535
0.390021
0.255445
0.779856
0.401971
0.025274
0.874110
0.019768
0.821730
0.848789
0.223587
0.084803
0.312615
0.006325
0.518727
0.681504
0.672823
0.897436
0.467559
0.749684
0.793201
0.475494
0.441715
0.557828
0.364456
0.758020
0.801128
0.137917
0.580543
0.008847
0.801128
0.030518
0.075538
0.867378
0.187953
0.130653
0.124654
0.566341
0.014305
0.695863
0.329292
0.478214
0.779856
0.620815
0.989675
0.658394
0.557828
0.984769
0.273514
0.112510
0.470257
0.658394
0.874110
0.535389
0.566341
0.874110
0.491556
0.470257
0.269851
0.901408
0.612135
0.119859
0.779856
0.186540
0.449423
0.978604
0.991213
0.426518
0.727244
0.483494
0.735726
0.350951
0.935597
0.947760
0.836720
0.144460
0.153566
0.421575
0.483494
0.382926
0.603471
0.169385
0.878466
0.956001
0.552238
0.496903
0.132684
0.940331
0.658394
0.580543
0.426518
0.855893
0.589144
0.107244
0.821730
0.836720
0.758020
0.690166
0.535389
0.119859
0.269851
0.874110
0.166886
0.635244
0.848789
0.795913
0.836720
0.597771
0.346575
0.744157
0.713075
0.414138
0.357661
0.874110
0.290658
0.787927
0.329292
0.635244
0.916674
0.704484
0.658394
0.713075
0.947760
0.829282
0.449423
0.855893
0.021268
0.907293
0.649688
0.557828
0.462365
0.496903
0.067775
0.704484
0.749684
0.901408
0.566341
0.940331
0.406779
0.874110
0.543791
0.658394
0.375911
0.962240
0.114294
0.897436
0.409279
0.215763
0.429087
0.470257
0.667094
0.005687
0.658394
0.211153
0.940331
0.421575
0.867378
0.333520
0.346575
0.169385
0.643949
0.199280
0.436675
0.626544
0.015409
0.672823
0.114294
0.704484
0.901408
0.279144
0.269851
0.986757
0.375911
0.787927
0.039801
0.713075
0.173237
0.401971
0.382926
0.735726
0.848789
0.012548
0.787927
0.557828
0.513281
0.984769
0.594827
0.491556
0.749684
0.226757
0.040864
0.421575
0.005687
0.064990
0.275424
0.681504
0.801128
0.491556
0.306500
0.449423
0.357661
0.713075
0.316692
0.394742
0.566341
0.695863
0.273514
0.426518
0.173237
0.549354
0.086192
0.000485
0.535389
0.127623
0.199280
0.059212
0.269851
0.867378
0.841556
0.808960
0.580543
0.071848
0.223587
0.643949
0.228410
0.246759
0.543791
0.333520
0.462365
0.735726
0.589144
0.681504
0.387593
0.967937
0.635244
0.223587
0.658394
0.296545
0.884948
0.049040
0.300471
0.103042
0.867378
0.808960
0.340005
0.758020
0.255445
0.930673
0.053907
0.279144
0.620815
0.041578
0.580543
0.462365
0.580543
0.364456
0.368979
0.779856
0.597771
0.649688
0.380525
0.357661
0.491556
0.997586
0.454542
0.454542
0.672823
0.884948
0.907293
0.999892
0.300471
0.449423
0.166886
0.884948
0.884948
0.727244
0.626544
0.603471
0.658394
0.284858
0.978604
0.121744
0.704484
0.127623
0.513281
0.704484
0.527033
0.978604
0.626544
0.449423
0.022875
0.499678
0.643949
0.462365
0.681504
0.132684
0.821730
0.513281
0.072465
0.518727
0.228410
0.316692
0.557828
0.947760
0.340005
0.978604
0.357661
0.382926
0.166886
0.557828
0.124654
0.690166
0.488801
0.135818
0.057717
0.513281
0.067775
0.421575
0.421575
0.279144
0.088340
0.907293
0.346575
0.042685
0.086192
0.082732
0.557828
0.681504
0.801128
0.505064
0.518727
0.346575
0.935597
0.981075
0.779856
0.470257
0.294528
0.795913
0.322949
0.129613
0.603471
0.147829
0.449423
0.907293
0.206623
0.927324
0.878466
0.922090
0.194957
0.312615
0.557828
0.380525
