0.279144
0.695863
0.704484
0.241635
0.927324
0.518727
0.672823
0.300471
0.874110
0.300471
0.050328
0.589144
0.758020
0.971109
0.771705
0.346575
0.441715
0.475494
0.284858
0.891273
0.223587
0.626544
0.612135
0.829282
0.821730
0.808960
0.011425
0.922090
0.735726
0.441715
0.860501
0.027164
0.353229
0.603471
0.855893
0.603471
0.028409
0.557828
0.787927
0.394742
0.064990
0.518727
0.779856
0.103042
0.891273
0.991213
0.357661
0.935597
0.880693
0.704484
0.787927
0.527033
0.672823
0.543791
0.279144
0.635244
0.357661
0.306500
0.346575
0.880693
0.394742
0.635244
0.470257
0.421575
0.505064
0.984769
0.233315
0.821730
0.390021
0.862861
0.829282
0.535389
0.821730
0.382926
0.011425
0.535389
0.241635
0.735726
0.279144
0.135818
0.801128
0.457201
0.260793
0.867378
0.821730
0.491556
0.177160
0.549354
0.441715
0.626544
0.491556
0.543791
0.236593
0.203680
0.077446
0.580543
0.478214
0.801128
0.713075
0.829282
0.421575
0.821730
0.999575
0.967937
0.387593
0.816691
0.713075
0.429087
0.296545
0.483494
0.867378
0.916674
0.940331
0.907293
0.264363
0.513281
0.571972
0.690166
0.300471
0.829282
0.922090
0.382926
0.028409
0.721628
0.947760
0.787927
0.535389
0.951979
0.801128
0.603471
0.049040
0.695863
0.649688
0.014711
0.153566
0.153566
0.316692
0.971109
0.681504
0.821730
0.779856
0.082732
0.470257
0.024596
0.470257
0.470257
0.848789
0.119859
0.801128
0.801128
0.860501
0.012317
0.935597
0.316692
0.063362
0.612135
0.250182
0.998868
0.801128
0.114294
0.549354
0.766291
0.580543
0.891273
0.635244
0.088340
0.535389
0.454542
0.874110
0.749684
0.658394
0.690166
0.241635
0.658394
0.704484
0.698805
0.340005
0.981075
0.891273
0.470257
0.704484
0.580543
0.414138
0.043818
0.779856
0.275424
0.390021
0.183833
0.597771
0.801128
0.316692
0.829282
0.721628
0.935597
0.364456
0.557828
0.801128
0.364456
0.848789
0.594827
0.206623
0.672823
0.241635
0.462365
0.571972
0.003193
0.518727
0.333520
0.255445
0.007739
0.513281
0.004043
0.021859
0.275424
0.194957
0.986757
0.635244
0.727244
0.855893
0.327120
0.874110
0.499678
0.160731
0.322949
0.635244
0.667094
0.958545
0.414138
0.177160
0.117048
0.574890
0.867378
0.226757
0.079397
0.290658
0.535389
0.978604
0.549354
0.375911
0.394742
0.462365
0.658394
0.362130
0.491556
0.421575
0.387593
0.202171
0.236593
0.063362
0.758020
0.721628
0.000136
0.867378
0.704484
0.350951
0.105557
0.829282
0.643949
0.275424
0.505064
0.626544
0.092008
0.535389
0.449423
0.617854
0.483494
0.163153
0.535389
0.115226
0.029708
0.187953
0.787927
0.163153
0.649688
0.947760
0.658394
0.848789
0.454542
0.279144
0.357661
0.346575
0.059212
0.771705
0.273514
0.429087
0.603471
0.394742
0.211153
0.513281
0.821730
0.264363
0.589144
0.192150
0.346575
0.049040
0.947760
0.150086
0.758020
0.368979
0.117048
0.907293
0.612135
0.841556
0.580543
0.649688
0.589144
0.406779
0.401971
0.571972
0.454542
0.681504
0.527033
0.406779
0.275424
0.027164
0.860501
0.039801
0.620815
0.855893
0.245003
0.704484
0.681504
0.603471
0.475494
0.387593
0.434080
0.821730
0.658394
0.029186
0.462365
0.855893
0.014985
0.284858
0.346575
0.947760
0.901408
0.414138
0.208158
0.974087
0.094284
0.454542
0.215763
0.779856
0.279144
0.187953
0.801128
0.713075
0.713075
0.855893
0.727244
0.855893
0.401971
0.821730
0.658394
0.052535
0.974087
0.406779
0.951979
0.446787
0.787927
0.695863
0.681504
0.801128
0.045761
0.571972
0.907293
0.082732
0.922090
0.787927
0.177160
0.499678
0.927324
0.300471
0.848789
0.117048
0.220452
0.916674
0.603471
0.940331
0.571972
0.449423
0.329292
0.612135
0.749684
0.635244
0.603471
0.199280
0.649688
0.220452
0.922090
0.543791
0.735726
0.183833
0.063362
0.580543
0.874110
0.603471
0.406779
0.801128
0.808960
0.855893
0.228410
0.821730
0.436675
0.014571
0.771705
0.177160
0.848789
0.068911
0.543791
0.483494
0.922090
0.626544
0.203680
0.340005
0.399498
0.841556
0.084803
0.002020
0.758020
0.758020
0.139014
0.146673
0.951979
0.518727
0.017378
0.146673
0.157114
0.974087
0.505064
0.036127
0.935597
0.557828
0.690166
0.035180
0.527033
0.690166
0.375911
0.505064
0.021268
0.535389
0.848789
0.340005
0.612135
0.713075
0.603471
0.571972
0.922090
0.855893
0.382926
0.991213
0.306500
0.075538
0.771705
0.527033
0.974087
0.441715
0.153566
0.695863
0.187953
0.603471
0.718717
0.557828
0.855893
0.749684
0.922090
0.540922
0.635244
0.499678
0.848789
0.594827
0.382926
0.549354
0.649688
0.922090
0.571972
0.521553
0.874110
0.557828
0.867378
0.260793
0.269851
0.001310
0.414138
0.922090
0.387593
0.997586
0.371333
0.255445
0.491556
0.927324
0.340005
0.658394
0.744157
0.658394
0.758020
0.821730
0.027908
0.211153
0.284858
0.571972
0.821730
0.643949
0.635244
0.000846
0.891273
0.057717
0.505064
0.658394
0.357661
0.316692
0.505064
0.766291
0.177160
0.649688
0.951979
0.266225
0.986757
0.690166
0.470257
0.821730
0.874110
0.779856
0.505064
0.580543
0.874110
0.211153
0.884948
0.994555
0.173237
0.380525
0.066084
0.190711
0.749684
0.635244
0.801128
0.203680
0.580543
0.672823
0.867378
0.104694
0.390021
0.787927
0.848789
0.727244
0.322949
0.380525
0.962240
0.401971
0.667094
0.962240
0.454542
0.441715
0.166886
0.744157
0.821730
0.521553
0.626544
0.874110
0.675784
0.927324
0.951979
0.364456
0.122729
0.087602
0.774492
0.571972
0.874110
0.346575
0.077446
0.841556
0.153566
0.246759
0.166886
0.836720
0.749684
