0.713075
0.199280
0.758020
0.529876
0.771705
0.429087
0.922090
0.913005
0.001027
0.571972
0.907293
0.038094
0.860501
0.228410
0.927324
0.658394
0.735726
0.086919
0.387593
0.109849
0.891273
0.649688
0.527033
0.483494
0.913005
0.713075
0.927324
0.867378
0.322949
0.521553
0.273514
0.454542
0.163153
0.316692
0.375911
0.375911
0.867378
0.855893
0.300471
0.421575
0.496903
0.727244
0.159490
0.658394
0.981075
0.935597
0.667094
0.649688
0.704484
0.681504
0.394742
0.045761
0.907293
0.033071
0.434080
0.462365
0.025970
0.470257
0.245003
0.884948
0.935597
0.199280
0.284858
0.157114
0.690166
0.340005
0.075538
0.901408
0.183833
0.382926
0.513281
0.035180
0.449423
0.891273
0.112510
0.713075
0.690166
0.612135
0.867378
0.080707
0.284858
0.048208
0.491556
0.454542
0.454542
0.275424
0.549354
0.704484
0.667094
0.441715
0.364456
0.566341
0.434080
0.704484
0.540922
0.094284
0.681504
0.284858
0.667094
0.626544
0.527033
0.368979
0.462365
0.316692
0.070668
0.635244
0.300471
0.658394
0.690166
0.409279
0.434080
0.357661
0.992594
0.294528
0.927324
0.147829
0.749684
0.346575
0.006325
0.962240
0.907293
0.901408
0.006832
0.766291
0.829282
0.808960
0.690166
0.159490
0.011974
0.394742
0.867378
0.246759
0.749684
0.935597
0.649688
0.233315
0.874110
0.557828
0.518727
0.333520
0.340005
0.380525
0.617854
0.935597
0.848789
0.566341
0.727244
0.005013
0.513281
0.505064
0.016595
0.947760
0.016595
0.795913
0.241635
0.496903
0.884948
0.441715
0.626544
0.991213
0.483494
0.135818
0.779856
0.787927
0.153566
0.329292
0.549354
0.406779
0.821730
0.429087
0.991213
0.658394
0.067775
0.735726
0.891273
0.667094
0.727244
0.322949
0.483494
0.848789
0.470257
0.387593
0.589144
0.255445
0.496903
0.867378
0.327120
0.727244
0.704484
0.401971
0.211153
0.749684
0.916674
0.357661
0.007739
0.649688
0.589144
0.368979
0.612135
0.015409
0.735726
0.779856
0.867378
0.535389
0.549354
0.214182
0.543791
0.072465
0.867378
0.801128
0.279144
0.429087
0.203680
0.829282
0.084803
0.557828
0.039801
0.077446
0.874110
0.067775
0.721628
0.228410
0.735726
0.357661
0.867378
0.721628
0.475494
0.294528
0.667094
0.157114
0.069506
0.211153
0.223587
0.513281
0.867378
0.124654
0.727244
0.470257
0.779856
0.779856
0.643949
0.771705
0.713075
0.690166
0.173237
0.462365
0.092008
0.749684
0.901408
0.053907
0.643949
0.951979
0.981075
0.310521
0.281082
0.206623
0.841556
0.029982
0.284858
0.698805
0.916674
0.281082
0.434080
0.275424
0.681504
0.672823
0.727244
0.962240
0.368979
0.266225
0.947760
0.947760
0.333520
0.829282
0.675784
0.749684
0.675784
0.841556
0.327120
0.787927
0.288671
0.612135
0.199280
0.580543
0.704484
0.635244
0.829282
0.998868
0.841556
0.312615
0.640981
0.390021
0.620815
0.971109
0.157114
0.434080
0.483494
0.566341
0.401971
0.808960
0.226757
0.901408
0.597771
0.848789
0.603471
0.935597
0.375911
0.874110
0.829282
0.589144
0.375911
0.758020
0.055312
0.884948
0.841556
0.364456
0.290658
0.513281
0.364456
0.467559
0.090535
0.429087
0.603471
0.922090
0.421575
0.658394
0.992594
0.649688
0.557828
0.884948
0.829282
0.387593
0.340005
0.000355
0.499678
0.735726
0.594827
0.749684
0.672823
0.491556
0.382926
0.496903
0.264363
0.922090
0.643949
0.159490
0.543791
0.098985
0.001571
0.300471
0.414138
0.269851
0.017063
0.867378
0.766291
0.535389
0.228410
0.079397
0.907293
0.848789
0.612135
0.279144
0.513281
0.727244
0.241635
0.758020
0.681504
0.434080
0.821730
0.185229
0.353229
0.329292
0.109849
0.884948
0.264363
0.884948
0.031348
0.340005
0.808960
0.594827
0.643949
0.169385
0.916674
0.848789
0.771705
0.681504
0.350951
0.382926
0.690166
0.002146
0.470257
0.441715
0.801128
0.986757
0.264363
0.279144
0.441715
0.462365
0.421575
0.589144
0.549354
0.721628
0.462365
0.300471
0.333520
0.255445
0.215763
0.112510
0.566341
0.816691
0.855893
0.922090
0.183833
0.192150
0.649688
0.635244
0.013909
0.690166
0.704484
0.626544
0.478214
0.951979
0.088340
0.129613
0.300471
0.855893
0.867378
0.491556
0.269851
0.574890
0.375911
0.316692
0.589144
0.306500
0.848789
0.147829
0.848789
0.337784
0.589144
0.557828
0.003629
0.927324
0.543791
0.124654
0.117048
0.322949
0.375911
0.535389
0.704484
0.612135
0.421575
0.626544
0.394742
0.965738
0.483494
0.052535
0.159490
0.727244
0.421575
0.713075
0.333520
0.571972
0.787927
0.023508
0.005110
0.245003
0.913005
0.935597
0.549354
0.454542
0.008597
0.779856
0.067775
0.034568
0.735726
0.821730
0.462365
0.758020
0.635244
0.264363
0.690166
0.037099
0.704484
0.017543
0.984769
0.951979
0.821730
0.255445
0.421575
0.557828
0.104694
0.025731
0.787927
0.294528
0.867378
0.231634
0.962240
0.672823
0.015695
0.971109
0.620815
0.019230
0.144460
0.978604
0.000004
0.077446
0.157114
0.603471
0.220452
0.787927
0.978604
0.766291
0.951979
0.658394
0.401971
0.218844
0.829282
0.306500
0.275424
0.173237
0.571972
0.279144
0.907293
0.414138
0.527033
0.153566
0.064431
0.998868
0.808960
0.695863
0.052535
0.434080
0.513281
0.039801
0.704484
0.727244
0.135818
0.103042
0.829282
0.250182
0.779856
0.787927
0.704484
0.375911
0.462365
0.045761
0.998868
0.255445
0.829282
0.626544
0.971109
0.228410
0.698805
0.173237
0.984769
0.907293
0.082732
0.603471
0.000086
0.612135
0.316692
0.436675
0.434080
0.350951
0.483494
0.144460
0.580543
0.997586
0.157114
0.333520
0.913005
0.421575
0.288671
0.635244
0.300471
0.916674
