0.940331
0.454542
0.962240
0.177160
0.758020
0.801128
0.080707
0.667094
0.698805
0.322949
0.589144
0.951979
0.491556
0.322949
0.273514
0.667094
0.429087
0.279144
0.159490
0.626544
0.183833
0.020320
0.580543
0.816691
0.962240
0.612135
0.019768
0.891273
0.758020
0.368979
0.658394
0.557828
0.470257
0.228410
0.211153
0.758020
0.211153
0.521553
0.998868
0.072465
0.749684
0.793201
0.322949
0.535389
0.589144
0.387593
0.421575
0.801128
0.935597
0.808960
0.571972
0.173237
0.735726
0.535389
0.962240
0.626544
0.157114
0.867378
0.350951
0.518727
0.223587
0.801128
0.571972
0.491556
0.836720
0.350951
0.848789
0.758020
0.984769
0.986757
0.421575
0.166886
0.364456
0.192150
0.375911
0.603471
0.446787
0.513281
0.681504
0.166886
0.922090
0.044581
0.758020
0.891273
0.916674
0.672823
0.735726
0.667094
0.199280
0.346575
0.037099
0.749684
0.940331
0.612135
0.603471
0.589144
0.901408
0.860501
0.907293
0.236593
0.382926
0.801128
0.867378
0.306500
0.589144
0.394742
0.836720
0.269851
0.478214
0.284858
0.144460
0.421575
0.744157
0.897436
0.787927
0.434080
0.901408
0.056256
0.672823
0.749684
0.667094
0.603471
0.940331
0.698805
0.635244
0.072465
0.139014
0.019768
0.279144
0.951979
0.021268
0.449423
0.965738
0.441715
0.867378
0.441715
0.821730
0.658394
0.612135
0.704484
0.357661
0.874110
0.930673
0.735726
0.930673
0.907293
0.019768
0.867378
0.801128
0.874110
0.080707
0.549354
0.713075
0.223587
0.401971
0.935597
0.829282
0.744157
0.690166
0.996919
0.505064
0.836720
0.215763
0.333520
0.695863
0.704484
0.874110
0.223587
0.051648
0.290658
0.704484
0.779856
0.713075
0.860501
0.848789
0.019412
0.713075
0.096609
0.974087
0.394742
0.940331
0.316692
0.612135
0.129613
0.649688
0.082732
0.620815
0.429087
0.141156
0.612135
0.981075
0.891273
0.144460
0.612135
0.617854
0.981075
0.245003
0.163153
0.236593
0.157114
0.521553
0.144460
0.031348
0.521553
0.147829
0.513281
0.735726
0.735726
0.364456
0.340005
0.967937
0.922090
0.483494
0.329292
0.316692
0.735726
0.566341
0.024596
0.491556
0.816691
0.414138
0.121744
0.996919
0.039801
0.635244
0.994555
0.801128
0.589144
0.951979
0.971109
0.024596
0.060743
0.891273
0.499678
0.077446
0.053907
0.848789
0.521553
0.779856
0.104694
0.855893
0.135818
0.223587
0.829282
0.612135
0.821730
0.986757
0.409279
0.971109
0.695863
0.150086
0.119859
0.096609
0.658394
0.935597
0.470257
0.226757
0.096609
0.491556
0.779856
0.266225
0.704484
0.884948
0.991213
0.483494
0.470257
0.284858
0.269851
0.801128
0.667094
0.779856
0.098170
0.808960
0.401971
0.681504
0.557828
0.092778
0.787927
0.787927
0.434080
0.112510
0.801128
0.841556
0.310521
0.441715
0.801128
0.306500
0.441715
0.867378
0.414138
0.394742
0.735726
0.594827
0.470257
0.913005
0.322949
0.589144
0.620815
0.951979
0.971109
0.927324
0.163153
0.927324
0.951979
0.135818
0.505064
0.231634
0.962240
0.617854
0.069506
0.441715
0.801128
0.667094
0.935597
0.183833
0.241635
0.766291
0.279144
0.344325
0.603471
0.907293
0.612135
0.169385
0.322949
0.187953
0.053907
0.829282
0.907293
0.681504
0.084803
0.801128
0.382926
0.658394
0.617854
0.549354
0.667094
0.005262
0.549354
0.612135
0.401971
0.375911
0.250182
0.409279
0.513281
0.300471
0.891273
0.475494
0.535389
0.589144
0.916674
0.962240
0.994555
0.231634
0.382926
0.580543
0.491556
0.150086
0.470257
0.153566
0.626544
0.808960
0.011425
0.874110
0.047782
0.580543
0.088340
0.527033
0.649688
0.013654
0.821730
0.922090
0.375911
0.255445
0.454542
0.907293
0.787927
0.603471
0.127623
0.008597
0.269851
0.163153
0.635244
0.758020
0.223587
0.535389
0.635244
0.003193
0.967937
0.594827
0.951979
0.681504
0.897436
0.449423
0.626544
0.421575
0.749684
0.635244
0.626544
0.580543
0.082732
0.543791
0.527033
0.848789
0.100580
0.808960
0.290658
0.169385
0.245003
0.589144
0.867378
0.848789
0.194957
0.414138
0.841556
0.470257
0.649688
0.771705
0.874110
0.713075
0.496903
0.829282
0.279144
0.192150
0.462365
0.081393
0.016595
0.589144
0.470257
0.801128
0.194957
0.086192
0.019768
0.981075
0.672823
0.042685
0.962240
0.245003
0.848789
0.535389
0.333520
0.643949
0.218844
0.901408
0.387593
0.163153
0.483494
0.681504
0.513281
0.513281
0.260793
0.075538
0.808960
0.414138
0.375911
0.161896
0.306500
0.061772
0.907293
0.766291
0.774492
0.758020
0.333520
0.255445
0.855893
0.350951
0.735726
0.779856
0.057717
0.821730
0.922090
0.603471
0.434080
0.649688
0.658394
0.984769
0.947760
0.829282
0.848789
0.816691
0.118894
0.735726
0.735726
0.580543
0.499678
0.848789
0.475494
0.626544
0.947760
0.727244
0.735726
0.557828
0.897436
0.364456
0.072465
0.346575
0.744157
0.695863
0.698805
0.080707
0.643949
0.449423
0.951979
0.300471
0.971109
0.144460
0.434080
0.787927
0.626544
0.483494
0.649688
0.589144
0.401971
0.681504
0.496903
0.986757
0.841556
0.951979
0.513281
0.907293
0.496903
0.279144
0.290658
0.927324
0.735726
0.658394
0.255445
0.543791
0.166886
0.199280
0.296545
0.884948
0.236593
0.808960
0.409279
0.643949
0.667094
0.414138
0.913005
0.107244
0.704484
0.535389
0.681504
0.744157
0.816691
0.571972
0.135818
0.013276
0.935597
0.897436
0.414138
0.340005
0.122729
0.112510
0.470257
0.483494
0.658394
0.279144
0.974087
0.090535
0.294528
0.518727
0.884948
0.821730
0.151265
0.557828
0.454542
0.269851
0.483494
0.713075
0.947760
0.141156
0.346575
0.566341
0.922090
0.223587
0.667094
