0.907293
0.771705
0.848789
0.177160
0.264363
0.986757
0.241635
0.766291
0.667094
0.549354
0.690166
0.037752
0.329292
0.940331
0.364456
0.021859
0.057717
0.441715
0.589144
0.698805
0.454542
0.713075
0.166886
0.375911
0.594827
0.329292
0.698805
0.704484
0.649688
0.978604
0.874110
0.066084
0.771705
0.036127
0.735726
0.333520
0.962240
0.907293
0.612135
0.965738
0.169385
0.275424
0.462365
0.007965
0.821730
0.250182
0.675784
0.137917
0.187953
0.829282
0.594827
0.713075
0.907293
0.841556
0.016139
0.067775
0.935597
0.667094
0.991213
0.344325
0.462365
0.001588
0.478214
0.612135
0.787927
0.357661
0.612135
0.441715
0.643949
0.211153
0.848789
0.855893
0.364456
0.557828
0.735726
0.829282
0.713075
0.119859
0.695863
0.874110
0.462365
0.535389
0.192150
0.179787
0.031348
0.907293
0.971109
0.535389
0.793201
0.211153
0.223587
0.735726
0.557828
0.821730
0.390021
0.527033
0.986757
0.749684
0.649688
0.766291
0.000424
0.132684
0.962240
0.255445
0.275424
0.122729
0.322949
0.727244
0.521553
0.821730
0.566341
0.119859
0.496903
0.690166
0.603471
0.626544
0.626544
0.695863
0.978604
0.848789
0.594827
0.496903
0.260793
0.801128
0.382926
0.027164
0.236593
0.801128
0.375911
0.253642
0.421575
0.079397
0.801128
0.203680
0.848789
0.153566
0.698805
0.635244
0.033659
0.829282
0.127623
0.014305
0.157114
0.394742
0.801128
0.132684
0.141156
0.150086
0.535389
0.801128
0.236593
0.571972
0.681504
0.344325
0.891273
0.094284
0.603471
0.038764
0.808960
0.675784
0.320806
0.329292
0.922090
0.829282
0.401971
0.589144
0.371333
0.766291
0.290658
0.922090
0.096609
0.344325
0.603471
0.978604
0.119859
0.350951
0.150086
0.017543
0.821730
0.281082
0.727244
0.135818
0.779856
0.163153
0.357661
0.279144
0.067775
0.387593
0.008597
0.727244
0.144460
0.927324
0.855893
0.197797
0.026438
0.375911
0.406779
0.848789
0.672823
0.119859
0.159490
0.350951
0.306500
0.147829
0.211153
0.967937
0.421575
0.441715
0.056750
0.922090
0.836720
0.848789
0.350951
0.779856
0.571972
0.821730
0.183833
0.042685
0.589144
0.159490
0.549354
0.483494
0.211153
0.316692
0.965738
0.566341
0.681504
0.112510
0.940331
0.449423
0.808960
0.505064
0.470257
0.429087
0.922090
0.067775
0.681504
0.860501
0.704484
0.333520
0.758020
0.884948
0.589144
0.310521
0.549354
0.626544
0.744157
0.401971
0.829282
0.457201
0.855893
0.971109
0.160731
0.848789
0.275424
0.841556
0.255445
0.518727
0.255445
0.478214
0.070668
0.513281
0.401971
0.028409
0.026438
0.056256
0.991213
0.181158
0.916674
0.132684
0.003559
0.255445
0.681504
0.434080
0.821730
0.635244
0.829282
0.002443
0.540922
0.449423
0.005418
0.147829
0.527033
0.779856
0.079397
0.698805
0.744157
0.462365
0.049886
0.340005
0.695863
0.603471
0.000946
0.031348
0.294528
0.011640
0.236593
0.086919
0.153566
0.264363
0.758020
0.635244
0.269851
0.612135
0.064431
0.294528
0.766291
0.304435
0.470257
0.194957
0.603471
0.346575
0.874110
0.364456
0.721628
0.574890
0.930673
0.557828
0.166886
0.566341
0.527033
0.649688
0.974087
0.049040
0.867378
0.026438
0.121744
0.290658
0.090535
0.082732
0.340005
0.867378
0.023935
0.916674
0.829282
0.371333
0.649688
0.672823
0.635244
0.744157
0.779856
0.901408
0.986757
0.629509
0.014985
0.023508
0.589144
0.891273
0.758020
0.153566
0.166886
0.935597
0.163153
0.316692
0.713075
0.017063
0.215763
0.808960
0.142275
0.947760
0.157114
0.713075
0.735726
0.075538
0.478214
0.535389
0.566341
0.340005
0.521553
0.107244
0.930673
0.681504
0.649688
0.779856
0.022258
0.382926
0.449423
0.801128
0.072465
0.022258
0.672823
0.003455
0.000641
0.513281
0.130653
0.059212
0.340005
0.096609
0.557828
0.580543
0.935597
0.513281
0.735726
0.626544
0.032199
0.496903
0.394742
0.499678
0.867378
0.643949
0.907293
0.223587
0.275424
0.681504
0.721628
0.612135
0.375911
0.124654
0.316692
0.635244
0.727244
0.434080
0.092778
0.626544
0.787927
0.023508
0.635244
0.635244
0.491556
0.991213
0.173237
0.329292
0.375911
0.414138
0.603471
0.104694
0.211153
0.721628
0.434080
0.603471
0.153566
0.758020
0.913005
0.771705
0.056256
0.643949
0.454542
0.640981
0.003193
0.316692
0.197797
0.771705
0.626544
0.935597
0.300471
0.884948
0.566341
0.382926
0.922090
0.713075
0.269851
0.787927
0.231634
0.535389
0.667094
0.535389
0.698805
0.779856
0.496903
0.626544
0.322949
0.749684
0.505064
0.231634
0.491556
0.947760
0.368979
0.808960
0.557828
0.401971
0.878466
0.013654
0.713075
0.672823
0.535389
0.635244
0.187953
0.215763
0.109849
0.978604
0.070668
0.589144
0.406779
0.496903
0.421575
0.322949
0.206623
0.382926
0.414138
0.025970
0.620815
0.394742
0.594827
0.821730
0.357661
0.322949
0.300471
0.316692
0.157114
0.371333
0.880693
0.922090
0.316692
0.940331
0.848789
0.535389
0.713075
0.155897
0.698805
0.300471
0.594827
0.978604
0.057717
0.981075
0.640981
0.801128
0.475494
0.491556
0.808960
0.394742
0.974087
0.713075
0.956001
0.758020
0.603471
0.483494
0.124654
0.346575
0.635244
0.199280
0.441715
0.441715
0.907293
0.704484
0.322949
0.727244
0.672823
0.947760
0.010595
0.841556
0.088340
0.462365
0.808960
0.357661
0.181158
0.841556
0.401971
0.626544
0.371333
0.454542
0.907293
0.203680
0.434080
0.279144
0.462365
0.758020
0.124654
0.967937
0.190711
0.491556
0.735726
0.681504
0.300471
0.922090
0.643949
0.300471
0.557828
0.971109
0.275424
0.220452
0.312615
0.535389
0.518727
0.713075
0.279144
0.626544
