0.867378
0.829282
0.344325
0.744157
0.704484
0.603471
0.306500
0.744157
0.070668
0.557828
0.589144
0.527033
0.841556
0.333520
0.382926
0.491556
0.016595
0.704484
0.907293
0.112510
0.995551
0.721628
0.491556
0.074303
0.130653
0.483494
0.727244
0.951979
0.066084
0.241635
0.132684
0.841556
0.139014
0.766291
0.626544
0.667094
0.986757
0.357661
0.279144
0.228410
0.470257
0.441715
0.821730
0.617854
0.695863
0.322949
0.766291
0.535389
0.157114
0.897436
0.821730
0.112510
0.758020
0.409279
0.626544
0.580543
0.032199
0.916674
0.672823
0.612135
0.012317
0.022875
0.635244
0.043818
0.052535
0.758020
0.449423
0.029186
0.170690
0.241635
0.038764
0.043818
0.153566
0.744157
0.077446
0.779856
0.187953
0.088340
0.027908
0.462365
0.320806
0.074303
0.626544
0.266225
0.037099
0.698805
0.121744
0.617854
0.005578
0.346575
0.793201
0.153566
0.521553
0.940331
0.779856
0.771705
0.375911
0.137917
0.300471
0.017543
0.426518
0.449423
0.848789
0.144460
0.387593
0.269851
0.829282
0.047782
0.891273
0.294528
0.758020
0.922090
0.357661
0.364456
0.749684
0.947760
0.505064
0.617854
0.505064
0.958545
0.675784
0.626544
0.994555
0.192150
0.357661
0.617854
0.571972
0.758020
0.589144
0.491556
0.063362
0.867378
0.884948
0.758020
0.016139
0.635244
0.344325
0.855893
0.681504
0.513281
0.880693
0.100580
0.364456
0.718717
0.064990
0.368979
0.483494
0.521553
0.364456
0.478214
0.470257
0.018883
0.082732
0.340005
0.927324
0.735726
0.713075
0.901408
0.368979
0.649688
0.597771
0.549354
0.344325
0.735726
0.049040
0.698805
0.380525
0.704484
0.350951
0.068911
0.150086
0.978604
0.159490
0.787927
0.620815
0.713075
0.713075
0.139014
0.735726
0.124654
0.801128
0.940331
0.029982
0.290658
0.441715
0.681504
0.483494
0.589144
0.681504
0.829282
0.713075
0.681504
0.594827
0.681504
0.965738
0.132684
0.228410
0.072465
0.350951
0.100580
0.779856
0.527033
0.735726
0.658394
0.166886
0.643949
0.157114
0.250182
0.727244
0.462365
0.382926
0.649688
0.353229
0.626544
0.454542
0.441715
0.441715
0.580543
0.401971
0.269851
0.603471
0.139014
0.907293
0.916674
0.635244
0.916674
0.779856
0.187953
0.626544
0.695863
0.457201
0.649688
0.758020
0.004637
0.279144
0.552238
0.821730
0.704484
0.543791
0.187953
0.566341
0.940331
0.496903
0.499678
0.119859
0.779856
0.153566
0.821730
0.801128
0.141156
0.340005
0.930673
0.841556
0.779856
0.658394
0.134742
0.951979
0.505064
0.713075
0.935597
0.394742
0.170690
0.300471
0.306500
0.147829
0.088340
0.296545
0.580543
0.000966
0.364456
0.612135
0.867378
0.150086
0.779856
0.414138
0.170690
0.617854
0.787927
0.060743
0.620815
0.543791
0.698805
0.066084
0.907293
0.552238
0.958545
0.300471
0.179787
0.192150
0.406779
0.008354
0.163153
0.215763
0.735726
0.821730
0.795913
0.067775
0.446787
0.612135
0.557828
0.215763
0.649688
0.787927
0.589144
0.779856
0.462365
0.107244
0.947760
0.841556
0.002324
0.672823
0.771705
0.690166
0.901408
0.935597
0.922090
0.675784
0.015409
0.704484
0.962240
0.333520
0.907293
0.916674
0.848789
0.801128
0.962240
0.157114
0.589144
0.801128
0.340005
0.499678
0.112510
0.658394
0.364456
0.401971
0.766291
0.880693
0.470257
0.947760
0.016595
0.478214
0.727244
0.986757
0.236593
0.008436
0.695863
0.566341
0.218844
0.211153
0.713075
0.449423
0.612135
0.855893
0.808960
0.175815
0.434080
0.951979
0.357661
0.884948
0.441715
0.971109
0.491556
0.951979
0.557828
0.978604
0.612135
0.649688
0.241635
0.284858
0.801128
0.801128
0.483494
0.922090
0.135818
0.698805
0.566341
0.340005
0.060217
0.223587
0.375911
0.713075
0.984769
0.801128
0.940331
0.173237
0.344325
0.505064
0.394742
0.098985
0.414138
0.081393
0.766291
0.300471
0.063362
0.841556
0.053907
0.521553
0.063362
0.080707
0.836720
0.635244
0.766291
0.557828
0.927324
0.187953
0.690166
0.322949
0.672823
0.441715
0.978604
0.527033
0.996919
0.375911
0.626544
0.787927
0.635244
0.801128
0.163153
0.098170
0.333520
0.589144
0.704484
0.947760
0.119859
0.146673
0.258960
0.841556
0.141156
0.901408
0.187953
0.094284
0.951979
0.478214
0.329292
0.922090
0.246759
0.848789
0.103042
0.008597
0.535389
0.549354
0.513281
0.713075
0.382926
0.513281
0.231634
0.855893
0.951979
0.612135
0.063362
0.187953
0.496903
0.713075
0.462365
0.566341
0.907293
0.603471
0.535389
0.951979
0.620815
0.884948
0.211153
0.727244
0.206623
0.380525
0.441715
0.557828
0.855893
0.612135
0.612135
0.695863
0.913005
0.029982
0.867378
0.626544
0.535389
0.940331
0.483494
0.681504
0.566341
0.848789
0.467559
0.808960
0.821730
0.194957
0.874110
0.771705
0.704484
0.096609
0.612135
0.981075
0.829282
0.173237
0.357661
0.612135
0.462365
0.132684
0.836720
0.124654
0.635244
0.414138
0.409279
0.387593
0.749684
0.927324
0.144460
0.441715
0.874110
0.543791
0.821730
0.103042
0.667094
0.612135
0.978604
0.566341
0.275424
0.527033
0.014985
0.080707
0.255445
0.159490
0.907293
0.749684
0.092008
0.223587
0.649688
0.491556
0.449423
0.513281
0.836720
0.922090
0.203680
0.357661
0.727244
0.787927
0.173237
0.100580
0.771705
0.421575
0.981075
0.841556
0.635244
0.260793
0.779856
0.620815
0.848789
0.535389
0.483494
0.758020
0.603471
0.021268
0.907293
0.690166
0.470257
0.312615
0.290658
0.100580
0.808960
0.913005
0.132684
0.867378
0.100580
0.214182
0.013909
0.462365
0.004868
0.916674
0.958545
0.612135
0.549354
0.713075
0.061772
0.574890
0.159490
0.672823
0.072465
