0.848789
0.549354
0.612135
0.275424
0.779856
0.429087
0.322949
0.382926
0.735726
0.306500
0.793201
0.457201
0.543791
0.884948
0.543791
0.779856
0.346575
0.713075
0.327120
0.713075
0.557828
0.727244
0.187953
0.223587
0.250182
0.571972
0.454542
0.250182
0.098170
0.690166
0.086919
0.971109
0.090535
0.771705
0.002082
0.316692
0.390021
0.698805
0.000320
0.322949
0.940331
0.758020
0.409279
0.907293
0.594827
0.821730
0.878466
0.018883
0.077446
0.658394
0.499678
0.275424
0.290658
0.907293
0.801128
0.483494
0.505064
0.215763
0.758020
0.462365
0.462365
0.635244
0.279144
0.589144
0.635244
0.206623
0.771705
0.462365
0.935597
0.848789
0.884948
0.505064
0.382926
0.284858
0.327120
0.382926
0.774492
0.672823
0.787927
0.874110
0.024596
0.999575
0.107244
0.279144
0.157114
0.848789
0.033659
0.580543
0.371333
0.580543
0.543791
0.992594
0.173237
0.521553
0.327120
0.382926
0.000696
0.574890
0.951979
0.269851
0.867378
0.549354
0.375911
0.333520
0.649688
0.483494
0.084092
0.749684
0.002950
0.300471
0.672823
0.620815
0.239907
0.346575
0.505064
0.368979
0.483494
0.543791
0.483494
0.190711
0.409279
0.312615
0.971109
0.681504
0.382926
0.836720
0.414138
0.414138
0.965738
0.589144
0.462365
0.735726
0.612135
0.518727
0.801128
0.635244
0.414138
0.801128
0.848789
0.357661
0.173237
0.821730
0.153566
0.695863
0.643949
0.956001
0.549354
0.003666
0.758020
0.306500
0.580543
0.566341
0.462365
0.935597
0.603471
0.006832
0.681504
0.635244
0.029708
0.192150
0.357661
0.994555
0.357661
0.690166
0.000023
0.690166
0.922090
0.513281
0.015409
0.727244
0.626544
0.414138
0.580543
0.255445
0.566341
0.284858
0.727244
0.907293
0.735726
0.649688
0.816691
0.169385
0.406779
0.505064
0.891273
0.144460
0.704484
0.907293
0.721628
0.566341
0.681504
0.603471
0.074303
0.713075
0.675784
0.617854
0.698805
0.475494
0.713075
0.322949
0.617854
0.612135
0.681504
0.527033
0.667094
0.795913
0.681504
0.124654
0.157114
0.907293
0.414138
0.580543
0.704484
0.070668
0.496903
0.735726
0.169385
0.848789
0.535389
0.947760
0.375911
0.801128
0.496903
0.084092
0.612135
0.649688
0.166886
0.521553
0.350951
0.414138
0.549354
0.429087
0.011640
0.713075
0.194957
0.255445
0.421575
0.527033
0.603471
0.829282
0.974087
0.727244
0.103042
0.505064
0.069506
0.991213
0.150086
0.848789
0.264363
0.922090
0.557828
0.112510
0.681504
0.779856
0.357661
0.626544
0.958545
0.571972
0.027908
0.141156
0.727244
0.434080
0.681504
0.913005
0.290658
0.223587
0.543791
0.023935
0.505064
0.521553
0.779856
0.787927
0.735726
0.901408
0.580543
0.836720
0.951979
0.340005
0.266225
0.250182
0.821730
0.535389
0.681504
0.513281
0.394742
0.421575
0.147829
0.867378
0.236593
0.449423
0.867378
0.667094
0.052535
0.735726
0.414138
0.269851
0.867378
0.735726
0.284858
0.574890
0.695863
0.364456
0.829282
0.878466
0.436675
0.808960
0.649688
0.766291
0.947760
0.758020
0.132684
0.841556
0.808960
0.862861
0.322949
0.774492
0.962240
0.250182
0.874110
0.848789
0.787927
0.387593
0.056256
0.169385
0.962240
0.333520
0.779856
0.867378
0.795913
0.540922
0.196422
0.144460
0.044581
0.649688
0.491556
0.557828
0.821730
0.884948
0.971109
0.255445
0.848789
0.901408
0.891273
0.333520
0.107244
0.449423
0.401971
0.357661
0.860501
0.441715
0.867378
0.206623
0.505064
0.275424
0.681504
0.215763
0.779856
0.836720
0.151265
0.364456
0.589144
0.735726
0.284858
0.070668
0.203680
0.543791
0.841556
0.035500
0.421575
0.362130
0.139014
0.571972
0.821730
0.199280
0.215763
0.505064
0.962240
0.147829
0.640981
0.483494
0.681504
0.695863
0.173237
0.535389
0.250182
0.357661
0.021859
0.409279
0.401971
0.867378
0.002082
0.713075
0.000320
0.766291
0.060217
0.922090
0.346575
0.300471
0.999575
0.521553
0.984769
0.290658
0.022258
0.841556
0.603471
0.884948
0.967937
0.170690
0.758020
0.891273
0.744157
0.401971
0.521553
0.787927
0.241635
0.483494
0.727244
0.007032
0.233315
0.535389
0.401971
0.713075
0.215763
0.713075
0.626544
0.294528
0.626544
0.421575
0.406779
0.749684
0.250182
0.401971
0.153566
0.088340
0.518727
0.475494
0.779856
0.260793
0.357661
0.793201
0.011974
0.231634
0.974087
0.375911
0.187953
0.940331
0.441715
0.874110
0.371333
0.620815
0.690166
0.223587
0.521553
0.100580
0.003850
0.144460
0.296545
0.124654
0.681504
0.223587
0.649688
0.891273
0.658394
0.758020
0.483494
0.364456
0.126604
0.300471
0.394742
0.457201
0.300471
0.387593
0.808960
0.821730
0.749684
0.030518
0.008847
0.312615
0.649688
0.401971
0.594827
0.779856
0.119859
0.841556
0.749684
0.346575
0.635244
0.713075
0.260793
0.658394
0.043818
0.991213
0.808960
0.157114
0.848789
0.011106
0.735726
0.951979
0.306500
0.057717
0.793201
0.922090
0.681504
0.935597
0.098985
0.836720
0.454542
0.612135
0.279144
0.836720
0.357661
0.922090
0.758020
0.072465
0.727244
0.612135
0.996919
0.132684
0.394742
0.907293
0.951979
0.382926
0.203680
0.867378
0.801128
0.462365
0.357661
0.132684
0.340005
0.215763
0.013654
0.855893
0.557828
0.264363
0.884948
0.208158
0.635244
0.153566
0.499678
0.051648
0.927324
0.364456
0.626544
0.649688
0.643949
0.829282
0.557828
0.589144
0.695863
0.096609
0.070668
0.998868
0.735726
0.284858
0.704484
0.801128
0.771705
0.288671
0.401971
0.066084
0.483494
0.023935
0.940331
0.159490
0.306500
0.294528
0.470257
0.449423
0.695863
0.194957
0.916674
0.984769
0.327120
0.382926
0.260793
0.041578
