0.124654
0.698805
0.329292
0.096609
0.704484
0.070668
0.228410
0.744157
0.951979
0.449423
0.821730
0.218844
0.867378
0.643949
0.597771
0.867378
0.441715
0.922090
0.779856
0.951979
0.312615
0.375911
0.836720
0.306500
0.223587
0.727244
0.901408
0.996919
0.771705
0.011315
0.333520
0.290658
0.375911
0.681504
0.766291
0.192150
0.916674
0.290658
0.958545
0.930673
0.571972
0.594827
0.421575
0.513281
0.681504
0.269851
0.603471
0.620815
0.974087
0.855893
0.340005
0.690166
0.159490
0.357661
0.202171
0.867378
0.787927
0.779856
0.064431
0.300471
0.749684
0.829282
0.580543
0.698805
0.218844
0.758020
0.117048
0.483494
0.667094
0.867378
0.057717
0.306500
0.643949
0.580543
0.183833
0.129613
0.416665
0.658394
0.203680
0.183833
0.223587
0.735726
0.947760
0.223587
0.594827
0.194957
0.713075
0.672823
0.681504
0.470257
0.000229
0.011106
0.704484
0.211153
0.390021
0.002950
0.206623
0.064431
0.891273
0.749684
0.617854
0.836720
0.821730
0.024596
0.801128
0.958545
0.401971
0.470257
0.357661
0.589144
0.821730
0.231634
0.667094
0.535389
0.766291
0.629509
0.462365
0.401971
0.635244
0.793201
0.978604
0.141156
0.947760
0.434080
0.233315
0.874110
0.098985
0.496903
0.549354
0.284858
0.801128
0.390021
0.251967
0.658394
0.612135
0.371333
0.901408
0.094284
0.241635
0.991213
0.080707
0.344325
0.594827
0.991213
0.215763
0.735726
0.672823
0.848789
0.643949
0.421575
0.566341
0.010595
0.984769
0.181158
0.681504
0.194957
0.758020
0.147829
0.300471
0.346575
0.255445
0.981075
0.848789
0.884948
0.053907
0.658394
0.672823
0.467559
0.821730
0.103042
0.940331
0.549354
0.527033
0.454542
0.690166
0.375911
0.357661
0.603471
0.758020
0.626544
0.005855
0.801128
0.163153
0.884948
0.329292
0.535389
0.867378
0.571972
0.867378
0.958545
0.333520
0.821730
0.426518
0.390021
0.441715
0.681504
0.350951
0.441715
0.836720
0.320806
0.505064
0.173237
0.667094
0.620815
0.612135
0.779856
0.394742
0.735726
0.557828
0.566341
0.258960
0.695863
0.236593
0.322949
0.513281
0.667094
0.003850
0.867378
0.649688
0.978604
0.387593
0.344325
0.132684
0.841556
0.000561
0.947760
0.640981
0.695863
0.026438
0.096609
0.187953
0.758020
0.132684
0.658394
0.649688
0.787927
0.535389
0.483494
0.884948
0.758020
0.643949
0.808960
0.749684
0.626544
0.681504
0.491556
0.483494
0.496903
0.513281
0.521553
0.971109
0.735726
0.346575
0.829282
0.086192
0.187953
0.068911
0.211153
0.316692
0.958545
0.874110
0.033659
0.141156
0.891273
0.658394
0.414138
0.457201
0.821730
0.713075
0.713075
0.758020
0.026914
0.940331
0.603471
0.333520
0.571972
0.505064
0.306500
0.695863
0.891273
0.681504
0.884948
0.066084
0.821730
0.069506
0.907293
0.758020
0.228410
0.401971
0.744157
0.891273
0.092778
0.779856
0.821730
0.612135
0.409279
0.006144
0.808960
0.891273
0.540922
0.119859
0.147829
0.795913
0.042685
0.867378
0.024596
0.916674
0.462365
0.499678
0.744157
0.187953
0.667094
0.635244
0.549354
0.012907
0.884948
0.441715
0.557828
0.958545
0.643949
0.513281
0.000102
0.288671
0.394742
0.667094
0.974087
0.603471
0.713075
0.061772
0.589144
0.449423
0.749684
0.855893
0.449423
0.704484
0.203680
0.124654
0.368979
0.414138
0.744157
0.446787
0.978604
0.127623
0.375911
0.275424
0.173237
0.203680
0.483494
0.758020
0.571972
0.017063
0.735726
0.264363
0.891273
0.322949
0.951979
0.940331
0.462365
0.848789
0.521553
0.907293
0.260793
0.744157
0.658394
0.958545
0.672823
0.549354
0.382926
0.658394
0.690166
0.557828
0.327120
0.758020
0.185229
0.382926
0.907293
0.470257
0.867378
0.296545
0.971109
0.059212
0.557828
0.580543
0.971109
0.446787
0.974087
0.829282
0.635244
0.801128
0.187953
0.958545
0.603471
0.092008
0.043818
0.475494
0.540922
0.580543
0.922090
0.848789
0.475494
0.375911
0.406779
0.137917
0.787927
0.127623
0.643949
0.779856
0.793201
0.031348
0.491556
0.535389
0.620815
0.000191
0.667094
0.891273
0.603471
0.344325
0.557828
0.255445
0.603471
0.848789
0.441715
0.300471
0.255445
0.635244
0.163153
0.860501
0.269851
0.779856
0.984769
0.518727
0.635244
0.557828
0.380525
0.549354
0.518727
0.787927
0.758020
0.260793
0.047782
0.996919
0.119859
0.250182
0.672823
0.727244
0.695863
0.470257
0.521553
0.927324
0.626544
0.429087
0.549354
0.690166
0.940331
0.394742
0.867378
0.884948
0.015409
0.713075
0.543791
0.380525
0.406779
0.658394
0.060217
0.884948
0.913005
0.057717
0.034568
0.771705
0.421575
0.698805
0.173237
0.387593
0.829282
0.967937
0.454542
0.183833
0.535389
0.434080
0.935597
0.862861
0.163153
0.382926
0.771705
0.626544
0.690166
0.727244
0.951979
0.344325
0.907293
0.884948
0.549354
0.891273
0.144460
0.364456
0.470257
0.074303
0.109849
0.867378
0.704484
0.771705
0.491556
0.199280
0.978604
0.333520
0.039801
0.535389
0.375911
0.580543
0.401971
0.727244
0.779856
0.603471
0.208158
0.329292
0.449423
0.429087
0.177160
0.704484
0.273514
0.927324
0.284858
0.922090
0.086192
0.704484
0.394742
0.612135
0.022258
0.223587
0.571972
0.077446
0.667094
0.543791
0.177160
0.940331
0.535389
0.100580
0.704484
0.978604
0.306500
0.491556
0.018368
0.284858
0.735726
0.414138
0.300471
0.704484
0.414138
0.194957
0.409279
0.758020
0.527033
0.749684
0.483494
0.612135
0.640981
0.907293
0.935597
0.018368
0.163153
0.001059
0.462365
0.163153
0.496903
0.744157
0.801128
0.848789
0.082732
0.884948
0.549354
0.275424
0.421575
0.891273
0.635244
0.620815
0.409279
