0.557828
0.867378
0.429087
0.096609
0.044581
0.340005
0.658394
0.774492
0.401971
0.462365
0.364456
0.821730
0.667094
0.860501
0.690166
0.612135
0.612135
0.414138
0.727244
0.727244
0.269851
0.727244
0.986757
0.643949
0.735726
0.735726
0.690166
0.940331
0.043818
0.779856
0.223587
0.284858
0.580543
0.594827
0.874110
0.626544
0.962240
0.401971
0.255445
0.821730
0.540922
0.557828
0.907293
0.667094
0.816691
0.340005
0.535389
0.557828
0.612135
0.322949
0.044581
0.344325
0.841556
0.001137
0.907293
0.032771
0.667094
0.552238
0.667094
0.153566
0.971109
0.860501
0.018706
0.643949
0.491556
0.141156
0.901408
0.994555
0.241635
0.357661
0.658394
0.153566
0.284858
0.135818
0.518727
0.169385
0.758020
0.848789
0.296545
0.470257
0.139014
0.916674
0.258960
0.620815
0.521553
0.143326
0.727244
0.233315
0.211153
0.594827
0.971109
0.801128
0.275424
0.441715
0.801128
0.658394
0.821730
0.483494
0.681504
0.626544
0.617854
0.994555
0.375911
0.986757
0.535389
0.206623
0.462365
0.375911
0.635244
0.441715
0.643949
0.690166
0.713075
0.829282
0.394742
0.394742
0.121744
0.649688
0.795913
0.766291
0.758020
0.878466
0.557828
0.007168
0.483494
0.821730
0.114294
0.092008
0.288671
0.394742
0.103042
0.891273
0.580543
0.357661
0.215763
0.603471
0.603471
0.275424
0.620815
0.704484
0.499678
0.029186
0.795913
0.045761
0.346575
0.483494
0.109849
0.401971
0.505064
0.829282
0.322949
0.787927
0.475494
0.199280
0.836720
0.006832
0.801128
0.967937
0.382926
0.275424
0.571972
0.626544
0.635244
0.672823
0.051648
0.667094
0.695863
0.187953
0.462365
0.603471
0.771705
0.346575
0.051194
0.681504
0.194957
0.704484
0.094284
0.836720
0.098985
0.462365
0.907293
0.667094
0.304435
0.329292
0.603471
0.052535
0.907293
0.049040
0.626544
0.935597
0.322949
0.098985
0.672823
0.996919
0.139014
0.104694
0.499678
0.566341
0.067775
0.867378
0.958545
0.070668
0.029982
0.758020
0.505064
0.766291
0.535389
0.713075
0.978604
0.080707
0.017063
0.364456
0.255445
0.141156
0.922090
0.169385
0.787927
0.362130
0.414138
0.094284
0.449423
0.635244
0.672823
0.543791
0.884948
0.462365
0.971109
0.735726
0.821730
0.808960
0.667094
0.643949
0.704484
0.787927
0.808960
0.284858
0.672823
0.513281
0.094284
0.401971
0.549354
0.878466
0.974087
0.713075
0.109849
0.589144
0.056256
0.518727
0.255445
0.557828
0.935597
0.300471
0.228410
0.658394
0.884948
0.557828
0.105557
0.860501
0.088340
0.034255
0.947760
0.151265
0.021268
0.978604
0.681504
0.816691
0.901408
0.891273
0.749684
0.620815
0.808960
0.735726
0.867378
0.223587
0.758020
0.421575
0.429087
0.922090
0.658394
0.223587
0.239907
0.643949
0.322949
0.034568
0.187953
0.151265
0.704484
0.571972
0.045761
0.901408
0.135818
0.250182
0.848789
0.401971
0.004868
0.571972
0.196422
0.620815
0.626544
0.713075
0.505064
0.322949
0.658394
0.897436
0.080707
0.434080
0.021268
0.300471
0.333520
0.779856
0.549354
0.306500
0.658394
0.771705
0.007739
0.001540
0.186540
0.483494
0.695863
0.749684
0.177160
0.848789
0.922090
0.991213
0.045761
0.808960
0.518727
0.462365
0.787927
0.860501
0.096609
0.667094
0.190711
0.322949
0.057717
0.867378
0.713075
0.260793
0.967937
0.922090
0.075538
0.635244
0.483494
0.046970
0.681504
0.296545
0.867378
0.203680
0.626544
0.008354
0.255445
0.589144
0.050328
0.994555
0.836720
0.612135
0.821730
0.727244
0.401971
0.462365
0.166886
0.470257
0.787927
0.211153
0.787927
0.053907
0.387593
0.617854
0.829282
0.971109
0.848789
0.612135
0.275424
0.991213
0.015845
0.620815
0.269851
0.246759
0.441715
0.695863
0.375911
0.667094
0.793201
0.816691
0.901408
0.214182
0.695863
0.690166
0.836720
0.353229
0.758020
0.008197
0.491556
0.535389
0.897436
0.033659
0.947760
0.829282
0.801128
0.907293
0.150086
0.907293
0.163153
0.901408
0.935597
0.375911
0.449423
0.079397
0.147829
0.513281
0.594827
0.357661
0.557828
0.907293
0.779856
0.589144
0.094284
0.681504
0.681504
0.063362
0.122729
0.375911
0.007378
0.236593
0.406779
0.704484
0.867378
0.211153
0.603471
0.026438
0.535389
0.727244
0.401971
0.787927
0.947760
0.053907
0.626544
0.394742
0.821730
0.930673
0.092778
0.300471
0.829282
0.518727
0.521553
0.211153
0.059212
0.094284
0.255445
0.543791
0.951979
0.927324
0.109849
0.836720
0.808960
0.690166
0.978604
0.603471
0.758020
0.841556
0.426518
0.984769
0.483494
0.173237
0.916674
0.594827
0.364456
0.505064
0.357661
0.974087
0.727244
0.310521
0.211153
0.098985
0.421575
0.951979
0.290658
0.199280
0.003559
0.090535
0.141156
0.251967
0.449423
0.505064
0.046970
0.549354
0.571972
0.994555
0.119859
0.290658
0.721628
0.364456
0.040864
0.884948
0.371333
0.535389
0.901408
0.814067
0.940331
0.603471
0.082732
0.429087
0.667094
0.060217
0.612135
0.527033
0.521553
0.580543
0.098985
0.649688
0.073672
0.346575
0.718717
0.603471
0.100580
0.449423
0.150086
0.139014
0.713075
0.260793
0.580543
0.434080
0.406779
0.462365
0.429087
0.672823
0.183833
0.409279
0.643949
0.491556
0.793201
0.571972
0.316692
0.119859
0.848789
0.713075
0.060743
0.935597
0.940331
0.421575
0.947760
0.922090
0.000241
0.013276
0.169385
0.099752
0.935597
0.589144
0.421575
0.690166
0.357661
0.269851
0.681504
0.109849
0.076183
0.364456
0.462365
0.462365
0.779856
0.375911
0.462365
0.401971
0.922090
0.535389
0.124654
0.166886
0.543791
0.181158
0.056256
0.566341
0.649688
0.318816
0.260793
0.658394
0.758020
0.675784
