0.922090
0.704484
0.192150
0.998868
0.300471
0.527033
0.475494
0.620815
0.580543
0.098985
0.543791
0.667094
0.357661
0.436675
0.681504
0.690166
0.848789
0.513281
0.814067
0.362130
0.986757
0.499678
0.098170
0.041578
0.713075
0.643949
0.284858
0.718717
0.907293
0.340005
0.409279
0.771705
0.907293
0.357661
0.462365
0.557828
0.535389
0.010595
0.535389
0.867378
0.114294
0.735726
0.357661
0.306500
0.255445
0.357661
0.557828
0.491556
0.758020
0.144460
0.159490
0.713075
0.483494
0.571972
0.401971
0.109849
0.787927
0.841556
0.080707
0.233315
0.612135
0.829282
0.971109
0.867378
0.884948
0.483494
0.505064
0.290658
0.956001
0.841556
0.199280
0.940331
0.808960
0.153566
0.816691
0.491556
0.109849
0.067775
0.454542
0.223587
0.612135
0.958545
0.841556
0.192150
0.958545
0.801128
0.350951
0.779856
0.147829
0.907293
0.322949
0.194957
0.025274
0.199280
0.658394
0.434080
0.930673
0.735726
0.626544
0.617854
0.749684
0.841556
0.157114
0.566341
0.874110
0.589144
0.978604
0.891273
0.491556
0.681504
0.022258
0.050328
0.947760
0.421575
0.971109
0.322949
0.766291
0.029982
0.228410
0.375911
0.704484
0.462365
0.160731
0.255445
0.649688
0.316692
0.779856
0.185229
0.779856
0.690166
0.322949
0.690166
0.250182
0.080707
0.037099
0.394742
0.713075
0.260793
0.971109
0.057717
0.169385
0.491556
0.884948
0.951979
0.364456
0.000065
0.848789
0.483494
0.758020
0.470257
0.470257
0.483494
0.329292
0.470257
0.808960
0.157114
0.967937
0.001149
0.597771
0.848789
0.658394
0.836720
0.603471
0.821730
0.549354
0.907293
0.793201
0.462365
0.072465
0.333520
0.241635
0.057717
0.994555
0.344325
0.253642
0.612135
0.884948
0.441715
0.626544
0.994555
0.258960
0.535389
0.681504
0.228410
0.951979
0.449423
0.045761
0.478214
0.390021
0.513281
0.434080
0.594827
0.075538
0.884948
0.860501
0.999575
0.787927
0.179787
0.571972
0.483494
0.441715
0.035180
0.901408
0.749684
0.012317
0.098985
0.958545
0.535389
0.704484
0.978604
0.079397
0.860501
0.203680
0.771705
0.744157
0.557828
0.695863
0.053907
0.353229
0.867378
0.300471
0.749684
0.426518
0.603471
0.470257
0.574890
0.998463
0.380525
0.951979
0.867378
0.246759
0.441715
0.233315
0.135818
0.874110
0.496903
0.867378
0.962240
0.236593
0.848789
0.543791
0.421575
0.406779
0.891273
0.470257
0.721628
0.704484
0.346575
0.127623
0.019230
0.690166
0.491556
0.012317
0.075538
0.935597
0.470257
0.874110
0.470257
0.346575
0.836720
0.518727
0.470257
0.375911
0.010298
0.617854
0.940331
0.290658
0.907293
0.527033
0.749684
0.061772
0.612135
0.617854
0.808960
0.434080
0.199280
0.940331
0.475494
0.329292
0.557828
0.779856
0.543791
0.787927
0.290658
0.010009
0.394742
0.004728
0.594827
0.294528
0.294528
0.521553
0.141156
0.808960
0.848789
0.721628
0.735726
0.557828
0.364456
0.000609
0.135818
0.580543
0.333520
0.250182
0.169385
0.228410
0.549354
0.884948
0.891273
0.105557
0.306500
0.829282
0.658394
0.206623
0.368979
0.766291
0.940331
0.566341
0.284858
0.962240
0.266225
0.589144
0.075538
0.250182
0.414138
0.589144
0.173237
0.406779
0.681504
0.194957
0.658394
0.513281
0.986757
0.589144
0.462365
0.505064
0.867378
0.401971
0.713075
0.236593
0.401971
0.100580
0.986757
0.018883
0.874110
0.779856
0.721628
0.368979
0.984769
0.935597
0.848789
0.658394
0.971109
0.758020
0.499678
0.429087
0.620815
0.557828
0.658394
0.340005
0.169385
0.779856
0.082732
0.935597
0.617854
0.793201
0.744157
0.713075
0.228410
0.808960
0.612135
0.947760
0.114294
0.612135
0.867378
0.031348
0.566341
0.758020
0.935597
0.414138
0.951979
0.290658
0.749684
0.735726
0.935597
0.681504
0.867378
0.635244
0.801128
0.821730
0.821730
0.667094
0.434080
0.658394
0.290658
0.580543
0.589144
0.672823
0.991213
0.114294
0.978604
0.766291
0.401971
0.779856
0.535389
0.327120
0.940331
0.454542
0.829282
0.612135
0.228410
0.000136
0.991213
0.749684
0.329292
0.848789
0.612135
0.626544
0.535389
0.779856
0.989675
0.821730
0.758020
0.829282
0.064431
0.836720
0.177160
0.681504
0.153566
0.620815
0.922090
0.390021
0.027164
0.821730
0.406779
0.922090
0.434080
0.146673
0.275424
0.690166
0.284858
0.841556
0.713075
0.470257
0.441715
0.681504
0.124654
0.635244
0.557828
0.922090
0.327120
0.612135
0.157114
0.848789
0.462365
0.643949
0.491556
0.612135
0.787927
0.940331
0.008847
0.867378
0.496903
0.594827
0.039801
0.072465
0.483494
0.264363
0.226757
0.549354
0.027164
0.571972
0.557828
0.434080
0.322949
0.390021
0.727244
0.005262
0.994555
0.603471
0.695863
0.867378
0.962240
0.061772
0.951979
0.387593
0.635244
0.346575
0.907293
0.841556
0.290658
0.635244
0.449423
0.429087
0.264363
0.223587
0.478214
0.434080
0.478214
0.406779
0.483494
0.713075
0.462365
0.643949
0.557828
0.001687
0.891273
0.223587
0.958545
0.316692
0.117048
0.211153
0.211153
0.557828
0.394742
0.228410
0.994555
0.141156
0.421575
0.409279
0.505064
0.829282
0.067775
0.841556
0.681504
0.996919
0.333520
0.535389
0.322949
0.105557
0.867378
0.922090
0.023935
0.658394
0.626544
0.841556
0.667094
0.421575
0.758020
0.394742
0.690166
0.300471
0.681504
0.848789
0.310521
0.233315
0.228410
0.250182
0.916674
0.421575
0.269851
0.758020
0.735726
0.690166
0.505064
0.535389
0.161896
0.255445
0.513281
0.612135
0.344325
0.421575
0.855893
0.672823
0.203680
0.549354
0.362130
0.306500
0.566341
0.574890
0.771705
0.713075
0.658394
0.368979
0.735726
0.704484
0.829282
