0.496903
0.350951
0.635244
0.340005
0.246759
0.275424
0.981075
0.394742
0.744157
0.566341
0.801128
0.589144
0.589144
0.884948
0.658394
0.499678
0.050328
0.947760
0.394742
0.086919
0.173237
0.052535
0.543791
0.649688
0.375911
0.571972
0.907293
0.144460
0.758020
0.077446
0.935597
0.801128
0.033659
0.114294
0.082732
0.253642
0.255445
0.848789
0.401971
0.935597
0.098985
0.927324
0.421575
0.109849
0.574890
0.496903
0.141156
0.535389
0.119859
0.218844
0.163153
0.787927
0.535389
0.962240
0.521553
0.300471
0.127623
0.275424
0.891273
0.491556
0.801128
0.246759
0.951979
0.713075
0.513281
0.382926
0.513281
0.992594
0.744157
0.735726
0.082732
0.527033
0.958545
0.387593
0.695863
0.316692
0.808960
0.429087
0.535389
0.884948
0.758020
0.163153
0.855893
0.306500
0.884948
0.965738
0.672823
0.891273
0.011425
0.429087
0.589144
0.382926
0.483494
0.290658
0.649688
0.947760
0.922090
0.290658
0.228410
0.935597
0.874110
0.643949
0.597771
0.958545
0.329292
0.121744
0.749684
0.620815
0.483494
0.470257
0.617854
0.290658
0.947760
0.166886
0.269851
0.070668
0.867378
0.441715
0.958545
0.808960
0.211153
0.012548
0.841556
0.462365
0.061772
0.505064
0.749684
0.300471
0.057717
0.913005
0.333520
0.855893
0.704484
0.394742
0.414138
0.930673
0.922090
0.549354
0.086919
0.306500
0.643949
0.441715
0.046970
0.255445
0.589144
0.667094
0.144460
0.874110
0.589144
0.049040
0.499678
0.787927
0.626544
0.141156
0.808960
0.350951
0.449423
0.927324
0.643949
0.454542
0.269851
0.787927
0.635244
0.177160
0.146673
0.364456
0.421575
0.916674
0.279144
0.421575
0.037099
0.231634
0.695863
0.241635
0.426518
0.658394
0.513281
0.991213
0.580543
0.010009
0.250182
0.269851
0.429087
0.681504
0.951979
0.749684
0.027908
0.848789
0.626544
0.540922
0.801128
0.139014
0.441715
0.566341
0.626544
0.571972
0.357661
0.681504
0.922090
0.084803
0.589144
0.758020
0.535389
0.566341
0.971109
0.891273
0.394742
0.698805
0.491556
0.779856
0.821730
0.635244
0.505064
0.082732
0.038764
0.901408
0.421575
0.279144
0.147829
0.333520
0.735726
0.039801
0.454542
0.269851
0.635244
0.294528
0.681504
0.867378
0.199280
0.735726
0.962240
0.129613
0.279144
0.557828
0.275424
0.215763
0.269851
0.808960
0.002082
0.735726
0.375911
0.284858
0.749684
0.907293
0.749684
0.891273
0.491556
0.340005
0.375911
0.306500
0.306500
0.139014
0.704484
0.848789
0.698805
0.787927
0.470257
0.005687
0.260793
0.322949
0.649688
0.483494
0.441715
0.454542
0.236593
0.891273
0.170690
0.173237
0.008597
0.594827
0.521553
0.867378
0.713075
0.241635
0.129613
0.269851
0.518727
0.300471
0.836720
0.766291
0.135818
0.704484
0.084092
0.170690
0.958545
0.446787
0.649688
0.836720
0.891273
0.491556
0.681504
0.727244
0.279144
0.245003
0.228410
0.612135
0.779856
0.713075
0.848789
0.441715
0.018368
0.100580
0.181158
0.228410
0.012907
0.223587
0.527033
0.752533
0.491556
0.006144
0.816691
0.991213
0.105557
0.312615
0.304435
0.878466
0.566341
0.449423
0.390021
0.147829
0.940331
0.535389
0.690166
0.713075
0.008197
0.441715
0.535389
0.901408
0.704484
0.421575
0.848789
0.994555
0.848789
0.150086
0.566341
0.049040
0.793201
0.580543
0.414138
0.072465
0.735726
0.375911
0.808960
0.821730
0.518727
0.971109
0.077446
0.594827
0.177160
0.357661
0.312615
0.196422
0.962240
0.907293
0.620815
0.135818
0.316692
0.483494
0.787927
0.401971
0.483494
0.350951
0.079397
0.801128
0.153566
0.549354
0.704484
0.704484
0.793201
0.000696
0.891273
0.003354
0.088340
0.387593
0.454542
0.496903
0.829282
0.009104
0.350951
0.421575
0.727244
0.603471
0.190711
0.394742
0.032199
0.927324
0.540922
0.986757
0.643949
0.571972
0.034568
0.735726
0.635244
0.264363
0.211153
0.643949
0.401971
0.483494
0.787927
0.060743
0.215763
0.275424
0.612135
0.300471
0.194957
0.255445
0.758020
0.704484
0.801128
0.203680
0.153566
0.867378
0.566341
0.169385
0.153566
0.991213
0.557828
0.483494
0.462365
0.454542
0.527033
0.620815
0.513281
0.346575
0.603471
0.475494
0.322949
0.177160
0.132684
0.098985
0.421575
0.867378
0.236593
0.010298
0.635244
0.306500
0.951979
0.994555
0.779856
0.382926
0.779856
0.658394
0.434080
0.368979
0.758020
0.011753
0.571972
0.758020
0.718717
0.150086
0.505064
0.535389
0.543791
0.250182
0.779856
0.211153
0.658394
0.364456
0.279144
0.496903
0.821730
0.051648
0.260793
0.787927
0.727244
0.947760
0.008197
0.860501
0.329292
0.884948
0.727244
0.414138
0.023935
0.543791
0.704484
0.344325
0.649688
0.362130
0.491556
0.316692
0.907293
0.521553
0.589144
0.401971
0.011425
0.357661
0.250182
0.387593
0.667094
0.203680
0.994555
0.836720
0.841556
0.940331
0.878466
0.744157
0.897436
0.793201
0.681504
0.380525
0.698805
0.766291
0.766291
0.228410
0.860501
0.658394
0.793201
0.557828
0.848789
0.241635
0.681504
0.935597
0.529876
0.163153
0.306500
0.064990
0.159490
0.735726
0.695863
0.005578
0.801128
0.284858
0.935597
0.935597
0.635244
0.112510
0.557828
0.165605
0.566341
0.269851
0.115226
0.758020
0.878466
0.612135
0.454542
0.245003
0.649688
0.491556
0.375911
0.380525
0.077446
0.563435
0.967937
0.735726
0.000002
0.135818
0.867378
0.390021
0.535389
0.848789
0.000500
0.735726
0.173237
0.499678
0.245003
0.901408
0.727244
0.878466
0.132684
0.557828
0.028409
0.199280
0.758020
0.821730
0.290658
0.793201
0.068911
0.713075
0.978604
0.061772
0.137917
0.749684
0.758020
0.930673
0.841556
0.727244
