0.105557
0.215763
0.884948
0.597771
0.357661
0.329292
0.001246
0.053907
0.350951
0.275424
0.406779
0.974087
0.549354
0.808960
0.109849
0.186540
0.082732
0.930673
0.483494
0.566341
0.024158
0.947760
0.088340
0.848789
0.294528
0.958545
0.766291
0.371333
0.821730
0.310521
0.612135
0.483494
0.901408
0.735726
0.483494
0.027164
0.441715
0.316692
0.744157
0.995551
0.766291
0.483494
0.735726
0.306500
0.779856
0.462365
0.658394
0.231634
0.626544
0.127623
0.901408
0.821730
0.667094
0.690166
0.350951
0.394742
0.505064
0.505064
0.787927
0.580543
0.177160
0.940331
0.513281
0.037752
0.057717
0.041578
0.401971
0.808960
0.947760
0.549354
0.612135
0.434080
0.387593
0.052535
0.434080
0.580543
0.681504
0.284858
0.127623
0.521553
0.401971
0.340005
0.421575
0.801128
0.038094
0.316692
0.067775
0.241635
0.940331
0.088340
0.766291
0.766291
0.940331
0.974087
0.406779
0.322949
0.340005
0.357661
0.368979
0.848789
0.194957
0.375911
0.880693
0.251967
0.401971
0.907293
0.421575
0.454542
0.264363
0.935597
0.104694
0.089781
0.779856
0.077446
0.986757
0.571972
0.816691
0.187953
0.382926
0.177160
0.713075
0.264363
0.535389
0.962240
0.080707
0.527033
0.312615
0.996919
0.787927
0.010298
0.901408
0.626544
0.112510
0.518727
0.496903
0.483494
0.053907
0.340005
0.357661
0.927324
0.744157
0.169385
0.821730
0.344325
0.414138
0.284858
0.300471
0.981075
0.187953
0.446787
0.421575
0.057717
0.580543
0.829282
0.421575
0.327120
0.406779
0.603471
0.294528
0.589144
0.995551
0.947760
0.421575
0.368979
0.449423
0.300471
0.000191
0.821730
0.491556
0.344325
0.727244
0.998868
0.491556
0.836720
0.181158
0.821730
0.855893
0.951979
0.077446
0.236593
0.549354
0.150086
0.951979
0.681504
0.704484
0.552238
0.406779
0.874110
0.429087
0.364456
0.449423
0.878466
0.499678
0.183833
0.821730
0.157114
0.527033
0.387593
0.557828
0.620815
0.922090
0.329292
0.935597
0.375911
0.300471
0.758020
0.250182
0.190711
0.306500
0.375911
0.749684
0.821730
0.441715
0.535389
0.848789
0.635244
0.535389
0.382926
0.414138
0.612135
0.416665
0.571972
0.153566
0.635244
0.394742
0.848789
0.122729
0.947760
0.808960
0.727244
0.951979
0.962240
0.589144
0.744157
0.300471
0.779856
0.867378
0.821730
0.043818
0.041578
0.187953
0.103042
0.150086
0.571972
0.718717
0.766291
0.922090
0.327120
0.916674
0.984769
0.635244
0.155897
0.978604
0.034568
0.414138
0.279144
0.891273
0.177160
0.269851
0.100580
0.643949
0.055312
0.206623
0.322949
0.075538
0.626544
0.808960
0.978604
0.901408
0.704484
0.211153
0.667094
0.766291
0.436675
0.947760
0.004868
0.119859
0.478214
0.236593
0.346575
0.429087
0.300471
0.462365
0.028409
0.690166
0.771705
0.462365
0.357661
0.491556
0.421575
0.429087
0.930673
0.187953
0.429087
0.144460
0.033659
0.038094
0.821730
0.535389
0.698805
0.891273
0.681504
0.394742
0.571972
0.387593
0.801128
0.749684
0.491556
0.874110
0.127623
0.557828
0.571972
0.107244
0.891273
0.032771
0.053907
0.735726
0.758020
0.499678
0.958545
0.713075
0.144460
0.421575
0.940331
0.066084
0.967937
0.329292
0.566341
0.971109
0.566341
0.155897
0.681504
0.215763
0.357661
0.566341
0.658394
0.215763
0.462365
0.284858
0.294528
0.236593
0.808960
0.179787
0.273514
0.401971
0.557828
0.279144
0.841556
0.603471
0.340005
0.884948
0.454542
0.364456
0.867378
0.991213
0.967937
0.649688
0.223587
0.075538
0.727244
0.913005
0.107244
0.499678
0.543791
0.829282
0.183833
0.704484
0.922090
0.203680
0.079397
0.199280
0.478214
0.394742
0.884948
0.414138
0.612135
0.357661
0.114294
0.635244
0.848789
0.300471
0.513281
0.698805
0.535389
0.187953
0.177160
0.441715
0.801128
0.236593
0.580543
0.390021
0.787927
0.744157
0.981075
0.672823
0.462365
0.371333
0.672823
0.649688
0.841556
0.829282
0.901408
0.649688
0.735726
0.056256
0.758020
0.874110
0.046970
0.951979
0.704484
0.727244
0.483494
0.543791
0.491556
0.340005
0.749684
0.690166
0.163153
0.333520
0.841556
0.155897
0.962240
0.394742
0.951979
0.543791
0.594827
0.704484
0.566341
0.491556
0.766291
0.387593
0.042685
0.779856
0.491556
0.922090
0.967937
0.173237
0.031348
0.951979
0.505064
0.441715
0.187953
0.901408
0.475494
0.808960
0.927324
0.019768
0.103042
0.841556
0.704484
0.527033
0.141156
0.306500
0.199280
0.848789
0.434080
0.429087
0.997586
0.951979
0.681504
0.155897
0.766291
0.986757
0.658394
0.787927
0.000234
0.483494
0.088340
0.874110
0.153566
0.290658
0.117048
0.406779
0.368979
0.821730
0.922090
0.543791
0.947760
0.306500
0.075538
0.079397
0.867378
0.121744
0.316692
0.211153
0.316692
0.166886
0.922090
0.721628
0.300471
0.429087
0.713075
0.269851
0.612135
0.704484
0.744157
0.000661
0.612135
0.667094
0.505064
0.006447
0.022258
0.491556
0.557828
0.279144
0.704484
0.549354
0.300471
0.603471
0.346575
0.187953
0.727244
0.322949
0.727244
0.316692
0.300471
0.275424
0.414138
0.758020
0.279144
0.848789
0.008197
0.505064
0.035500
0.978604
0.036127
0.294528
0.603471
0.535389
0.112510
0.203680
0.103042
0.713075
0.841556
0.891273
0.698805
0.223587
0.808960
0.375911
0.075538
0.727244
0.535389
0.275424
0.018706
0.333520
0.984769
0.084092
0.681504
0.681504
0.855893
0.179787
0.801128
0.589144
0.215763
0.001922
0.727244
0.704484
0.220452
0.496903
0.446787
0.340005
0.855893
0.704484
0.801128
0.312615
0.033659
0.449423
0.011640
0.658394
0.927324
0.429087
0.549354
0.077446
0.218844
0.255445
0.177160
