0.821730
0.874110
0.079397
0.612135
0.626544
0.375911
0.603471
0.382926
0.505064
0.223587
0.907293
0.316692
0.907293
0.491556
0.329292
0.357661
0.290658
0.735726
0.766291
0.935597
0.916674
0.874110
0.434080
0.935597
0.491556
0.855893
0.867378
0.475494
0.549354
0.735726
0.505064
0.129613
0.801128
0.635244
0.643949
0.571972
0.690166
0.695863
0.045761
0.557828
0.034568
0.357661
0.821730
0.218844
0.901408
0.114294
0.457201
0.241635
0.350951
0.117048
0.513281
0.907293
0.735726
0.690166
0.617854
0.169385
0.580543
0.284858
0.867378
0.860501
0.829282
0.364456
0.132684
0.771705
0.557828
0.841556
0.635244
0.566341
0.170690
0.051648
0.290658
0.958545
0.620815
0.375911
0.735726
0.273514
0.281082
0.649688
0.801128
0.137917
0.821730
0.594827
0.566341
0.462365
0.521553
0.513281
0.735726
0.808960
0.841556
0.061772
0.557828
0.109849
0.322949
0.505064
0.658394
0.841556
0.566341
0.758020
0.713075
0.543791
0.306500
0.801128
0.626544
0.505064
0.758020
0.032199
0.787927
0.787927
0.867378
0.603471
0.779856
0.316692
0.801128
0.491556
0.779856
0.535389
0.971109
0.462365
0.306500
0.041578
0.571972
0.340005
0.667094
0.316692
0.735726
0.620815
0.429087
0.580543
0.690166
0.002920
0.340005
0.505064
0.269851
0.483494
0.446787
0.421575
0.901408
0.441715
0.483494
0.766291
0.816691
0.617854
0.096609
0.829282
0.867378
0.223587
0.836720
0.094284
0.867378
0.713075
0.306500
0.801128
0.364456
0.543791
0.429087
0.173237
0.695863
0.991213
0.549354
0.039801
0.294528
0.940331
0.003099
0.306500
0.173237
0.462365
0.491556
0.580543
0.316692
0.202171
0.001510
0.594827
0.329292
0.801128
0.312615
0.758020
0.603471
0.449423
0.658394
0.215763
0.704484
0.322949
0.127623
0.357661
0.057717
0.891273
0.672823
0.135818
0.001922
0.043818
0.127623
0.284858
0.860501
0.935597
0.223587
0.922090
0.922090
0.867378
0.594827
0.690166
0.907293
0.779856
0.340005
0.462365
0.181158
0.557828
0.496903
0.147829
0.951979
0.462365
0.589144
0.603471
0.155897
0.382926
0.626544
0.713075
0.704484
0.340005
0.223587
0.841556
0.672823
0.269851
0.874110
0.829282
0.787927
0.505064
0.491556
0.543791
0.483494
0.025274
0.962240
0.935597
0.153566
0.713075
0.672823
0.535389
0.470257
0.518727
0.713075
0.821730
0.082732
0.310521
0.566341
0.874110
0.114294
0.672823
0.549354
0.744157
0.878466
0.566341
0.681504
0.713075
0.787927
0.958545
0.105557
0.346575
0.194957
0.333520
0.690166
0.300471
0.426518
0.901408
0.046970
0.275424
0.001114
0.394742
0.836720
0.173237
0.190711
0.362130
0.907293
0.557828
0.808960
0.704484
0.049040
0.594827
0.947760
0.223587
0.557828
0.470257
0.364456
0.322949
0.002863
0.690166
0.995551
0.306500
0.499678
0.635244
0.557828
0.808960
0.129613
0.841556
0.643949
0.421575
0.199280
0.758020
0.513281
0.681504
0.557828
0.658394
0.157114
0.316692
0.867378
0.236593
0.454542
0.758020
0.594827
0.884948
0.626544
0.513281
0.290658
0.635244
0.884948
0.603471
0.855893
0.836720
0.735726
0.401971
0.901408
0.163153
0.446787
0.718717
0.681504
0.159490
0.414138
0.177160
0.231634
0.390021
0.009822
0.364456
0.462365
0.848789
0.505064
0.658394
0.304435
0.947760
0.320806
0.441715
0.891273
0.727244
0.203680
0.239907
0.643949
0.635244
0.612135
0.390021
0.470257
0.226757
0.527033
0.913005
0.626544
0.264363
0.124654
0.884948
0.449423
0.429087
0.362130
0.094284
0.192150
0.012670
0.821730
0.409279
0.075538
0.658394
0.023508
0.177160
0.658394
0.704484
0.012670
0.860501
0.704484
0.543791
0.183833
0.922090
0.626544
0.027164
0.470257
0.704484
0.340005
0.005262
0.603471
0.329292
0.907293
0.749684
0.491556
0.690166
0.913005
0.364456
0.958545
0.801128
0.989675
0.185229
0.127623
0.406779
0.375911
0.958545
0.704484
0.836720
0.867378
0.401971
0.580543
0.023508
0.649688
0.704484
0.183833
0.401971
0.491556
0.068911
0.399498
0.704484
0.787927
0.387593
0.322949
0.643949
0.991213
0.766291
0.681504
0.695863
0.589144
0.566341
0.695863
0.620815
0.672823
0.690166
0.991213
0.667094
0.860501
0.766291
0.635244
0.199280
0.951979
0.333520
0.793201
0.727244
0.821730
0.672823
0.735726
0.505064
0.269851
0.294528
0.357661
0.848789
0.166886
0.357661
0.055312
0.038764
0.967937
0.758020
0.758020
0.543791
0.290658
0.329292
0.690166
0.233315
0.816691
0.322949
0.316692
0.681504
0.000000
0.380525
0.518727
0.821730
0.690166
0.658394
0.603471
0.340005
0.236593
0.187953
0.848789
0.163153
0.766291
0.801128
0.364456
0.273514
0.841556
0.727244
0.066084
0.580543
0.841556
0.223587
0.571972
0.255445
0.306500
0.617854
0.300471
0.441715
0.808960
0.841556
0.159490
0.157114
0.779856
0.951979
0.371333
0.535389
0.327120
0.635244
0.449423
0.901408
0.166886
0.698805
0.571972
0.496903
0.098170
0.387593
0.036127
0.449423
0.141156
0.603471
0.913005
0.082732
0.310521
0.144460
0.951979
0.199280
0.821730
0.375911
0.620815
0.574890
0.505064
0.626544
0.566341
0.031348
0.681504
0.223587
0.658394
0.580543
0.940331
0.848789
0.884948
0.223587
0.241635
0.841556
0.571972
0.962240
0.264363
0.518727
0.884948
0.127623
0.574890
0.635244
0.594827
0.034568
0.053907
0.779856
0.007032
0.848789
0.441715
0.841556
0.951979
0.086192
0.035180
0.808960
0.617854
0.801128
0.978604
0.727244
0.994555
0.496903
0.635244
0.913005
0.035500
0.695863
0.470257
0.368979
0.543791
0.735726
0.166886
0.306500
0.535389
0.713075
0.375911
0.173237
0.223587
0.053907
0.779856
0.010795
