0.566341
0.735726
0.294528
0.580543
0.173237
0.907293
0.829282
0.940331
0.441715
0.421575
0.589144
0.173237
0.935597
0.658394
0.462365
0.092778
0.269851
0.269851
0.441715
0.951979
0.557828
0.907293
0.620815
0.821730
0.218844
0.047782
0.139014
0.130653
0.144460
0.766291
0.829282
0.971109
0.658394
0.421575
0.855893
0.549354
0.382926
0.153566
0.848789
0.771705
0.727244
0.766291
0.187953
0.322949
0.166886
0.940331
0.735726
0.713075
0.241635
0.535389
0.187953
0.766291
0.092008
0.940331
0.612135
0.965738
0.566341
0.771705
0.255445
0.441715
0.159490
0.144460
0.037099
0.704484
0.241635
0.434080
0.935597
0.891273
0.571972
0.470257
0.958545
0.387593
0.922090
0.406779
0.787927
0.387593
0.513281
0.333520
0.173237
0.027908
0.816691
0.177160
0.177160
0.758020
0.848789
0.535389
0.135818
0.214182
0.821730
0.978604
0.255445
0.228410
0.050328
0.947760
0.681504
0.626544
0.571972
0.300471
0.018883
0.735726
0.056256
0.004637
0.499678
0.157114
0.375911
0.829282
0.035180
0.027164
0.483494
0.571972
0.218844
0.874110
0.218844
0.681504
0.513281
0.704484
0.199280
0.462365
0.401971
0.787927
0.597771
0.527033
0.841556
0.401971
0.333520
0.681504
0.549354
0.557828
0.690166
0.749684
0.658394
0.922090
0.264363
0.223587
0.159490
0.758020
0.589144
0.787927
0.401971
0.916674
0.535389
0.300471
0.300471
0.848789
0.023508
0.965738
0.801128
0.557828
0.855893
0.350951
0.157114
0.808960
0.527033
0.114294
0.635244
0.779856
0.084803
0.672823
0.787927
0.194957
0.681504
0.580543
0.251967
0.035500
0.922090
0.290658
0.867378
0.566341
0.364456
0.002950
0.375911
0.491556
0.566341
0.499678
0.499678
0.228410
0.030518
0.197797
0.836720
0.177160
0.612135
0.187953
0.084803
0.867378
0.704484
0.241635
0.055312
0.557828
0.884948
0.855893
0.483494
0.082732
0.322949
0.075538
0.779856
0.306500
0.571972
0.649688
0.907293
0.340005
0.010298
0.521553
0.055312
0.401971
0.382926
0.513281
0.077446
0.255445
0.947760
0.401971
0.984769
0.891273
0.713075
0.241635
0.032771
0.808960
0.147829
0.571972
0.787927
0.787927
0.368979
0.100580
0.643949
0.594827
0.346575
0.620815
0.603471
0.375911
0.040864
0.635244
0.721628
0.426518
0.187953
0.947760
0.735726
0.017543
0.535389
0.867378
0.675784
0.387593
0.236593
0.203680
0.758020
0.390021
0.971109
0.449423
0.821730
0.867378
0.467559
0.597771
0.499678
0.284858
0.695863
0.082732
0.787927
0.350951
0.144460
0.357661
0.211153
0.658394
0.603471
0.031348
0.829282
0.855893
0.312615
0.449423
0.021859
0.658394
0.981075
0.594827
0.045761
0.255445
0.867378
0.594827
0.329292
0.211153
0.916674
0.119859
0.713075
0.499678
0.721628
0.874110
0.375911
0.891273
0.874110
0.549354
0.310521
0.991213
0.124654
0.063362
0.441715
0.021268
0.199280
0.867378
0.566341
0.821730
0.316692
0.626544
0.300471
0.779856
0.000036
0.916674
0.012317
0.098170
0.421575
0.215763
0.867378
0.635244
0.681504
0.940331
0.357661
0.518727
0.173237
0.196422
0.119859
0.735726
0.713075
0.907293
0.951979
0.462365
0.449423
0.922090
0.681504
0.072465
0.721628
0.346575
0.698805
0.414138
0.557828
0.808960
0.735726
0.571972
0.779856
0.454542
0.505064
0.658394
0.090535
0.704484
0.414138
0.597771
0.505064
0.829282
0.000108
0.275424
0.958545
0.084803
0.855893
0.589144
0.713075
0.103042
0.421575
0.306500
0.150086
0.346575
0.635244
0.766291
0.141156
0.250182
0.441715
0.735726
0.643949
0.357661
0.690166
0.907293
0.816691
0.580543
0.721628
0.527033
0.518727
0.187953
0.047782
0.483494
0.735726
0.056256
0.801128
0.169385
0.505064
0.076183
0.421575
0.483494
0.713075
0.667094
0.013909
0.690166
0.192150
0.867378
0.357661
0.681504
0.491556
0.801128
0.364456
0.603471
0.255445
0.084803
0.470257
0.399498
0.984769
0.829282
0.049040
0.296545
0.013909
0.211153
0.947760
0.901408
0.034568
0.329292
0.206623
0.409279
0.779856
0.364456
0.505064
0.231634
0.643949
0.951979
0.771705
0.117048
0.269851
0.962240
0.787927
0.916674
0.603471
0.675784
0.635244
0.589144
0.735726
0.181158
0.597771
0.922090
0.907293
0.300471
0.475494
0.127623
0.333520
0.139014
0.994555
0.031348
0.382926
0.940331
0.922090
0.406779
0.491556
0.155897
0.994555
0.779856
0.003039
0.034568
0.981075
0.434080
0.394742
0.513281
0.935597
0.580543
0.166886
0.793201
0.441715
0.535389
0.695863
0.296545
0.922090
0.681504
0.947760
0.000249
0.940331
0.695863
0.357661
0.672823
0.744157
0.068911
0.779856
0.255445
0.513281
0.462365
0.199280
0.112510
0.194957
0.124654
0.310521
0.801128
0.147829
0.306500
0.375911
0.535389
0.962240
0.121744
0.449423
0.434080
0.612135
0.704484
0.766291
0.649688
0.704484
0.829282
0.801128
0.758020
0.269851
0.208158
0.127623
0.513281
0.177160
0.635244
0.891273
0.183833
0.117048
0.962240
0.681504
0.192150
0.394742
0.357661
0.681504
0.020886
0.704484
0.068911
0.535389
0.429087
0.521553
0.034568
0.183833
0.787927
0.203680
0.000000
0.223587
0.848789
0.382926
0.117048
0.246759
0.549354
0.421575
0.594827
0.971109
0.041578
0.635244
0.375911
0.672823
0.382926
0.401971
0.031348
0.620815
0.521553
0.346575
0.617854
0.166886
0.922090
0.357661
0.735726
0.454542
0.580543
0.612135
0.312615
0.050328
0.394742
0.153566
0.535389
0.057717
0.462365
0.008197
0.483494
0.203680
0.499678
0.187953
0.018368
0.030518
0.153566
0.589144
0.540922
0.940331
0.527033
0.958545
0.063362
0.094284
0.860501
0.008197
0.043818
0.935597
0.867378
0.860501
0.141156
