0.681504
0.150086
0.580543
0.006832
0.028409
0.194957
0.735726
0.449423
0.594827
0.364456
0.713075
0.951979
0.907293
0.916674
0.580543
0.940331
0.841556
0.028409
0.008847
0.617854
0.079397
0.505064
0.000609
0.967937
0.922090
0.884948
0.505064
0.947760
0.231634
0.170690
0.935597
0.787927
0.421575
0.475494
0.000073
0.346575
0.643949
0.974087
0.884948
0.848789
0.787927
0.713075
0.758020
0.322949
0.603471
0.749684
0.513281
0.434080
0.312615
0.552238
0.626544
0.535389
0.491556
0.382926
0.483494
0.766291
0.922090
0.121744
0.667094
0.426518
0.808960
0.223587
0.375911
0.467559
0.446787
0.927324
0.194957
0.236593
0.735726
0.874110
0.713075
0.350951
0.304435
0.704484
0.255445
0.978604
0.033071
0.218844
0.884948
0.779856
0.681504
0.390021
0.658394
0.166886
0.340005
0.571972
0.521553
0.922090
0.901408
0.649688
0.727244
0.855893
0.199280
0.855893
0.421575
0.258960
0.223587
0.096609
0.626544
0.368979
0.316692
0.169385
0.017543
0.978604
0.779856
0.962240
0.643949
0.848789
0.821730
0.566341
0.290658
0.574890
0.206623
0.475494
0.793201
0.070668
0.096609
0.589144
0.860501
0.513281
0.758020
0.603471
0.771705
0.144460
0.290658
0.603471
0.043818
0.978604
0.821730
0.758020
0.947760
0.867378
0.626544
0.040498
0.483494
0.543791
0.713075
0.535389
0.300471
0.940331
0.848789
0.617854
0.414138
0.375911
0.306500
0.795913
0.951979
0.962240
0.566341
0.044581
0.322949
0.228410
0.513281
0.163153
0.462365
0.505064
0.836720
0.658394
0.082732
0.003850
0.901408
0.821730
0.916674
0.491556
0.808960
0.867378
0.215763
0.357661
0.306500
0.867378
0.322949
0.491556
0.626544
0.491556
0.275424
0.223587
0.135818
0.563435
0.907293
0.047782
0.860501
0.470257
0.658394
0.557828
0.147829
0.571972
0.935597
0.009546
0.129613
0.940331
0.713075
0.867378
0.535389
0.103042
0.874110
0.848789
0.454542
0.135818
0.698805
0.848789
0.279144
0.916674
0.940331
0.421575
0.808960
0.075538
0.306500
0.635244
0.300471
0.371333
0.907293
0.401971
0.241635
0.362130
0.429087
0.127623
0.096609
0.878466
0.580543
0.848789
0.002863
0.340005
0.211153
0.930673
0.580543
0.808960
0.667094
0.986757
0.971109
0.721628
0.848789
0.808960
0.055312
0.652656
0.991213
0.441715
0.005687
0.003850
0.214182
0.387593
0.958545
0.543791
0.368979
0.144460
0.357661
0.758020
0.157114
0.457201
0.053907
0.092008
0.141156
0.107244
0.658394
0.074303
0.594827
0.018368
0.681504
0.470257
0.855893
0.098170
0.316692
0.808960
0.306500
0.718717
0.013276
0.203680
0.971109
0.119859
0.935597
0.580543
0.117048
0.956001
0.718717
0.124654
0.233315
0.414138
0.940331
0.771705
0.735726
0.322949
0.061772
0.589144
0.117048
0.690166
0.626544
0.940331
0.935597
0.594827
0.246759
0.617854
0.496903
0.935597
0.649688
0.922090
0.557828
0.867378
0.984769
0.713075
0.306500
0.801128
0.141156
0.011106
0.649688
0.223587
0.848789
0.535389
0.449423
0.566341
0.874110
0.006963
0.051648
0.801128
0.010795
0.829282
0.681504
0.228410
0.713075
0.658394
0.801128
0.037099
0.681504
0.529876
0.241635
0.074303
0.779856
0.589144
0.735726
0.294528
0.429087
0.048208
0.401971
0.787927
0.808960
0.635244
0.787927
0.499678
0.434080
0.829282
0.483494
0.690166
0.135818
0.744157
0.672823
0.749684
0.241635
0.829282
0.462365
0.549354
0.635244
0.505064
0.072465
0.401971
0.406779
0.035180
0.635244
0.434080
0.067775
0.907293
0.557828
0.978604
0.346575
0.940331
0.884948
0.228410
0.132684
0.566341
0.841556
0.986757
0.401971
0.462365
0.269851
0.119859
0.951979
0.521553
0.441715
0.094284
0.260793
0.721628
0.327120
0.414138
0.457201
0.626544
0.758020
0.114294
0.001960
0.901408
0.119859
0.704484
0.296545
0.995551
0.566341
0.462365
0.836720
0.535389
0.848789
0.549354
0.322949
0.478214
0.072465
0.159490
0.300471
0.454542
0.735726
0.357661
0.483494
0.003193
0.163153
0.394742
0.228410
0.571972
0.446787
0.177160
0.269851
0.255445
0.139014
0.981075
0.836720
0.269851
0.549354
0.505064
0.382926
0.177160
0.053907
0.521553
0.357661
0.947760
0.713075
0.540922
0.681504
0.118894
0.540922
0.434080
0.421575
0.557828
0.401971
0.470257
0.394742
0.557828
0.132684
0.808960
0.491556
0.713075
0.540922
0.940331
0.088340
0.316692
0.626544
0.034568
0.063362
0.521553
0.306500
0.250182
0.421575
0.109849
0.991213
0.907293
0.779856
0.735726
0.218844
0.462365
0.951979
0.891273
0.935597
0.250182
0.649688
0.390021
0.390021
0.269851
0.421575
0.997586
0.037099
0.049040
0.069506
0.867378
0.491556
0.421575
0.086192
0.255445
0.821730
0.891273
0.406779
0.672823
0.612135
0.901408
0.947760
0.241635
0.672823
0.735726
0.829282
0.704484
0.996919
0.771705
0.891273
0.032771
0.518727
0.017866
0.306500
0.316692
0.449423
0.483494
0.841556
0.004775
0.635244
0.940331
0.406779
0.223587
0.681504
0.135818
0.860501
0.327120
0.681504
0.566341
0.984769
0.236593
0.246759
0.589144
0.589144
0.025274
0.499678
0.557828
0.364456
0.779856
0.566341
0.971109
0.072465
0.075538
0.535389
0.483494
0.187953
0.019768
0.009277
0.153566
0.266225
0.275424
0.462365
0.766291
0.380525
0.013654
0.010298
0.779856
0.246759
0.527033
0.667094
0.612135
0.867378
0.690166
0.006325
0.505064
0.801128
0.434080
0.357661
0.935597
0.499678
0.603471
0.454542
0.233315
0.223587
0.557828
0.771705
0.470257
0.327120
0.449423
0.901408
0.681504
0.231634
0.454542
0.821730
0.483494
0.026438
0.808960
0.958545
0.527033
0.922090
0.035500
0.867378
0.907293
