0.513281
0.867378
0.713075
0.626544
0.766291
0.039801
0.658394
0.074303
0.557828
0.300471
0.787927
0.132684
0.103042
0.947760
0.658394
0.153566
0.290658
0.749684
0.394742
0.434080
0.626544
0.658394
0.088340
0.306500
0.387593
0.801128
0.284858
0.470257
0.048208
0.250182
0.375911
0.801128
0.462365
0.279144
0.470257
0.394742
0.228410
0.658394
0.557828
0.971109
0.483494
0.749684
0.028409
0.139014
0.967937
0.322949
0.580543
0.187953
0.690166
0.137917
0.787927
0.159490
0.211153
0.727244
0.316692
0.916674
0.491556
0.371333
0.449423
0.589144
0.758020
0.947760
0.749684
0.119859
0.658394
0.159490
0.159490
0.612135
0.000046
0.640981
0.612135
0.483494
0.986757
0.150086
0.681504
0.150086
0.787927
0.658394
0.228410
0.421575
0.007032
0.848789
0.535389
0.329292
0.401971
0.117048
0.375911
0.160731
0.505064
0.044581
0.727244
0.557828
0.643949
0.462365
0.947760
0.999575
0.922090
0.574890
0.984769
0.916674
0.695863
0.907293
0.951979
0.884948
0.540922
0.434080
0.589144
0.580543
0.163153
0.704484
0.333520
0.401971
0.454542
0.821730
0.114294
0.375911
0.874110
0.779856
0.855893
0.371333
0.589144
0.571972
0.947760
0.505064
0.801128
0.991213
0.470257
0.649688
0.594827
0.470257
0.132684
0.580543
0.306500
0.907293
0.275424
0.007739
0.727244
0.077446
0.801128
0.250182
0.793201
0.449423
0.306500
0.690166
0.927324
0.496903
0.192150
0.884948
0.340005
0.414138
0.667094
0.867378
0.368979
0.901408
0.690166
0.612135
0.375911
0.984769
0.951979
0.643949
0.306500
0.518727
0.808960
0.344325
0.109849
0.690166
0.848789
0.100580
0.891273
0.401971
0.112510
0.874110
0.401971
0.306500
0.258960
0.907293
0.667094
0.735726
0.382926
0.032199
0.727244
0.300471
0.344325
0.521553
0.513281
0.340005
0.535389
0.667094
0.505064
0.594827
0.250182
0.962240
0.695863
0.132684
0.371333
0.771705
0.470257
0.713075
0.020886
0.681504
0.962240
0.104694
0.067775
0.470257
0.848789
0.236593
0.066084
0.000779
0.713075
0.015695
0.346575
0.096609
0.406779
0.088340
0.981075
0.183833
0.470257
0.264363
0.848789
0.867378
0.375911
0.758020
0.935597
0.132684
0.935597
0.030518
0.155897
0.829282
0.891273
0.535389
0.096609
0.269851
0.713075
0.401971
0.913005
0.643949
0.991213
0.340005
0.103042
0.462365
0.357661
0.215763
0.557828
0.284858
0.028409
0.566341
0.022258
0.821730
0.690166
0.462365
0.922090
0.922090
0.090535
0.617854
0.829282
0.913005
0.505064
0.306500
0.649688
0.183833
0.462365
0.649688
0.004372
0.994555
0.557828
0.401971
0.874110
0.848789
0.206623
0.211153
0.312615
0.704484
0.947760
0.855893
0.758020
0.978604
0.612135
0.749684
0.483494
0.681504
0.155897
0.713075
0.626544
0.001865
0.971109
0.246759
0.159490
0.421575
0.067775
0.394742
0.096609
0.727244
0.183833
0.521553
0.390021
0.626544
0.013654
0.003850
0.387593
0.037099
0.159490
0.024158
0.007378
0.409279
0.821730
0.758020
0.557828
0.867378
0.002443
0.848789
0.518727
0.897436
0.049040
0.681504
0.199280
0.084803
0.727244
0.340005
0.294528
0.057717
0.940331
0.779856
0.549354
0.603471
0.306500
0.250182
0.935597
0.793201
0.713075
0.935597
0.891273
0.795913
0.183833
0.371333
0.635244
0.306500
0.690166
0.635244
0.779856
0.704484
0.394742
0.483494
0.218844
0.098985
0.681504
0.382926
0.958545
0.874110
0.426518
0.009016
0.566341
0.594827
0.275424
0.275424
0.589144
0.603471
0.779856
0.867378
0.199280
0.079397
0.031348
0.916674
0.329292
0.758020
0.333520
0.192150
0.518727
0.540922
0.841556
0.371333
0.971109
0.744157
0.032199
0.913005
0.066084
0.153566
0.735726
0.260793
0.124654
0.159490
0.612135
0.721628
0.540922
0.112510
0.829282
0.322949
0.884948
0.491556
0.177160
0.681504
0.104694
0.057717
0.072465
0.884948
0.491556
0.124654
0.028409
0.228410
0.406779
0.306500
0.681504
0.787927
0.333520
0.290658
0.901408
0.793201
0.513281
0.855893
0.543791
0.735726
0.264363
0.141156
0.441715
0.891273
0.192150
0.649688
0.014985
0.981075
0.848789
0.375911
0.255445
0.758020
0.269851
0.441715
0.626544
0.571972
0.566341
0.867378
0.300471
0.011425
0.088340
0.483494
0.808960
0.998868
0.821730
0.527033
0.014571
0.241635
0.695863
0.771705
0.597771
0.077446
0.779856
0.978604
0.774492
0.713075
0.758020
0.681504
0.907293
0.543791
0.816691
0.836720
0.096609
0.173237
0.429087
0.521553
0.935597
0.475494
0.290658
0.124654
0.603471
0.749684
0.086192
0.787927
0.294528
0.294528
0.978604
0.045761
0.867378
0.218844
0.907293
0.163153
0.907293
0.962240
0.061772
0.390021
0.382926
0.340005
0.183833
0.103042
0.127623
0.449423
0.375911
0.215763
0.029186
0.333520
0.867378
0.211153
0.483494
0.758020
0.557828
0.429087
0.429087
0.713075
0.667094
0.535389
0.947760
0.986757
0.513281
0.735726
0.470257
0.774492
0.617854
0.421575
0.211153
0.414138
0.281082
0.978604
0.023508
0.540922
0.103042
0.566341
0.922090
0.787927
0.340005
0.475494
0.922090
0.513281
0.690166
0.275424
0.620815
0.258960
0.795913
0.744157
0.135818
0.211153
0.535389
0.597771
0.758020
0.260793
0.446787
0.316692
0.549354
0.032199
0.594827
0.549354
0.007032
0.371333
0.543791
0.130653
0.947760
0.163153
0.327120
0.013909
0.535389
0.496903
0.787927
0.241635
0.704484
0.620815
0.340005
0.279144
0.855893
0.322949
0.042685
0.264363
0.441715
0.246759
0.626544
0.041578
0.690166
0.077446
0.368979
0.681504
0.255445
0.808960
0.513281
0.103042
0.771705
0.421575
0.612135
0.015845
0.998868
0.038764
0.535389
0.566341
