0.357661
0.007168
0.758020
0.014985
0.020320
0.441715
0.401971
0.848789
0.322949
0.421575
0.173237
0.907293
0.505064
0.704484
0.019230
0.997586
0.434080
0.681504
0.836720
0.603471
0.441715
0.704484
0.829282
0.603471
0.441715
0.015845
0.787927
0.028409
0.612135
0.874110
0.147829
0.704484
0.048208
0.922090
0.483494
0.589144
0.057717
0.470257
0.891273
0.223587
0.752533
0.429087
0.779856
0.549354
0.346575
0.266225
0.801128
0.051648
0.880693
0.571972
0.649688
0.037099
0.513281
0.306500
0.571972
0.107244
0.144460
0.082732
0.718717
0.117048
0.215763
0.735726
0.003193
0.535389
0.612135
0.735726
0.000718
0.375911
0.984769
0.829282
0.557828
0.114294
0.294528
0.907293
0.203680
0.163153
0.787927
0.375911
0.094284
0.035180
0.153566
0.766291
0.527033
0.364456
0.735726
0.758020
0.228410
0.978604
0.566341
0.958545
0.704484
0.067775
0.119859
0.841556
0.141156
0.496903
0.695863
0.612135
0.951979
0.050328
0.922090
0.462365
0.077446
0.681504
0.281082
0.535389
0.787927
0.163153
0.635244
0.594827
0.499678
0.127623
0.991213
0.527033
0.467559
0.643949
0.698805
0.658394
0.312615
0.094284
0.037099
0.672823
0.603471
0.255445
0.690166
0.951979
0.766291
0.713075
0.025274
0.922090
0.218844
0.589144
0.406779
0.462365
0.275424
0.922090
0.119859
0.667094
0.821730
0.821730
0.250182
0.907293
0.300471
0.041578
0.475494
0.681504
0.884948
0.643949
0.434080
0.766291
0.557828
0.535389
0.891273
0.841556
0.264363
0.749684
0.589144
0.704484
0.603471
0.103042
0.867378
0.901408
0.962240
0.552238
0.927324
0.758020
0.916674
0.241635
0.075538
0.557828
0.105557
0.766291
0.566341
0.368979
0.557828
0.135818
0.620815
0.020130
0.626544
0.387593
0.026438
0.104694
0.499678
0.357661
0.603471
0.025731
0.658394
0.040864
0.127623
0.749684
0.922090
0.829282
0.787927
0.061772
0.713075
0.557828
0.580543
0.284858
0.951979
0.357661
0.891273
0.749684
0.316692
0.421575
0.122729
0.571972
0.529876
0.995551
0.357661
0.704484
0.935597
0.540922
0.100580
0.649688
0.260793
0.296545
0.667094
0.310521
0.907293
0.991213
0.951979
0.681504
0.040864
0.603471
0.672823
0.913005
0.735726
0.758020
0.681504
0.040864
0.119859
0.340005
0.153566
0.566341
0.962240
0.375911
0.962240
0.505064
0.462365
0.290658
0.594827
0.052535
0.927324
0.552238
0.250182
0.971109
0.574890
0.357661
0.018368
0.067775
0.571972
0.535389
0.735726
0.098985
0.801128
0.787927
0.704484
0.505064
0.704484
0.491556
0.704484
0.681504
0.597771
0.513281
0.771705
0.241635
0.028409
0.643949
0.223587
0.667094
0.758020
0.658394
0.735726
0.821730
0.275424
0.695863
0.867378
0.406779
0.255445
0.922090
0.043818
0.667094
0.284858
0.218844
0.177160
0.681504
0.223587
0.735726
0.203680
0.635244
0.927324
0.003926
0.681504
0.589144
0.426518
0.346575
0.643949
0.744157
0.032771
0.667094
0.394742
0.194957
0.649688
0.215763
0.505064
0.962240
0.004372
0.346575
0.346575
0.135818
0.808960
0.045761
0.758020
0.916674
0.891273
0.874110
0.094284
0.901408
0.557828
0.927324
0.874110
0.589144
0.269851
0.046970
0.449423
0.275424
0.848789
0.441715
0.346575
0.401971
0.922090
0.913005
0.766291
0.421575
0.104694
0.470257
0.401971
0.758020
0.203680
0.264363
0.042685
0.364456
0.735726
0.672823
0.223587
0.264363
0.735726
0.163153
0.028409
0.984769
0.215763
0.721628
0.163153
0.179787
0.316692
0.758020
0.236593
0.787927
0.880693
0.841556
0.117048
0.105557
0.981075
0.848789
0.132684
0.935597
0.935597
0.735726
0.066084
0.429087
0.922090
0.002020
0.635244
0.072465
0.163153
0.543791
0.357661
0.855893
0.441715
0.727244
0.187953
0.612135
0.658394
0.821730
0.962240
0.496903
0.829282
0.183833
0.848789
0.290658
0.236593
0.690166
0.907293
0.021859
0.801128
0.907293
0.848789
0.255445
0.255445
0.483494
0.681504
0.121744
0.649688
0.382926
0.096609
0.891273
0.978604
0.727244
0.704484
0.446787
0.387593
0.951979
0.884948
0.940331
0.927324
0.580543
0.518727
0.322949
0.327120
0.357661
0.290658
0.199280
0.535389
0.735726
0.505064
0.971109
0.215763
0.375911
0.475494
0.704484
0.462365
0.589144
0.080707
0.841556
0.231634
0.206623
0.658394
0.808960
0.744157
0.505064
0.109849
0.135818
0.025274
0.727244
0.080707
0.935597
0.535389
0.375911
0.907293
0.535389
0.260793
0.557828
0.012317
0.462365
0.499678
0.246759
0.527033
0.947760
0.346575
0.667094
0.649688
0.612135
0.594827
0.649688
0.935597
0.735726
0.414138
0.107244
0.340005
0.727244
0.779856
0.735726
0.044980
0.122729
0.333520
0.543791
0.406779
0.649688
0.022875
0.821730
0.103042
0.483494
0.011425
0.984769
0.749684
0.808960
0.935597
0.927324
0.025970
0.535389
0.758020
0.935597
0.387593
0.022466
0.535389
0.457201
0.681504
0.236593
0.549354
0.401971
0.255445
0.231634
0.157114
0.535389
0.310521
0.139014
0.727244
0.994555
0.947760
0.527033
0.105557
0.801128
0.483494
0.580543
0.206623
0.801128
0.749684
0.594827
0.766291
0.401971
0.322949
0.275424
0.387593
0.340005
0.269851
0.580543
0.735726
0.220452
0.779856
0.114294
0.046554
0.018368
0.441715
0.181158
0.543791
0.082732
0.344325
0.008436
0.891273
0.635244
0.084803
0.884948
0.306500
0.658394
0.891273
0.294528
0.421575
0.891273
0.612135
0.816691
0.470257
0.891273
0.793201
0.713075
0.316692
0.499678
0.930673
0.695863
0.779856
0.414138
0.935597
0.096609
0.557828
0.023935
0.414138
0.449423
0.092008
0.088340
0.635244
0.557828
0.505064
0.077446
0.667094
0.635244
0.177160
0.387593
