0.203680
0.401971
0.409279
0.255445
0.884948
0.543791
0.704484
0.658394
0.170690
0.667094
0.228410
0.496903
0.088340
0.589144
0.640981
0.103042
0.540922
0.387593
0.771705
0.580543
0.049040
0.667094
0.426518
0.527033
0.098170
0.215763
0.867378
0.543791
0.927324
0.557828
0.375911
0.735726
0.971109
0.793201
0.483494
0.535389
0.409279
0.907293
0.024596
0.901408
0.922090
0.652656
0.215763
0.215763
0.380525
0.667094
0.394742
0.971109
0.467559
0.749684
0.074303
0.867378
0.566341
0.649688
0.505064
0.094284
0.821730
0.566341
0.368979
0.867378
0.787927
0.766291
0.166886
0.187953
0.350951
0.808960
0.527033
0.874110
0.891273
0.157114
0.527033
0.421575
0.907293
0.454542
0.499678
0.848789
0.057717
0.721628
0.284858
0.626544
0.127623
0.829282
0.758020
0.491556
0.518727
0.771705
0.056256
0.713075
0.758020
0.513281
0.139014
0.927324
0.039801
0.947760
0.005578
0.434080
0.855893
0.951979
0.901408
0.070668
0.589144
0.758020
0.690166
0.478214
0.867378
0.535389
0.166886
0.971109
0.414138
0.549354
0.513281
0.211153
0.055312
0.513281
0.022875
0.635244
0.513281
0.841556
0.096609
0.008847
0.947760
0.649688
0.250182
0.322949
0.505064
0.090535
0.513281
0.357661
0.135818
0.787927
0.635244
0.401971
0.816691
0.072465
0.589144
0.322949
0.275424
0.098170
0.635244
0.901408
0.281082
0.951979
0.744157
0.860501
0.215763
0.454542
0.779856
0.649688
0.913005
0.935597
0.045761
0.907293
0.470257
0.704484
0.947760
0.001246
0.793201
0.228410
0.199280
0.491556
0.672823
0.821730
0.340005
0.758020
0.364456
0.816691
0.199280
0.206623
0.841556
0.901408
0.375911
0.643949
0.795913
0.241635
0.535389
0.353229
0.643949
0.713075
0.658394
0.401971
0.470257
0.018368
0.346575
0.557828
0.246759
0.088340
0.375911
0.603471
0.181158
0.483494
0.284858
0.132684
0.429087
0.947760
0.322949
0.829282
0.449423
0.127623
0.922090
0.170690
0.535389
0.848789
0.793201
0.658394
0.718717
0.046970
0.357661
0.867378
0.727244
0.721628
0.744157
0.735726
0.513281
0.169385
0.019768
0.543791
0.187953
0.316692
0.079397
0.922090
0.787927
0.505064
0.580543
0.163153
0.505064
0.387593
0.426518
0.891273
0.947760
0.821730
0.346575
0.649688
0.362130
0.766291
0.940331
0.203680
0.735726
0.816691
0.672823
0.848789
0.350951
0.228410
0.228410
0.004728
0.580543
0.718717
0.566341
0.891273
0.080707
0.994555
0.672823
0.346575
0.594827
0.007593
0.441715
0.157114
0.199280
0.543791
0.281082
0.566341
0.829282
0.907293
0.306500
0.421575
0.284858
0.462365
0.255445
0.002443
0.382926
0.727244
0.100580
0.612135
0.394742
0.357661
0.727244
0.496903
0.250182
0.713075
0.971109
0.030518
0.698805
0.947760
0.594827
0.735726
0.727244
0.690166
0.038094
0.922090
0.580543
0.139014
0.841556
0.801128
0.483494
0.779856
0.991213
0.816691
0.236593
0.401971
0.441715
0.758020
0.744157
0.922090
0.253642
0.462365
0.038094
0.434080
0.121744
0.304435
0.505064
0.446787
0.296545
0.557828
0.841556
0.124654
0.930673
0.218844
0.185229
0.329292
0.344325
0.580543
0.155897
0.057717
0.344325
0.758020
0.594827
0.406779
0.364456
0.036127
0.029186
0.603471
0.744157
0.589144
0.002725
0.513281
0.382926
0.527033
0.672823
0.260793
0.421575
0.735726
0.901408
0.690166
0.084803
0.194957
0.891273
0.096609
0.414138
0.053907
0.535389
0.177160
0.589144
0.041952
0.829282
0.380525
0.000018
0.829282
0.566341
0.690166
0.004868
0.855893
0.121744
0.779856
0.023508
0.749684
0.333520
0.049040
0.086919
0.874110
0.787927
0.603471
0.290658
0.901408
0.540922
0.014711
0.672823
0.996919
0.958545
0.044581
0.727244
0.907293
0.269851
0.626544
0.749684
0.749684
0.513281
0.231634
0.749684
0.003354
0.340005
0.771705
0.758020
0.050328
0.901408
0.713075
0.779856
0.626544
0.635244
0.543791
0.816691
0.441715
0.808960
0.535389
0.233315
0.749684
0.491556
0.035500
0.927324
0.394742
0.306500
0.557828
0.211153
0.557828
0.643949
0.672823
0.779856
0.382926
0.848789
0.132684
0.808960
0.090535
0.962240
0.713075
0.867378
0.727244
0.346575
0.721628
0.940331
0.779856
0.848789
0.103042
0.199280
0.649688
0.499678
0.429087
0.017063
0.039801
0.626544
0.681504
0.002863
0.681504
0.667094
0.821730
0.449423
0.421575
0.549354
0.801128
0.681504
0.643949
0.124654
0.884948
0.001922
0.223587
0.098170
0.527033
0.626544
0.704484
0.635244
0.163153
0.312615
0.986757
0.327120
0.255445
0.681504
0.462365
0.580543
0.801128
0.571972
0.860501
0.513281
0.057717
0.092778
0.401971
0.368979
0.300471
0.779856
0.340005
0.390021
0.513281
0.114294
0.848789
0.032199
0.063362
0.387593
0.566341
0.088340
0.891273
0.409279
0.103042
0.513281
0.294528
0.086919
0.260793
0.053907
0.215763
0.153566
0.350951
0.177160
0.181158
0.103042
0.409279
0.401971
0.962240
0.787927
0.513281
0.414138
0.255445
0.867378
0.557828
0.787927
0.394742
0.727244
0.211153
0.612135
0.801128
0.223587
0.279144
0.571972
0.922090
0.163153
0.974087
0.387593
0.829282
0.996919
0.475494
0.704484
0.245003
0.031348
0.529876
0.496903
0.382926
0.096609
0.496903
0.891273
0.874110
0.294528
0.045761
0.672823
0.981075
0.658394
0.540922
0.241635
0.340005
0.951979
0.159490
0.580543
0.557828
0.698805
0.649688
0.874110
0.984769
0.635244
0.612135
0.626544
0.269851
0.626544
0.394742
0.571972
0.045761
0.364456
0.275424
0.704484
0.612135
0.749684
0.350951
0.947760
0.019230
0.947760
0.421575
0.535389
0.414138
0.017063
0.801128
0.228410
0.041578
0.401971
0.681504
