0.312615
0.951979
0.758020
0.855893
0.449423
0.096609
0.281082
0.735726
0.401971
0.704484
0.907293
0.288671
0.848789
0.848789
0.841556
0.000187
0.371333
0.855893
0.994555
0.940331
0.704484
0.735726
0.603471
0.787927
0.649688
0.749684
0.891273
0.793201
0.322949
0.421575
0.157114
0.891273
0.535389
0.521553
0.951979
0.626544
0.169385
0.848789
0.350951
0.940331
0.727244
0.409279
0.535389
0.620815
0.462365
0.250182
0.749684
0.991213
0.475494
0.290658
0.029186
0.333520
0.690166
0.436675
0.000641
0.808960
0.322949
0.255445
0.260793
0.549354
0.589144
0.848789
0.434080
0.357661
0.218844
0.735726
0.841556
0.758020
0.996919
0.132684
0.037099
0.649688
0.029982
0.046970
0.951979
0.483494
0.496903
0.658394
0.057717
0.652656
0.580543
0.951979
0.316692
0.935597
0.105557
0.571972
0.535389
0.441715
0.483494
0.808960
0.771705
0.690166
0.758020
0.021268
0.072465
0.787927
0.580543
0.169385
0.421575
0.543791
0.144460
0.084803
0.787927
0.069506
0.478214
0.874110
0.713075
0.462365
0.144460
0.163153
0.521553
0.187953
0.540922
0.640981
0.543791
0.829282
0.059212
0.672823
0.001271
0.965738
0.681504
0.916674
0.981075
0.981075
0.177160
0.470257
0.549354
0.672823
0.446787
0.071848
0.215763
0.284858
0.672823
0.002950
0.169385
0.681504
0.013276
0.836720
0.166886
0.704484
0.513281
0.589144
0.626544
0.713075
0.100580
0.192150
0.483494
0.884948
0.003738
0.940331
0.010009
0.163153
0.947760
0.935597
0.269851
0.727244
0.787927
0.704484
0.571972
0.787927
0.362130
0.535389
0.643949
0.713075
0.255445
0.340005
0.449423
0.290658
0.350951
0.855893
0.169385
0.050328
0.284858
0.681504
0.981075
0.462365
0.153566
0.597771
0.922090
0.067775
0.821730
0.491556
0.535389
0.159490
0.829282
0.829282
0.401971
0.105557
0.300471
0.986757
0.255445
0.658394
0.005687
0.518727
0.535389
0.744157
0.841556
0.467559
0.505064
0.821730
0.173237
0.166886
0.521553
0.166886
0.513281
0.907293
0.795913
0.223587
0.884948
0.505064
0.907293
0.132684
0.580543
0.821730
0.036127
0.901408
0.454542
0.727244
0.260793
0.206623
0.406779
0.030798
0.022875
0.470257
0.414138
0.346575
0.086192
0.357661
0.233315
0.236593
0.390021
0.470257
0.749684
0.421575
0.940331
0.220452
0.829282
0.368979
0.296545
0.821730
0.022258
0.203680
0.082732
0.434080
0.603471
0.981075
0.478214
0.874110
0.867378
0.290658
0.958545
0.350951
0.658394
0.007378
0.139014
0.727244
0.038764
0.829282
0.179787
0.233315
0.643949
0.829282
0.211153
0.922090
0.505064
0.821730
0.233315
0.658394
0.088340
0.527033
0.713075
0.382926
0.066084
0.971109
0.758020
0.329292
0.695863
0.003850
0.483494
0.848789
0.011974
0.462365
0.187953
0.681504
0.060743
0.255445
0.626544
0.643949
0.758020
0.470257
0.984769
0.382926
0.035500
0.848789
0.496903
0.462365
0.147829
0.947760
0.735726
0.951979
0.009277
0.333520
0.084803
0.387593
0.316692
0.063362
0.566341
0.483494
0.496903
0.620815
0.350951
0.250182
0.867378
0.449423
0.079397
0.429087
0.218844
0.874110
0.151265
0.075538
0.612135
0.316692
0.713075
0.215763
0.163153
0.072465
0.690166
0.025274
0.020886
0.284858
0.594827
0.044581
0.018706
0.681504
0.137917
0.891273
0.935597
0.891273
0.695863
0.098985
0.003354
0.017063
0.350951
0.649688
0.346575
0.346575
0.368979
0.505064
0.177160
0.727244
0.874110
0.981075
0.891273
0.698805
0.922090
0.681504
0.228410
0.080707
0.927324
0.350951
0.744157
0.449423
0.040864
0.801128
0.133745
0.260793
0.891273
0.183833
0.027164
0.935597
0.401971
0.273514
0.340005
0.496903
0.557828
0.626544
0.658394
0.808960
0.483494
0.758020
0.635244
0.206623
0.070668
0.962240
0.061772
0.357661
0.690166
0.421575
0.179787
0.082732
0.704484
0.421575
0.284858
0.340005
0.183833
0.214182
0.357661
0.947760
0.316692
0.907293
0.922090
0.051194
0.421575
0.589144
0.166886
0.371333
0.483494
0.329292
0.626544
0.260793
0.589144
0.984769
0.382926
0.344325
0.841556
0.233315
0.991213
0.049040
0.177160
0.829282
0.228410
0.643949
0.275424
0.333520
0.947760
0.310521
0.704484
0.635244
0.771705
0.951979
0.713075
0.735726
0.603471
0.294528
0.735726
0.821730
0.353229
0.749684
0.269851
0.874110
0.114294
0.187953
0.421575
0.947760
0.658394
0.462365
0.612135
0.142275
0.114294
0.787927
0.947760
0.635244
0.206623
0.617854
0.414138
0.390021
0.104694
0.951979
0.362130
0.713075
0.088340
0.704484
0.836720
0.264363
0.421575
0.357661
0.527033
0.635244
0.901408
0.672823
0.841556
0.350951
0.779856
0.053907
0.082732
0.620815
0.284858
0.527033
0.322949
0.704484
0.713075
0.667094
0.454542
0.540922
0.409279
0.454542
0.557828
0.211153
0.643949
0.907293
0.255445
0.104694
0.279144
0.454542
0.211153
0.801128
0.808960
0.971109
0.907293
0.329292
0.816691
0.658394
0.368979
0.491556
0.652656
0.499678
0.580543
0.649688
0.007032
0.042685
0.793201
0.082732
0.269851
0.557828
0.808960
0.658394
0.214182
0.922090
0.721628
0.855893
0.141156
0.594827
0.690166
0.454542
0.264363
0.401971
0.007032
0.002645
0.749684
0.223587
0.269851
0.414138
0.127623
0.527033
0.088340
0.382926
0.246759
0.250182
0.037099
0.884948
0.962240
0.475494
0.269851
0.962240
0.727244
0.821730
0.414138
0.940331
0.364456
0.860501
0.329292
0.971109
0.132684
0.829282
0.269851
0.382926
0.166886
0.491556
0.454542
0.713075
0.387593
0.211153
0.557828
0.491556
0.681504
0.132684
0.612135
0.713075
0.940331
0.816691
0.566341
0.801128
0.449423
0.406779
0.848789
0.179787
