0.801128
0.401971
0.409279
0.294528
0.153566
0.375911
0.690166
0.070668
0.695863
0.375911
0.891273
0.241635
0.727244
0.566341
0.141156
0.241635
0.505064
0.766291
0.382926
0.483494
0.470257
0.727244
0.513281
0.589144
0.927324
0.907293
0.129613
0.658394
0.434080
0.228410
0.891273
0.787927
0.194957
0.690166
0.521553
0.649688
0.462365
0.635244
0.527033
0.713075
0.821730
0.394742
0.166886
0.231634
0.841556
0.300471
0.086192
0.704484
0.603471
0.031348
0.971109
0.940331
0.594827
0.107244
0.003559
0.907293
0.401971
0.922090
0.958545
0.816691
0.635244
0.667094
0.855893
0.907293
0.211153
0.080707
0.496903
0.735726
0.350951
0.735726
0.132684
0.434080
0.603471
0.340005
0.223587
0.690166
0.401971
0.177160
0.483494
0.557828
0.505064
0.505064
0.380525
0.612135
0.891273
0.409279
0.454542
0.758020
0.690166
0.153566
0.758020
0.996919
0.505064
0.401971
0.483494
0.727244
0.695863
0.050328
0.901408
0.951979
0.414138
0.499678
0.421575
0.549354
0.401971
0.429087
0.771705
0.036127
0.535389
0.107244
0.414138
0.187953
0.521553
0.250182
0.124654
0.223587
0.329292
0.787927
0.011974
0.036456
0.505064
0.250182
0.199280
0.967937
0.483494
0.275424
0.024596
0.329292
0.199280
0.667094
0.296545
0.211153
0.829282
0.316692
0.199280
0.727244
0.112510
0.626544
0.841556
0.821730
0.387593
0.478214
0.612135
0.658394
0.322949
0.306500
0.758020
0.713075
0.043818
0.521553
0.141156
0.658394
0.241635
0.072465
0.513281
0.401971
0.589144
0.829282
0.279144
0.157114
0.306500
0.203680
0.626544
0.535389
0.779856
0.557828
0.132684
0.316692
0.690166
0.183833
0.037099
0.060217
0.801128
0.194957
0.414138
0.907293
0.571972
0.855893
0.667094
0.801128
0.549354
0.329292
0.382926
0.449423
0.233315
0.316692
0.100580
0.779856
0.907293
0.449423
0.984769
0.043818
0.535389
0.612135
0.991213
0.513281
0.177160
0.718717
0.867378
0.401971
0.038094
0.749684
0.787927
0.513281
0.758020
0.401971
0.157114
0.105557
0.421575
0.382926
0.001865
0.300471
0.177160
0.727244
0.387593
0.971109
0.793201
0.681504
0.157114
0.409279
0.505064
0.368979
0.626544
0.749684
0.228410
0.626544
0.935597
0.421575
0.183833
0.947760
0.580543
0.855893
0.557828
0.884948
0.535389
0.695863
0.462365
0.421575
0.364456
0.801128
0.228410
0.971109
0.462365
0.236593
0.421575
0.557828
0.027908
0.290658
0.612135
0.318816
0.199280
0.867378
0.022875
0.072465
0.620815
0.549354
0.275424
0.626544
0.681504
0.848789
0.643949
0.063362
0.735726
0.269851
0.766291
0.891273
0.414138
0.199280
0.387593
0.111596
0.713075
0.462365
0.779856
0.821730
0.513281
0.401971
0.483494
0.394742
0.787927
0.891273
0.962240
0.077446
0.643949
0.907293
0.057717
0.978604
0.672823
0.441715
0.052535
0.478214
0.394742
0.884948
0.103042
0.758020
0.266225
0.250182
0.401971
0.643949
0.951979
0.735726
0.063362
0.793201
0.434080
0.078727
0.056256
0.643949
0.935597
0.984769
0.429087
0.109849
0.194957
0.483494
0.758020
0.518727
0.787927
0.475494
0.057717
0.173237
0.989675
0.620815
0.978604
0.643949
0.264363
0.462365
0.375911
0.841556
0.690166
0.190711
0.557828
0.718717
0.027164
0.462365
0.019768
0.580543
0.496903
0.766291
0.848789
0.316692
0.612135
0.132684
0.836720
0.795913
0.897436
0.316692
0.241635
0.681504
0.505064
0.192150
0.589144
0.045761
0.483494
0.589144
0.513281
0.401971
0.364456
0.779856
0.947760
0.368979
0.974087
0.124654
0.192150
0.874110
0.649688
0.603471
0.821730
0.940331
0.965738
0.543791
0.491556
0.183833
0.907293
0.346575
0.557828
0.848789
0.100580
0.793201
0.109849
0.312615
0.310521
0.387593
0.401971
0.860501
0.658394
0.028409
0.394742
0.103042
0.357661
0.967937
0.935597
0.279144
0.721628
0.855893
0.935597
0.681504
0.153566
0.421575
0.749684
0.322949
0.962240
0.658394
0.617854
0.884948
0.597771
0.329292
0.821730
0.449423
0.779856
0.635244
0.557828
0.441715
0.470257
0.206623
0.535389
0.199280
0.652656
0.329292
0.713075
0.050328
0.884948
0.077446
0.801128
0.744157
0.727244
0.264363
0.962240
0.735726
0.951979
0.884948
0.557828
0.535389
0.667094
0.808960
0.749684
0.901408
0.643949
0.603471
0.996919
0.206623
0.147829
0.135818
0.202171
0.215763
0.935597
0.667094
0.306500
0.454542
0.340005
0.329292
0.209600
0.344325
0.096609
0.375911
0.449423
0.024596
0.241635
0.521553
0.513281
0.513281
0.454542
0.147829
0.884948
0.758020
0.841556
0.675784
0.007168
0.704484
0.290658
0.540922
0.620815
0.016595
0.891273
0.300471
0.658394
0.951979
0.050328
0.228410
0.000872
0.194957
0.380525
0.513281
0.368979
0.855893
0.294528
0.429087
0.496903
0.935597
0.033659
0.275424
0.441715
0.000001
0.107244
0.300471
0.808960
0.211153
0.470257
0.836720
0.057717
0.521553
0.635244
0.771705
0.084803
0.821730
0.316692
0.446787
0.429087
0.620815
0.304435
0.129613
0.228410
0.658394
0.749684
0.382926
0.157114
0.808960
0.013276
0.346575
0.527033
0.735726
0.513281
0.713075
0.269851
0.922090
0.387593
0.994555
0.603471
0.829282
0.821730
0.173237
0.735726
0.766291
0.380525
0.779856
0.672823
0.264363
0.612135
0.364456
0.681504
0.713075
0.011106
0.340005
0.566341
0.935597
0.667094
0.496903
0.034568
0.069506
0.441715
0.284858
0.986757
0.801128
0.549354
0.626544
0.357661
0.916674
0.236593
0.375911
0.001284
0.072465
0.658394
0.626544
0.203680
0.135818
0.150086
0.000043
0.535389
0.434080
0.429087
0.080707
0.996919
0.874110
0.055312
0.141156
0.787927
0.103042
0.496903
0.713075
