0.350951
0.848789
0.275424
0.505064
0.603471
0.505064
0.127623
0.735726
0.635244
0.635244
0.626544
0.098170
0.340005
0.426518
0.218844
0.426518
0.371333
0.421575
0.907293
0.037099
0.483494
0.713075
0.306500
0.223587
0.401971
0.690166
0.971109
0.070668
0.390021
0.821730
0.681504
0.513281
0.916674
0.535389
0.098170
0.690166
0.947760
0.971109
0.771705
0.580543
0.241635
0.401971
0.382926
0.426518
0.735726
0.727244
0.841556
0.014985
0.951979
0.829282
0.357661
0.112510
0.090535
0.483494
0.681504
0.626544
0.612135
0.940331
0.032199
0.357661
0.580543
0.635244
0.758020
0.749684
0.449423
0.758020
0.779856
0.749684
0.971109
0.667094
0.971109
0.034568
0.672823
0.891273
0.333520
0.357661
0.891273
0.779856
0.580543
0.695863
0.841556
0.848789
0.771705
0.658394
0.704484
0.380525
0.518727
0.543791
0.023508
0.855893
0.441715
0.994555
0.841556
0.300471
0.907293
0.416665
0.394742
0.127623
0.841556
0.211153
0.649688
0.255445
0.566341
0.327120
0.571972
0.704484
0.635244
0.179787
0.241635
0.290658
0.020692
0.475494
0.163153
0.177160
0.940331
0.589144
0.658394
0.612135
0.571972
0.907293
0.327120
0.449423
0.300471
0.594827
0.382926
0.470257
0.735726
0.867378
0.640981
0.704484
0.816691
0.483494
0.163153
0.187953
0.357661
0.316692
0.267971
0.829282
0.380525
0.552238
0.038764
0.787927
0.066084
0.704484
0.574890
0.070668
0.681504
0.617854
0.884948
0.658394
0.245003
0.316692
0.003559
0.571972
0.557828
0.597771
0.841556
0.300471
0.727244
0.771705
0.333520
0.027908
0.073672
0.119859
0.704484
0.580543
0.052535
0.951979
0.935597
0.470257
0.053907
0.897436
0.046970
0.801128
0.801128
0.150086
0.002725
0.320806
0.236593
0.018883
0.340005
0.635244
0.922090
0.681504
0.117048
0.986757
0.681504
0.735726
0.357661
0.951979
0.727244
0.346575
0.704484
0.161896
0.236593
0.667094
0.956001
0.981075
0.375911
0.867378
0.543791
0.808960
0.996919
0.192150
0.070668
0.535389
0.718717
0.316692
0.306500
0.211153
0.119859
0.867378
0.434080
0.236593
0.779856
0.127623
0.681504
0.958545
0.199280
0.612135
0.787927
0.658394
0.505064
0.557828
0.067775
0.072465
0.141156
0.449423
0.375911
0.935597
0.978604
0.749684
0.643949
0.312615
0.557828
0.284858
0.483494
0.000976
0.119859
0.860501
0.223587
0.594827
0.306500
0.072465
0.333520
0.001865
0.681504
0.860501
0.867378
0.727244
0.401971
0.211153
0.470257
0.275424
0.878466
0.139014
0.513281
0.672823
0.907293
0.421575
0.681504
0.808960
0.947760
0.841556
0.187953
0.735726
0.092008
0.922090
0.075538
0.357661
0.409279
0.557828
0.269851
0.406779
0.801128
0.527033
0.658394
0.220452
0.658394
0.316692
0.094284
0.215763
0.491556
0.521553
0.713075
0.801128
0.713075
0.215763
0.549354
0.070668
0.787927
0.153566
0.557828
0.499678
0.735726
0.375911
0.907293
0.718717
0.907293
0.848789
0.681504
0.612135
0.626544
0.901408
0.284858
0.735726
0.643949
0.649688
0.218844
0.681504
0.279144
0.441715
0.364456
0.841556
0.758020
0.649688
0.527033
0.935597
0.704484
0.713075
0.867378
0.635244
0.096609
0.984769
0.505064
0.935597
0.088340
0.194957
0.380525
0.306500
0.159490
0.513281
0.333520
0.808960
0.940331
0.566341
0.675784
0.102197
0.441715
0.907293
0.874110
0.340005
0.329292
0.228410
0.704484
0.749684
0.096609
0.483494
0.901408
0.203680
0.667094
0.935597
0.808960
0.394742
0.483494
0.867378
0.860501
0.681504
0.867378
0.199280
0.727244
0.681504
0.310521
0.557828
0.836720
0.513281
0.092778
0.713075
0.962240
0.273514
0.483494
0.401971
0.364456
0.401971
0.470257
0.829282
0.409279
0.821730
0.766291
0.470257
0.527033
0.144460
0.273514
0.157114
0.695863
0.236593
0.306500
0.241635
0.935597
0.012907
0.496903
0.441715
0.821730
0.057717
0.340005
0.801128
0.094284
0.758020
0.409279
0.704484
0.241635
0.067775
0.401971
0.109849
0.675784
0.329292
0.192150
0.284858
0.907293
0.429087
0.187953
0.364456
0.290658
0.821730
0.375911
0.612135
0.505064
0.165605
0.310521
0.228410
0.135818
0.874110
0.991213
0.004591
0.667094
0.916674
0.135818
0.540922
0.150086
0.038764
0.667094
0.406779
0.380525
0.974087
0.874110
0.513281
0.203680
0.505064
0.364456
0.713075
0.836720
0.967937
0.401971
0.236593
0.098170
0.672823
0.070668
0.922090
0.114294
0.891273
0.571972
0.279144
0.771705
0.947760
0.051194
0.626544
0.375911
0.010298
0.884948
0.829282
0.390021
0.228410
0.211153
0.922090
0.690166
0.535389
0.704484
0.594827
0.364456
0.649688
0.690166
0.766291
0.766291
0.491556
0.421575
0.462365
0.187953
0.483494
0.829282
0.713075
0.513281
0.147829
0.008597
0.017063
0.891273
0.306500
0.620815
0.801128
0.867378
0.571972
0.153566
0.940331
0.860501
0.462365
0.808960
0.421575
0.779856
0.626544
0.064431
0.571972
0.535389
0.421575
0.867378
0.821730
0.346575
0.364456
0.749684
0.048208
0.962240
0.409279
0.264363
0.801128
0.055312
0.808960
0.947760
0.109849
0.855893
0.039801
0.371333
0.084092
0.704484
0.801128
0.867378
0.394742
0.667094
0.037099
0.434080
0.727244
0.749684
0.357661
0.058699
0.727244
0.300471
0.978604
0.787927
0.704484
0.449423
0.978604
0.478214
0.940331
0.258960
0.935597
0.658394
0.774492
0.454542
0.907293
0.426518
0.429087
0.986757
0.907293
0.958545
0.067775
0.808960
0.643949
0.735726
0.157114
0.340005
0.003289
0.667094
0.009016
0.907293
0.801128
0.429087
0.981075
0.475494
0.401971
0.891273
0.793201
0.808960
0.505064
0.119859
0.867378
0.649688
0.603471
0.067775
0.144460
