0.571972
0.421575
0.603471
0.814067
0.901408
0.649688
0.801128
0.916674
0.848789
0.199280
0.589144
0.357661
0.203680
0.580543
0.112510
0.995551
0.041578
0.704484
0.187953
0.394742
0.462365
0.499678
0.157114
0.096609
0.441715
0.620815
0.535389
0.441715
0.513281
0.160731
0.727244
0.132684
0.727244
0.183833
0.382926
0.434080
0.779856
0.002255
0.025731
0.414138
0.061772
0.160731
0.580543
0.681504
0.658394
0.029186
0.727244
0.958545
0.626544
0.603471
0.245003
0.635244
0.159490
0.540922
0.157114
0.012317
0.181158
0.643949
0.350951
0.672823
0.727244
0.159490
0.771705
0.346575
0.045761
0.808960
0.897436
0.884948
0.220452
0.306500
0.264363
0.566341
0.884948
0.571972
0.779856
0.375911
0.133745
0.643949
0.491556
0.228410
0.211153
0.947760
0.382926
0.032199
0.382926
0.947760
0.808960
0.446787
0.557828
0.429087
0.327120
0.907293
0.157114
0.801128
0.704484
0.513281
0.364456
0.981075
0.829282
0.884948
0.260793
0.848789
0.364456
0.368979
0.771705
0.043818
0.312615
0.735726
0.241635
0.421575
0.991213
0.462365
0.667094
0.015845
0.766291
0.557828
0.603471
0.735726
0.039801
0.011640
0.401971
0.082732
0.153566
0.690166
0.916674
0.855893
0.821730
0.704484
0.290658
0.758020
0.535389
0.061772
0.947760
0.626544
0.074303
0.721628
0.031348
0.695863
0.991213
0.513281
0.995551
0.183833
0.978604
0.543791
0.681504
0.290658
0.735726
0.491556
0.612135
0.112510
0.441715
0.994555
0.025970
0.766291
0.264363
0.566341
0.672823
0.483494
0.322949
0.491556
0.758020
0.223587
0.991213
0.454542
0.462365
0.766291
0.626544
0.816691
0.051194
0.096609
0.434080
0.322949
0.051648
0.375911
0.124654
0.300471
0.771705
0.535389
0.566341
0.829282
0.072465
0.571972
0.635244
0.643949
0.027908
0.940331
0.927324
0.884948
0.371333
0.499678
0.434080
0.891273
0.947760
0.088340
0.848789
0.594827
0.566341
0.079397
0.470257
0.713075
0.394742
0.179787
0.884948
0.013909
0.626544
0.658394
0.294528
0.779856
0.978604
0.199280
0.000294
0.649688
0.907293
0.626544
0.758020
0.000609
0.841556
0.986757
0.306500
0.513281
0.340005
0.228410
0.135818
0.109849
0.284858
0.401971
0.962240
0.927324
0.658394
0.470257
0.049040
0.144460
0.310521
0.801128
0.603471
0.704484
0.801128
0.290658
0.940331
0.082732
0.965738
0.704484
0.340005
0.127623
0.382926
0.935597
0.211153
0.086919
0.713075
0.122729
0.557828
0.241635
0.690166
0.713075
0.414138
0.695863
0.250182
0.816691
0.296545
0.173237
0.735726
0.848789
0.971109
0.375911
0.382926
0.183833
0.704484
0.075538
0.947760
0.269851
0.505064
0.695863
0.801128
0.119859
0.173237
0.499678
0.603471
0.462365
0.612135
0.713075
0.836720
0.084803
0.771705
0.454542
0.499678
0.215763
0.612135
0.088340
0.294528
0.310521
0.206623
0.704484
0.940331
0.801128
0.462365
0.667094
0.771705
0.848789
0.223587
0.749684
0.483494
0.704484
0.170690
0.626544
0.566341
0.181158
0.580543
0.787927
0.144460
0.306500
0.333520
0.364456
0.907293
0.947760
0.135818
0.505064
0.690166
0.727244
0.758020
0.491556
0.340005
0.483494
0.294528
0.735726
0.053907
0.580543
0.483494
0.557828
0.557828
0.144460
0.907293
0.649688
0.658394
0.064990
0.994555
0.022258
0.836720
0.589144
0.727244
0.306500
0.322949
0.177160
0.901408
0.306500
0.409279
0.801128
0.667094
0.066084
0.401971
0.612135
0.658394
0.109849
0.124654
0.063362
0.758020
0.290658
0.300471
0.535389
0.310521
0.549354
0.589144
0.971109
0.006144
0.115226
0.132684
0.829282
0.603471
0.414138
0.749684
0.266225
0.019768
0.203680
0.177160
0.891273
0.491556
0.454542
0.220452
0.483494
0.199280
0.231634
0.672823
0.281082
0.478214
0.284858
0.088340
0.597771
0.594827
0.658394
0.672823
0.862861
0.294528
0.801128
0.333520
0.364456
0.649688
0.038764
0.626544
0.296545
0.153566
0.947760
0.978604
0.658394
0.940331
0.187953
0.962240
0.603471
0.163153
0.088340
0.266225
0.159490
0.787927
0.153566
0.333520
0.735726
0.594827
0.808960
0.535389
0.387593
0.704484
0.580543
0.183833
0.672823
0.306500
0.658394
0.681504
0.513281
0.779856
0.867378
0.346575
0.306500
0.566341
0.998868
0.808960
0.340005
0.779856
0.306500
0.401971
0.922090
0.658394
0.233315
0.031348
0.179787
0.603471
0.478214
0.375911
0.643949
0.371333
0.011106
0.643949
0.913005
0.672823
0.801128
0.141156
0.962240
0.986757
0.357661
0.860501
0.124654
0.046970
0.971109
0.194957
0.260793
0.580543
0.429087
0.643949
0.891273
0.181158
0.913005
0.884948
0.518727
0.749684
0.566341
0.986757
0.462365
0.566341
0.401971
0.727244
0.643949
0.891273
0.681504
0.620815
0.557828
0.758020
0.441715
0.649688
0.004868
0.316692
0.513281
0.117048
0.571972
0.518727
0.935597
0.491556
0.635244
0.779856
0.426518
0.821730
0.434080
0.779856
0.236593
0.462365
0.704484
0.571972
0.758020
0.930673
0.626544
0.290658
0.841556
0.075538
0.947760
0.031348
0.612135
0.096609
0.580543
0.470257
0.414138
0.449423
0.454542
0.086192
0.635244
0.735726
0.470257
0.483494
0.177160
0.649688
0.922090
0.874110
0.543791
0.704484
0.380525
0.382926
0.012317
0.965738
0.035500
0.421575
0.306500
0.245003
0.483494
0.557828
0.860501
0.181158
0.935597
0.690166
0.718717
0.940331
0.841556
0.758020
0.098985
0.816691
0.215763
0.269851
0.721628
0.079397
0.375911
0.658394
0.478214
0.159490
0.907293
0.310521
0.721628
0.681504
0.250182
0.269851
0.284858
0.119859
0.024596
0.020320
0.787927
0.199280
0.199280
0.855893
0.643949
0.344325
0.449423
0.414138
0.557828
