0.801128
0.704484
0.496903
0.206623
0.907293
0.233315
0.284858
0.441715
0.038094
0.704484
0.316692
0.704484
0.505064
0.681504
0.801128
0.394742
0.787927
0.016139
0.635244
0.002255
0.907293
0.329292
0.327120
0.144460
0.470257
0.913005
0.779856
0.681504
0.801128
0.695863
0.884948
0.005687
0.429087
0.603471
0.801128
0.046970
0.749684
0.867378
0.930673
0.901408
0.836720
0.017063
0.612135
0.974087
0.808960
0.194957
0.144460
0.121744
0.114294
0.165605
0.000158
0.179787
0.279144
0.867378
0.580543
0.758020
0.947760
0.860501
0.580543
0.681504
0.901408
0.907293
0.535389
0.713075
0.521553
0.441715
0.808960
0.153566
0.855893
0.913005
0.518727
0.003850
0.382926
0.603471
0.940331
0.306500
0.867378
0.084803
0.491556
0.449423
0.891273
0.727244
0.173237
0.672823
0.801128
0.350951
0.462365
0.940331
0.695863
0.449423
0.704484
0.255445
0.092008
0.901408
0.574890
0.681504
0.049040
0.951979
0.306500
0.346575
0.220452
0.874110
0.060217
0.371333
0.727244
0.462365
0.306500
0.891273
0.002645
0.375911
0.643949
0.039801
0.848789
0.704484
0.612135
0.681504
0.891273
0.672823
0.022466
0.382926
0.288671
0.612135
0.483494
0.643949
0.109849
0.090535
0.028409
0.019768
0.316692
0.211153
0.994555
0.816691
0.124654
0.335721
0.043818
0.962240
0.721628
0.264363
0.787927
0.779856
0.891273
0.829282
0.306500
0.801128
0.080707
0.250182
0.032771
0.649688
0.580543
0.867378
0.310521
0.758020
0.874110
0.695863
0.046970
0.051648
0.346575
0.758020
0.401971
0.236593
0.284858
0.441715
0.429087
0.922090
0.357661
0.758020
0.061772
0.779856
0.310521
0.571972
0.491556
0.527033
0.150086
0.269851
0.409279
0.290658
0.927324
0.039801
0.940331
0.597771
0.690166
0.901408
0.589144
0.951979
0.005418
0.290658
0.620815
0.603471
0.183833
0.626544
0.290658
0.891273
0.103042
0.279144
0.018706
0.199280
0.626544
0.916674
0.394742
0.978604
0.690166
0.735726
0.223587
0.220452
0.947760
0.816691
0.084803
0.344325
0.179787
0.063362
0.672823
0.620815
0.589144
0.580543
0.409279
0.855893
0.947760
0.735726
0.382926
0.667094
0.300471
0.821730
0.375911
0.475494
0.704484
0.056256
0.364456
0.935597
0.649688
0.375911
0.836720
0.907293
0.681504
0.169385
0.549354
0.744157
0.744157
0.874110
0.505064
0.571972
0.329292
0.130653
0.364456
0.441715
0.978604
0.496903
0.124654
0.874110
0.801128
0.441715
0.766291
0.462365
0.907293
0.199280
0.368979
0.681504
0.215763
0.306500
0.658394
0.203680
0.580543
0.166886
0.357661
0.368979
0.441715
0.300471
0.913005
0.019768
0.513281
0.284858
0.848789
0.922090
0.658394
0.394742
0.821730
0.667094
0.589144
0.965738
0.779856
0.496903
0.084803
0.891273
0.540922
0.194957
0.566341
0.513281
0.000544
0.681504
0.260793
0.971109
0.241635
0.594827
0.513281
0.867378
0.901408
0.922090
0.721628
0.228410
0.907293
0.779856
0.891273
0.080707
0.626544
0.927324
0.132684
0.589144
0.368979
0.916674
0.543791
0.129613
0.059212
0.382926
0.727244
0.735726
0.150086
0.779856
0.891273
0.744157
0.025274
0.211153
0.409279
0.255445
0.612135
0.047782
0.821730
0.357661
0.874110
0.382926
0.483494
0.787927
0.971109
0.436675
0.566341
0.771705
0.735726
0.231634
0.795913
0.984769
0.127623
0.643949
0.513281
0.132684
0.635244
0.521553
0.264363
0.409279
0.704484
0.072465
0.801128
0.913005
0.965738
0.836720
0.991213
0.758020
0.203680
0.009546
0.394742
0.223587
0.690166
0.695863
0.169385
0.041578
0.166886
0.046970
0.215763
0.246759
0.521553
0.513281
0.236593
0.549354
0.070668
0.159490
0.841556
0.855893
0.016139
0.300471
0.704484
0.947760
0.922090
0.690166
0.603471
0.375911
0.505064
0.884948
0.064431
0.967937
0.758020
0.874110
0.916674
0.821730
0.667094
0.998868
0.034568
0.434080
0.505064
0.483494
0.008354
0.713075
0.589144
0.681504
0.626544
0.649688
0.483494
0.540922
0.690166
0.499678
0.364456
0.535389
0.855893
0.483494
0.594827
0.884948
0.698805
0.316692
0.414138
0.220452
0.275424
0.134742
0.163153
0.130653
0.483494
0.181158
0.749684
0.848789
0.947760
0.787927
0.008597
0.589144
0.449423
0.037099
0.922090
0.681504
0.364456
0.290658
0.681504
0.513281
0.284858
0.426518
0.491556
0.907293
0.543791
0.051648
0.690166
0.051648
0.801128
0.672823
0.867378
0.124654
0.013909
0.940331
0.000378
0.499678
0.434080
0.891273
0.935597
0.068911
0.557828
0.940331
0.571972
0.771705
0.073672
0.382926
0.462365
0.557828
0.612135
0.681504
0.340005
0.340005
0.774492
0.978604
0.236593
0.306500
0.470257
0.901408
0.028409
0.012317
0.441715
0.441715
0.643949
0.855893
0.098985
0.535389
0.829282
0.434080
0.255445
0.241635
0.713075
0.829282
0.364456
0.316692
0.057717
0.119859
0.793201
0.649688
0.580543
0.414138
0.322949
0.513281
0.275424
0.074303
0.867378
0.096609
0.177160
0.521553
0.951979
0.589144
0.589144
0.035180
0.698805
0.236593
0.735726
0.626544
0.620815
0.527033
0.901408
0.357661
0.727244
0.779856
0.357661
0.470257
0.589144
0.829282
0.021859
0.104694
0.055312
0.006963
0.002863
0.429087
0.758020
0.643949
0.046970
0.001588
0.848789
0.077446
0.294528
0.368979
0.284858
0.535389
0.649688
0.935597
0.787927
0.441715
0.340005
0.589144
0.848789
0.288671
0.816691
0.649688
0.589144
0.000590
0.829282
0.003289
0.329292
0.940331
0.981075
0.612135
0.357661
0.322949
0.594827
0.574890
0.483494
0.022258
0.672823
0.884948
0.322949
0.020130
0.907293
0.580543
0.150086
0.801128
0.057717
0.962240
0.260793
0.255445
0.066084
0.821730
