0.580543
0.603471
0.947760
0.589144
0.017378
0.382926
0.414138
0.940331
0.294528
0.350951
0.281082
0.513281
0.194957
0.718717
0.394742
0.129613
0.543791
0.535389
0.620815
0.787927
0.991213
0.206623
0.727244
0.981075
0.626544
0.897436
0.215763
0.787927
0.112510
0.306500
0.032199
0.698805
0.375911
0.491556
0.867378
0.735726
0.829282
0.269851
0.513281
0.441715
0.040864
0.505064
0.635244
0.735726
0.394742
0.414138
0.891273
0.766291
0.801128
0.787927
0.557828
0.848789
0.927324
0.787927
0.841556
0.704484
0.779856
0.203680
0.183833
0.603471
0.549354
0.580543
0.821730
0.470257
0.649688
0.758020
0.635244
0.467559
0.718717
0.612135
0.695863
0.063362
0.203680
0.721628
0.971109
0.429087
0.086919
0.580543
0.051648
0.713075
0.518727
0.867378
0.159490
0.771705
0.316692
0.690166
0.667094
0.057717
0.000446
0.612135
0.454542
0.891273
0.322949
0.056256
0.056256
0.907293
0.406779
0.281082
0.121744
0.658394
0.540922
0.758020
0.922090
0.543791
0.913005
0.269851
0.513281
0.333520
0.808960
0.808960
0.179787
0.312615
0.922090
0.157114
0.922090
0.681504
0.103042
0.635244
0.006028
0.115226
0.275424
0.220452
0.874110
0.758020
0.368979
0.194957
0.264363
0.275424
0.429087
0.695863
0.758020
0.039801
0.340005
0.801128
0.284858
0.144460
0.543791
0.024596
0.245003
0.994555
0.597771
0.867378
0.855893
0.039115
0.995551
0.483494
0.635244
0.199280
0.462365
0.907293
0.513281
0.060217
0.306500
0.816691
0.000191
0.163153
0.296545
0.962240
0.255445
0.513281
0.821730
0.841556
0.194957
0.635244
0.884948
0.841556
0.891273
0.935597
0.491556
0.258960
0.387593
0.228410
0.001774
0.019230
0.146673
0.626544
0.620815
0.690166
0.867378
0.787927
0.294528
0.891273
0.124654
0.589144
0.867378
0.255445
0.874110
0.549354
0.855893
0.749684
0.735726
0.612135
0.056256
0.713075
0.449423
0.090535
0.082732
0.704484
0.499678
0.566341
0.543791
0.114294
0.779856
0.090535
0.177160
0.284858
0.284858
0.808960
0.667094
0.658394
0.260793
0.119859
0.884948
0.935597
0.014711
0.901408
0.462365
0.793201
0.333520
0.000609
0.718717
0.787927
0.236593
0.231634
0.672823
0.290658
0.382926
0.206623
0.721628
0.603471
0.223587
0.421575
0.589144
0.612135
0.290658
0.012907
0.513281
0.144460
0.000149
0.199280
0.233315
0.300471
0.984769
0.394742
0.848789
0.521553
0.250182
0.117048
0.290658
0.867378
0.944872
0.821730
0.006832
0.062816
0.527033
0.003039
0.962240
0.521553
0.951979
0.255445
0.603471
0.821730
0.483494
0.841556
0.119859
0.192150
0.211153
0.940331
0.535389
0.821730
0.529876
0.589144
0.543791
0.704484
0.801128
0.735726
0.727244
0.421575
0.901408
0.004868
0.241635
0.667094
0.306500
0.434080
0.144460
0.951979
0.649688
0.340005
0.580543
0.713075
0.557828
0.382926
0.012317
0.878466
0.727244
0.867378
0.275424
0.364456
0.580543
0.543791
0.141156
0.094284
0.139014
0.995551
0.041578
0.394742
0.635244
0.290658
0.300471
0.414138
0.187953
0.088340
0.382926
0.695863
0.779856
0.735726
0.483494
0.771705
0.884948
0.801128
0.907293
0.401971
0.620815
0.612135
0.344325
0.045761
0.771705
0.658394
0.626544
0.935597
0.612135
0.704484
0.470257
0.667094
0.927324
0.310521
0.848789
0.626544
0.971109
0.005110
0.935597
0.246759
0.589144
0.721628
0.574890
0.421575
0.848789
0.841556
0.364456
0.499678
0.260793
0.470257
0.390021
0.166886
0.296545
0.409279
0.855893
0.000475
0.649688
0.612135
0.434080
0.070668
0.070668
0.375911
0.350951
0.462365
0.114294
0.771705
0.117048
0.816691
0.758020
0.505064
0.057717
0.927324
0.344325
0.958545
0.513281
0.744157
0.566341
0.478214
0.357661
0.127623
0.884948
0.019768
0.589144
0.897436
0.571972
0.612135
0.124654
0.258960
0.462365
0.922090
0.735726
0.991213
0.241635
0.603471
0.735726
0.766291
0.626544
0.821730
0.543791
0.132684
0.704484
0.848789
0.848789
0.749684
0.040498
0.884948
0.758020
0.771705
0.935597
0.695863
0.236593
0.690166
0.513281
0.067775
0.098170
0.704484
0.874110
0.010009
0.322949
0.002255
0.594827
0.478214
0.394742
0.766291
0.848789
0.681504
0.375911
0.002082
0.891273
0.368979
0.121744
0.958545
0.787927
0.290658
0.675784
0.603471
0.643949
0.821730
0.626544
0.005687
0.177160
0.070668
0.603471
0.475494
0.364456
0.801128
0.603471
0.000337
0.580543
0.329292
0.527033
0.082732
0.626544
0.801128
0.643949
0.279144
0.672823
0.867378
0.891273
0.041578
0.535389
0.118894
0.362130
0.922090
0.643949
0.070668
0.364456
0.505064
0.063362
0.153566
0.260793
0.056256
0.821730
0.735726
0.801128
0.203680
0.223587
0.589144
0.704484
0.907293
0.119859
0.124654
0.867378
0.491556
0.543791
0.758020
0.364456
0.269851
0.907293
0.836720
0.057717
0.021859
0.264363
0.940331
0.387593
0.394742
0.029708
0.626544
0.867378
0.322949
0.690166
0.236593
0.549354
0.039801
0.735726
0.491556
0.454542
0.801128
0.275424
0.088340
0.521553
0.927324
0.658394
0.867378
0.922090
0.183833
0.597771
0.867378
0.681504
0.075538
0.306500
0.927324
0.177160
0.884948
0.007378
0.704484
0.991213
0.549354
0.649688
0.829282
0.855893
0.597771
0.003193
0.023935
0.971109
0.296545
0.557828
0.603471
0.496903
0.713075
0.704484
0.543791
0.187953
0.491556
0.787927
0.801128
0.002645
0.018883
0.967937
0.462365
0.096609
0.031348
0.206623
0.194957
0.718717
0.535389
0.549354
0.441715
0.166886
0.051194
0.475494
0.704484
0.132684
0.060217
0.816691
0.499678
0.704484
0.649688
0.956001
0.199280
0.779856
0.429087
0.491556
0.300471
