0.986757
0.947760
0.382926
0.744157
0.821730
0.294528
0.821730
0.874110
0.848789
0.721628
0.643949
0.236593
0.059212
0.589144
0.617854
0.382926
0.390021
0.187953
0.496903
0.467559
0.867378
0.698805
0.092008
0.194957
0.779856
0.329292
0.037099
0.867378
0.891273
0.897436
0.098985
0.434080
0.855893
0.357661
0.841556
0.758020
0.626544
0.147829
0.922090
0.357661
0.206623
0.829282
0.505064
0.011974
0.635244
0.758020
0.414138
0.049040
0.758020
0.094284
0.491556
0.848789
0.779856
0.273514
0.527033
0.098170
0.940331
0.884948
0.236593
0.951979
0.580543
0.549354
0.808960
0.491556
0.357661
0.836720
0.681504
0.940331
0.667094
0.801128
0.626544
0.027908
0.228410
0.394742
0.713075
0.135818
0.483494
0.094284
0.594827
0.603471
0.962240
0.947760
0.704484
0.119859
0.971109
0.594827
0.505064
0.382926
0.848789
0.368979
0.312615
0.801128
0.098985
0.260793
0.132684
0.483494
0.779856
0.294528
0.513281
0.978604
0.322949
0.175815
0.045761
0.620815
0.535389
0.187953
0.721628
0.470257
0.801128
0.829282
0.000149
0.096609
0.916674
0.187953
0.658394
0.394742
0.394742
0.513281
0.557828
0.088340
0.901408
0.884948
0.499678
0.029186
0.690166
0.727244
0.549354
0.296545
0.735726
0.704484
0.735726
0.829282
0.947760
0.011106
0.421575
0.206623
0.829282
0.000424
0.855893
0.132684
0.223587
0.163153
0.626544
0.620815
0.429087
0.135818
0.117048
0.735726
0.333520
0.907293
0.543791
0.535389
0.003850
0.255445
0.049040
0.177160
0.649688
0.051648
0.177160
0.449423
0.571972
0.713075
0.026438
0.649688
0.771705
0.995551
0.771705
0.603471
0.000718
0.169385
0.075538
0.658394
0.947760
0.434080
0.344325
0.758020
0.491556
0.401971
0.681504
0.801128
0.068911
0.829282
0.496903
0.518727
0.155897
0.041578
0.543791
0.312615
0.127623
0.704484
0.279144
0.467559
0.105557
0.994555
0.518727
0.713075
0.735726
0.004372
0.967937
0.163153
0.357661
0.375911
0.284858
0.749684
0.025274
0.130653
0.884948
0.084092
0.603471
0.829282
0.144460
0.557828
0.462365
0.649688
0.874110
0.713075
0.901408
0.024596
0.364456
0.475494
0.329292
0.947760
0.344325
0.801128
0.513281
0.667094
0.848789
0.771705
0.801128
0.884948
0.044980
0.394742
0.597771
0.364456
0.816691
0.672823
0.612135
0.603471
0.505064
0.483494
0.758020
0.082732
0.049040
0.907293
0.421575
0.907293
0.279144
0.038764
0.127623
0.231634
0.635244
0.580543
0.199280
0.088340
0.406779
0.275424
0.779856
0.940331
0.346575
0.884948
0.594827
0.958545
0.535389
0.166886
0.594827
0.991213
0.082732
0.901408
0.322949
0.635244
0.147829
0.589144
0.571972
0.130653
0.801128
0.082732
0.735726
0.603471
0.421575
0.672823
0.470257
0.986757
0.793201
0.031348
0.096609
0.169385
0.441715
0.867378
0.421575
0.793201
0.470257
0.612135
0.891273
0.727244
0.801128
0.635244
0.704484
0.735726
0.157114
0.163153
0.527033
0.462365
0.421575
0.505064
0.597771
0.279144
0.441715
0.368979
0.269851
0.744157
0.940331
0.713075
0.387593
0.117048
0.312615
0.658394
0.223587
0.649688
0.194957
0.375911
0.491556
0.787927
0.146673
0.649688
0.031348
0.264363
0.557828
0.635244
0.513281
0.652656
0.997586
0.449423
0.103042
0.867378
0.250182
0.713075
0.758020
0.483494
0.306500
0.874110
0.535389
0.951979
0.081393
0.927324
0.801128
0.620815
0.294528
0.617854
0.535389
0.426518
0.978604
0.382926
0.294528
0.698805
0.255445
0.808960
0.462365
0.144460
0.713075
0.884948
0.603471
0.061772
0.626544
0.841556
0.672823
0.962240
0.603471
0.848789
0.808960
0.491556
0.406779
0.017378
0.015409
0.749684
0.183833
0.667094
0.841556
0.571972
0.346575
0.855893
0.787927
0.958545
0.612135
0.821730
0.603471
0.527033
0.199280
0.535389
0.483494
0.491556
0.927324
0.978604
0.681504
0.441715
0.848789
0.758020
0.241635
0.721628
0.394742
0.994555
0.364456
0.690166
0.848789
0.589144
0.571972
0.787927
0.206623
0.891273
0.667094
0.779856
0.060217
0.978604
0.727244
0.974087
0.867378
0.808960
0.922090
0.441715
0.483494
0.984769
0.704484
0.672823
0.951979
0.704484
0.521553
0.346575
0.371333
0.096609
0.997586
0.704484
0.296545
0.043818
0.901408
0.294528
0.749684
0.375911
0.269851
0.382926
0.177160
0.290658
0.994555
0.223587
0.080707
0.779856
0.070668
0.907293
0.236593
0.951979
0.795913
0.462365
0.727244
0.208158
0.527033
0.288671
0.907293
0.643949
0.535389
0.375911
0.940331
0.061772
0.505064
0.310521
0.491556
0.357661
0.478214
0.658394
0.557828
0.344325
0.878466
0.306500
0.434080
0.649688
0.496903
0.491556
0.203680
0.749684
0.449423
0.922090
0.144460
0.102197
0.991213
0.829282
0.045761
0.735726
0.801128
0.157114
0.255445
0.294528
0.758020
0.394742
0.841556
0.901408
0.157114
0.626544
0.758020
0.891273
0.102197
0.017543
0.518727
0.643949
0.758020
0.829282
0.215763
0.667094
0.112510
0.316692
0.173237
0.801128
0.649688
0.874110
0.177160
0.269851
0.704484
0.527033
0.333520
0.704484
0.316692
0.279144
0.478214
0.394742
0.635244
0.543791
0.821730
0.340005
0.848789
0.681504
0.566341
0.049040
0.346575
0.991213
0.612135
0.187953
0.401971
0.951979
0.855893
0.612135
0.821730
0.566341
0.414138
0.874110
0.867378
0.935597
0.779856
0.635244
0.557828
0.521553
0.589144
0.594827
0.690166
0.935597
0.250182
0.658394
0.829282
0.867378
0.801128
0.399498
0.173237
0.070668
0.735726
0.387593
0.649688
0.884948
0.860501
0.241635
0.475494
0.288671
0.808960
0.681504
0.449423
0.681504
0.907293
0.255445
0.454542
0.884948
0.635244
0.907293
