0.322949
0.884948
0.836720
0.626544
0.344325
0.681504
0.571972
0.350951
0.695863
0.300471
0.114294
0.749684
0.223587
0.275424
0.779856
0.296545
0.667094
0.566341
0.744157
0.483494
0.329292
0.612135
0.907293
0.478214
0.867378
0.496903
0.994555
0.626544
0.571972
0.766291
0.043818
0.848789
0.357661
0.119859
0.713075
0.635244
0.874110
0.658394
0.306500
0.192150
0.346575
0.801128
0.434080
0.060217
0.667094
0.375911
0.749684
0.635244
0.357661
0.009277
0.513281
0.177160
0.978604
0.329292
0.855893
0.441715
0.571972
0.505064
0.505064
0.978604
0.658394
0.971109
0.951979
0.841556
0.165605
0.867378
0.258960
0.310521
0.652656
0.557828
0.194957
0.050328
0.521553
0.279144
0.535389
0.735726
0.275424
0.951979
0.978604
0.935597
0.454542
0.594827
0.841556
0.681504
0.260793
0.496903
0.535389
0.147829
0.617854
0.901408
0.971109
0.312615
0.441715
0.735726
0.951979
0.667094
0.094284
0.658394
0.829282
0.874110
0.821730
0.173237
0.749684
0.203680
0.236593
0.947760
0.088340
0.117048
0.566341
0.414138
0.557828
0.672823
0.169385
0.074303
0.620815
0.055312
0.855893
0.901408
0.695863
0.580543
0.867378
0.821730
0.019768
0.549354
0.470257
0.793201
0.951979
0.211153
0.329292
0.557828
0.368979
0.362130
0.513281
0.364456
0.649688
0.284858
0.965738
0.119859
0.505064
0.017378
0.153566
0.421575
0.984769
0.758020
0.049040
0.907293
0.029982
0.744157
0.117048
0.390021
0.543791
0.758020
0.635244
0.713075
0.290658
0.681504
0.475494
0.192150
0.527033
0.194957
0.231634
0.801128
0.084803
0.589144
0.994555
0.749684
0.021268
0.901408
0.801128
0.414138
0.449423
0.814067
0.135818
0.159490
0.119859
0.793201
0.947760
0.735726
0.626544
0.612135
0.771705
0.001114
0.371333
0.475494
0.527033
0.821730
0.816691
0.109849
0.021268
0.199280
0.566341
0.626544
0.132684
0.053907
0.141156
0.462365
0.951979
0.672823
0.860501
0.704484
0.690166
0.713075
0.012317
0.867378
0.566341
0.690166
0.245003
0.103042
0.255445
0.505064
0.787927
0.907293
0.635244
0.521553
0.916674
0.521553
0.364456
0.901408
0.658394
0.434080
0.603471
0.069506
0.867378
0.475494
0.874110
0.779856
0.066084
0.290658
0.119859
0.150086
0.874110
0.626544
0.681504
0.603471
0.571972
0.107244
0.208158
0.617854
0.704484
0.951979
0.848789
0.984769
0.848789
0.206623
0.046970
0.603471
0.068911
0.177160
0.744157
0.713075
0.098985
0.344325
0.129613
0.867378
0.260793
0.105557
0.470257
0.394742
0.163153
0.589144
0.603471
0.667094
0.312615
0.681504
0.793201
0.294528
0.681504
0.236593
0.441715
0.153566
0.916674
0.779856
0.088340
0.874110
0.491556
0.935597
0.867378
0.566341
0.346575
0.329292
0.147829
0.340005
0.357661
0.658394
0.603471
0.051648
0.470257
0.255445
0.848789
0.284858
0.962240
0.155897
0.721628
0.183833
0.995551
0.758020
0.672823
0.169385
0.109849
0.126604
0.055312
0.082732
0.390021
0.667094
0.749684
0.406779
0.766291
0.758020
0.658394
0.022258
0.974087
0.672823
0.218844
0.135818
0.421575
0.549354
0.779856
0.421575
0.971109
0.927324
0.901408
0.322949
0.284858
0.971109
0.557828
0.916674
0.672823
0.045761
0.017063
0.880693
0.821730
0.194957
0.994555
0.187953
0.571972
0.505064
0.612135
0.124654
0.527033
0.475494
0.727244
0.658394
0.521553
0.199280
0.441715
0.344325
0.269851
0.947760
0.513281
0.029186
0.350951
0.771705
0.266225
0.695863
0.279144
0.382926
0.758020
0.713075
0.157114
0.884948
0.267971
0.658394
0.978604
0.617854
0.744157
0.771705
0.704484
0.860501
0.801128
0.841556
0.387593
0.414138
0.681504
0.449423
0.574890
0.535389
0.557828
0.643949
0.947760
0.787927
0.491556
0.457201
0.848789
0.483494
0.401971
0.874110
0.236593
0.096609
0.255445
0.947760
0.064990
0.690166
0.543791
0.380525
0.867378
0.704484
0.855893
0.643949
0.603471
0.589144
0.050328
0.535389
0.022258
0.549354
0.505064
0.589144
0.246759
0.064431
0.052535
0.947760
0.658394
0.947760
0.124654
0.211153
0.922090
0.880693
0.346575
0.401971
0.808960
0.884948
0.034255
0.884948
0.505064
0.364456
0.779856
0.891273
0.766291
0.312615
0.867378
0.821730
0.462365
0.658394
0.462365
0.758020
0.215763
0.394742
0.375911
0.166886
0.000018
0.350951
0.704484
0.269851
0.008847
0.860501
0.449423
0.470257
0.215763
0.907293
0.290658
0.185229
0.340005
0.744157
0.368979
0.011106
0.513281
0.626544
0.658394
0.704484
0.034568
0.913005
0.535389
0.549354
0.721628
0.855893
0.643949
0.667094
0.057717
0.072465
0.855893
0.808960
0.675784
0.916674
0.808960
0.441715
0.891273
0.801128
0.038764
0.681504
0.860501
0.779856
0.901408
0.907293
0.086192
0.236593
0.187953
0.022875
0.727244
0.727244
0.922090
0.067775
0.594827
0.958545
0.698805
0.836720
0.426518
0.035500
0.364456
0.029186
0.681504
0.808960
0.387593
0.179787
0.414138
0.829282
0.974087
0.371333
0.779856
0.063362
0.603471
0.808960
0.187953
0.000000
0.829282
0.998463
0.454542
0.971109
0.513281
0.513281
0.470257
0.779856
0.340005
0.971109
0.808960
0.589144
0.350951
0.884948
0.787927
0.744157
0.505064
0.884948
0.816691
0.808960
0.084803
0.635244
0.296545
0.513281
0.978604
0.505064
0.543791
0.406779
0.429087
0.897436
0.462365
0.855893
0.084803
0.021268
0.208158
0.727244
0.206623
0.749684
0.821730
0.848789
0.758020
0.543791
0.704484
0.475494
0.580543
0.527033
0.597771
0.170690
0.962240
0.064431
0.250182
0.187953
0.557828
0.340005
0.649688
0.994555
0.382926
0.357661
0.735726
0.867378
0.375911
0.744157
0.721628
0.994555
