0.491556
0.658394
0.617854
0.146673
0.874110
0.513281
0.727244
0.507859
0.557828
0.897436
0.779856
0.836720
0.051648
0.483494
0.312615
0.930673
0.483494
0.147829
0.874110
0.940331
0.690166
0.557828
0.491556
0.000337
0.626544
0.566341
0.612135
0.475494
0.695863
0.346575
0.375911
0.470257
0.821730
0.549354
0.467559
0.300471
0.571972
0.951979
0.816691
0.907293
0.735726
0.505064
0.165605
0.446787
0.211153
0.119859
0.986757
0.192150
0.390021
0.580543
0.901408
0.612135
0.795913
0.667094
0.940331
0.290658
0.897436
0.306500
0.848789
0.940331
0.454542
0.836720
0.183833
0.690166
0.617854
0.300471
0.612135
0.675784
0.040498
0.132684
0.499678
0.848789
0.962240
0.958545
0.658394
0.001421
0.228410
0.462365
0.114294
0.322949
0.255445
0.258960
0.011640
0.025970
0.704484
0.855893
0.704484
0.766291
0.527033
0.978604
0.041578
0.421575
0.022875
0.649688
0.947760
0.513281
0.406779
0.779856
0.053907
0.199280
0.045761
0.491556
0.901408
0.163153
0.999575
0.557828
0.401971
0.808960
0.589144
0.273514
0.421575
0.068911
0.557828
0.382926
0.290658
0.713075
0.322949
0.735726
0.967937
0.867378
0.027908
0.233315
0.169385
0.406779
0.971109
0.027652
0.626544
0.667094
0.139014
0.571972
0.658394
0.300471
0.594827
0.031348
0.695863
0.603471
0.375911
0.322949
0.620815
0.901408
0.080707
0.304435
0.279144
0.958545
0.580543
0.643949
0.971109
0.290658
0.779856
0.589144
0.626544
0.848789
0.052999
0.690166
0.496903
0.698805
0.951979
0.491556
0.884948
0.426518
0.017063
0.787927
0.449423
0.012317
0.649688
0.981075
0.766291
0.557828
0.406779
0.001669
0.362130
0.958545
0.718717
0.557828
0.617854
0.344325
0.971109
0.752533
0.626544
0.848789
0.958545
0.513281
0.072465
0.667094
0.275424
0.157114
0.649688
0.994555
0.672823
0.269851
0.103042
0.441715
0.020320
0.681504
0.907293
0.380525
0.643949
0.067775
0.018706
0.382926
0.163153
0.513281
0.118894
0.543791
0.566341
0.927324
0.913005
0.387593
0.055312
0.491556
0.382926
0.829282
0.965738
0.897436
0.387593
0.521553
0.829282
0.505064
0.527033
0.981075
0.841556
0.947760
0.414138
0.117048
0.649688
0.462365
0.922090
0.284858
0.316692
0.006511
0.901408
0.132684
0.027164
0.042685
0.779856
0.991213
0.978604
0.211153
0.695863
0.626544
0.958545
0.401971
0.006637
0.672823
0.132684
0.470257
0.137917
0.698805
0.612135
0.401971
0.067775
0.744157
0.070668
0.475494
0.658394
0.124654
0.006447
0.441715
0.808960
0.795913
0.275424
0.041578
0.535389
0.867378
0.891273
0.380525
0.159490
0.675784
0.340005
0.294528
0.478214
0.454542
0.020320
0.329292
0.891273
0.681504
0.075538
0.306500
0.787927
0.406779
0.137917
0.620815
0.364456
0.462365
0.922090
0.316692
0.255445
0.187953
0.375911
0.841556
0.294528
0.774492
0.260793
0.884948
0.735726
0.801128
0.375911
0.681504
0.713075
0.009277
0.867378
0.603471
0.549354
0.681504
0.891273
0.505064
0.236593
0.441715
0.758020
0.681504
0.264363
0.690166
0.269851
0.557828
0.029186
0.112510
0.132684
0.112510
0.300471
0.658394
0.947760
0.527033
0.449423
0.177160
0.290658
0.922090
0.557828
0.991213
0.563435
0.258960
0.144460
0.580543
0.994555
0.951979
0.874110
0.364456
0.907293
0.446787
0.462365
0.841556
0.816691
0.735726
0.999575
0.483494
0.375911
0.441715
0.483494
0.203680
0.003965
0.690166
0.658394
0.070668
0.139014
0.028919
0.557828
0.612135
0.543791
0.612135
0.821730
0.357661
0.163153
0.681504
0.549354
0.620815
0.364456
0.300471
0.713075
0.001960
0.594827
0.421575
0.766291
0.462365
0.499678
0.421575
0.814067
0.848789
0.316692
0.199280
0.011425
0.371333
0.913005
0.441715
0.913005
0.306500
0.077446
0.549354
0.594827
0.867378
0.951979
0.635244
0.382926
0.406779
0.916674
0.147829
0.031348
0.855893
0.735726
0.059212
0.884948
0.749684
0.454542
0.735726
0.129613
0.269851
0.421575
0.010298
0.640981
0.112510
0.978604
0.874110
0.626544
0.658394
0.690166
0.499678
0.821730
0.275424
0.735726
0.557828
0.329292
0.612135
0.612135
0.434080
0.014711
0.316692
0.994555
0.094284
0.958545
0.675784
0.094284
0.935597
0.612135
0.690166
0.901408
0.947760
0.521553
0.206623
0.535389
0.000590
0.766291
0.092008
0.787927
0.771705
0.394742
0.124654
0.273514
0.004503
0.557828
0.735726
0.441715
0.984769
0.947760
0.986757
0.327120
0.916674
0.978604
0.603471
0.635244
0.580543
0.362130
0.713075
0.821730
0.907293
0.187953
0.713075
0.406779
0.434080
0.505064
0.991213
0.518727
0.758020
0.779856
0.681504
0.891273
0.258960
0.771705
0.000846
0.060217
0.527033
0.109849
0.566341
0.150086
0.566341
0.594827
0.166886
0.434080
0.787927
0.454542
0.808960
0.580543
0.841556
0.718717
0.913005
0.658394
0.211153
0.199280
0.454542
0.505064
0.527033
0.771705
0.571972
0.505064
0.816691
0.549354
0.382926
0.031348
0.978604
0.994555
0.183833
0.958545
0.808960
0.808960
0.962240
0.340005
0.787927
0.878466
0.208158
0.612135
0.375911
0.483494
0.316692
0.109849
0.766291
0.228410
0.971109
0.766291
0.009822
0.019230
0.092008
0.996919
0.922090
0.310521
0.612135
0.612135
0.848789
0.658394
0.056256
0.394742
0.681504
0.643949
0.147829
0.284858
0.620815
0.470257
0.007168
0.421575
0.867378
0.375911
0.112510
0.935597
0.375911
0.672823
0.491556
0.312615
0.557828
0.698805
0.913005
0.429087
0.891273
0.306500
0.967937
0.194957
0.557828
0.462365
0.620815
0.940331
0.617854
0.340005
0.594827
0.316692
0.462365
0.580543
0.513281
0.635244
0.470257
0.552238
0.300471
