0.000628
0.382926
0.124654
0.223587
0.478214
0.626544
0.589144
0.649688
0.727244
0.801128
0.801128
0.721628
0.421575
0.704484
0.041578
0.672823
0.801128
0.294528
0.580543
0.848789
0.626544
0.860501
0.053907
0.513281
0.126604
0.848789
0.916674
0.300471
0.483494
0.947760
0.192150
0.078727
0.557828
0.197797
0.279144
0.855893
0.652656
0.897436
0.658394
0.499678
0.505064
0.758020
0.255445
0.695863
0.306500
0.867378
0.214182
0.649688
0.821730
0.589144
0.003099
0.635244
0.727244
0.808960
0.117048
0.951979
0.916674
0.808960
0.121744
0.821730
0.000411
0.135818
0.223587
0.829282
0.635244
0.779856
0.603471
0.100580
0.483494
0.779856
0.441715
0.787927
0.414138
0.020320
0.394742
0.951979
0.284858
0.841556
0.121744
0.922090
0.159490
0.454542
0.135818
0.951979
0.070668
0.496903
0.901408
0.166886
0.891273
0.223587
0.635244
0.163153
0.940331
0.916674
0.098985
0.441715
0.867378
0.821730
0.088340
0.557828
0.003256
0.744157
0.986757
0.000378
0.867378
0.505064
0.867378
0.236593
0.841556
0.003629
0.649688
0.690166
0.483494
0.935597
0.192150
0.787927
0.612135
0.203680
0.974087
0.758020
0.203680
0.250182
0.704484
0.874110
0.414138
0.758020
0.994555
0.801128
0.643949
0.362130
0.236593
0.122729
0.144460
0.135818
0.557828
0.449423
0.122729
0.971109
0.816691
0.127623
0.580543
0.658394
0.672823
0.454542
0.206623
0.165605
0.335721
0.300471
0.166886
0.264363
0.290658
0.758020
0.940331
0.086919
0.589144
0.306500
0.019768
0.181158
0.086192
0.294528
0.543791
0.617854
0.414138
0.981075
0.199280
0.891273
0.340005
0.017063
0.727244
0.543791
0.518727
0.626544
0.612135
0.922090
0.491556
0.787927
0.518727
0.236593
0.580543
0.727244
0.994555
0.557828
0.371333
0.935597
0.690166
0.499678
0.159490
0.649688
0.483494
0.357661
0.989675
0.580543
0.029708
0.589144
0.414138
0.233315
0.421575
0.095811
0.135818
0.617854
0.801128
0.626544
0.816691
0.310521
0.958545
0.603471
0.144460
0.698805
0.255445
0.922090
0.540922
0.401971
0.329292
0.173237
0.821730
0.094284
0.109849
0.007239
0.901408
0.612135
0.004637
0.867378
0.340005
0.329292
0.050328
0.986757
0.050328
0.236593
0.527033
0.907293
0.758020
0.727244
0.015845
0.901408
0.766291
0.884948
0.394742
0.735726
0.470257
0.986757
0.273514
0.557828
0.667094
0.557828
0.793201
0.130653
0.626544
0.105557
0.012907
0.394742
0.104694
0.483494
0.991213
0.394742
0.357661
0.296545
0.483494
0.848789
0.543791
0.749684
0.199280
0.535389
0.049040
0.236593
0.962240
0.603471
0.626544
0.721628
0.801128
0.135818
0.713075
0.223587
0.214182
0.163153
0.421575
0.744157
0.727244
0.269851
0.580543
0.962240
0.897436
0.141156
0.916674
0.000094
0.007378
0.681504
0.971109
0.357661
0.597771
0.505064
0.441715
0.626544
0.192150
0.255445
0.735726
0.103042
0.294528
0.779856
0.170690
0.521553
0.612135
0.713075
0.153566
0.304435
0.034568
0.300471
0.571972
0.255445
0.183833
0.375911
0.612135
0.088340
0.470257
0.421575
0.475494
0.891273
0.626544
0.612135
0.032771
0.357661
0.183833
0.129613
0.072465
0.475494
0.690166
0.940331
0.329292
0.971109
0.996919
0.907293
0.320806
0.935597
0.543791
0.821730
0.177160
0.829282
0.735726
0.580543
0.183833
0.505064
0.499678
0.021859
0.357661
0.527033
0.434080
0.681504
0.874110
0.695863
0.787927
0.713075
0.333520
0.927324
0.749684
0.874110
0.749684
0.580543
0.441715
0.063362
0.399498
0.187953
0.808960
0.690166
0.211153
0.927324
0.901408
0.382926
0.940331
0.962240
0.998868
0.094284
0.127623
0.535389
0.220452
0.603471
0.079397
0.543791
0.808960
0.549354
0.549354
0.962240
0.994555
0.543791
0.340005
0.749684
0.787927
0.505064
0.580543
0.922090
0.177160
0.698805
0.535389
0.749684
0.228410
0.505064
0.589144
0.848789
0.371333
0.901408
0.273514
0.727244
0.022875
0.571972
0.758020
0.098170
0.801128
0.470257
0.057717
0.527033
0.146673
0.867378
0.019768
0.300471
0.179787
0.157114
0.758020
0.543791
0.535389
0.727244
0.801128
0.612135
0.540922
0.935597
0.206623
0.357661
0.549354
0.124654
0.000609
0.177160
0.690166
0.626544
0.589144
0.635244
0.190711
0.394742
0.758020
0.580543
0.855893
0.667094
0.626544
0.649688
0.695863
0.441715
0.003738
0.704484
0.290658
0.414138
0.981075
0.409279
0.027908
0.470257
0.005418
0.169385
0.749684
0.848789
0.194957
0.643949
0.816691
0.470257
0.401971
0.996919
0.947760
0.434080
0.187953
0.801128
0.787927
0.357661
0.505064
0.713075
0.958545
0.177160
0.589144
0.362130
0.194957
0.491556
0.406779
0.787927
0.527033
0.574890
0.306500
0.228410
0.801128
0.061772
0.387593
0.612135
0.449423
0.527033
0.821730
0.005855
0.922090
0.022875
0.103042
0.766291
0.080707
0.258960
0.250182
0.279144
0.907293
0.135818
0.658394
0.255445
0.012317
0.255445
0.574890
0.635244
0.978604
0.255445
0.333520
0.000234
0.199280
0.787927
0.279144
0.470257
0.535389
0.612135
0.597771
0.821730
0.994555
0.462365
0.855893
0.159490
0.316692
0.867378
0.640981
0.860501
0.300471
0.681504
0.177160
0.535389
0.874110
0.958545
0.571972
0.187953
0.166886
0.793201
0.215763
0.518727
0.052535
0.603471
0.681504
0.018368
0.557828
0.310521
0.203680
0.192150
0.907293
0.649688
0.518727
0.357661
0.449423
0.023291
0.300471
0.626544
0.375911
0.179787
0.470257
0.549354
0.197797
0.580543
0.612135
0.190711
0.033659
0.594827
0.169385
0.635244
0.543791
0.017866
0.067775
0.935597
0.635244
0.658394
0.695863
0.300471
0.603471
0.478214
0.635244
0.119859
