0.401971
0.246759
0.023508
0.070668
0.000026
0.144460
0.329292
0.974087
0.884948
0.690166
0.333520
0.491556
0.543791
0.672823
0.612135
0.744157
0.821730
0.505064
0.063362
0.801128
0.667094
0.635244
0.107244
0.874110
0.022258
0.141156
0.951979
0.713075
0.801128
0.181158
0.589144
0.177160
0.436675
0.907293
0.036127
0.306500
0.127623
0.290658
0.269851
0.491556
0.340005
0.322949
0.173237
0.848789
0.364456
0.409279
0.571972
0.260793
0.166886
0.557828
0.649688
0.429087
0.082732
0.088340
0.223587
0.589144
0.947760
0.382926
0.916674
0.153566
0.483494
0.829282
0.109849
0.727244
0.971109
0.891273
0.022875
0.801128
0.183833
0.177160
0.401971
0.264363
0.310521
0.658394
0.246759
0.635244
0.457201
0.414138
0.070668
0.603471
0.884948
0.491556
0.626544
0.543791
0.907293
0.129613
0.612135
0.821730
0.907293
0.672823
0.984769
0.449423
0.382926
0.867378
0.068911
0.727244
0.250182
0.829282
0.735726
0.462365
0.320806
0.672823
0.050328
0.028409
0.449423
0.580543
0.039801
0.620815
0.518727
0.727244
0.094284
0.552238
0.269851
0.441715
0.594827
0.462365
0.241635
0.426518
0.414138
0.758020
0.026438
0.787927
0.695863
0.971109
0.478214
0.940331
0.667094
0.643949
0.635244
0.867378
0.848789
0.808960
0.535389
0.084092
0.779856
0.935597
0.130653
0.250182
0.867378
0.000285
0.727244
0.434080
0.675784
0.050328
0.589144
0.962240
0.566341
0.375911
0.971109
0.141156
0.549354
0.300471
0.364456
0.421575
0.505064
0.635244
0.787927
0.779856
0.649688
0.008847
0.394742
0.801128
0.978604
0.371333
0.867378
0.246759
0.667094
0.521553
0.603471
0.603471
0.690166
0.215763
0.727244
0.223587
0.589144
0.713075
0.092778
0.394742
0.635244
0.019230
0.535389
0.527033
0.199280
0.279144
0.766291
0.907293
0.727244
0.112510
0.250182
0.884948
0.821730
0.491556
0.121744
0.015409
0.891273
0.667094
0.635244
0.667094
0.499678
0.119859
0.779856
0.603471
0.470257
0.704484
0.470257
0.206623
0.260793
0.927324
0.766291
0.187953
0.841556
0.649688
0.166886
0.718717
0.241635
0.364456
0.612135
0.626544
0.758020
0.884948
0.290658
0.589144
0.346575
0.527033
0.454542
0.829282
0.848789
0.829282
0.779856
0.007593
0.836720
0.927324
0.166886
0.690166
0.312615
0.779856
0.787927
0.667094
0.137917
0.635244
0.649688
0.228410
0.543791
0.115226
0.801128
0.962240
0.597771
0.199280
0.017063
0.907293
0.704484
0.549354
0.117048
0.215763
0.603471
0.612135
0.557828
0.930673
0.306500
0.387593
0.658394
0.744157
0.371333
0.727244
0.505064
0.260793
0.829282
0.612135
0.088340
0.874110
0.406779
0.986757
0.808960
0.340005
0.658394
0.008354
0.294528
0.771705
0.124654
0.203680
0.015409
0.513281
0.382926
0.333520
0.375911
0.891273
0.848789
0.727244
0.170690
0.681504
0.727244
0.649688
0.535389
0.836720
0.382926
0.658394
0.690166
0.589144
0.491556
0.571972
0.557828
0.029186
0.549354
0.275424
0.758020
0.139014
0.375911
0.241635
0.965738
0.016139
0.808960
0.958545
0.841556
0.681504
0.032199
0.690166
0.758020
0.284858
0.333520
0.667094
0.135818
0.848789
0.626544
0.766291
0.275424
0.978604
0.658394
0.589144
0.855893
0.346575
0.758020
0.429087
0.672823
0.055312
0.357661
0.927324
0.721628
0.681504
0.020320
0.284858
0.284858
0.491556
0.150086
0.916674
0.066084
0.194957
0.891273
0.535389
0.357661
0.316692
0.855893
0.836720
0.306500
0.475494
0.033659
0.718717
0.075538
0.996919
0.499678
0.434080
0.801128
0.956001
0.364456
0.387593
0.454542
0.727244
0.704484
0.552238
0.269851
0.357661
0.329292
0.322949
0.690166
0.266225
0.867378
0.704484
0.000461
0.306500
0.867378
0.998868
0.713075
0.269851
0.028409
0.580543
0.434080
0.150086
0.801128
0.626544
0.382926
0.112510
0.940331
0.077446
0.884948
0.223587
0.521553
0.635244
0.766291
0.187953
0.236593
0.129613
0.626544
0.483494
0.649688
0.513281
0.965738
0.199280
0.766291
0.617854
0.848789
0.695863
0.779856
0.000946
0.394742
0.962240
0.566341
0.441715
0.907293
0.829282
0.327120
0.978604
0.350951
0.199280
0.808960
0.429087
0.681504
0.658394
0.766291
0.994555
0.132684
0.884948
0.594827
0.848789
0.333520
0.958545
0.483494
0.139014
0.022258
0.681504
0.855893
0.124654
0.260793
0.012548
0.713075
0.891273
0.004963
0.962240
0.454542
0.727244
0.003850
0.589144
0.913005
0.183833
0.013276
0.727244
0.690166
0.795913
0.462365
0.141156
0.031348
0.801128
0.922090
0.907293
0.159490
0.735726
0.935597
0.139014
0.139014
0.008597
0.874110
0.713075
0.735726
0.860501
0.335721
0.766291
0.801128
0.371333
0.793201
0.779856
0.223587
0.978604
0.505064
0.626544
0.269851
0.571972
0.269851
0.521553
0.793201
0.382926
0.690166
0.787927
0.409279
0.848789
0.470257
0.698805
0.327120
0.951979
0.215763
0.183833
0.958545
0.801128
0.612135
0.017063
0.808960
0.713075
0.704484
0.927324
0.690166
0.513281
0.916674
0.245003
0.042685
0.470257
0.672823
0.829282
0.233315
0.549354
0.635244
0.470257
0.758020
0.322949
0.364456
0.100580
0.194957
0.096609
0.364456
0.322949
0.922090
0.072465
0.470257
0.141156
0.006963
0.035500
0.470257
0.000804
0.513281
0.135818
0.989675
0.296545
0.228410
0.566341
0.007593
0.801128
0.033659
0.021859
0.947760
0.009822
0.279144
0.829282
0.681504
0.927324
0.241635
0.478214
0.144460
0.513281
0.713075
0.891273
0.294528
0.935597
0.340005
0.279144
0.672823
0.470257
0.429087
0.462365
0.426518
0.867378
0.749684
0.658394
0.094284
0.940331
0.401971
0.010298
0.499678
0.067775
0.211153
0.727244
