0.603471
0.306500
0.214182
0.300471
0.566341
0.681504
0.620815
0.829282
0.181158
0.793201
0.401971
0.808960
0.841556
0.907293
0.735726
0.766291
0.749684
0.236593
0.935597
0.922090
0.073672
0.426518
0.223587
0.103042
0.521553
0.105557
0.891273
0.901408
0.884948
0.505064
0.681504
0.279144
0.667094
0.241635
0.513281
0.092008
0.132684
0.333520
0.860501
0.891273
0.401971
0.552238
0.014305
0.617854
0.153566
0.704484
0.658394
0.690166
0.901408
0.758020
0.470257
0.312615
0.971109
0.382926
0.135818
0.014985
0.357661
0.157114
0.713075
0.635244
0.192150
0.779856
0.079397
0.658394
0.160731
0.947760
0.884948
0.971109
0.202171
0.088340
0.454542
0.177160
0.255445
0.589144
0.218844
0.951979
0.114294
0.658394
0.147829
0.329292
0.255445
0.986757
0.962240
0.183833
0.322949
0.401971
0.306500
0.426518
0.626544
0.690166
0.406779
0.255445
0.787927
0.010009
0.357661
0.441715
0.192150
0.122729
0.922090
0.744157
0.848789
0.025970
0.340005
0.173237
0.612135
0.874110
0.935597
0.279144
0.589144
0.434080
0.033659
0.612135
0.024596
0.626544
0.557828
0.727244
0.100580
0.935597
0.187953
0.779856
0.617854
0.127623
0.836720
0.499678
0.387593
0.245003
0.848789
0.766291
0.335721
0.667094
0.951979
0.808960
0.907293
0.441715
0.808960
0.884948
0.566341
0.935597
0.312615
0.891273
0.382926
0.571972
0.901408
0.275424
0.449423
0.635244
0.124654
0.907293
0.626544
0.296545
0.978604
0.867378
0.735726
0.499678
0.771705
0.704484
0.215763
0.194957
0.031348
0.449423
0.135818
0.727244
0.884948
0.209600
0.183833
0.346575
0.223587
0.552238
0.860501
0.401971
0.758020
0.100580
0.005855
0.594827
0.022258
0.907293
0.241635
0.667094
0.771705
0.362130
0.002082
0.112510
0.658394
0.801128
0.721628
0.913005
0.449423
0.211153
0.779856
0.518727
0.245003
0.033659
0.965738
0.026438
0.766291
0.527033
0.258960
0.491556
0.589144
0.043818
0.603471
0.874110
0.735726
0.735726
0.132684
0.344325
0.951979
0.038094
0.718717
0.003926
0.704484
0.758020
0.727244
0.414138
0.284858
0.387593
0.620815
0.075538
0.306500
0.907293
0.300471
0.316692
0.589144
0.566341
0.329292
0.051194
0.649688
0.874110
0.816691
0.981075
0.891273
0.246759
0.086192
0.426518
0.672823
0.357661
0.713075
0.566341
0.175815
0.340005
0.557828
0.787927
0.362130
0.060217
0.704484
0.991213
0.001922
0.357661
0.597771
0.051648
0.518727
0.483494
0.048208
0.382926
0.284858
0.681504
0.505064
0.580543
0.589144
0.177160
0.401971
0.284858
0.226757
0.749684
0.658394
0.643949
0.163153
0.617854
0.294528
0.401971
0.549354
0.467559
0.603471
0.000996
0.891273
0.749684
0.364456
0.269851
0.072465
0.874110
0.077446
0.070668
0.658394
0.284858
0.808960
0.491556
0.037752
0.603471
0.264363
0.357661
0.580543
0.801128
0.603471
0.255445
0.713075
0.580543
0.505064
0.793201
0.779856
0.758020
0.462365
0.114294
0.779856
0.255445
0.290658
0.947760
0.401971
0.635244
0.000129
0.580543
0.103042
0.836720
0.088340
0.940331
0.362130
0.884948
0.063362
0.007378
0.735726
0.527033
0.333520
0.075538
0.255445
0.206623
0.187953
0.603471
0.060217
0.163153
0.658394
0.527033
0.947760
0.273514
0.612135
0.478214
0.658394
0.250182
0.758020
0.505064
0.690166
0.521553
0.535389
0.935597
0.589144
0.470257
0.848789
0.340005
0.000078
0.000411
0.681504
0.039801
0.951979
0.829282
0.549354
0.203680
0.962240
0.867378
0.375911
0.801128
0.771705
0.246759
0.681504
0.801128
0.483494
0.951979
0.441715
0.922090
0.306500
0.626544
0.414138
0.429087
0.346575
0.867378
0.947760
0.056256
0.241635
0.462365
0.033659
0.557828
0.907293
0.132684
0.617854
0.855893
0.991213
0.505064
0.603471
0.084803
0.801128
0.163153
0.727244
0.387593
0.779856
0.951979
0.749684
0.901408
0.075538
0.518727
0.441715
0.704484
0.236593
0.177160
0.483494
0.387593
0.589144
0.057717
0.758020
0.821730
0.816691
0.557828
0.014305
0.163153
0.275424
0.284858
0.279144
0.483494
0.414138
0.406779
0.612135
0.454542
0.891273
0.284858
0.421575
0.612135
0.406779
0.260793
0.397198
0.643949
0.626544
0.658394
0.135818
0.603471
0.057717
0.434080
0.793201
0.930673
0.421575
0.505064
0.521553
0.255445
0.986757
0.075538
0.004728
0.007965
0.421575
0.163153
0.080707
0.426518
0.947760
0.215763
0.867378
0.580543
0.306500
0.086192
0.322949
0.829282
0.874110
0.758020
0.250182
0.643949
0.401971
0.901408
0.787927
0.130653
0.727244
0.884948
0.279144
0.006511
0.130653
0.329292
0.841556
0.540922
0.695863
0.667094
0.612135
0.199280
0.000229
0.441715
0.362130
0.848789
0.126604
0.050328
0.571972
0.758020
0.758020
0.940331
0.749684
0.375911
0.250182
0.690166
0.029186
0.012317
0.312615
0.848789
0.312615
0.211153
0.147829
0.390021
0.505064
0.927324
0.012907
0.779856
0.005110
0.821730
0.357661
0.681504
0.643949
0.368979
0.779856
0.758020
0.075538
0.119859
0.233315
0.744157
0.566341
0.505064
0.727244
0.429087
0.935597
0.649688
0.382926
0.927324
0.165605
0.891273
0.867378
0.672823
0.290658
0.829282
0.787927
0.816691
0.612135
0.202171
0.034568
0.096609
0.390021
0.571972
0.549354
0.829282
0.947760
0.994555
0.042685
0.704484
0.667094
0.245003
0.752533
0.350951
0.491556
0.935597
0.527033
0.364456
0.067775
0.013654
0.475494
0.483494
0.571972
0.003559
0.658394
0.241635
0.357661
0.094284
0.414138
0.032199
0.279144
0.690166
0.434080
0.971109
0.951979
0.967937
0.019768
0.779856
0.535389
0.414138
0.836720
0.643949
0.401971
0.306500
0.032771
0.758020
