0.808960
0.744157
0.884948
0.513281
0.727244
0.779856
0.215763
0.771705
0.829282
0.470257
0.496903
0.170690
0.758020
0.704484
0.316692
0.667094
0.779856
0.971109
0.390021
0.203680
0.735726
0.250182
0.816691
0.735726
0.241635
0.566341
0.357661
0.132684
0.901408
0.194957
0.015845
0.557828
0.357661
0.132684
0.475494
0.103042
0.357661
0.059212
0.441715
0.255445
0.758020
0.260793
0.505064
0.996919
0.947760
0.390021
0.255445
0.483494
0.855893
0.713075
0.766291
0.589144
0.446787
0.626544
0.867378
0.177160
0.483494
0.698805
0.821730
0.626544
0.867378
0.829282
0.401971
0.382926
0.940331
0.449423
0.597771
0.860501
0.821730
0.203680
0.735726
0.449423
0.368979
0.475494
0.658394
0.255445
0.024596
0.779856
0.704484
0.521553
0.399498
0.779856
0.821730
0.801128
0.930673
0.059212
0.211153
0.306500
0.192150
0.603471
0.860501
0.681504
0.394742
0.549354
0.231634
0.306500
0.241635
0.971109
0.635244
0.971109
0.016139
0.275424
0.981075
0.387593
0.390021
0.721628
0.390021
0.907293
0.658394
0.153566
0.199280
0.891273
0.787927
0.704484
0.194957
0.774492
0.721628
0.020320
0.042685
0.151265
0.962240
0.681504
0.088340
0.107244
0.901408
0.749684
0.727244
0.958545
0.312615
0.467559
0.215763
0.401971
0.658394
0.543791
0.375911
0.251967
0.312615
0.306500
0.557828
0.375911
0.068911
0.874110
0.406779
0.643949
0.735726
0.322949
0.449423
0.096609
0.713075
0.779856
0.916674
0.075538
0.635244
0.011974
0.409279
0.214182
0.649688
0.758020
0.713075
0.064431
0.203680
0.841556
0.462365
0.549354
0.922090
0.368979
0.855893
0.462365
0.009277
0.434080
0.713075
0.375911
0.039801
0.401971
0.991213
0.744157
0.643949
0.260793
0.735726
0.672823
0.907293
0.594827
0.721628
0.597771
0.935597
0.483494
0.092008
0.300471
0.907293
0.340005
0.004728
0.281082
0.135818
0.394742
0.681504
0.001465
0.749684
0.658394
0.681504
0.236593
0.449423
0.589144
0.801128
0.194957
0.907293
0.496903
0.491556
0.449423
0.557828
0.907293
0.300471
0.306500
0.371333
0.681504
0.231634
0.491556
0.401971
0.260793
0.079397
0.357661
0.801128
0.032199
0.901408
0.836720
0.626544
0.066084
0.771705
0.086919
0.566341
0.236593
0.067775
0.808960
0.848789
0.169385
0.971109
0.808960
0.758020
0.119859
0.322949
0.521553
0.891273
0.218844
0.667094
0.357661
0.557828
0.557828
0.787927
0.620815
0.907293
0.829282
0.346575
0.010298
0.801128
0.357661
0.884948
0.013276
0.513281
0.749684
0.032199
0.121744
0.250182
0.681504
0.414138
0.549354
0.793201
0.199280
0.092008
0.371333
0.779856
0.077446
0.173237
0.344325
0.749684
0.749684
0.991213
0.557828
0.566341
0.527033
0.483494
0.357661
0.635244
0.350951
0.109849
0.054829
0.589144
0.255445
0.758020
0.300471
0.612135
0.867378
0.040864
0.290658
0.290658
0.635244
0.350951
0.449423
0.250182
0.766291
0.667094
0.394742
0.129613
0.063362
0.056256
0.031348
0.346575
0.816691
0.401971
0.094284
0.160731
0.183833
0.930673
0.808960
0.721628
0.535389
0.735726
0.801128
0.681504
0.549354
0.727244
0.364456
0.340005
0.228410
0.749684
0.758020
0.066084
0.103042
0.808960
0.552238
0.891273
0.273514
0.056256
0.264363
0.020130
0.478214
0.991213
0.441715
0.273514
0.306500
0.749684
0.821730
0.713075
0.974087
0.620815
0.300471
0.698805
0.891273
0.000053
0.880693
0.364456
0.829282
0.855893
0.088340
0.766291
0.467559
0.640981
0.166886
0.779856
0.177160
0.333520
0.414138
0.434080
0.978604
0.901408
0.416665
0.275424
0.294528
0.998868
0.603471
0.867378
0.787927
0.088340
0.300471
0.626544
0.771705
0.821730
0.907293
0.513281
0.505064
0.962240
0.462365
0.758020
0.429087
0.816691
0.758020
0.566341
0.566341
0.626544
0.841556
0.643949
0.253642
0.891273
0.429087
0.362130
0.011974
0.233315
0.260793
0.681504
0.787927
0.935597
0.995551
0.704484
0.449423
0.015845
0.068911
0.821730
0.698805
0.300471
0.449423
0.749684
0.704484
0.160731
0.316692
0.571972
0.675784
0.735726
0.470257
0.821730
0.901408
0.771705
0.901408
0.034568
0.199280
0.947760
0.901408
0.549354
0.387593
0.974087
0.986757
0.727244
0.860501
0.808960
0.246759
0.067775
0.735726
0.096609
0.333520
0.094284
0.000170
0.478214
0.496903
0.060217
0.535389
0.269851
0.535389
0.255445
0.505064
0.971109
0.667094
0.022875
0.690166
0.119859
0.434080
0.962240
0.744157
0.951979
0.801128
0.713075
0.808960
0.681504
0.594827
0.808960
0.014711
0.690166
0.364456
0.103042
0.269851
0.255445
0.132684
0.658394
0.316692
0.749684
0.635244
0.483494
0.394742
0.643949
0.580543
0.169385
0.462365
0.241635
0.958545
0.643949
0.626544
0.264363
0.434080
0.160731
0.159490
0.462365
0.513281
0.183833
0.284858
0.940331
0.051194
0.478214
0.491556
0.163153
0.084803
0.658394
0.387593
0.907293
0.050328
0.884948
0.681504
0.135818
0.006511
0.032771
0.735726
0.652656
0.667094
0.401971
0.483494
0.346575
0.320806
0.228410
0.989675
0.194957
0.264363
0.841556
0.401971
0.816691
0.580543
0.401971
0.574890
0.771705
0.414138
0.322949
0.681504
0.658394
0.640981
0.013276
0.758020
0.364456
0.958545
0.951979
0.718717
0.667094
0.039801
0.475494
0.218844
0.860501
0.117048
0.187953
0.470257
0.029982
0.940331
0.094284
0.070668
0.836720
0.779856
0.008847
0.816691
0.279144
0.426518
0.000125
0.658394
0.801128
0.357661
0.884948
0.749684
0.626544
0.279144
0.306500
0.029186
0.104694
0.375911
0.704484
0.357661
0.991213
0.316692
0.028409
0.496903
0.841556
0.012317
0.922090
0.181158
0.094284
0.316692
