0.192150
0.077446
0.640981
0.667094
0.997586
0.643949
0.612135
0.612135
0.421575
0.294528
0.139014
0.181158
0.009277
0.801128
0.735726
0.258960
0.635244
0.735726
0.096609
0.333520
0.535389
0.557828
0.300471
0.855893
0.749684
0.421575
0.027164
0.808960
0.048208
0.527033
0.382926
0.153566
0.713075
0.070065
0.940331
0.658394
0.290658
0.375911
0.884948
0.157114
0.971109
0.897436
0.449423
0.470257
0.913005
0.241635
0.626544
0.255445
0.779856
0.008597
0.260793
0.735726
0.527033
0.635244
0.004043
0.801128
0.401971
0.194957
0.279144
0.002863
0.681504
0.727244
0.626544
0.382926
0.649688
0.382926
0.462365
0.855893
0.713075
0.713075
0.735726
0.922090
0.187953
0.312615
0.491556
0.382926
0.007739
0.821730
0.907293
0.635244
0.758020
0.316692
0.884948
0.441715
0.667094
0.130653
0.483494
0.296545
0.991213
0.557828
0.505064
0.848789
0.449423
0.086192
0.597771
0.426518
0.571972
0.329292
0.117048
0.426518
0.672823
0.387593
0.589144
0.829282
0.434080
0.290658
0.922090
0.787927
0.672823
0.499678
0.186540
0.897436
0.884948
0.362130
0.044980
0.658394
0.913005
0.612135
0.017063
0.891273
0.215763
0.658394
0.704484
0.766291
0.064431
0.255445
0.535389
0.306500
0.984769
0.368979
0.505064
0.735726
0.891273
0.535389
0.067775
0.462365
0.177160
0.049040
0.414138
0.159490
0.848789
0.808960
0.891273
0.068911
0.681504
0.690166
0.491556
0.816691
0.462365
0.449423
0.916674
0.220452
0.891273
0.350951
0.375911
0.340005
0.620815
0.039801
0.185229
0.821730
0.635244
0.135818
0.236593
0.958545
0.109849
0.978604
0.346575
0.808960
0.215763
0.965738
0.414138
0.170690
0.513281
0.771705
0.891273
0.848789
0.935597
0.382926
0.758020
0.046970
0.060217
0.046970
0.704484
0.566341
0.284858
0.907293
0.007032
0.540922
0.157114
0.744157
0.260793
0.658394
0.096609
0.153566
0.897436
0.695863
0.421575
0.821730
0.028409
0.004637
0.009546
0.951979
0.329292
0.394742
0.382926
0.221961
0.922090
0.727244
0.658394
0.357661
0.816691
0.063362
0.566341
0.340005
0.079397
0.153566
0.829282
0.173237
0.821730
0.421575
0.649688
0.626544
0.310521
0.236593
0.255445
0.130653
0.192150
0.001588
0.046970
0.014985
0.658394
0.848789
0.011106
0.056256
0.457201
0.290658
0.121744
0.884948
0.808960
0.322949
0.124654
0.672823
0.935597
0.414138
0.021859
0.958545
0.371333
0.927324
0.147829
0.181158
0.787927
0.808960
0.978604
0.371333
0.513281
0.300471
0.119859
0.821730
0.000241
0.543791
0.513281
0.406779
0.829282
0.050328
0.322949
0.329292
0.441715
0.401971
0.922090
0.160731
0.080707
0.848789
0.997586
0.446787
0.967937
0.744157
0.626544
0.421575
0.901408
0.771705
0.771705
0.157114
0.080707
0.540922
0.566341
0.483494
0.848789
0.940331
0.043818
0.306500
0.681504
0.449423
0.057717
0.382926
0.612135
0.884948
0.704484
0.704484
0.436675
0.284858
0.867378
0.580543
0.117048
0.535389
0.643949
0.483494
0.241635
0.658394
0.228410
0.735726
0.312615
0.527033
0.499678
0.041578
0.681504
0.279144
0.749684
0.735726
0.009104
0.713075
0.401971
0.713075
0.513281
0.758020
0.735726
0.401971
0.841556
0.951979
0.021268
0.527033
0.821730
0.672823
0.891273
0.855893
0.322949
0.335721
0.735726
0.441715
0.821730
0.758020
0.549354
0.543791
0.594827
0.251967
0.940331
0.260793
0.491556
0.801128
0.163153
0.021268
0.713075
0.409279
0.994555
0.635244
0.580543
0.499678
0.275424
0.779856
0.047782
0.690166
0.434080
0.916674
0.713075
0.340005
0.672823
0.836720
0.159490
0.620815
0.829282
0.223587
0.735726
0.231634
0.491556
0.147829
0.801128
0.808960
0.470257
0.991213
0.901408
0.414138
0.848789
0.766291
0.177160
0.518727
0.255445
0.713075
0.535389
0.015845
0.513281
0.090535
0.721628
0.434080
0.421575
0.603471
0.144460
0.991213
0.202171
0.557828
0.540922
0.157114
0.513281
0.580543
0.449423
0.390021
0.364456
0.594827
0.290658
0.028409
0.801128
0.758020
0.187953
0.072465
0.322949
0.612135
0.594827
0.449423
0.127623
0.821730
0.139014
0.543791
0.380525
0.478214
0.449423
0.401971
0.681504
0.056256
0.626544
0.681504
0.462365
0.446787
0.382926
0.649688
0.031348
0.033659
0.340005
0.119859
0.211153
0.540922
0.927324
0.264363
0.527033
0.137917
0.704484
0.927324
0.891273
0.801128
0.698805
0.727244
0.483494
0.518727
0.860501
0.612135
0.090535
0.758020
0.907293
0.766291
0.958545
0.024596
0.206623
0.907293
0.675784
0.088340
0.704484
0.658394
0.841556
0.483494
0.008436
0.922090
0.922090
0.978604
0.462365
0.284858
0.290658
0.187953
0.333520
0.940331
0.434080
0.695863
0.829282
0.758020
0.454542
0.005110
0.434080
0.075538
0.003850
0.300471
0.505064
0.713075
0.922090
0.163153
0.557828
0.333520
0.127623
0.626544
0.672823
0.421575
0.019768
0.518727
0.322949
0.470257
0.681504
0.916674
0.364456
0.589144
0.025274
0.294528
0.394742
0.231634
0.884948
0.543791
0.141156
0.470257
0.557828
0.848789
0.690166
0.836720
0.173237
0.306500
0.695863
0.535389
0.951979
0.203680
0.690166
0.962240
0.357661
0.589144
0.316692
0.153566
0.329292
0.228410
0.127623
0.704484
0.001510
0.491556
0.580543
0.434080
0.475494
0.001755
0.897436
0.096609
0.801128
0.382926
0.333520
0.901408
0.603471
0.658394
0.260793
0.043818
0.025970
0.801128
0.922090
0.491556
0.037099
0.816691
0.153566
0.801128
0.350951
0.166886
0.571972
0.124654
0.462365
0.322949
0.284858
0.836720
0.816691
0.951979
0.029186
0.643949
0.922090
0.867378
0.246759
0.382926
0.429087
0.884948
0.429087
0.907293
