0.907293
0.951979
0.434080
0.690166
0.690166
0.589144
0.867378
0.589144
0.620815
0.300471
0.513281
0.284858
0.935597
0.063362
0.513281
0.375911
0.841556
0.681504
0.333520
0.860501
0.429087
0.821730
0.566341
0.867378
0.836720
0.808960
0.626544
0.513281
0.454542
0.535389
0.971109
0.350951
0.978604
0.206623
0.233315
0.808960
0.867378
0.157114
0.060217
0.867378
0.340005
0.635244
0.401971
0.322949
0.098985
0.635244
0.088340
0.414138
0.284858
0.672823
0.643949
0.496903
0.940331
0.153566
0.045761
0.884948
0.922090
0.935597
0.603471
0.735726
0.922090
0.245003
0.199280
0.454542
0.124654
0.626544
0.727244
0.667094
0.848789
0.117048
0.779856
0.681504
0.758020
0.589144
0.829282
0.829282
0.306500
0.470257
0.387593
0.829282
0.104694
0.233315
0.513281
0.672823
0.080707
0.603471
0.787927
0.947760
0.107244
0.109849
0.072465
0.603471
0.022875
0.620815
0.727244
0.190711
0.580543
0.470257
0.094284
0.462365
0.462365
0.907293
0.521553
0.594827
0.449423
0.626544
0.681504
0.050328
0.704484
0.153566
0.771705
0.916674
0.119859
0.758020
0.749684
0.841556
0.371333
0.922090
0.155897
0.978604
0.540922
0.060743
0.695863
0.470257
0.429087
0.675784
0.922090
0.241635
0.758020
0.015845
0.922090
0.063362
0.935597
0.947760
0.549354
0.771705
0.513281
0.316692
0.690166
0.449423
0.690166
0.658394
0.557828
0.801128
0.848789
0.779856
0.690166
0.848789
0.735726
0.050328
0.290658
0.658394
0.406779
0.667094
0.589144
0.962240
0.626544
0.236593
0.194957
0.421575
0.387593
0.470257
0.704484
0.364456
0.935597
0.758020
0.658394
0.006325
0.183833
0.214182
0.130653
0.199280
0.527033
0.027652
0.935597
0.891273
0.940331
0.571972
0.766291
0.344325
0.505064
0.364456
0.535389
0.215763
0.901408
0.612135
0.535389
0.421575
0.727244
0.173237
0.779856
0.153566
0.891273
0.580543
0.010298
0.387593
0.758020
0.014711
0.916674
0.704484
0.681504
0.421575
0.978604
0.364456
0.054829
0.841556
0.658394
0.129613
0.505064
0.183833
0.153566
0.333520
0.643949
0.589144
0.029982
0.643949
0.594827
0.891273
0.483494
0.978604
0.064990
0.848789
0.735726
0.012317
0.401971
0.092008
0.284858
0.971109
0.597771
0.163153
0.867378
0.935597
0.491556
0.884948
0.589144
0.589144
0.935597
0.867378
0.258960
0.284858
0.779856
0.594827
0.690166
0.357661
0.141156
0.300471
0.527033
0.245003
0.658394
0.935597
0.874110
0.223587
0.006963
0.801128
0.981075
0.884948
0.907293
0.066084
0.491556
0.187953
0.441715
0.294528
0.406779
0.793201
0.675784
0.667094
0.264363
0.984769
0.935597
0.329292
0.580543
0.704484
0.801128
0.566341
0.635244
0.779856
0.749684
0.117048
0.414138
0.527033
0.735726
0.749684
0.067775
0.667094
0.540922
0.169385
0.250182
0.241635
0.962240
0.735726
0.357661
0.848789
0.704484
0.421575
0.015845
0.121744
0.088340
0.483494
0.867378
0.103042
0.974087
0.649688
0.681504
0.626544
0.897436
0.258960
0.801128
0.901408
0.986757
0.513281
0.109849
0.290658
0.499678
0.357661
0.801128
0.449423
0.681504
0.002645
0.907293
0.989675
0.557828
0.766291
0.787927
0.505064
0.947760
0.020130
0.513281
0.223587
0.340005
0.429087
0.003455
0.735726
0.727244
0.382926
0.855893
0.891273
0.300471
0.535389
0.000276
0.771705
0.055312
0.958545
0.197797
0.491556
0.406779
0.535389
0.787927
0.362130
0.173237
0.139014
0.971109
0.499678
0.735726
0.808960
0.901408
0.867378
0.626544
0.467559
0.867378
0.867378
0.426518
0.394742
0.855893
0.513281
0.169385
0.226757
0.266225
0.735726
0.841556
0.962240
0.327120
0.505064
0.066084
0.144460
0.255445
0.241635
0.589144
0.860501
0.649688
0.821730
0.300471
0.891273
0.462365
0.571972
0.449423
0.121744
0.816691
0.163153
0.316692
0.478214
0.935597
0.758020
0.449423
0.401971
0.121744
0.874110
0.704484
0.042685
0.571972
0.031348
0.521553
0.387593
0.018883
0.801128
0.766291
0.535389
0.080707
0.690166
0.255445
0.867378
0.096609
0.995551
0.183833
0.119859
0.462365
0.779856
0.346575
0.735726
0.766291
0.649688
0.535389
0.557828
0.194957
0.333520
0.916674
0.304435
0.521553
0.704484
0.462365
0.462365
0.758020
0.884948
0.300471
0.698805
0.981075
0.940331
0.620815
0.867378
0.695863
0.364456
0.470257
0.483494
0.228410
0.049040
0.690166
0.521553
0.626544
0.421575
0.320806
0.779856
0.211153
0.333520
0.208158
0.735726
0.454542
0.462365
0.121744
0.399498
0.821730
0.986757
0.992594
0.236593
0.346575
0.884948
0.535389
0.787927
0.094284
0.793201
0.081393
0.727244
0.454542
0.491556
0.084803
0.005578
0.300471
0.107244
0.643949
0.483494
0.434080
0.580543
0.867378
0.658394
0.475494
0.004868
0.513281
0.223587
0.821730
0.491556
0.727244
0.535389
0.284858
0.375911
0.557828
0.758020
0.496903
0.829282
0.187953
0.635244
0.713075
0.333520
0.086919
0.962240
0.867378
0.153566
0.107244
0.698805
0.635244
0.401971
0.327120
0.052535
0.382926
0.082732
0.241635
0.801128
0.735726
0.643949
0.414138
0.681504
0.364456
0.505064
0.594827
0.394742
0.589144
0.340005
0.713075
0.612135
0.150086
0.808960
0.860501
0.721628
0.535389
0.801128
0.867378
0.258960
0.543791
0.073672
0.658394
0.935597
0.999892
0.306500
0.978604
0.470257
0.907293
0.690166
0.329292
0.867378
0.004868
0.505064
0.505064
0.368979
0.255445
0.387593
0.088340
0.626544
0.215763
0.867378
0.994555
0.829282
0.414138
0.382926
0.626544
0.357661
0.250182
0.958545
0.867378
0.913005
0.414138
0.635244
0.690166
0.874110
0.589144
0.713075
0.907293
0.808960
0.557828
0.766291
