0.916674
0.246759
0.387593
0.940331
0.704484
0.727244
0.003850
0.429087
0.620815
0.643949
0.808960
0.571972
0.801128
0.891273
0.483494
0.173237
0.015409
0.704484
0.681504
0.429087
0.409279
0.151265
0.306500
0.543791
0.829282
0.103042
0.940331
0.962240
0.434080
0.007965
0.203680
0.727244
0.147829
0.177160
0.801128
0.513281
0.891273
0.927324
0.704484
0.867378
0.855893
0.421575
0.483494
0.294528
0.449423
0.306500
0.922090
0.223587
0.475494
0.429087
0.841556
0.874110
0.891273
0.429087
0.612135
0.922090
0.246759
0.986757
0.749684
0.994555
0.183833
0.727244
0.635244
0.409279
0.346575
0.258960
0.658394
0.021859
0.574890
0.333520
0.704484
0.077446
0.758020
0.127623
0.713075
0.643949
0.127623
0.211153
0.010106
0.390021
0.549354
0.974087
0.441715
0.449423
0.194957
0.241635
0.153566
0.749684
0.166886
0.100580
0.496903
0.907293
0.119859
0.529876
0.153566
0.779856
0.771705
0.635244
0.233315
0.000000
0.793201
0.147829
0.713075
0.215763
0.884948
0.513281
0.994555
0.114294
0.491556
0.483494
0.951979
0.535389
0.394742
0.681504
0.527033
0.808960
0.758020
0.327120
0.080707
0.713075
0.241635
0.771705
0.540922
0.082732
0.382926
0.649688
0.922090
0.848789
0.986757
0.114294
0.024596
0.505064
0.549354
0.327120
0.505064
0.005523
0.387593
0.612135
0.855893
0.999575
0.667094
0.080707
0.470257
0.749684
0.566341
0.704484
0.571972
0.635244
0.157114
0.935597
0.589144
0.040864
0.375911
0.434080
0.620815
0.187953
0.704484
0.429087
0.273514
0.779856
0.067775
0.333520
0.557828
0.867378
0.194957
0.913005
0.118894
0.749684
0.505064
0.223587
0.310521
0.880693
0.441715
0.007378
0.566341
0.901408
0.021268
0.907293
0.597771
0.808960
0.414138
0.375911
0.246759
0.414138
0.429087
0.187953
0.119859
0.147829
0.986757
0.947760
0.867378
0.449423
0.867378
0.187953
0.312615
0.141156
0.236593
0.535389
0.434080
0.057717
0.867378
0.394742
0.375911
0.020320
0.037099
0.695863
0.552238
0.808960
0.194957
0.483494
0.758020
0.214182
0.597771
0.535389
0.571972
0.612135
0.173237
0.357661
0.513281
0.727244
0.829282
0.192150
0.163153
0.935597
0.994555
0.333520
0.067775
0.096609
0.322949
0.594827
0.414138
0.649688
0.589144
0.015409
0.713075
0.620815
0.183833
0.143326
0.015845
0.096609
0.449423
0.603471
0.571972
0.907293
0.758020
0.841556
0.997586
0.300471
0.801128
0.199280
0.505064
0.626544
0.626544
0.744157
0.690166
0.169385
0.907293
0.658394
0.681504
0.891273
0.421575
0.491556
0.003738
0.620815
0.836720
0.913005
0.196422
0.163153
0.329292
0.978604
0.981075
0.557828
0.758020
0.771705
0.589144
0.119859
0.658394
0.566341
0.421575
0.779856
0.874110
0.744157
0.557828
0.357661
0.353229
0.958545
0.294528
0.758020
0.589144
0.971109
0.166886
0.557828
0.981075
0.836720
0.340005
0.147829
0.045761
0.617854
0.971109
0.231634
0.166886
0.907293
0.758020
0.300471
0.635244
0.626544
0.072465
0.658394
0.394742
0.024158
0.310521
0.603471
0.021268
0.543791
0.166886
0.874110
0.808960
0.056256
0.735726
0.965738
0.141156
0.620815
0.718717
0.991213
0.340005
0.816691
0.421575
0.947760
0.127623
0.233315
0.022258
0.612135
0.658394
0.505064
0.897436
0.203680
0.643949
0.744157
0.922090
0.055312
0.698805
0.841556
0.505064
0.779856
0.072465
0.749684
0.414138
0.758020
0.901408
0.981075
0.441715
0.394742
0.635244
0.038764
0.916674
0.475494
0.566341
0.153566
0.100580
0.513281
0.978604
0.066084
0.643949
0.986757
0.290658
0.483494
0.394742
0.051648
0.045761
0.940331
0.177160
0.462365
0.114294
0.255445
0.848789
0.995551
0.491556
0.032771
0.658394
0.779856
0.187953
0.821730
0.735726
0.382926
0.907293
0.718717
0.462365
0.681504
0.867378
0.421575
0.233315
0.275424
0.672823
0.067775
0.002189
0.135818
0.007965
0.848789
0.228410
0.215763
0.499678
0.535389
0.848789
0.681504
0.079397
0.074303
0.766291
0.454542
0.340005
0.891273
0.549354
0.275424
0.394742
0.649688
0.704484
0.434080
0.333520
0.603471
0.441715
0.042685
0.867378
0.114294
0.173237
0.855893
0.267971
0.421575
0.470257
0.704484
0.250182
0.001588
0.836720
0.690166
0.667094
0.346575
0.649688
0.935597
0.612135
0.306500
0.003193
0.749684
0.766291
0.681504
0.787927
0.462365
0.096609
0.635244
0.527033
0.958545
0.441715
0.855893
0.246759
0.841556
0.589144
0.177160
0.612135
0.434080
0.695863
0.194957
0.713075
0.580543
0.580543
0.096609
0.635244
0.350951
0.527033
0.279144
0.079397
0.364456
0.612135
0.603471
0.475494
0.364456
0.183833
0.066084
0.199280
0.241635
0.375911
0.441715
0.147829
0.228410
0.045761
0.841556
0.124654
0.649688
0.454542
0.163153
0.771705
0.333520
0.151265
0.672823
0.771705
0.421575
0.346575
0.984769
0.335721
0.965738
0.874110
0.589144
0.441715
0.867378
0.643949
0.681504
0.505064
0.649688
0.491556
0.635244
0.620815
0.727244
0.947760
0.978604
0.566341
0.449423
0.626544
0.620815
0.735726
0.416665
0.535389
0.346575
0.039801
0.241635
0.848789
0.233315
0.346575
0.470257
0.264363
0.749684
0.513281
0.744157
0.681504
0.000141
0.357661
0.092778
0.658394
0.394742
0.951979
0.617854
0.082732
0.626544
0.978604
0.196422
0.793201
0.346575
0.036127
0.580543
0.025970
0.549354
0.787927
0.429087
0.434080
0.958545
0.063362
0.855893
0.971109
0.322949
0.371333
0.449423
0.454542
0.940331
0.962240
0.350951
0.236593
0.009546
0.672823
0.000136
0.681504
0.144460
0.304435
0.540922
0.721628
0.821730
0.183833
0.505064
0.574890
0.821730
0.672823
0.470257
