0.483494
0.658394
0.974087
0.580543
0.884948
0.808960
0.166886
0.446787
0.540922
0.571972
0.290658
0.643949
0.527033
0.236593
0.922090
0.841556
0.626544
0.426518
0.971109
0.462365
0.935597
0.855893
0.821730
0.470257
0.163153
0.470257
0.867378
0.635244
0.163153
0.643949
0.867378
0.290658
0.962240
0.312615
0.643949
0.483494
0.157114
0.434080
0.335721
0.589144
0.306500
0.867378
0.779856
0.218844
0.675784
0.226757
0.643949
0.580543
0.346575
0.483494
0.127623
0.549354
0.401971
0.658394
0.119859
0.713075
0.681504
0.147829
0.382926
0.394742
0.848789
0.589144
0.306500
0.081393
0.612135
0.194957
0.681504
0.557828
0.787927
0.100580
0.603471
0.135818
0.421575
0.704484
0.340005
0.269851
0.848789
0.612135
0.117048
0.155897
0.698805
0.860501
0.269851
0.253642
0.241635
0.100580
0.836720
0.626544
0.589144
0.401971
0.999575
0.215763
0.649688
0.848789
0.695863
0.603471
0.718717
0.635244
0.346575
0.667094
0.727244
0.088340
0.441715
0.163153
0.211153
0.855893
0.643949
0.704484
0.962240
0.199280
0.042685
0.441715
0.907293
0.454542
0.322949
0.518727
0.300471
0.704484
0.491556
0.758020
0.557828
0.612135
0.571972
0.867378
0.907293
0.690166
0.462365
0.350951
0.603471
0.002146
0.103042
0.241635
0.735726
0.874110
0.394742
0.357661
0.958545
0.695863
0.589144
0.589144
0.264363
0.635244
0.375911
0.350951
0.947760
0.681504
0.649688
0.364456
0.571972
0.557828
0.991213
0.228410
0.179787
0.994555
0.163153
0.406779
0.612135
0.406779
0.571972
0.119859
0.626544
0.505064
0.066084
0.958545
0.690166
0.907293
0.635244
0.327120
0.735726
0.801128
0.491556
0.540922
0.836720
0.306500
0.290658
0.300471
0.727244
0.594827
0.306500
0.727244
0.333520
0.053907
0.901408
0.414138
0.704484
0.166886
0.566341
0.206623
0.690166
0.704484
0.275424
0.844036
0.275424
0.713075
0.597771
0.005968
0.543791
0.090535
0.771705
0.214182
0.114294
0.916674
0.040864
0.055312
0.735726
0.771705
0.300471
0.421575
0.698805
0.165605
0.535389
0.166886
0.549354
0.159490
0.100580
0.368979
0.965738
0.483494
0.344325
0.874110
0.907293
0.808960
0.421575
0.749684
0.115226
0.375911
0.401971
0.589144
0.080707
0.129613
0.907293
0.958545
0.322949
0.635244
0.563435
0.713075
0.771705
0.316692
0.040864
0.117048
0.704484
0.320806
0.566341
0.749684
0.727244
0.364456
0.801128
0.947760
0.003738
0.580543
0.279144
0.787927
0.867378
0.907293
0.135818
0.848789
0.574890
0.779856
0.126604
0.951979
0.549354
0.275424
0.535389
0.635244
0.023508
0.000446
0.414138
0.211153
0.049040
0.557828
0.922090
0.566341
0.014305
0.704484
0.727244
0.335721
0.922090
0.580543
0.549354
0.109849
0.994555
0.406779
0.264363
0.801128
0.557828
0.166886
0.226757
0.375911
0.121744
0.429087
0.603471
0.491556
0.766291
0.505064
0.801128
0.986757
0.279144
0.211153
0.505064
0.787927
0.527033
0.867378
0.157114
0.038764
0.491556
0.290658
0.483494
0.118894
0.387593
0.260793
0.250182
0.032199
0.884948
0.779856
0.333520
0.223587
0.394742
0.322949
0.855893
0.103042
0.713075
0.695863
0.744157
0.483494
0.144460
0.808960
0.043818
0.051194
0.255445
0.735726
0.306500
0.643949
0.907293
0.766291
0.364456
0.951979
0.483494
0.620815
0.139014
0.483494
0.387593
0.284858
0.066084
0.241635
0.978604
0.672823
0.513281
0.713075
0.079397
0.132684
0.841556
0.571972
0.758020
0.275424
0.771705
0.690166
0.491556
0.557828
0.003354
0.518727
0.771705
0.027164
0.022258
0.836720
0.922090
0.357661
0.306500
0.589144
0.449423
0.001922
0.258960
0.462365
0.695863
0.535389
0.566341
0.744157
0.557828
0.884948
0.346575
0.749684
0.566341
0.245003
0.658394
0.913005
0.122729
0.922090
0.390021
0.030518
0.300471
0.589144
0.310521
0.658394
0.382926
0.211153
0.255445
0.236593
0.100580
0.907293
0.434080
0.116102
0.290658
0.001465
0.635244
0.211153
0.187953
0.255445
0.649688
0.096609
0.580543
0.005262
0.808960
0.891273
0.836720
0.704484
0.513281
0.999575
0.002517
0.316692
0.449423
0.382926
0.084803
0.127623
0.036127
0.513281
0.695863
0.002808
0.441715
0.086192
0.801128
0.535389
0.907293
0.635244
0.375911
0.735726
0.801128
0.649688
0.603471
0.603471
0.096609
0.589144
0.322949
0.690166
0.549354
0.549354
0.649688
0.491556
0.000641
0.098170
0.801128
0.867378
0.103042
0.549354
0.855893
0.603471
0.727244
0.907293
0.527033
0.829282
0.916674
0.540922
0.589144
0.401971
0.340005
0.690166
0.829282
0.316692
0.019768
0.357661
0.829282
0.264363
0.727244
0.589144
0.690166
0.958545
0.521553
0.300471
0.357661
0.774492
0.004288
0.801128
0.346575
0.626544
0.040498
0.681504
0.346575
0.505064
0.306500
0.441715
0.239907
0.518727
0.956001
0.535389
0.978604
0.255445
0.749684
0.589144
0.549354
0.779856
0.860501
0.580543
0.535389
0.368979
0.658394
0.155897
0.713075
0.787927
0.603471
0.333520
0.589144
0.421575
0.483494
0.340005
0.258960
0.223587
0.475494
0.958545
0.211153
0.672823
0.808960
0.848789
0.194957
0.121744
0.454542
0.260793
0.916674
0.667094
0.947760
0.704484
0.672823
0.109849
0.713075
0.713075
0.394742
0.454542
0.255445
0.535389
0.340005
0.727244
0.483494
0.535389
0.059212
0.713075
0.077446
0.382926
0.077446
0.446787
0.169385
0.891273
0.375911
0.612135
0.713075
0.867378
0.930673
0.505064
0.589144
0.478214
0.316692
0.320806
0.635244
0.409279
0.211153
0.441715
0.340005
0.998868
0.698805
0.273514
0.215763
0.829282
0.491556
0.194957
0.984769
0.206623
0.971109
0.749684
0.127623
0.603471
