0.446787
0.483494
0.994555
0.727244
0.462365
0.483494
0.499678
0.050328
0.401971
0.947760
0.535389
0.907293
0.549354
0.913005
0.766291
0.147829
0.521553
0.098985
0.045761
0.749684
0.735726
0.543791
0.535389
0.194957
0.557828
0.962240
0.855893
0.986757
0.187953
0.867378
0.749684
0.891273
0.021268
0.801128
0.821730
0.922090
0.984769
0.727244
0.848789
0.346575
0.978604
0.269851
0.612135
0.414138
0.635244
0.730141
0.643949
0.930673
0.749684
0.003289
0.255445
0.505064
0.211153
0.874110
0.549354
0.340005
0.995551
0.681504
0.441715
0.449423
0.086192
0.527033
0.594827
0.322949
0.951979
0.566341
0.166886
0.000544
0.104694
0.681504
0.571972
0.916674
0.695863
0.580543
0.467559
0.159490
0.527033
0.758020
0.658394
0.829282
0.779856
0.187953
0.735726
0.094284
0.874110
0.713075
0.527033
0.589144
0.357661
0.626544
0.491556
0.446787
0.635244
0.779856
0.185229
0.721628
0.543791
0.300471
0.749684
0.874110
0.022466
0.766291
0.340005
0.935597
0.571972
0.288671
0.421575
0.603471
0.951979
0.228410
0.721628
0.589144
0.713075
0.848789
0.429087
0.540922
0.947760
0.491556
0.429087
0.470257
0.758020
0.997586
0.766291
0.967937
0.211153
0.727244
0.821730
0.749684
0.094284
0.947760
0.549354
0.766291
0.927324
0.971109
0.927324
0.695863
0.947760
0.589144
0.698805
0.012317
0.704484
0.735726
0.044581
0.527033
0.801128
0.695863
0.735726
0.735726
0.922090
0.375911
0.163153
0.681504
0.129613
0.930673
0.779856
0.017543
0.735726
0.808960
0.690166
0.672823
0.801128
0.401971
0.901408
0.375911
0.690166
0.841556
0.029186
0.801128
0.951979
0.549354
0.927324
0.088340
0.340005
0.150086
0.513281
0.557828
0.462365
0.704484
0.626544
0.549354
0.155897
0.901408
0.250182
0.841556
0.589144
0.414138
0.713075
0.426518
0.132684
0.557828
0.848789
0.163153
0.434080
0.727244
0.187953
0.086919
0.947760
0.103042
0.690166
0.211153
0.255445
0.220452
0.821730
0.446787
0.951979
0.589144
0.589144
0.801128
0.284858
0.690166
0.434080
0.300471
0.362130
0.173237
0.475494
0.612135
0.449423
0.406779
0.681504
0.916674
0.169385
0.829282
0.505064
0.119859
0.643949
0.958545
0.758020
0.958545
0.557828
0.075538
0.643949
0.901408
0.333520
0.829282
0.346575
0.787927
0.223587
0.105557
0.535389
0.421575
0.749684
0.986757
0.635244
0.867378
0.105557
0.690166
0.557828
0.241635
0.387593
0.387593
0.187953
0.206623
0.535389
0.414138
0.364456
0.867378
0.971109
0.727244
0.557828
0.771705
0.264363
0.173237
0.215763
0.962240
0.470257
0.194957
0.829282
0.462365
0.109849
0.758020
0.557828
0.350951
0.704484
0.808960
0.449423
0.434080
0.300471
0.177160
0.984769
0.126604
0.245003
0.187953
0.829282
0.082732
0.658394
0.394742
0.166886
0.986757
0.454542
0.033659
0.316692
0.327120
0.907293
0.077446
0.681504
0.635244
0.991213
0.735726
0.897436
0.617854
0.821730
0.713075
0.978604
0.496903
0.935597
0.421575
0.566341
0.829282
0.144460
0.681504
0.194957
0.649688
0.364456
0.884948
0.310521
0.075538
0.841556
0.940331
0.667094
0.867378
0.956001
0.446787
0.566341
0.491556
0.173237
0.194957
0.922090
0.346575
0.333520
0.698805
0.916674
0.124654
0.681504
0.255445
0.566341
0.848789
0.597771
0.766291
0.658394
0.841556
0.681504
0.947760
0.441715
0.327120
0.727244
0.050328
0.779856
0.246759
0.199280
0.766291
0.147829
0.199280
0.521553
0.947760
0.787927
0.483494
0.513281
0.594827
0.801128
0.008597
0.107244
0.635244
0.390021
0.991213
0.250182
0.793201
0.260793
0.635244
0.100580
0.867378
0.549354
0.387593
0.208158
0.801128
0.998868
0.603471
0.179787
0.117048
0.635244
0.771705
0.801128
0.275424
0.441715
0.951979
0.557828
0.603471
0.258960
0.129613
0.771705
0.713075
0.483494
0.829282
0.306500
0.223587
0.617854
0.727244
0.169385
0.496903
0.667094
0.808960
0.192150
0.658394
0.001378
0.055312
0.649688
0.441715
0.199280
0.414138
0.916674
0.848789
0.681504
0.499678
0.749684
0.275424
0.855893
0.449423
0.535389
0.159490
0.316692
0.255445
0.306500
0.483494
0.821730
0.667094
0.316692
0.580543
0.075538
0.088340
0.310521
0.752533
0.557828
0.483494
0.836720
0.566341
0.518727
0.082732
0.009277
0.935597
0.333520
0.034568
0.922090
0.589144
0.749684
0.860501
0.557828
0.907293
0.557828
0.454542
0.891273
0.643949
0.163153
0.527033
0.067775
0.013909
0.667094
0.521553
0.704484
0.935597
0.681504
0.346575
0.040864
0.727244
0.884948
0.549354
0.255445
0.055312
0.940331
0.233315
0.375911
0.916674
0.527033
0.816691
0.981075
0.096609
0.704484
0.891273
0.294528
0.916674
0.186540
0.658394
0.589144
0.940331
0.951979
0.884948
0.144460
0.387593
0.649688
0.312615
0.735726
0.250182
0.421575
0.721628
0.549354
0.483494
0.535389
0.884948
0.505064
0.375911
0.617854
0.401971
0.000109
0.695863
0.117048
0.132684
0.246759
0.727244
0.667094
0.758020
0.470257
0.713075
0.901408
0.211153
0.067775
0.038094
0.340005
0.758020
0.082732
0.557828
0.015128
0.557828
0.836720
0.467559
0.144460
0.594827
0.350951
0.034568
0.667094
0.649688
0.735726
0.290658
0.462365
0.867378
0.836720
0.922090
0.499678
0.836720
0.013909
0.557828
0.187953
0.446787
0.434080
0.571972
0.681504
0.829282
0.454542
0.141156
0.922090
0.713075
0.749684
0.109849
0.340005
0.947760
0.543791
0.571972
0.132684
0.513281
0.690166
0.951979
0.787927
0.907293
0.535389
0.649688
0.109849
0.974087
0.735726
0.867378
0.855893
0.589144
0.848789
0.394742
0.092008
0.829282
0.394742
0.962240
0.346575
0.052535
