0.603471
0.821730
0.429087
0.070668
0.672823
0.513281
0.649688
0.552238
0.011974
0.704484
0.505064
0.874110
0.620815
0.978604
0.848789
0.177160
0.250182
0.860501
0.088340
0.713075
0.030518
0.589144
0.322949
0.549354
0.649688
0.312615
0.880693
0.787927
0.965738
0.199280
0.735726
0.735726
0.357661
0.409279
0.144460
0.441715
0.505064
0.758020
0.704484
0.571972
0.322949
0.527033
0.971109
0.597771
0.880693
0.117048
0.183833
0.441715
0.643949
0.991213
0.264363
0.566341
0.971109
0.690166
0.346575
0.891273
0.139014
0.867378
0.940331
0.483494
0.626544
0.580543
0.513281
0.779856
0.626544
0.749684
0.958545
0.947760
0.057717
0.991213
0.441715
0.907293
0.727244
0.300471
0.491556
0.958545
0.704484
0.364456
0.836720
0.049040
0.704484
0.134742
0.505064
0.816691
0.821730
0.922090
0.940331
0.353229
0.082732
0.273514
0.855893
0.713075
0.535389
0.183833
0.394742
0.470257
0.580543
0.571972
0.006447
0.927324
0.713075
0.766291
0.505064
0.580543
0.037099
0.226757
0.223587
0.183833
0.401971
0.208158
0.454542
0.119859
0.211153
0.233315
0.218844
0.470257
0.574890
0.275424
0.571972
0.163153
0.620815
0.589144
0.829282
0.044581
0.068911
0.382926
0.962240
0.357661
0.580543
0.821730
0.635244
0.848789
0.658394
0.470257
0.513281
0.626544
0.434080
0.779856
0.344325
0.406779
0.521553
0.163153
0.713075
0.251967
0.922090
0.258960
0.406779
0.884948
0.580543
0.446787
0.030518
0.035180
0.874110
0.441715
0.626544
0.275424
0.023508
0.566341
0.029982
0.322949
0.727244
0.580543
0.130653
0.771705
0.672823
0.491556
0.940331
0.891273
0.478214
0.429087
0.208158
0.103042
0.612135
0.891273
0.021656
0.300471
0.535389
0.774492
0.986757
0.139014
0.141156
0.996919
0.855893
0.357661
0.735726
0.998868
0.566341
0.667094
0.540922
0.704484
0.695863
0.901408
0.203680
0.429087
0.535389
0.535389
0.513281
0.478214
0.940331
0.690166
0.340005
0.744157
0.947760
0.075538
0.505064
0.643949
0.821730
0.626544
0.626544
0.744157
0.580543
0.956001
0.441715
0.580543
0.766291
0.045761
0.649688
0.787927
0.704484
0.401971
0.357661
0.836720
0.998868
0.848789
0.279144
0.357661
0.390021
0.935597
0.787927
0.612135
0.107244
0.018883
0.695863
0.421575
0.375911
0.867378
0.414138
0.186540
0.269851
0.206623
0.749684
0.194957
0.580543
0.375911
0.681504
0.018368
0.649688
0.860501
0.170690
0.505064
0.766291
0.884948
0.478214
0.000516
0.841556
0.199280
0.049040
0.884948
0.721628
0.183833
0.269851
0.187953
0.758020
0.066084
0.380525
0.382926
0.612135
0.557828
0.658394
0.821730
0.462365
0.951979
0.072465
0.643949
0.039801
0.867378
0.505064
0.449423
0.092008
0.129613
0.626544
0.139014
0.155897
0.023508
0.821730
0.836720
0.387593
0.505064
0.491556
0.454542
0.072465
0.032199
0.855893
0.891273
0.901408
0.109849
0.371333
0.147829
0.635244
0.203680
0.067775
0.322949
0.107244
0.681504
0.821730
0.801128
0.078727
0.306500
0.102197
0.454542
0.557828
0.327120
0.994555
0.860501
0.571972
0.589144
0.884948
0.940331
0.836720
0.658394
0.771705
0.173237
0.406779
0.375911
0.300471
0.426518
0.245003
0.612135
0.821730
0.079397
0.014711
0.535389
0.050328
0.135818
0.390021
0.766291
0.580543
0.629509
0.275424
0.031348
0.394742
0.454542
0.340005
0.264363
0.727244
0.994555
0.434080
0.801128
0.009277
0.808960
0.147829
0.478214
0.580543
0.310521
0.513281
0.505064
0.704484
0.612135
0.310521
0.513281
0.090535
0.371333
0.157114
0.057717
0.727244
0.199280
0.603471
0.199280
0.735726
0.758020
0.340005
0.499678
0.211153
0.462365
0.580543
0.916674
0.727244
0.991213
0.264363
0.382926
0.735726
0.401971
0.891273
0.658394
0.454542
0.279144
0.010009
0.236593
0.177160
0.390021
0.974087
0.704484
0.306500
0.059212
0.681504
0.962240
0.333520
0.704484
0.829282
0.041952
0.667094
0.114294
0.300471
0.867378
0.505064
0.226757
0.449423
0.978604
0.690166
0.121744
0.294528
0.855893
0.580543
0.821730
0.935597
0.147829
0.801128
0.521553
0.927324
0.049040
0.721628
0.163153
0.681504
0.557828
0.406779
0.499678
0.571972
0.241635
0.250182
0.580543
0.333520
0.535389
0.672823
0.855893
0.907293
0.375911
0.166886
0.907293
0.867378
0.049040
0.704484
0.848789
0.962240
0.713075
0.841556
0.713075
0.927324
0.557828
0.984769
0.658394
0.387593
0.891273
0.322949
0.612135
0.658394
0.713075
0.316692
0.704484
0.051648
0.429087
0.672823
0.007032
0.401971
0.922090
0.496903
0.727244
0.704484
0.589144
0.192150
0.357661
0.612135
0.927324
0.986757
0.836720
0.860501
0.658394
0.603471
0.635244
0.658394
0.967937
0.922090
0.836720
0.401971
0.744157
0.836720
0.446787
0.681504
0.672823
0.626544
0.012317
0.165605
0.159490
0.181158
0.401971
0.940331
0.350951
0.449423
0.269851
0.346575
0.264363
0.079397
0.177160
0.971109
0.344325
0.032771
0.580543
0.414138
0.300471
0.441715
0.505064
0.406779
0.940331
0.787927
0.635244
0.951979
0.329292
0.124654
0.940331
0.454542
0.505064
0.082732
0.801128
0.350951
0.907293
0.907293
0.874110
0.223587
0.496903
0.260793
0.340005
0.749684
0.470257
0.245003
0.121744
0.066084
0.159490
0.620815
0.808960
0.643949
0.340005
0.727244
0.727244
0.626544
0.801128
0.038764
0.112510
0.867378
0.264363
0.327120
0.971109
0.446787
0.922090
0.521553
0.848789
0.884948
0.008436
0.382926
0.002255
0.874110
0.771705
0.491556
0.766291
0.121744
0.951979
0.891273
0.055312
0.499678
0.907293
0.483494
0.000000
0.951979
0.166886
0.848789
0.612135
0.704484
0.643949
