0.031348
0.649688
0.513281
0.414138
0.096609
0.228410
0.758020
0.855893
0.135818
0.907293
0.153566
0.513281
0.112510
0.816691
0.744157
0.434080
0.535389
0.340005
0.496903
0.306500
0.681504
0.294528
0.316692
0.316692
0.187953
0.771705
0.801128
0.766291
0.421575
0.505064
0.260793
0.951979
0.848789
0.580543
0.612135
0.170690
0.082732
0.462365
0.566341
0.518727
0.549354
0.513281
0.454542
0.549354
0.940331
0.013276
0.927324
0.382926
0.475494
0.050328
0.922090
0.421575
0.867378
0.231634
0.808960
0.049040
0.649688
0.255445
0.441715
0.340005
0.643949
0.658394
0.962240
0.414138
0.672823
0.208158
0.220452
0.603471
0.228410
0.255445
0.735726
0.855893
0.758020
0.003039
0.092778
0.033659
0.144460
0.986757
0.814067
0.094284
0.382926
0.340005
0.787927
0.907293
0.787927
0.589144
0.549354
0.357661
0.947760
0.107244
0.255445
0.962240
0.901408
0.821730
0.735726
0.387593
0.109849
0.658394
0.019768
0.505064
0.935597
0.935597
0.364456
0.483494
0.758020
0.884948
0.117048
0.491556
0.535389
0.808960
0.552238
0.203680
0.470257
0.104694
0.787927
0.907293
0.129613
0.951979
0.947760
0.236593
0.855893
0.566341
0.848789
0.643949
0.362130
0.940331
0.884948
0.499678
0.260793
0.340005
0.333520
0.793201
0.649688
0.713075
0.139014
0.375911
0.951979
0.100580
0.535389
0.100580
0.000262
0.658394
0.848789
0.177160
0.236593
0.713075
0.667094
0.571972
0.940331
0.144460
0.141156
0.344325
0.441715
0.001310
0.246759
0.275424
0.470257
0.884948
0.294528
0.103042
0.540922
0.713075
0.177160
0.667094
0.984769
0.580543
0.713075
0.470257
0.860501
0.667094
0.264363
0.735726
0.989675
0.603471
0.735726
0.540922
0.449423
0.203680
0.535389
0.141156
0.044581
0.491556
0.795913
0.475494
0.690166
0.246759
0.649688
0.454542
0.927324
0.001588
0.329292
0.681504
0.496903
0.821730
0.161896
0.735726
0.044980
0.181158
0.387593
0.880693
0.344325
0.028409
0.766291
0.922090
0.672823
0.049040
0.821730
0.836720
0.139014
0.153566
0.672823
0.036127
0.749684
0.421575
0.203680
0.612135
0.994555
0.549354
0.681504
0.535389
0.557828
0.867378
0.114294
0.144460
0.566341
0.758020
0.499678
0.521553
0.462365
0.041578
0.401971
0.808960
0.521553
0.020692
0.144460
0.255445
0.449423
0.275424
0.735726
0.009546
0.077446
0.333520
0.300471
0.449423
0.429087
0.652656
0.163153
0.169385
0.658394
0.971109
0.801128
0.203680
0.557828
0.713075
0.255445
0.816691
0.721628
0.557828
0.935597
0.009277
0.635244
0.166886
0.141156
0.300471
0.441715
0.258960
0.758020
0.758020
0.364456
0.409279
0.382926
0.589144
0.681504
0.409279
0.382926
0.401971
0.897436
0.667094
0.082732
0.589144
0.704484
0.011640
0.681504
0.690166
0.626544
0.203680
0.779856
0.821730
0.891273
0.535389
0.033659
0.177160
0.704484
0.947760
0.088340
0.153566
0.406779
0.841556
0.907293
0.449423
0.019768
0.901408
0.867378
0.626544
0.499678
0.186540
0.163153
0.580543
0.727244
0.414138
0.916674
0.279144
0.375911
0.594827
0.594827
0.150086
0.012907
0.922090
0.758020
0.223587
0.848789
0.836720
0.199280
0.766291
0.867378
0.940331
0.426518
0.704484
0.543791
0.916674
0.535389
0.808960
0.779856
0.483494
0.096609
0.884948
0.766291
0.296545
0.053907
0.901408
0.962240
0.462365
0.535389
0.848789
0.727244
0.107244
0.635244
0.211153
0.635244
0.658394
0.284858
0.478214
0.088340
0.491556
0.836720
0.901408
0.998463
0.421575
0.916674
0.454542
0.173237
0.159490
0.793201
0.364456
0.874110
0.848789
0.462365
0.620815
0.215763
0.981075
0.153566
0.177160
0.021268
0.009546
0.974087
0.483494
0.121744
0.793201
0.913005
0.672823
0.173237
0.223587
0.491556
0.603471
0.241635
0.808960
0.594827
0.007739
0.017866
0.916674
0.808960
0.667094
0.860501
0.284858
0.371333
0.513281
0.306500
0.206623
0.557828
0.841556
0.672823
0.848789
0.049040
0.713075
0.649688
0.401971
0.208158
0.589144
0.580543
0.096609
0.690166
0.153566
0.029186
0.997586
0.414138
0.094284
0.019768
0.483494
0.064431
0.057717
0.025274
0.483494
0.935597
0.571972
0.867378
0.713075
0.211153
0.049040
0.109849
0.549354
0.063362
0.612135
0.070668
0.007168
0.449423
0.695863
0.475494
0.935597
0.836720
0.543791
0.974087
0.080707
0.429087
0.147829
0.382926
0.119859
0.991213
0.382926
0.409279
0.316692
0.192150
0.808960
0.735726
0.483494
0.084803
0.199280
0.144460
0.346575
0.074303
0.034568
0.117048
0.891273
0.096609
0.947760
0.681504
0.098170
0.119859
0.401971
0.141156
0.626544
0.996919
0.375911
0.132684
0.475494
0.580543
0.543791
0.922090
0.766291
0.513281
0.801128
0.505064
0.867378
0.255445
0.603471
0.907293
0.027164
0.971109
0.643949
0.891273
0.327120
0.139014
0.033659
0.986757
0.867378
0.603471
0.107244
0.675784
0.718717
0.922090
0.704484
0.513281
0.947760
0.867378
0.429087
0.927324
0.997586
0.173237
0.312615
0.279144
0.350951
0.549354
0.867378
0.974087
0.566341
0.787927
0.231634
0.070668
0.470257
0.100580
0.052535
0.643949
0.771705
0.394742
0.821730
0.690166
0.401971
0.072465
0.290658
0.566341
0.290658
0.704484
0.635244
0.713075
0.535389
0.766291
0.478214
0.667094
0.535389
0.382926
0.962240
0.855893
0.617854
0.187953
0.916674
0.907293
0.454542
0.563435
0.801128
0.346575
0.829282
0.867378
0.704484
0.922090
0.951979
0.211153
0.483494
0.449423
0.269851
0.483494
0.808960
0.462365
0.203680
0.409279
0.848789
0.749684
0.394742
0.346575
0.612135
0.284858
0.922090
0.169385
0.580543
0.735726
0.340005
0.935597
0.052535
