0.681504
0.713075
0.704484
0.635244
0.801128
0.735726
0.491556
0.907293
0.744157
0.441715
0.672823
0.690166
0.635244
0.829282
0.971109
0.436675
0.153566
0.994555
0.549354
0.382926
0.426518
0.643949
0.196422
0.891273
0.513281
0.067775
0.766291
0.836720
0.704484
0.025731
0.907293
0.958545
0.978604
0.375911
0.187953
0.704484
0.580543
0.603471
0.841556
0.829282
0.340005
0.228410
0.290658
0.357661
0.340005
0.483494
0.040498
0.922090
0.190711
0.535389
0.483494
0.612135
0.016902
0.967937
0.965738
0.401971
0.026438
0.215763
0.891273
0.962240
0.300471
0.121744
0.951979
0.580543
0.312615
0.735726
0.483494
0.971109
0.681504
0.643949
0.031906
0.340005
0.801128
0.922090
0.801128
0.749684
0.907293
0.527033
0.122729
0.329292
0.635244
0.635244
0.690166
0.056256
0.119859
0.228410
0.557828
0.640981
0.735726
0.652656
0.695863
0.658394
0.635244
0.718717
0.758020
0.566341
0.020886
0.566341
0.766291
0.557828
0.667094
0.312615
0.795913
0.935597
0.580543
0.306500
0.658394
0.821730
0.735726
0.580543
0.078727
0.421575
0.521553
0.766291
0.766291
0.279144
0.132684
0.406779
0.103042
0.829282
0.829282
0.255445
0.329292
0.956001
0.594827
0.580543
0.848789
0.884948
0.220452
0.779856
0.183833
0.907293
0.194957
0.681504
0.371333
0.907293
0.112510
0.406779
0.015845
0.535389
0.082732
0.159490
0.821730
0.675784
0.159490
0.371333
0.713075
0.667094
0.454542
0.855893
0.211153
0.848789
0.046970
0.166886
0.211153
0.535389
0.727244
0.527033
0.557828
0.626544
0.597771
0.513281
0.672823
0.475494
0.649688
0.491556
0.505064
0.698805
0.375911
0.135818
0.434080
0.589144
0.000682
0.454542
0.284858
0.088340
0.787927
0.927324
0.867378
0.387593
0.018883
0.922090
0.316692
0.989675
0.795913
0.620815
0.690166
0.855893
0.589144
0.414138
0.414138
0.220452
0.681504
0.034568
0.884948
0.194957
0.255445
0.667094
0.084803
0.505064
0.884948
0.848789
0.409279
0.867378
0.269851
0.540922
0.658394
0.997586
0.626544
0.004868
0.375911
0.132684
0.848789
0.491556
0.483494
0.153566
0.735726
0.935597
0.643949
0.749684
0.194957
0.643949
0.690166
0.119859
0.704484
0.223587
0.658394
0.340005
0.744157
0.787927
0.206623
0.144460
0.749684
0.841556
0.206623
0.589144
0.557828
0.829282
0.603471
0.429087
0.409279
0.535389
0.068911
0.246759
0.236593
0.727244
0.922090
0.552238
0.290658
0.296545
0.594827
0.141156
0.521553
0.766291
0.215763
0.617854
0.829282
0.962240
0.974087
0.294528
0.050328
0.704484
0.681504
0.368979
0.535389
0.329292
0.513281
0.231634
0.186540
0.275424
0.603471
0.749684
0.340005
0.049040
0.535389
0.787927
0.454542
0.401971
0.589144
0.867378
0.284858
0.013276
0.962240
0.350951
0.346575
0.187953
0.049040
0.434080
0.434080
0.316692
0.635244
0.735726
0.635244
0.735726
0.118894
0.690166
0.179787
0.357661
0.549354
0.771705
0.177160
0.187953
0.048208
0.084803
0.848789
0.874110
0.013276
0.496903
0.744157
0.114294
0.135818
0.667094
0.088340
0.848789
0.704484
0.801128
0.011425
0.255445
0.491556
0.070668
0.901408
0.635244
0.260793
0.681504
0.589144
0.454542
0.024596
0.022875
0.658394
0.264363
0.801128
0.483494
0.454542
0.074303
0.808960
0.279144
0.496903
0.246759
0.340005
0.690166
0.589144
0.991213
0.316692
0.001636
0.499678
0.462365
0.011425
0.028409
0.306500
0.000310
0.848789
0.375911
0.951979
0.228410
0.735726
0.916674
0.505064
0.549354
0.571972
0.462365
0.793201
0.978604
0.042685
0.306500
0.658394
0.801128
0.375911
0.088340
0.801128
0.499678
0.090535
0.971109
0.821730
0.735726
0.042685
0.821730
0.007239
0.218844
0.922090
0.179787
0.540922
0.122729
0.766291
0.735726
0.521553
0.774492
0.264363
0.199280
0.513281
0.735726
0.867378
0.848789
0.635244
0.177160
0.649688
0.884948
0.801128
0.449423
0.543791
0.821730
0.962240
0.350951
0.340005
0.088340
0.491556
0.891273
0.129613
0.735726
0.177160
0.001494
0.922090
0.566341
0.041578
0.169385
0.540922
0.848789
0.713075
0.241635
0.935597
0.357661
0.994555
0.589144
0.454542
0.935597
0.390021
0.429087
0.333520
0.041578
0.658394
0.269851
0.211153
0.860501
0.612135
0.603471
0.891273
0.250182
0.913005
0.589144
0.986757
0.119859
0.000021
0.901408
0.981075
0.008597
0.350951
0.255445
0.735726
0.275424
0.658394
0.557828
0.082732
0.626544
0.643949
0.470257
0.901408
0.117048
0.695863
0.566341
0.151265
0.626544
0.300471
0.025970
0.603471
0.421575
0.698805
0.072465
0.181158
0.449423
0.779856
0.549354
0.771705
0.019768
0.006325
0.169385
0.027908
0.080707
0.571972
0.867378
0.958545
0.462365
0.284858
0.681504
0.300471
0.527033
0.483494
0.884948
0.260793
0.470257
0.375911
0.766291
0.643949
0.922090
0.035500
0.836720
0.758020
0.867378
0.841556
0.580543
0.144460
0.401971
0.333520
0.978604
0.916674
0.801128
0.454542
0.190711
0.535389
0.589144
0.306500
0.848789
0.721628
0.223587
0.401971
0.860501
0.045761
0.801128
0.269851
0.401971
0.681504
0.130653
0.681504
0.681504
0.454542
0.192150
0.704484
0.821730
0.829282
0.429087
0.901408
0.672823
0.005262
0.808960
0.589144
0.603471
0.589144
0.801128
0.626544
0.829282
0.635244
0.505064
0.667094
0.658394
0.543791
0.475494
0.974087
0.406779
0.907293
0.021859
0.000025
0.015128
0.841556
0.449423
0.779856
0.364456
0.483494
0.643949
0.094284
0.264363
0.779856
0.612135
0.505064
0.155897
0.279144
0.947760
0.163153
0.779856
0.891273
0.284858
0.620815
0.884948
0.907293
0.478214
0.626544
0.211153
0.264363
0.236593
