0.589144
0.626544
0.505064
0.434080
0.505064
0.132684
0.470257
0.241635
0.771705
0.801128
0.527033
0.986757
0.855893
0.306500
0.580543
0.340005
0.206623
0.000872
0.255445
0.681504
0.007168
0.203680
0.053907
0.166886
0.223587
0.353229
0.535389
0.897436
0.284858
0.002443
0.020692
0.749684
0.527033
0.441715
0.758020
0.375911
0.421575
0.667094
0.779856
0.183833
0.441715
0.031348
0.795913
0.483494
0.848789
0.505064
0.368979
0.364456
0.727244
0.727244
0.884948
0.603471
0.758020
0.320806
0.643949
0.401971
0.406779
0.505064
0.009104
0.357661
0.922090
0.947760
0.580543
0.735726
0.667094
0.080707
0.255445
0.821730
0.766291
0.441715
0.394742
0.401971
0.414138
0.867378
0.649688
0.735726
0.016139
0.540922
0.236593
0.406779
0.620815
0.421575
0.266225
0.994555
0.109849
0.166886
0.758020
0.916674
0.643949
0.375911
0.727244
0.829282
0.206623
0.635244
0.916674
0.187953
0.848789
0.187953
0.449423
0.916674
0.808960
0.735726
0.228410
0.690166
0.771705
0.491556
0.153566
0.346575
0.333520
0.557828
0.284858
0.300471
0.727244
0.698805
0.139014
0.635244
0.947760
0.907293
0.273514
0.505064
0.310521
0.223587
0.589144
0.749684
0.744157
0.884948
0.491556
0.401971
0.223587
0.962240
0.103042
0.855893
0.177160
0.698805
0.758020
0.735726
0.275424
0.375911
0.449423
0.255445
0.549354
0.713075
0.192150
0.470257
0.713075
0.312615
0.409279
0.153566
0.470257
0.478214
0.454542
0.190711
0.147829
0.316692
0.300471
0.513281
0.483494
0.836720
0.147829
0.958545
0.658394
0.059212
0.382926
0.603471
0.978604
0.848789
0.310521
0.441715
0.991213
0.612135
0.667094
0.766291
0.491556
0.947760
0.491556
0.322949
0.935597
0.426518
0.884948
0.306500
0.043818
0.190711
0.787927
0.194957
0.033659
0.340005
0.713075
0.290658
0.255445
0.135818
0.177160
0.749684
0.594827
0.007593
0.255445
0.603471
0.236593
0.808960
0.643949
0.913005
0.667094
0.667094
0.231634
0.499678
0.855893
0.304435
0.258960
0.787927
0.310521
0.690166
0.483494
0.771705
0.635244
0.603471
0.758020
0.543791
0.306500
0.228410
0.375911
0.801128
0.808960
0.103042
0.947760
0.192150
0.947760
0.513281
0.368979
0.346575
0.250182
0.084803
0.935597
0.368979
0.690166
0.357661
0.991213
0.557828
0.649688
0.300471
0.681504
0.874110
0.916674
0.018368
0.233315
0.727244
0.322949
0.635244
0.058699
0.211153
0.658394
0.037099
0.735726
0.594827
0.215763
0.518727
0.779856
0.123655
0.177160
0.626544
0.513281
0.749684
0.103042
0.713075
0.891273
0.155897
0.735726
0.449423
0.603471
0.771705
0.037099
0.635244
0.470257
0.672823
0.394742
0.121744
0.273514
0.169385
0.166886
0.112510
0.004868
0.557828
0.496903
0.401971
0.907293
0.597771
0.340005
0.236593
0.779856
0.194957
0.635244
0.300471
0.643949
0.022258
0.841556
0.394742
0.483494
0.284858
0.951979
0.362130
0.028409
0.758020
0.787927
0.057717
0.848789
0.698805
0.779856
0.449423
0.144460
0.848789
0.409279
0.357661
0.962240
0.713075
0.046970
0.884948
0.375911
0.620815
0.421575
0.190711
0.771705
0.421575
0.994555
0.441715
0.183833
0.787927
0.787927
0.290658
0.787927
0.735726
0.649688
0.841556
0.040498
0.441715
0.758020
0.681504
0.316692
0.535389
0.019768
0.749684
0.907293
0.115226
0.951979
0.401971
0.620815
0.132684
0.779856
0.787927
0.035180
0.874110
0.971109
0.382926
0.434080
0.922090
0.000034
0.907293
0.150086
0.364456
0.163153
0.735726
0.821730
0.727244
0.935597
0.801128
0.816691
0.947760
0.483494
0.300471
0.194957
0.667094
0.284858
0.779856
0.364456
0.848789
0.841556
0.300471
0.940331
0.658394
0.027908
0.340005
0.643949
0.346575
0.441715
0.821730
0.901408
0.000249
0.446787
0.901408
0.603471
0.535389
0.735726
0.483494
0.015845
0.018368
0.063362
0.867378
0.177160
0.681504
0.594827
0.322949
0.735726
0.867378
0.421575
0.316692
0.199280
0.322949
0.364456
0.989675
0.681504
0.958545
0.045761
0.626544
0.860501
0.107244
0.771705
0.962240
0.088340
0.978604
0.072465
0.226757
0.067775
0.306500
0.306500
0.255445
0.462365
0.557828
0.922090
0.051648
0.215763
0.744157
0.513281
0.322949
0.566341
0.421575
0.721628
0.157114
0.177160
0.535389
0.808960
0.513281
0.947760
0.971109
0.612135
0.187953
0.580543
0.901408
0.527033
0.978604
0.821730
0.266225
0.279144
0.658394
0.947760
0.475494
0.279144
0.153566
0.426518
0.535389
0.535389
0.260793
0.150086
0.183833
0.281082
0.612135
0.658394
0.368979
0.874110
0.597771
0.082732
0.401971
0.166886
0.821730
0.991213
0.190711
0.072465
0.566341
0.380525
0.163153
0.255445
0.047782
0.793201
0.704484
0.758020
0.891273
0.340005
0.483494
0.236593
0.841556
0.713075
0.758020
0.478214
0.316692
0.841556
0.848789
0.848789
0.808960
0.340005
0.589144
0.009277
0.841556
0.202171
0.454542
0.681504
0.727244
0.467559
0.704484
0.901408
0.916674
0.543791
0.086192
0.635244
0.499678
0.874110
0.913005
0.930673
0.829282
0.124654
0.543791
0.667094
0.124654
0.589144
0.766291
0.215763
0.333520
0.690166
0.147829
0.010298
0.907293
0.488801
0.513281
0.626544
0.236593
0.350951
0.527033
0.284858
0.940331
0.774492
0.721628
0.766291
0.006144
0.096609
0.483494
0.787927
0.183833
0.255445
0.004728
0.132684
0.096609
0.996919
0.260793
0.566341
0.329292
0.543791
0.037099
0.779856
0.620815
0.713075
0.211153
0.749684
0.371333
0.589144
0.375911
0.275424
0.521553
0.744157
0.382926
0.290658
0.589144
0.454542
0.364456
0.250182
0.513281
0.758020
0.406779
0.718717
0.215763
0.449423
0.557828
