0.134742
0.612135
0.004043
0.947760
0.779856
0.429087
0.322949
0.713075
0.766291
0.589144
0.070668
0.513281
0.505064
0.681504
0.527033
0.434080
0.958545
0.658394
0.462365
0.808960
0.300471
0.429087
0.264363
0.357661
0.066084
0.449423
0.505064
0.114294
0.841556
0.421575
0.310521
0.022875
0.462365
0.958545
0.147829
0.394742
0.635244
0.236593
0.478214
0.766291
0.801128
0.462365
0.549354
0.434080
0.090535
0.649688
0.429087
0.333520
0.132684
0.704484
0.713075
0.540922
0.132684
0.841556
0.829282
0.449423
0.132684
0.390021
0.658394
0.801128
0.141156
0.429087
0.981075
0.416665
0.829282
0.026438
0.141156
0.667094
0.513281
0.017866
0.580543
0.848789
0.779856
0.891273
0.589144
0.986757
0.491556
0.340005
0.163153
0.394742
0.549354
0.916674
0.032199
0.496903
0.002082
0.681504
0.589144
0.891273
0.735726
0.475494
0.429087
0.597771
0.073672
0.984769
0.470257
0.470257
0.566341
0.141156
0.157114
0.787927
0.250182
0.907293
0.080707
0.658394
0.580543
0.922090
0.612135
0.901408
0.916674
0.080707
0.364456
0.874110
0.264363
0.557828
0.787927
0.563435
0.333520
0.978604
0.046970
0.527033
0.434080
0.333520
0.603471
0.916674
0.801128
0.414138
0.801128
0.132684
0.801128
0.027164
0.801128
0.951979
0.021268
0.250182
0.808960
0.758020
0.867378
0.801128
0.513281
0.483494
0.387593
0.907293
0.672823
0.090535
0.978604
0.766291
0.475494
0.643949
0.294528
0.543791
0.940331
0.901408
0.999892
0.284858
0.589144
0.727244
0.874110
0.462365
0.362130
0.284858
0.199280
0.375911
0.713075
0.333520
0.513281
0.441715
0.406779
0.749684
0.223587
0.518727
0.658394
0.640981
0.816691
0.766291
0.681504
0.025274
0.320806
0.344325
0.603471
0.454542
0.513281
0.364456
0.916674
0.571972
0.821730
0.841556
0.617854
0.434080
0.132684
0.063362
0.007593
0.478214
0.713075
0.922090
0.470257
0.094284
0.612135
0.991213
0.713075
0.357661
0.316692
0.658394
0.612135
0.535389
0.387593
0.801128
0.119859
0.203680
0.401971
0.121744
0.672823
0.275424
0.333520
0.322949
0.483494
0.860501
0.429087
0.594827
0.557828
0.612135
0.612135
0.357661
0.951979
0.681504
0.891273
0.867378
0.505064
0.414138
0.007739
0.735726
0.962240
0.571972
0.758020
0.549354
0.350951
0.350951
0.860501
0.727244
0.006832
0.382926
0.483494
0.462365
0.035180
0.626544
0.483494
0.409279
0.250182
0.589144
0.019230
0.505064
0.878466
0.635244
0.462365
0.855893
0.449423
0.612135
0.478214
0.141156
0.368979
0.867378
0.766291
0.194957
0.816691
0.787927
0.132684
0.429087
0.496903
0.004372
0.758020
0.841556
0.986757
0.150086
0.491556
0.603471
0.922090
0.721628
0.695863
0.713075
0.749684
0.387593
0.002020
0.626544
0.535389
0.907293
0.626544
0.300471
0.771705
0.041578
0.535389
0.848789
0.014985
0.848789
0.927324
0.690166
0.153566
0.626544
0.704484
0.891273
0.713075
0.758020
0.571972
0.779856
0.421575
0.269851
0.620815
0.566341
0.735726
0.658394
0.406779
0.704484
0.787927
0.039801
0.771705
0.527033
0.070668
0.672823
0.269851
0.211153
0.382926
0.194957
0.690166
0.467559
0.766291
0.779856
0.855893
0.483494
0.192150
0.155897
0.589144
0.603471
0.635244
0.015409
0.713075
0.947760
0.821730
0.771705
0.704484
0.296545
0.658394
0.635244
0.635244
0.421575
0.874110
0.095811
0.454542
0.194957
0.704484
0.962240
0.000320
0.441715
0.626544
0.727244
0.346575
0.012317
0.346575
0.375911
0.457201
0.829282
0.173237
0.223587
0.801128
0.290658
0.294528
0.300471
0.795913
0.121744
0.382926
0.727244
0.557828
0.000846
0.190711
0.848789
0.867378
0.635244
0.603471
0.971109
0.226757
0.672823
0.491556
0.513281
0.958545
0.159490
0.173237
0.855893
0.211153
0.867378
0.441715
0.100580
0.406779
0.333520
0.527033
0.368979
0.867378
0.401971
0.100580
0.446787
0.340005
0.157114
0.375911
0.264363
0.135818
0.009104
0.382926
0.991213
0.163153
0.557828
0.940331
0.787927
0.098170
0.199280
0.787927
0.643949
0.421575
0.962240
0.429087
0.211153
0.001465
0.014985
0.643949
0.092778
0.260793
0.681504
0.667094
0.808960
0.414138
0.364456
0.603471
0.153566
0.375911
0.940331
0.322949
0.981075
0.749684
0.603471
0.626544
0.223587
0.264363
0.649688
0.306500
0.103042
0.290658
0.897436
0.635244
0.279144
0.695863
0.986757
0.255445
0.808960
0.821730
0.264363
0.470257
0.841556
0.884948
0.867378
0.704484
0.535389
0.841556
0.713075
0.350951
0.226757
0.075538
0.368979
0.535389
0.346575
0.658394
0.163153
0.884948
0.218844
0.245003
0.848789
0.566341
0.667094
0.144460
0.681504
0.203680
0.290658
0.078727
0.557828
0.635244
0.635244
0.698805
0.704484
0.068911
0.357661
0.635244
0.306500
0.891273
0.947760
0.571972
0.713075
0.050328
0.364456
0.258960
0.421575
0.779856
0.867378
0.749684
0.233315
0.841556
0.916674
0.350951
0.771705
0.513281
0.344325
0.250182
0.620815
0.206623
0.891273
0.535389
0.121744
0.022875
0.690166
0.727244
0.695863
0.543791
0.808960
0.250182
0.704484
0.571972
0.496903
0.922090
0.284858
0.062816
0.913005
0.836720
0.290658
0.151265
0.231634
0.344325
0.808960
0.635244
0.375911
0.779856
0.947760
0.626544
0.527033
0.698805
0.549354
0.483494
0.322949
0.340005
0.891273
0.364456
0.199280
0.250182
0.279144
0.735726
0.199280
0.462365
0.744157
0.643949
0.483494
0.470257
0.147829
0.056256
0.989675
0.250182
0.695863
0.603471
0.829282
0.962240
0.922090
0.462365
0.635244
0.499678
0.681504
0.141156
0.032199
0.194957
0.470257
0.787927
0.275424
0.690166
0.836720
0.597771
0.496903
