0.635244
0.279144
0.667094
0.855893
0.306500
0.062816
0.066084
0.251967
0.499678
0.867378
0.829282
0.658394
0.787927
0.483494
0.044581
0.860501
0.079397
0.022258
0.901408
0.250182
0.884948
0.874110
0.421575
0.698805
0.499678
0.166886
0.971109
0.245003
0.421575
0.483494
0.275424
0.382926
0.394742
0.218844
0.884948
0.454542
0.994555
0.766291
0.997586
0.603471
0.681504
0.258960
0.454542
0.006832
0.994555
0.027652
0.104694
0.594827
0.001922
0.446787
0.658394
0.284858
0.364456
0.841556
0.233315
0.454542
0.462365
0.414138
0.735726
0.744157
0.001774
0.475494
0.414138
0.505064
0.907293
0.333520
0.527033
0.901408
0.901408
0.364456
0.483494
0.658394
0.758020
0.795913
0.353229
0.223587
0.333520
0.779856
0.255445
0.787927
0.766291
0.017866
0.978604
0.246759
0.409279
0.194957
0.371333
0.124654
0.491556
0.962240
0.907293
0.821730
0.340005
0.421575
0.829282
0.704484
0.821730
0.867378
0.916674
0.603471
0.449423
0.735726
0.594827
0.421575
0.057717
0.470257
0.421575
0.401971
0.264363
0.505064
0.001865
0.867378
0.483494
0.007593
0.727244
0.300471
0.401971
0.284858
0.284858
0.429087
0.203680
0.056256
0.041578
0.449423
0.884948
0.935597
0.947760
0.109849
0.829282
0.690166
0.063362
0.962240
0.735726
0.897436
0.713075
0.841556
0.672823
0.535389
0.215763
0.967937
0.329292
0.368979
0.159490
0.855893
0.779856
0.907293
0.535389
0.513281
0.821730
0.153566
0.635244
0.727244
0.612135
0.322949
0.922090
0.026438
0.011106
0.981075
0.808960
0.690166
0.821730
0.704484
0.505064
0.758020
0.749684
0.704484
0.322949
0.241635
0.382926
0.860501
0.801128
0.003926
0.735726
0.211153
0.434080
0.092778
0.758020
0.922090
0.275424
0.211153
0.695863
0.401971
0.779856
0.103042
0.927324
0.681504
0.940331
0.029982
0.454542
0.612135
0.513281
0.375911
0.681504
0.462365
0.603471
0.549354
0.521553
0.057717
0.056256
0.141156
0.434080
0.181158
0.603471
0.037099
0.667094
0.024596
0.901408
0.350951
0.681504
0.801128
0.965738
0.211153
0.228410
0.409279
0.409279
0.580543
0.713075
0.007593
0.310521
0.401971
0.801128
0.749684
0.513281
0.001465
0.571972
0.329292
0.971109
0.891273
0.907293
0.228410
0.499678
0.023508
0.951979
0.766291
0.406779
0.441715
0.470257
0.735726
0.058699
0.779856
0.951979
0.382926
0.801128
0.749684
0.713075
0.927324
0.916674
0.121744
0.157114
0.571972
0.913005
0.744157
0.157114
0.146673
0.690166
0.566341
0.121744
0.635244
0.997586
0.758020
0.401971
0.346575
0.626544
0.855893
0.357661
0.965738
0.329292
0.008197
0.310521
0.096609
0.241635
0.264363
0.275424
0.048208
0.166886
0.635244
0.290658
0.109849
0.491556
0.137917
0.333520
0.177160
0.300471
0.037752
0.867378
0.375911
0.589144
0.635244
0.574890
0.626544
0.829282
0.787927
0.801128
0.998463
0.255445
0.643949
0.004288
0.086919
0.269851
0.744157
0.406779
0.935597
0.907293
0.635244
0.557828
0.505064
0.549354
0.922090
0.557828
0.557828
0.571972
0.821730
0.971109
0.626544
0.766291
0.340005
0.052535
0.922090
0.399498
0.958545
0.672823
0.635244
0.163153
0.215763
0.160731
0.907293
0.594827
0.620815
0.218844
0.290658
0.014711
0.891273
0.571972
0.284858
0.346575
0.991213
0.940331
0.264363
0.867378
0.387593
0.958545
0.571972
0.527033
0.713075
0.037752
0.891273
0.984769
0.557828
0.333520
0.357661
0.163153
0.236593
0.907293
0.901408
0.114294
0.695863
0.121744
0.930673
0.566341
0.874110
0.491556
0.025274
0.215763
0.375911
0.449423
0.364456
0.594827
0.202171
0.357661
0.617854
0.535389
0.787927
0.491556
0.603471
0.620815
0.496903
0.264363
0.177160
0.357661
0.312615
0.867378
0.199280
0.571972
0.721628
0.357661
0.984769
0.727244
0.016595
0.513281
0.690166
0.037752
0.067775
0.300471
0.557828
0.744157
0.901408
0.816691
0.557828
0.758020
0.260793
0.177160
0.429087
0.394742
0.713075
0.749684
0.603471
0.441715
0.255445
0.681504
0.513281
0.649688
0.475494
0.100580
0.727244
0.855893
0.037099
0.841556
0.454542
0.891273
0.022258
0.022875
0.426518
0.236593
0.829282
0.681504
0.848789
0.635244
0.994555
0.935597
0.462365
0.082732
0.382926
0.787927
0.801128
0.672823
0.951979
0.362130
0.155897
0.635244
0.165605
0.935597
0.580543
0.916674
0.916674
0.015845
0.787927
0.449423
0.306500
0.434080
0.290658
0.681504
0.816691
0.816691
0.518727
0.749684
0.935597
0.841556
0.713075
0.401971
0.795913
0.426518
0.421575
0.540922
0.640981
0.617854
0.867378
0.513281
0.483494
0.245003
0.107244
0.250182
0.635244
0.322949
0.580543
0.549354
0.527033
0.552238
0.690166
0.112510
0.749684
0.727244
0.626544
0.449423
0.643949
0.491556
0.075538
0.226757
0.258960
0.344325
0.821730
0.344325
0.891273
0.088340
0.907293
0.241635
0.483494
0.269851
0.727244
0.181158
0.901408
0.177160
0.129613
0.635244
0.727244
0.658394
0.787927
0.199280
0.967937
0.681504
0.521553
0.658394
0.183833
0.658394
0.940331
0.867378
0.077446
0.672823
0.088340
0.535389
0.475494
0.177160
0.771705
0.713075
0.001922
0.022258
0.449423
0.907293
0.061772
0.735726
0.070668
0.867378
0.025274
0.704484
0.017063
0.848789
0.316692
0.505064
0.951979
0.462365
0.535389
0.649688
0.483494
0.269851
0.421575
0.284858
0.187953
0.300471
0.483494
0.513281
0.974087
0.603471
0.589144
0.571972
0.505064
0.867378
0.529876
0.475494
0.749684
0.766291
0.475494
0.401971
0.380525
0.897436
0.061772
0.681504
0.801128
0.675784
0.867378
0.749684
0.269851
0.401971
0.346575
0.079397
0.867378
0.658394
0.329292
