0.626544
0.841556
0.483494
0.340005
0.821730
0.649688
0.891273
0.150086
0.173237
0.855893
0.499678
0.483494
0.312615
0.505064
0.144460
0.236593
0.246759
0.187953
0.045761
0.371333
0.401971
0.499678
0.470257
0.594827
0.808960
0.635244
0.441715
0.218844
0.449423
0.281082
0.364456
0.139014
0.626544
0.690166
0.566341
0.667094
0.727244
0.075538
0.793201
0.758020
0.749684
0.658394
0.704484
0.003455
0.947760
0.640981
0.808960
0.434080
0.340005
0.658394
0.589144
0.046970
0.808960
0.727244
0.103042
0.462365
0.394742
0.557828
0.021859
0.978604
0.527033
0.421575
0.640981
0.867378
0.549354
0.974087
0.643949
0.771705
0.704484
0.233315
0.454542
0.008197
0.758020
0.612135
0.603471
0.296545
0.290658
0.470257
0.787927
0.228410
0.394742
0.829282
0.749684
0.353229
0.540922
0.758020
0.543791
0.436675
0.491556
0.454542
0.718717
0.848789
0.223587
0.003666
0.681504
0.808960
0.801128
0.022875
0.771705
0.667094
0.681504
0.549354
0.147829
0.571972
0.821730
0.196422
0.758020
0.635244
0.269851
0.357661
0.109849
0.612135
0.483494
0.340005
0.375911
0.635244
0.690166
0.449423
0.434080
0.984769
0.855893
0.766291
0.462365
0.020130
0.187953
0.483494
0.821730
0.658394
0.672823
0.891273
0.135818
0.364456
0.735726
0.996919
0.690166
0.808960
0.981075
0.518727
0.505064
0.836720
0.735726
0.821730
0.801128
0.735726
0.612135
0.612135
0.907293
0.449423
0.566341
0.300471
0.135818
0.329292
0.867378
0.874110
0.300471
0.426518
0.658394
0.499678
0.017063
0.206623
0.874110
0.294528
0.357661
0.801128
0.105557
0.505064
0.006511
0.557828
0.698805
0.787927
0.449423
0.612135
0.635244
0.215763
0.037099
0.454542
0.013909
0.114294
0.199280
0.505064
0.603471
0.119859
0.867378
0.589144
0.566341
0.749684
0.483494
0.527033
0.801128
0.021268
0.000411
0.749684
0.841556
0.907293
0.246759
0.958545
0.667094
0.690166
0.103042
0.535389
0.695863
0.223587
0.304435
0.228410
0.566341
0.364456
0.441715
0.357661
0.082732
0.169385
0.589144
0.147829
0.470257
0.117048
0.441715
0.346575
0.681504
0.901408
0.589144
0.787927
0.801128
0.971109
0.258960
0.672823
0.166886
0.483494
0.513281
0.462365
0.333520
0.612135
0.454542
0.603471
0.092778
0.891273
0.429087
0.884948
0.181158
0.269851
0.713075
0.635244
0.635244
0.612135
0.002082
0.557828
0.643949
0.491556
0.867378
0.462365
0.269851
0.401971
0.382926
0.483494
0.264363
0.549354
0.867378
0.002189
0.681504
0.543791
0.255445
0.223587
0.867378
0.580543
0.072465
0.626544
0.007032
0.916674
0.279144
0.166886
0.897436
0.127623
0.228410
0.050328
0.089781
0.165605
0.269851
0.163153
0.994555
0.401971
0.000193
0.986757
0.766291
0.357661
0.867378
0.808960
0.695863
0.449423
0.884948
0.294528
0.626544
0.981075
0.874110
0.255445
0.549354
0.571972
0.239907
0.079397
0.841556
0.978604
0.891273
0.667094
0.779856
0.721628
0.357661
0.527033
0.978604
0.793201
0.947760
0.801128
0.874110
0.462365
0.139014
0.617854
0.470257
0.907293
0.250182
0.284858
0.620815
0.962240
0.109849
0.735726
0.173237
0.275424
0.499678
0.255445
0.414138
0.103042
0.491556
0.821730
0.037099
0.401971
0.499678
0.907293
0.795913
0.947760
0.758020
0.771705
0.141156
0.935597
0.557828
0.364456
0.141156
0.288671
0.922090
0.878466
0.067775
0.090535
0.038764
0.571972
0.779856
0.132684
0.505064
0.483494
0.695863
0.264363
0.947760
0.029186
0.612135
0.233315
0.159490
0.704484
0.025274
0.603471
0.462365
0.275424
0.867378
0.521553
0.310521
0.179787
0.571972
0.821730
0.346575
0.930673
0.304435
0.571972
0.353229
0.015845
0.505064
0.163153
0.867378
0.978604
0.322949
0.704484
0.401971
0.658394
0.387593
0.375911
0.735726
0.626544
0.000829
0.779856
0.011425
0.793201
0.375911
0.211153
0.382926
0.049040
0.571972
0.017063
0.848789
0.874110
0.267971
0.505064
0.005687
0.907293
0.375911
0.801128
0.496903
0.057717
0.040864
0.735726
0.821730
0.322949
0.965738
0.382926
0.027164
0.643949
0.236593
0.612135
0.414138
0.527033
0.429087
0.092008
0.141156
0.571972
0.255445
0.513281
0.635244
0.446787
0.025274
0.951979
0.414138
0.672823
0.139014
0.127623
0.044581
0.672823
0.070668
0.290658
0.034568
0.801128
0.491556
0.557828
0.779856
0.891273
0.414138
0.047782
0.190711
0.346575
0.364456
0.228410
0.020692
0.571972
0.284858
0.316692
0.088340
0.779856
0.290658
0.368979
0.589144
0.505064
0.981075
0.166886
0.434080
0.927324
0.580543
0.681504
0.617854
0.015845
0.612135
0.874110
0.690166
0.279144
0.139014
0.132684
0.771705
0.867378
0.000779
0.185229
0.704484
0.284858
0.787927
0.916674
0.589144
0.290658
0.557828
0.766291
0.215763
0.793201
0.897436
0.617854
0.735726
0.735726
0.916674
0.364456
0.735726
0.017378
0.913005
0.037099
0.681504
0.499678
0.434080
0.109849
0.612135
0.727244
0.718717
0.940331
0.667094
0.306500
0.084092
0.357661
0.801128
0.218844
0.022466
0.829282
0.163153
0.816691
0.617854
0.907293
0.269851
0.612135
0.829282
0.406779
0.874110
0.426518
0.382926
0.580543
0.978604
0.635244
0.050328
0.109849
0.008847
0.649688
0.173237
0.612135
0.704484
0.808960
0.023508
0.635244
0.527033
0.236593
0.855893
0.414138
0.211153
0.658394
0.989675
0.375911
0.513281
0.704484
0.901408
0.855893
0.290658
0.454542
0.766291
0.635244
0.294528
0.096609
0.426518
0.454542
0.202171
0.211153
0.228410
0.031348
0.766291
0.441715
0.124654
0.441715
0.322949
0.001809
0.462365
0.284858
0.368979
0.518727
0.496903
0.566341
0.758020
0.652656
