0.496903
0.580543
0.984769
0.080707
0.357661
0.483494
0.000077
0.758020
0.867378
0.027908
0.173237
0.535389
0.935597
0.300471
0.779856
0.848789
0.978604
0.340005
0.333520
0.190711
0.681504
0.713075
0.891273
0.681504
0.965738
0.382926
0.505064
0.947760
0.962240
0.901408
0.012317
0.603471
0.029186
0.470257
0.704484
0.390021
0.821730
0.867378
0.119859
0.635244
0.787927
0.090535
0.557828
0.658394
0.690166
0.039801
0.082732
0.194957
0.002255
0.690166
0.951979
0.310521
0.382926
0.704484
0.735726
0.096609
0.375911
0.974087
0.667094
0.821730
0.649688
0.022258
0.667094
0.779856
0.860501
0.821730
0.223587
0.353229
0.401971
0.264363
0.098985
0.192150
0.884948
0.344325
0.470257
0.727244
0.414138
0.848789
0.829282
0.364456
0.958545
0.549354
0.513281
0.935597
0.350951
0.994555
0.007593
0.603471
0.540922
0.462365
0.991213
0.649688
0.401971
0.744157
0.935597
0.441715
0.603471
0.199280
0.901408
0.626544
0.690166
0.566341
0.787927
0.566341
0.935597
0.991213
0.951979
0.394742
0.535389
0.884948
0.063362
0.801128
0.177160
0.491556
0.197797
0.364456
0.998868
0.626544
0.475494
0.279144
0.681504
0.735726
0.426518
0.994555
0.475494
0.681504
0.787927
0.821730
0.801128
0.119859
0.901408
0.218844
0.916674
0.971109
0.322949
0.025731
0.475494
0.779856
0.329292
0.215763
0.779856
0.340005
0.951979
0.801128
0.704484
0.735726
0.721628
0.446787
0.658394
0.801128
0.635244
0.394742
0.855893
0.535389
0.241635
0.109849
0.535389
0.076183
0.658394
0.037099
0.535389
0.996919
0.891273
0.907293
0.808960
0.505064
0.483494
0.535389
0.300471
0.855893
0.981075
0.192150
0.594827
0.364456
0.848789
0.947760
0.260793
0.594827
0.364456
0.300471
0.141156
0.279144
0.092008
0.935597
0.597771
0.215763
0.340005
0.000899
0.157114
0.874110
0.566341
0.401971
0.649688
0.163153
0.103042
0.913005
0.649688
0.026438
0.974087
0.153566
0.449423
0.462365
0.470257
0.801128
0.695863
0.658394
0.166886
0.681504
0.713075
0.566341
0.571972
0.505064
0.013276
0.426518
0.821730
0.215763
0.092008
0.958545
0.727244
0.594827
0.766291
0.891273
0.401971
0.681504
0.505064
0.884948
0.927324
0.096609
0.129613
0.744157
0.441715
0.401971
0.022875
0.199280
0.322949
0.916674
0.860501
0.327120
0.612135
0.884948
0.025274
0.603471
0.727244
0.580543
0.571972
0.038764
0.199280
0.096609
0.580543
0.357661
0.690166
0.971109
0.735726
0.836720
0.874110
0.612135
0.626544
0.028409
0.518727
0.801128
0.223587
0.681504
0.081393
0.059212
0.233315
0.003099
0.962240
0.483494
0.100580
0.100580
0.713075
0.713075
0.681504
0.672823
0.429087
0.779856
0.620815
0.704484
0.808960
0.793201
0.080707
0.255445
0.387593
0.947760
0.462365
0.340005
0.122729
0.713075
0.169385
0.144460
0.031348
0.333520
0.119859
0.855893
0.088340
0.409279
0.884948
0.721628
0.667094
0.841556
0.183833
0.187953
0.387593
0.626544
0.658394
0.036127
0.013654
0.690166
0.241635
0.114294
0.704484
0.300471
0.098985
0.891273
0.735726
0.082732
0.649688
0.255445
0.848789
0.927324
0.284858
0.228410
0.821730
0.053907
0.735726
0.594827
0.241635
0.829282
0.874110
0.727244
0.357661
0.787927
0.962240
0.226757
0.626544
0.092778
0.310521
0.951979
0.922090
0.135818
0.947760
0.540922
0.867378
0.617854
0.735726
0.557828
0.580543
0.735726
0.681504
0.884948
0.574890
0.034568
0.566341
0.306500
0.713075
0.228410
0.023508
0.462365
0.897436
0.174566
0.441715
0.441715
0.744157
0.927324
0.220452
0.821730
0.735726
0.891273
0.246759
0.009546
0.787927
0.695863
0.801128
0.279144
0.096609
0.535389
0.300471
0.947760
0.194957
0.159490
0.535389
0.971109
0.603471
0.483494
0.667094
0.483494
0.658394
0.867378
0.513281
0.260793
0.209600
0.005523
0.874110
0.947760
0.100580
0.475494
0.589144
0.884948
0.935597
0.594827
0.037099
0.867378
0.704484
0.808960
0.491556
0.177160
0.103042
0.978604
0.758020
0.571972
0.557828
0.211153
0.612135
0.580543
0.649688
0.795913
0.441715
0.279144
0.758020
0.122729
0.841556
0.658394
0.088340
0.935597
0.749684
0.053907
0.658394
0.907293
0.999892
0.801128
0.867378
0.698805
0.382926
0.704484
0.566341
0.496903
0.603471
0.962240
0.848789
0.011974
0.681504
0.771705
0.449423
0.260793
0.362130
0.884948
0.994555
0.649688
0.997586
0.434080
0.470257
0.635244
0.119859
0.527033
0.821730
0.470257
0.434080
0.316692
0.566341
0.421575
0.275424
0.284858
0.891273
0.505064
0.109849
0.429087
0.144460
0.211153
0.462365
0.808960
0.294528
0.779856
0.766291
0.884948
0.005013
0.181158
0.891273
0.580543
0.658394
0.681504
0.333520
0.181158
0.475494
0.758020
0.816691
0.513281
0.672823
0.907293
0.264363
0.891273
0.971109
0.340005
0.255445
0.449423
0.589144
0.589144
0.597771
0.475494
0.382926
0.704484
0.340005
0.269851
0.147829
0.735726
0.112510
0.927324
0.020692
0.727244
0.771705
0.787927
0.173237
0.571972
0.779856
0.513281
0.649688
0.672823
0.758020
0.306500
0.483494
0.580543
0.603471
0.364456
0.130653
0.758020
0.594827
0.441715
0.940331
0.704484
0.620815
0.513281
0.635244
0.808960
0.535389
0.867378
0.927324
0.848789
0.535389
0.112510
0.787927
0.991213
0.907293
0.462365
0.635244
0.322949
0.199280
0.808960
0.787927
0.884948
0.612135
0.744157
0.766291
0.927324
0.316692
0.357661
0.421575
0.266225
0.735726
0.390021
0.749684
0.478214
0.483494
0.491556
0.375911
0.580543
0.981075
0.177160
0.681504
0.986757
0.019768
0.382926
0.491556
0.518727
0.269851
0.566341
0.033659
0.527033
