0.658394
0.491556
0.649688
0.462365
0.390021
0.132684
0.884948
0.626544
0.290658
0.109849
0.735726
0.735726
0.505064
0.958545
0.275424
0.947760
0.273514
0.260793
0.612135
0.462365
0.300471
0.401971
0.033659
0.713075
0.050328
0.014711
0.795913
0.635244
0.214182
0.951979
0.589144
0.141156
0.144460
0.612135
0.264363
0.241635
0.357661
0.855893
0.986757
0.867378
0.855893
0.962240
0.603471
0.306500
0.040864
0.848789
0.019768
0.290658
0.597771
0.771705
0.841556
0.013276
0.032199
0.021268
0.658394
0.787927
0.109849
0.030518
0.454542
0.478214
0.241635
0.441715
0.749684
0.241635
0.994555
0.735726
0.787927
0.215763
0.580543
0.543791
0.163153
0.279144
0.475494
0.183833
0.643949
0.475494
0.258960
0.635244
0.029186
0.496903
0.316692
0.333520
0.766291
0.017063
0.984769
0.962240
0.141156
0.947760
0.031348
0.787927
0.758020
0.000234
0.096609
0.557828
0.218844
0.626544
0.704484
0.421575
0.220452
0.874110
0.658394
0.406779
0.007032
0.080707
0.012670
0.141156
0.787927
0.039801
0.173237
0.173237
0.436675
0.922090
0.704484
0.275424
0.672823
0.874110
0.891273
0.821730
0.962240
0.218844
0.635244
0.098985
0.177160
0.713075
0.927324
0.306500
0.296545
0.203680
0.127623
0.848789
0.603471
0.690166
0.749684
0.612135
0.681504
0.496903
0.401971
0.203680
0.312615
0.169385
0.031348
0.758020
0.549354
0.387593
0.658394
0.808960
0.580543
0.117048
0.173237
0.340005
0.211153
0.571972
0.491556
0.658394
0.527033
0.749684
0.922090
0.718717
0.382926
0.350951
0.434080
0.589144
0.008682
0.010595
0.589144
0.829282
0.884948
0.744157
0.211153
0.643949
0.390021
0.290658
0.867378
0.340005
0.470257
0.290658
0.612135
0.394742
0.279144
0.387593
0.340005
0.434080
0.713075
0.017866
0.681504
0.483494
0.119859
0.127623
0.603471
0.658394
0.848789
0.194957
0.603471
0.203680
0.470257
0.721628
0.841556
0.144460
0.884948
0.643949
0.787927
0.279144
0.483494
0.521553
0.836720
0.496903
0.574890
0.306500
0.635244
0.155897
0.951979
0.658394
0.848789
0.491556
0.246759
0.329292
0.269851
0.300471
0.414138
0.454542
0.643949
0.958545
0.144460
0.935597
0.727244
0.620815
0.264363
0.060217
0.727244
0.046970
0.211153
0.144460
0.241635
0.874110
0.236593
0.580543
0.727244
0.505064
0.643949
0.009822
0.884948
0.179787
0.346575
0.312615
0.124654
0.935597
0.499678
0.965738
0.364456
0.290658
0.223587
0.986757
0.483494
0.698805
0.513281
0.681504
0.028409
0.322949
0.589144
0.951979
0.449423
0.513281
0.177160
0.211153
0.695863
0.667094
0.228410
0.001351
0.000041
0.449423
0.364456
0.284858
0.166886
0.958545
0.382926
0.727244
0.766291
0.626544
0.414138
0.978604
0.612135
0.124654
0.658394
0.057717
0.103042
0.255445
0.922090
0.704484
0.255445
0.597771
0.927324
0.147829
0.446787
0.535389
0.758020
0.194957
0.306500
0.958545
0.727244
0.340005
0.505064
0.658394
0.446787
0.681504
0.690166
0.394742
0.897436
0.749684
0.962240
0.612135
0.940331
0.255445
0.061238
0.090535
0.991213
0.667094
0.322949
0.333520
0.364456
0.848789
0.735726
0.996919
0.667094
0.051648
0.643949
0.045761
0.727244
0.635244
0.907293
0.166886
0.867378
0.808960
0.848789
0.179787
0.848789
0.589144
0.557828
0.907293
0.147829
0.350951
0.135818
0.612135
0.951979
0.362130
0.051194
0.250182
0.855893
0.535389
0.566341
0.808960
0.246759
0.947760
0.159490
0.771705
0.658394
0.421575
0.100580
0.758020
0.566341
0.462365
0.907293
0.196422
0.344325
0.635244
0.491556
0.017063
0.855893
0.416665
0.258960
0.092778
0.414138
0.620815
0.192150
0.449423
0.603471
0.470257
0.927324
0.667094
0.132684
0.855893
0.011425
0.557828
0.557828
0.429087
0.907293
0.362130
0.173237
0.626544
0.077446
0.922090
0.704484
0.620815
0.779856
0.228410
0.801128
0.940331
0.241635
0.211153
0.306500
0.779856
0.681504
0.092008
0.557828
0.045761
0.014305
0.667094
0.387593
0.643949
0.364456
0.635244
0.387593
0.935597
0.139014
0.434080
0.084803
0.211153
0.626544
0.527033
0.202171
0.829282
0.021859
0.340005
0.434080
0.704484
0.951979
0.713075
0.713075
0.535389
0.177160
0.690166
0.103042
0.144460
0.173237
0.394742
0.836720
0.250182
0.891273
0.177160
0.457201
0.044581
0.867378
0.051648
0.187953
0.192150
0.848789
0.475494
0.971109
0.340005
0.829282
0.483494
0.042685
0.127623
0.927324
0.127623
0.441715
0.196422
0.962240
0.848789
0.927324
0.836720
0.350951
0.922090
0.218844
0.848789
0.821730
0.713075
0.571972
0.057717
0.401971
0.454542
0.735726
0.255445
0.014043
0.543791
0.163153
0.001246
0.483494
0.649688
0.375911
0.916674
0.163153
0.114294
0.375911
0.310521
0.884948
0.667094
0.749684
0.855893
0.228410
0.801128
0.580543
0.344325
0.344325
0.589144
0.057717
0.135818
0.129613
0.416665
0.107244
0.000042
0.177160
0.387593
0.284858
0.744157
0.421575
0.727244
0.082732
0.566341
0.808960
0.058699
0.144460
0.215763
0.860501
0.269851
0.150086
0.449423
0.153566
0.401971
0.022875
0.329292
0.266225
0.951979
0.462365
0.505064
0.421575
0.260793
0.801128
0.951979
0.296545
0.704484
0.454542
0.704484
0.787927
0.643949
0.088340
0.535389
0.483494
0.353229
0.294528
0.626544
0.735726
0.874110
0.449423
0.333520
0.364456
0.779856
0.891273
0.971109
0.626544
0.643949
0.907293
0.132684
0.922090
0.884948
0.612135
0.269851
0.878466
0.549354
0.406779
0.626544
0.681504
0.371333
0.884948
0.002863
0.505064
0.375911
0.779856
0.194957
0.329292
0.667094
0.808960
0.981075
0.958545
0.935597
0.241635
0.589144
