0.978604
0.735726
0.749684
0.971109
0.801128
0.996919
0.891273
0.690166
0.713075
0.052535
0.927324
0.779856
0.848789
0.223587
0.346575
0.771705
0.124654
0.382926
0.999575
0.962240
0.620815
0.635244
0.658394
0.375911
0.617854
0.478214
0.008197
0.107244
0.496903
0.357661
0.916674
0.986757
0.848789
0.003559
0.543791
0.135818
0.316692
0.758020
0.574890
0.513281
0.681504
0.698805
0.698805
0.117048
0.109849
0.414138
0.549354
0.884948
0.766291
0.211153
0.801128
0.884948
0.848789
0.612135
0.416665
0.779856
0.984769
0.454542
0.935597
0.414138
0.721628
0.098985
0.316692
0.441715
0.626544
0.829282
0.698805
0.874110
0.137917
0.449423
0.535389
0.735726
0.187953
0.527033
0.855893
0.475494
0.401971
0.940331
0.527033
0.035180
0.357661
0.681504
0.206623
0.119859
0.978604
0.735726
0.322949
0.787927
0.841556
0.580543
0.829282
0.157114
0.535389
0.357661
0.357661
0.266225
0.848789
0.771705
0.333520
0.462365
0.649688
0.013909
0.718717
0.549354
0.394742
0.016595
0.368979
0.390021
0.527033
0.228410
0.649688
0.958545
0.698805
0.441715
0.749684
0.228410
0.658394
0.735726
0.024596
0.620815
0.779856
0.340005
0.312615
0.096609
0.177160
0.549354
0.891273
0.421575
0.874110
0.635244
0.649688
0.505064
0.690166
0.867378
0.449423
0.103042
0.774492
0.072465
0.779856
0.290658
0.571972
0.449423
0.927324
0.033659
0.907293
0.157114
0.672823
0.090535
0.690166
0.382926
0.246759
0.594827
0.557828
0.300471
0.409279
0.855893
0.527033
0.801128
0.991213
0.829282
0.264363
0.521553
0.566341
0.394742
0.681504
0.470257
0.042685
0.467559
0.727244
0.446787
0.350951
0.181158
0.704484
0.808960
0.695863
0.394742
0.518727
0.996919
0.429087
0.327120
0.978604
0.340005
0.496903
0.159490
0.491556
0.250182
0.362130
0.984769
0.771705
0.848789
0.848789
0.499678
0.084803
0.072465
0.571972
0.749684
0.306500
0.744157
0.681504
0.836720
0.535389
0.064990
0.626544
0.255445
0.913005
0.294528
0.496903
0.306500
0.505064
0.626544
0.197797
0.275424
0.626544
0.429087
0.626544
0.841556
0.749684
0.704484
0.387593
0.874110
0.612135
0.940331
0.749684
0.962240
0.040864
0.848789
0.612135
0.626544
0.364456
0.947760
0.991213
0.658394
0.758020
0.690166
0.016595
0.727244
0.603471
0.749684
0.935597
0.801128
0.695863
0.011974
0.713075
0.194957
0.594827
0.364456
0.713075
0.483494
0.521553
0.704484
0.935597
0.491556
0.255445
0.884948
0.470257
0.779856
0.199280
0.617854
0.491556
0.991213
0.862861
0.935597
0.327120
0.350951
0.735726
0.335721
0.690166
0.163153
0.414138
0.284858
0.483494
0.808960
0.589144
0.649688
0.177160
0.981075
0.166886
0.316692
0.012907
0.109849
0.821730
0.940331
0.029186
0.848789
0.119859
0.190711
0.704484
0.735726
0.612135
0.316692
0.713075
0.029982
0.681504
0.429087
0.483494
0.874110
0.998868
0.414138
0.771705
0.766291
0.594827
0.557828
0.867378
0.991213
0.491556
0.300471
0.927324
0.063362
0.635244
0.421575
0.848789
0.310521
0.997586
0.981075
0.000590
0.589144
0.995551
0.394742
0.829282
0.333520
0.088340
0.074303
0.841556
0.841556
0.612135
0.848789
0.357661
0.394742
0.470257
0.079397
0.215763
0.779856
0.061772
0.340005
0.290658
0.475494
0.848789
0.223587
0.981075
0.922090
0.000271
0.848789
0.094284
0.421575
0.264363
0.557828
0.884948
0.350951
0.771705
0.557828
0.211153
0.808960
0.962240
0.848789
0.401971
0.190711
0.649688
0.901408
0.549354
0.922090
0.521553
0.907293
0.194957
0.163153
0.681504
0.426518
0.077446
0.779856
0.713075
0.255445
0.713075
0.375911
0.080707
0.269851
0.505064
0.994555
0.690166
0.841556
0.626544
0.672823
0.333520
0.626544
0.491556
0.667094
0.704484
0.046970
0.084803
0.382926
0.206623
0.096609
0.394742
0.947760
0.350951
0.991213
0.841556
0.744157
0.387593
0.848789
0.535389
0.535389
0.340005
0.094284
0.821730
0.368979
0.971109
0.434080
0.681504
0.206623
0.801128
0.801128
0.241635
0.072465
0.124654
0.774492
0.681504
0.801128
0.434080
0.483494
0.387593
0.766291
0.580543
0.183833
0.153566
0.617854
0.246759
0.491556
0.841556
0.713075
0.179787
0.626544
0.281082
0.704484
0.557828
0.766291
0.027908
0.491556
0.521553
0.874110
0.580543
0.986757
0.649688
0.947760
0.721628
0.306500
0.340005
0.758020
0.557828
0.907293
0.643949
0.927324
0.350951
0.421575
0.974087
0.658394
0.721628
0.848789
0.236593
0.375911
0.951979
0.935597
0.713075
0.787927
0.269851
0.241635
0.867378
0.382926
0.449423
0.695863
0.362130
0.306500
0.612135
0.821730
0.956001
0.821730
0.801128
0.981075
0.867378
0.394742
0.454542
0.084803
0.141156
0.144460
0.951979
0.053907
0.557828
0.867378
0.199280
0.658394
0.571972
0.808960
0.496903
0.483494
0.414138
0.771705
0.958545
0.727244
0.290658
0.930673
0.002725
0.527033
0.829282
0.589144
0.998868
0.557828
0.483494
0.713075
0.557828
0.421575
0.690166
0.333520
0.808960
0.300471
0.470257
0.357661
0.571972
0.322949
0.199280
0.421575
0.333520
0.727244
0.126604
0.930673
0.521553
0.306500
0.491556
0.279144
0.513281
0.153566
0.316692
0.300471
0.153566
0.867378
0.228410
0.836720
0.527033
0.779856
0.766291
0.449423
0.735726
0.779856
0.060217
0.223587
0.727244
0.787927
0.922090
0.269851
0.491556
0.382926
0.916674
0.346575
0.521553
0.062816
0.543791
0.884948
0.962240
0.316692
0.643949
0.446787
0.211153
0.163153
0.787927
0.077446
0.612135
0.735726
0.088340
0.940331
0.333520
0.667094
0.281082
0.387593
0.090535
0.022258
0.129613
0.470257
0.117048
0.589144
