0.574890
0.357661
0.649688
0.513281
0.434080
0.557828
0.000000
0.635244
0.612135
0.808960
0.994555
0.290658
0.368979
0.974087
0.169385
0.681504
0.288671
0.940331
0.816691
0.132684
0.132684
0.878466
0.357661
0.105557
0.127623
0.505064
0.735726
0.603471
0.135818
0.491556
0.620815
0.350951
0.594827
0.505064
0.986757
0.233315
0.015409
0.779856
0.284858
0.223587
0.907293
0.364456
0.735726
0.557828
0.144460
0.421575
0.350951
0.860501
0.727244
0.050328
0.255445
0.589144
0.483494
0.478214
0.566341
0.132684
0.350951
0.390021
0.735726
0.758020
0.045761
0.557828
0.658394
0.935597
0.032771
0.316692
0.981075
0.033659
0.744157
0.527033
0.758020
0.173237
0.672823
0.727244
0.414138
0.059212
0.951979
0.300471
0.855893
0.521553
0.814067
0.874110
0.124654
0.962240
0.279144
0.744157
0.962240
0.183833
0.080707
0.066084
0.766291
0.088340
0.758020
0.658394
0.250182
0.333520
0.475494
0.294528
0.357661
0.357661
0.092008
0.046970
0.436675
0.658394
0.927324
0.971109
0.543791
0.527033
0.505064
0.690166
0.382926
0.951979
0.821730
0.901408
0.557828
0.978604
0.053907
0.306500
0.250182
0.105557
0.580543
0.470257
0.649688
0.255445
0.916674
0.681504
0.626544
0.635244
0.947760
0.916674
0.344325
0.713075
0.340005
0.192150
0.255445
0.848789
0.580543
0.462365
0.132684
0.470257
0.672823
0.454542
0.421575
0.821730
0.880693
0.801128
0.329292
0.690166
0.971109
0.316692
0.940331
0.867378
0.916674
0.049040
0.079397
0.150086
0.082732
0.681504
0.375911
0.141156
0.072465
0.603471
0.635244
0.749684
0.414138
0.612135
0.779856
0.194957
0.350951
0.681504
0.099752
0.491556
0.390021
0.913005
0.635244
0.867378
0.801128
0.441715
0.233315
0.801128
0.816691
0.704484
0.055312
0.255445
0.727244
0.255445
0.718717
0.387593
0.202171
0.000271
0.649688
0.867378
0.033659
0.505064
0.571972
0.147829
0.571972
0.275424
0.414138
0.867378
0.016595
0.552238
0.046970
0.327120
0.566341
0.183833
0.612135
0.429087
0.787927
0.735726
0.284858
0.057717
0.139014
0.121744
0.406779
0.727244
0.907293
0.215763
0.603471
0.306500
0.077446
0.848789
0.962240
0.981075
0.183833
0.084803
0.962240
0.013654
0.695863
0.132684
0.214182
0.801128
0.801128
0.194957
0.382926
0.543791
0.322949
0.667094
0.535389
0.735726
0.649688
0.940331
0.965738
0.084092
0.241635
0.913005
0.177160
0.529876
0.150086
0.491556
0.406779
0.054829
0.874110
0.571972
0.049040
0.421575
0.019768
0.300471
0.375911
0.327120
0.930673
0.394742
0.704484
0.141156
0.996919
0.310521
0.681504
0.808960
0.029982
0.649688
0.241635
0.978604
0.255445
0.269851
0.667094
0.667094
0.236593
0.088340
0.758020
0.475494
0.387593
0.962240
0.758020
0.211153
0.829282
0.848789
0.300471
0.449423
0.744157
0.350951
0.132684
0.635244
0.357661
0.935597
0.690166
0.078727
0.603471
0.635244
0.667094
0.269851
0.626544
0.401971
0.808960
0.387593
0.255445
0.589144
0.779856
0.333520
0.505064
0.841556
0.681504
0.074303
0.836720
0.589144
0.320806
0.362130
0.316692
0.704484
0.557828
0.758020
0.470257
0.394742
0.626544
0.829282
0.867378
0.203680
0.163153
0.441715
0.808960
0.300471
0.907293
0.997586
0.612135
0.758020
0.704484
0.549354
0.557828
0.695863
0.690166
0.137917
0.913005
0.449423
0.050328
0.211153
0.117048
0.787927
0.727244
0.667094
0.166886
0.880693
0.250182
0.597771
0.153566
0.421575
0.571972
0.643949
0.380525
0.012317
0.958545
0.787927
0.255445
0.206623
0.260793
0.821730
0.922090
0.255445
0.462365
0.999575
0.491556
0.860501
0.139014
0.375911
0.535389
0.935597
0.962240
0.758020
0.867378
0.306500
0.690166
0.821730
0.105557
0.787927
0.758020
0.535389
0.144460
0.153566
0.163153
0.112510
0.698805
0.470257
0.462365
0.766291
0.126604
0.375911
0.040864
0.965738
0.441715
0.744157
0.394742
0.478214
0.306500
0.199280
0.940331
0.727244
0.649688
0.874110
0.421575
0.855893
0.718717
0.829282
0.353229
0.801128
0.681504
0.478214
0.643949
0.312615
0.978604
0.935597
0.571972
0.340005
0.557828
0.255445
0.350951
0.513281
0.603471
0.441715
0.771705
0.183833
0.672823
0.658394
0.735726
0.025970
0.801128
0.499678
0.735726
0.505064
0.135818
0.013909
0.766291
0.571972
0.574890
0.066084
0.025731
0.848789
0.462365
0.603471
0.589144
0.962240
0.449423
0.860501
0.024596
0.935597
0.801128
0.867378
0.635244
0.951979
0.947760
0.483494
0.496903
0.690166
0.357661
0.350951
0.183833
0.223587
0.434080
0.513281
0.557828
0.855893
0.505064
0.478214
0.766291
0.462365
0.848789
0.821730
0.294528
0.787927
0.362130
0.848789
0.375911
0.557828
0.535389
0.690166
0.557828
0.848789
0.215763
0.434080
0.050328
0.612135
0.540922
0.028409
0.758020
0.681504
0.643949
0.718717
0.713075
0.971109
0.758020
0.177160
0.771705
0.441715
0.916674
0.513281
0.215763
0.371333
0.643949
0.821730
0.735726
0.758020
0.055312
0.620815
0.540922
0.132684
0.127623
0.521553
0.350951
0.294528
0.296545
0.475494
0.127623
0.316692
0.907293
0.236593
0.159490
0.749684
0.094284
0.362130
0.061772
0.047782
0.228410
0.470257
0.109849
0.907293
0.002808
0.273514
0.735726
0.549354
0.518727
0.801128
0.704484
0.414138
0.344325
0.713075
0.891273
0.269851
0.649688
0.874110
0.867378
0.713075
0.449423
0.505064
0.779856
0.626544
0.758020
0.194957
0.177160
0.294528
0.214182
0.612135
0.681504
0.483494
0.829282
0.144460
0.199280
0.329292
0.340005
0.695863
0.119859
0.173237
0.620815
0.821730
0.571972
0.075538
0.958545
0.867378
0.255445
0.382926
