0.521553
0.580543
0.236593
0.382926
0.589144
0.603471
0.375911
0.051194
0.491556
0.290658
0.279144
0.049040
0.681504
0.421575
0.062816
0.962240
0.603471
0.406779
0.119859
0.940331
0.121744
0.043818
0.079397
0.698805
0.978604
0.446787
0.907293
0.462365
0.749684
0.483494
0.491556
0.922090
0.170690
0.421575
0.039801
0.475494
0.891273
0.087602
0.300471
0.897436
0.891273
0.245003
0.878466
0.935597
0.612135
0.649688
0.704484
0.971109
0.137917
0.801128
0.635244
0.758020
0.658394
0.014711
0.306500
0.264363
0.441715
0.681504
0.848789
0.169385
0.088340
0.867378
0.390021
0.003354
0.649688
0.206623
0.771705
0.571972
0.901408
0.658394
0.255445
0.649688
0.462365
0.749684
0.779856
0.357661
0.640981
0.401971
0.612135
0.322949
0.744157
0.107244
0.117048
0.848789
0.951979
0.801128
0.364456
0.795913
0.294528
0.735726
0.357661
0.916674
0.454542
0.867378
0.250182
0.255445
0.094284
0.940331
0.991213
0.735726
0.421575
0.713075
0.231634
0.061772
0.922090
0.387593
0.521553
0.779856
0.025274
0.867378
0.429087
0.141156
0.211153
0.040864
0.499678
0.375911
0.901408
0.194957
0.930673
0.612135
0.364456
0.589144
0.635244
0.340005
0.088340
0.603471
0.421575
0.260793
0.139014
0.603471
0.275424
0.462365
0.457201
0.836720
0.848789
0.779856
0.535389
0.612135
0.907293
0.505064
0.829282
0.713075
0.884948
0.306500
0.958545
0.867378
0.421575
0.907293
0.681504
0.340005
0.159490
0.672823
0.394742
0.114294
0.557828
0.867378
0.867378
0.749684
0.978604
0.841556
0.375911
0.194957
0.589144
0.681504
0.483494
0.273514
0.177160
0.300471
0.401971
0.147829
0.557828
0.758020
0.513281
0.727244
0.017543
0.290658
0.612135
0.574890
0.626544
0.808960
0.947760
0.704484
0.371333
0.505064
0.848789
0.429087
0.713075
0.658394
0.350951
0.620815
0.940331
0.713075
0.135818
0.841556
0.821730
0.382926
0.779856
0.690166
0.658394
0.157114
0.935597
0.166886
0.891273
0.713075
0.018368
0.735726
0.208158
0.962240
0.589144
0.727244
0.316692
0.841556
0.421575
0.620815
0.848789
0.901408
0.132684
0.228410
0.704484
0.017063
0.916674
0.491556
0.713075
0.084803
0.978604
0.236593
0.139014
0.951979
0.491556
0.884948
0.401971
0.005418
0.626544
0.429087
0.612135
0.848789
0.916674
0.891273
0.958545
0.035500
0.907293
0.103042
0.749684
0.841556
0.119859
0.462365
0.441715
0.203680
0.306500
0.535389
0.284858
0.199280
0.027652
0.749684
0.758020
0.409279
0.475494
0.004868
0.958545
0.922090
0.409279
0.513281
0.055312
0.922090
0.571972
0.513281
0.446787
0.749684
0.971109
0.491556
0.454542
0.190711
0.735726
0.013654
0.801128
0.409279
0.296545
0.269851
0.281082
0.907293
0.203680
0.808960
0.735726
0.279144
0.580543
0.236593
0.105557
0.552238
0.496903
0.991213
0.250182
0.681504
0.594827
0.401971
0.589144
0.643949
0.449423
0.223587
0.535389
0.635244
0.862861
0.513281
0.192150
0.470257
0.112510
0.505064
0.327120
0.848789
0.171915
0.025274
0.290658
0.434080
0.041578
0.603471
0.962240
0.187953
0.397198
0.340005
0.194957
0.275424
0.434080
0.967937
0.124654
0.779856
0.907293
0.589144
0.884948
0.571972
0.505064
0.855893
0.907293
0.658394
0.951979
0.446787
0.350951
0.434080
0.119859
0.316692
0.597771
0.241635
0.891273
0.735726
0.260793
0.316692
0.357661
0.821730
0.255445
0.841556
0.491556
0.066084
0.907293
0.841556
0.612135
0.589144
0.801128
0.713075
0.962240
0.057717
0.874110
0.333520
0.971109
0.947760
0.057717
0.132684
0.808960
0.121744
0.940331
0.603471
0.521553
0.681504
0.612135
0.891273
0.704484
0.801128
0.409279
0.793201
0.891273
0.034568
0.704484
0.033071
0.603471
0.935597
0.535389
0.713075
0.368979
0.518727
0.368979
0.841556
0.096609
0.793201
0.891273
0.690166
0.157114
0.005968
0.394742
0.986757
0.829282
0.658394
0.580543
0.333520
0.401971
0.505064
0.951979
0.340005
0.986757
0.163153
0.962240
0.310521
0.020320
0.421575
0.829282
0.801128
0.821730
0.049040
0.357661
0.344325
0.241635
0.974087
0.758020
0.350951
0.643949
0.245003
0.698805
0.951979
0.077446
0.521553
0.913005
0.513281
0.801128
0.255445
0.496903
0.255445
0.105557
0.513281
0.037099
0.535389
0.771705
0.527033
0.649688
0.279144
0.157114
0.612135
0.940331
0.821730
0.132684
0.940331
0.922090
0.513281
0.527033
0.364456
0.787927
0.744157
0.375911
0.521553
0.518727
0.884948
0.275424
0.269851
0.194957
0.072465
0.635244
0.901408
0.001114
0.275424
0.612135
0.962240
0.462365
0.006832
0.681504
0.603471
0.635244
0.421575
0.626544
0.549354
0.368979
0.350951
0.713075
0.808960
0.901408
0.231634
0.535389
0.947760
0.394742
0.513281
0.177160
0.264363
0.658394
0.984769
0.557828
0.589144
0.401971
0.667094
0.037099
0.266225
0.246759
0.620815
0.310521
0.994555
0.350951
0.103042
0.829282
0.014985
0.808960
0.300471
0.088340
0.040864
0.727244
0.322949
0.505064
0.727244
0.003629
0.049040
0.690166
0.518727
0.897436
0.603471
0.206623
0.713075
0.940331
0.867378
0.829282
0.907293
0.491556
0.744157
0.306500
0.735726
0.667094
0.690166
0.322949
0.275424
0.867378
0.014305
0.981075
0.848789
0.177160
0.329292
0.681504
0.557828
0.940331
0.513281
0.007965
0.462365
0.580543
0.735726
0.350951
0.571972
0.139014
0.557828
0.652656
0.848789
0.901408
0.566341
0.667094
0.002517
0.658394
0.441715
0.030518
0.527033
0.177160
0.951979
0.535389
0.124654
0.672823
0.390021
0.574890
0.603471
0.951979
0.901408
0.018368
0.603471
0.907293
0.449423
0.513281
0.848789
0.382926
0.816691
