0.681504
0.441715
0.836720
0.483494
0.057717
0.557828
0.155897
0.441715
0.236593
0.441715
0.082732
0.571972
0.557828
0.891273
0.916674
0.978604
0.947760
0.874110
0.290658
0.907293
0.535389
0.127623
0.007378
0.635244
0.940331
0.801128
0.535389
0.306500
0.045761
0.264363
0.023508
0.241635
0.163153
0.094284
0.589144
0.316692
0.406779
0.758020
0.848789
0.626544
0.333520
0.907293
0.681504
0.935597
0.206623
0.695863
0.821730
0.922090
0.735726
0.589144
0.758020
0.874110
0.159490
0.907293
0.758020
0.382926
0.713075
0.414138
0.117048
0.891273
0.721628
0.051194
0.223587
0.779856
0.346575
0.088340
0.698805
0.940331
0.935597
0.223587
0.077446
0.137917
0.640981
0.681504
0.401971
0.329292
0.603471
0.122729
0.462365
0.513281
0.947760
0.114294
0.658394
0.255445
0.462365
0.414138
0.884948
0.132684
0.597771
0.808960
0.203680
0.350951
0.580543
0.130653
0.744157
0.713075
0.829282
0.527033
0.382926
0.340005
0.597771
0.787927
0.543791
0.735726
0.421575
0.269851
0.159490
0.643949
0.808960
0.658394
0.801128
0.971109
0.907293
0.704484
0.434080
0.135818
0.974087
0.124654
0.496903
0.057717
0.107244
0.597771
0.635244
0.513281
0.014711
0.157114
0.829282
0.409279
0.004043
0.535389
0.535389
0.787927
0.713075
0.269851
0.829282
0.690166
0.690166
0.907293
0.264363
0.187953
0.387593
0.557828
0.031348
0.441715
0.649688
0.981075
0.962240
0.594827
0.984769
0.681504
0.727244
0.273514
0.735726
0.867378
0.603471
0.617854
0.801128
0.658394
0.855893
0.187953
0.169385
0.421575
0.040864
0.147829
0.357661
0.867378
0.643949
0.364456
0.935597
0.855893
0.117048
0.041578
0.496903
0.749684
0.281082
0.429087
0.675784
0.962240
0.316692
0.992594
0.867378
0.543791
0.144460
0.855893
0.049040
0.037099
0.401971
0.603471
0.779856
0.643949
0.649688
0.713075
0.183833
0.801128
0.151265
0.294528
0.718717
0.543791
0.635244
0.557828
0.269851
0.779856
0.394742
0.690166
0.916674
0.483494
0.978604
0.971109
0.603471
0.322949
0.874110
0.667094
0.382926
0.008597
0.269851
0.901408
0.112510
0.090535
0.821730
0.649688
0.199280
0.884948
0.681504
0.401971
0.483494
0.055312
0.042685
0.281082
0.521553
0.951979
0.322949
0.848789
0.340005
0.375911
0.996919
0.153566
0.727244
0.449423
0.571972
0.735726
0.146673
0.808960
0.672823
0.821730
0.713075
0.626544
0.603471
0.288671
0.566341
0.612135
0.086192
0.350951
0.312615
0.974087
0.060217
0.055312
0.082732
0.589144
0.304435
0.340005
0.483494
0.521553
0.695863
0.878466
0.681504
0.962240
0.744157
0.375911
0.316692
0.316692
0.557828
0.626544
0.179787
0.981075
0.496903
0.454542
0.527033
0.597771
0.916674
0.779856
0.340005
0.119859
0.069506
0.658394
0.984769
0.667094
0.907293
0.643949
0.704484
0.758020
0.935597
0.483494
0.241635
0.513281
0.220452
0.557828
0.401971
0.841556
0.166886
0.088340
0.958545
0.401971
0.112510
0.801128
0.409279
0.580543
0.203680
0.698805
0.841556
0.891273
0.368979
0.322949
0.749684
0.434080
0.429087
0.255445
0.571972
0.163153
0.821730
0.012907
0.649688
0.401971
0.675784
0.681504
0.816691
0.306500
0.429087
0.962240
0.841556
0.166886
0.779856
0.491556
0.540922
0.667094
0.202171
0.409279
0.816691
0.935597
0.364456
0.971109
0.390021
0.527033
0.994555
0.144460
0.279144
0.962240
0.643949
0.566341
0.421575
0.535389
0.505064
0.150086
0.223587
0.962240
0.187953
0.483494
0.913005
0.163153
0.635244
0.695863
0.206623
0.874110
0.727244
0.713075
0.681504
0.470257
0.121744
0.181158
0.867378
0.749684
0.690166
0.787927
0.658394
0.829282
0.626544
0.322949
0.241635
0.667094
0.643949
0.001669
0.635244
0.371333
0.612135
0.310521
0.758020
0.667094
0.513281
0.269851
0.994555
0.808960
0.096609
0.284858
0.930673
0.177160
0.211153
0.157114
0.713075
0.067775
0.829282
0.901408
0.414138
0.094284
0.018706
0.255445
0.135818
0.157114
0.867378
0.513281
0.635244
0.749684
0.758020
0.566341
0.658394
0.527033
0.491556
0.829282
0.218844
0.884948
0.070668
0.273514
0.603471
0.951979
0.310521
0.907293
0.409279
0.971109
0.322949
0.549354
0.635244
0.971109
0.499678
0.414138
0.357661
0.787927
0.045761
0.713075
0.296545
0.649688
0.704484
0.841556
0.441715
0.571972
0.233315
0.449423
0.316692
0.940331
0.771705
0.603471
0.681504
0.010298
0.006963
0.275424
0.255445
0.518727
0.690166
0.681504
0.771705
0.387593
0.157114
0.589144
0.571972
0.269851
0.603471
0.103042
0.808960
0.535389
0.028409
0.183833
0.121744
0.704484
0.426518
0.907293
0.030518
0.462365
0.260793
0.589144
0.387593
0.470257
0.470257
0.574890
0.109849
0.589144
0.340005
0.535389
0.043818
0.350951
0.617854
0.406779
0.704484
0.635244
0.312615
0.255445
0.401971
0.401971
0.735726
0.518727
0.255445
0.441715
0.005855
0.394742
0.340005
0.744157
0.891273
0.333520
0.848789
0.499678
0.260793
0.635244
0.190711
0.766291
0.922090
0.103042
0.255445
0.907293
0.867378
0.951979
0.566341
0.589144
0.580543
0.594827
0.279144
0.571972
0.543791
0.421575
0.228410
0.003455
0.612135
0.001421
0.580543
0.401971
0.199280
0.874110
0.137917
0.105557
0.535389
0.215763
0.643949
0.197797
0.916674
0.135818
0.211153
0.250182
0.922090
0.649688
0.848789
0.401971
0.228410
0.364456
0.571972
0.681504
0.185229
0.808960
0.470257
0.758020
0.704484
0.241635
0.387593
0.521553
0.787927
0.901408
0.735726
0.758020
0.115226
0.505064
0.626544
0.153566
0.250182
0.513281
0.177160
0.096609
0.681504
0.441715
0.635244
0.995551
0.070668
0.284858
