0.874110
0.658394
0.594827
0.382926
0.183833
0.922090
0.658394
0.884948
0.947760
0.236593
0.675784
0.082732
0.218844
0.658394
0.375911
0.375911
0.974087
0.557828
0.836720
0.580543
0.429087
0.173237
0.126604
0.483494
0.434080
0.441715
0.521553
0.787927
0.036456
0.986757
0.371333
0.038094
0.521553
0.884948
0.603471
0.053907
0.891273
0.483494
0.505064
0.387593
0.612135
0.603471
0.891273
0.483494
0.589144
0.306500
0.333520
0.566341
0.505064
0.294528
0.971109
0.971109
0.114294
0.962240
0.183833
0.626544
0.350951
0.357661
0.801128
0.269851
0.635244
0.649688
0.681504
0.603471
0.749684
0.129613
0.119859
0.884948
0.505064
0.721628
0.218844
0.867378
0.269851
0.112510
0.589144
0.220452
0.260793
0.927324
0.284858
0.290658
0.394742
0.557828
0.635244
0.626544
0.713075
0.043818
0.589144
0.269851
0.096609
0.535389
0.695863
0.414138
0.063362
0.462365
0.011425
0.672823
0.749684
0.713075
0.010795
0.713075
0.527033
0.269851
0.084803
0.874110
0.357661
0.681504
0.414138
0.467559
0.635244
0.316692
0.841556
0.092778
0.801128
0.867378
0.124654
0.829282
0.409279
0.836720
0.390021
0.951979
0.913005
0.015409
0.907293
0.735726
0.867378
0.808960
0.626544
0.027908
0.241635
0.306500
0.350951
0.177160
0.704484
0.306500
0.187953
0.855893
0.675784
0.643949
0.137917
0.947760
0.255445
0.626544
0.713075
0.025274
0.513281
0.163153
0.513281
0.014711
0.350951
0.329292
0.808960
0.681504
0.855893
0.735726
0.513281
0.841556
0.566341
0.735726
0.329292
0.681504
0.779856
0.264363
0.612135
0.080707
0.306500
0.264363
0.667094
0.681504
0.300471
0.045761
0.758020
0.874110
0.215763
0.658394
0.841556
0.884948
0.364456
0.994555
0.681504
0.612135
0.513281
0.974087
0.364456
0.652656
0.841556
0.300471
0.390021
0.867378
0.589144
0.848789
0.713075
0.874110
0.470257
0.163153
0.043818
0.612135
0.962240
0.505064
0.057717
0.557828
0.223587
0.829282
0.483494
0.704484
0.046970
0.672823
0.124654
0.695863
0.897436
0.375911
0.808960
0.808960
0.620815
0.771705
0.478214
0.727244
0.088340
0.821730
0.848789
0.122729
0.300471
0.808960
0.441715
0.758020
0.273514
0.449423
0.009546
0.406779
0.874110
0.187953
0.589144
0.316692
0.801128
0.891273
0.127623
0.233315
0.049040
0.727244
0.013909
0.236593
0.704484
0.001755
0.667094
0.603471
0.340005
0.901408
0.535389
0.414138
0.698805
0.072465
0.727244
0.190711
0.173237
0.758020
0.231634
0.371333
0.749684
0.801128
0.907293
0.075538
0.658394
0.380525
0.801128
0.935597
0.635244
0.160731
0.394742
0.891273
0.159490
0.947760
0.483494
0.127623
0.589144
0.253642
0.801128
0.841556
0.958545
0.368979
0.940331
0.269851
0.017063
0.215763
0.643949
0.640981
0.364456
0.434080
0.749684
0.735726
0.841556
0.658394
0.255445
0.018706
0.046970
0.930673
0.901408
0.088340
0.766291
0.390021
0.208158
0.808960
0.603471
0.394742
0.181158
0.829282
0.434080
0.016595
0.199280
0.855893
0.649688
0.535389
0.681504
0.566341
0.557828
0.513281
0.255445
0.978604
0.884948
0.808960
0.004963
0.557828
0.958545
0.543791
0.170690
0.429087
0.387593
0.166886
0.841556
0.169385
0.190711
0.462365
0.744157
0.454542
0.333520
0.063362
0.951979
0.434080
0.816691
0.612135
0.874110
0.382926
0.727244
0.051648
0.483494
0.329292
0.177160
0.612135
0.327120
0.008197
0.483494
0.203680
0.006144
0.050328
0.329292
0.306500
0.203680
0.829282
0.040864
0.766291
0.020320
0.549354
0.375911
0.173237
0.371333
0.496903
0.214182
0.884948
0.025731
0.989675
0.744157
0.808960
0.086192
0.594827
0.088340
0.597771
0.884948
0.829282
0.483494
0.072465
0.020692
0.429087
0.357661
0.306500
0.429087
0.078727
0.951979
0.667094
0.951979
0.107244
0.667094
0.264363
0.281082
0.793201
0.357661
0.829282
0.007378
0.483494
0.580543
0.521553
0.758020
0.483494
0.135818
0.033659
0.421575
0.275424
0.580543
0.505064
0.758020
0.211153
0.206623
0.947760
0.821730
0.672823
0.394742
0.470257
0.874110
0.082732
0.829282
0.449423
0.735726
0.203680
0.166886
0.017063
0.549354
0.713075
0.981075
0.521553
0.735726
0.462365
0.681504
0.226757
0.421575
0.848789
0.177160
0.787927
0.284858
0.721628
0.667094
0.901408
0.927324
0.672823
0.758020
0.535389
0.470257
0.141156
0.462365
0.617854
0.483494
0.672823
0.068911
0.566341
0.155897
0.109849
0.264363
0.096609
0.947760
0.103042
0.808960
0.658394
0.841556
0.947760
0.922090
0.801128
0.483494
0.626544
0.860501
0.992594
0.457201
0.513281
0.690166
0.483494
0.054829
0.223587
0.690166
0.170690
0.434080
0.690166
0.626544
0.483494
0.010009
0.907293
0.735726
0.421575
0.166886
0.169385
0.269851
0.571972
0.766291
0.612135
0.499678
0.527033
0.015845
0.340005
0.077446
0.228410
0.362130
0.478214
0.860501
0.426518
0.557828
0.169385
0.749684
0.199280
0.704484
0.491556
0.114294
0.535389
0.891273
0.100580
0.727244
0.340005
0.978604
0.375911
0.382926
0.643949
0.066084
0.855893
0.202171
0.327120
0.829282
0.649688
0.241635
0.079397
0.141156
0.269851
0.382926
0.603471
0.409279
0.150086
0.999575
0.527033
0.006963
0.787927
0.478214
0.409279
0.177160
0.211153
0.848789
0.744157
0.117048
0.713075
0.841556
0.409279
0.527033
0.940331
0.549354
0.848789
0.306500
0.030518
0.382926
0.667094
0.984769
0.024596
0.922090
0.260793
0.211153
0.927324
0.695863
0.518727
0.978604
0.275424
0.163153
0.483494
0.434080
0.727244
0.580543
0.241635
0.940331
0.082732
0.958545
0.735726
0.157114
0.612135
0.255445
0.491556
0.166886
0.434080
