0.130653
0.387593
0.245003
0.470257
0.672823
0.713075
0.434080
0.067775
0.144460
0.406779
0.296545
0.535389
0.103042
0.681504
0.612135
0.771705
0.612135
0.346575
0.255445
0.192150
0.848789
0.649688
0.867378
0.999575
0.426518
0.947760
0.173237
0.721628
0.203680
0.218844
0.816691
0.589144
0.333520
0.475494
0.449423
0.884948
0.690166
0.294528
0.462365
0.816691
0.454542
0.462365
0.787927
0.255445
0.329292
0.499678
0.557828
0.749684
0.215763
0.279144
0.054829
0.848789
0.658394
0.027652
0.127623
0.749684
0.690166
0.470257
0.779856
0.340005
0.848789
0.978604
0.994555
0.300471
0.527033
0.382926
0.001960
0.543791
0.000134
0.401971
0.306500
0.907293
0.275424
0.241635
0.166886
0.713075
0.109849
0.021859
0.667094
0.566341
0.571972
0.150086
0.721628
0.635244
0.454542
0.071276
0.194957
0.084803
0.874110
0.848789
0.122729
0.284858
0.027164
0.394742
0.192150
0.406779
0.713075
0.897436
0.978604
0.672823
0.475494
0.362130
0.589144
0.713075
0.003926
0.340005
0.814067
0.971109
0.867378
0.027908
0.264363
0.891273
0.535389
0.758020
0.357661
0.721628
0.907293
0.275424
0.907293
0.766291
0.681504
0.566341
0.884948
0.801128
0.821730
0.543791
0.821730
0.612135
0.635244
0.483494
0.848789
0.779856
0.867378
0.390021
0.266225
0.483494
0.027164
0.535389
0.635244
0.375911
0.884948
0.535389
0.749684
0.098170
0.848789
0.170690
0.284858
0.574890
0.340005
0.766291
0.922090
0.048208
0.907293
0.727244
0.306500
0.127623
0.371333
0.255445
0.787927
0.380525
0.589144
0.088340
0.117048
0.735726
0.758020
0.429087
0.000500
0.603471
0.045761
0.727244
0.935597
0.112510
0.935597
0.690166
0.483494
0.967937
0.884948
0.409279
0.119859
0.290658
0.098985
0.991213
0.907293
0.215763
0.010795
0.375911
0.364456
0.226757
0.971109
0.269851
0.281082
0.139014
0.635244
0.375911
0.144460
0.922090
0.340005
0.496903
0.088340
0.543791
0.015845
0.713075
0.449423
0.316692
0.269851
0.496903
0.434080
0.527033
0.215763
0.855893
0.758020
0.135818
0.951979
0.505064
0.166886
0.375911
0.808960
0.543791
0.549354
0.774492
0.978604
0.446787
0.505064
0.758020
0.166886
0.196422
0.371333
0.441715
0.449423
0.211153
0.801128
0.913005
0.603471
0.951979
0.266225
0.166886
0.077446
0.867378
0.300471
0.771705
0.183833
0.454542
0.766291
0.749684
0.735726
0.962240
0.978604
0.658394
0.698805
0.109849
0.236593
0.907293
0.744157
0.667094
0.491556
0.771705
0.675784
0.290658
0.306500
0.005418
0.470257
0.635244
0.250182
0.059212
0.774492
0.491556
0.375911
0.364456
0.913005
0.658394
0.580543
0.441715
0.951979
0.434080
0.704484
0.185229
0.626544
0.620815
0.626544
0.194957
0.401971
0.114294
0.129613
0.617854
0.010595
0.967937
0.758020
0.907293
0.475494
0.011425
0.643949
0.855893
0.462365
0.589144
0.153566
0.177160
0.603471
0.109849
0.521553
0.021268
0.211153
0.721628
0.021268
0.808960
0.094284
0.884948
0.329292
0.690166
0.521553
0.735726
0.187953
0.005013
0.371333
0.350951
0.543791
0.279144
0.394742
0.626544
0.266225
0.206623
0.470257
0.566341
0.801128
0.199280
0.368979
0.223587
0.749684
0.571972
0.296545
0.771705
0.449423
0.860501
0.401971
0.617854
0.735726
0.007032
0.199280
0.340005
0.713075
0.275424
0.580543
0.300471
0.841556
0.951979
0.612135
0.023508
0.962240
0.829282
0.829282
0.002950
0.821730
0.076183
0.122729
0.867378
0.306500
0.382926
0.758020
0.491556
0.713075
0.658394
0.475494
0.483494
0.940331
0.122729
0.483494
0.470257
0.635244
0.255445
0.626544
0.867378
0.112510
0.594827
0.070668
0.290658
0.907293
0.816691
0.891273
0.483494
0.279144
0.032771
0.357661
0.891273
0.017543
0.649688
0.048208
0.092778
0.457201
0.675784
0.382926
0.744157
0.513281
0.194957
0.199280
0.867378
0.808960
0.998868
0.916674
0.735726
0.779856
0.521553
0.735726
0.375911
0.491556
0.860501
0.927324
0.981075
0.139014
0.132684
0.704484
0.241635
0.333520
0.306500
0.521553
0.483494
0.681504
0.098985
0.922090
0.070668
0.690166
0.787927
0.916674
0.177160
0.841556
0.749684
0.922090
0.045761
0.119859
0.029186
0.194957
0.779856
0.144460
0.779856
0.449423
0.067775
0.006325
0.022875
0.135818
0.779856
0.382926
0.011974
0.111596
0.758020
0.401971
0.907293
0.944872
0.603471
0.913005
0.991213
0.294528
0.173237
0.617854
0.635244
0.002863
0.421575
0.771705
0.543791
0.821730
0.284858
0.462365
0.290658
0.364456
0.829282
0.681504
0.916674
0.635244
0.007378
0.483494
0.535389
0.727244
0.117048
0.649688
0.649688
0.036127
0.183833
0.344325
0.255445
0.727244
0.594827
0.375911
0.867378
0.695863
0.801128
0.306500
0.483494
0.322949
0.649688
0.496903
0.246759
0.454542
0.848789
0.704484
0.350951
0.177160
0.718717
0.527033
0.264363
0.421575
0.387593
0.658394
0.434080
0.829282
0.771705
0.121744
0.316692
0.077446
0.735726
0.340005
0.159490
0.434080
0.874110
0.350951
0.829282
0.008847
0.269851
0.322949
0.787927
0.153566
0.589144
0.294528
0.322949
0.597771
0.002082
0.260793
0.984769
0.749684
0.333520
0.626544
0.300471
0.958545
0.643949
0.713075
0.672823
0.192150
0.801128
0.021859
0.496903
0.771705
0.010795
0.962240
0.079397
0.874110
0.401971
0.658394
0.294528
0.658394
0.543791
0.521553
0.603471
0.874110
0.874110
0.801128
0.594827
0.036127
0.170690
0.535389
0.626544
0.922090
0.744157
0.496903
0.173237
0.643949
0.017866
0.228410
0.255445
0.098985
0.491556
0.505064
0.505064
0.848789
0.793201
0.462365
0.434080
0.409279
0.421575
0.401971
0.236593
