0.690166
0.382926
0.855893
0.166886
0.543791
0.681504
0.774492
0.766291
0.860501
0.571972
0.166886
0.867378
0.801128
0.375911
0.141156
0.491556
0.635244
0.306500
0.721628
0.658394
0.357661
0.084803
0.086192
0.574890
0.312615
0.848789
0.549354
0.048208
0.255445
0.860501
0.446787
0.218844
0.690166
0.150086
0.779856
0.947760
0.749684
0.199280
0.279144
0.867378
0.173237
0.658394
0.187953
0.874110
0.704484
0.727244
0.260793
0.527033
0.557828
0.626544
0.181158
0.635244
0.891273
0.836720
0.758020
0.421575
0.766291
0.414138
0.620815
0.580543
0.483494
0.223587
0.735726
0.821730
0.028409
0.084803
0.978604
0.549354
0.035180
0.965738
0.211153
0.346575
0.735726
0.513281
0.007168
0.727244
0.199280
0.406779
0.695863
0.194957
0.294528
0.394742
0.695863
0.306500
0.580543
0.478214
0.294528
0.241635
0.183833
0.978604
0.023508
0.406779
0.557828
0.758020
0.266225
0.801128
0.127623
0.635244
0.801128
0.580543
0.829282
0.690166
0.169385
0.236593
0.039801
0.801128
0.250182
0.306500
0.322949
0.119859
0.092008
0.713075
0.177160
0.155897
0.535389
0.187953
0.329292
0.294528
0.801128
0.353229
0.916674
0.787927
0.406779
0.269851
0.002567
0.119859
0.557828
0.173237
0.132684
0.848789
0.620815
0.749684
0.635244
0.449423
0.658394
0.672823
0.658394
0.713075
0.848789
0.749684
0.462365
0.310521
0.130653
0.704484
0.086919
0.829282
0.086192
0.491556
0.421575
0.260793
0.470257
0.643949
0.922090
0.566341
0.375911
0.421575
0.787927
0.721628
0.062816
0.166886
0.978604
0.808960
0.958545
0.163153
0.001960
0.557828
0.821730
0.483494
0.401971
0.626544
0.470257
0.258960
0.971109
0.177160
0.704484
0.196422
0.884948
0.612135
0.003850
0.735726
0.735726
0.808960
0.228410
0.749684
0.144460
0.406779
0.499678
0.146673
0.695863
0.681504
0.935597
0.260793
0.491556
0.787927
0.971109
0.713075
0.491556
0.111596
0.012548
0.414138
0.667094
0.103042
0.414138
0.891273
0.057717
0.382926
0.907293
0.250182
0.643949
0.181158
0.236593
0.340005
0.749684
0.829282
0.749684
0.727244
0.635244
0.107244
0.441715
0.787927
0.808960
0.300471
0.333520
0.527033
0.891273
0.020130
0.626544
0.891273
0.513281
0.884948
0.589144
0.027908
0.094284
0.901408
0.612135
0.153566
0.704484
0.521553
0.841556
0.771705
0.635244
0.513281
0.667094
0.275424
0.713075
0.594827
0.698805
0.215763
0.603471
0.340005
0.104694
0.521553
0.535389
0.312615
0.907293
0.141156
0.808960
0.995551
0.787927
0.695863
0.513281
0.808960
0.557828
0.735726
0.884948
0.848789
0.375911
0.841556
0.855893
0.505064
0.713075
0.236593
0.580543
0.236593
0.971109
0.801128
0.749684
0.088340
0.867378
0.841556
0.626544
0.994555
0.603471
0.401971
0.901408
0.907293
0.306500
0.766291
0.505064
0.841556
0.061772
0.867378
0.704484
0.357661
0.030518
0.704484
0.483494
0.758020
0.475494
0.735726
0.215763
0.449423
0.801128
0.727244
0.787927
0.867378
0.173237
0.183833
0.947760
0.635244
0.549354
0.518727
0.028409
0.470257
0.470257
0.269851
0.997586
0.434080
0.884948
0.375911
0.907293
0.000337
0.744157
0.053907
0.375911
0.218844
0.758020
0.406779
0.491556
0.023508
0.066084
0.181158
0.401971
0.848789
0.603471
0.231634
0.390021
0.779856
0.690166
0.269851
0.016595
0.350951
0.340005
0.218844
0.255445
0.901408
0.841556
0.434080
0.557828
0.793201
0.901408
0.795913
0.214182
0.758020
0.995551
0.617854
0.475494
0.327120
0.867378
0.698805
0.258960
0.350951
0.375911
0.922090
0.241635
0.907293
0.081393
0.100580
0.821730
0.549354
0.011974
0.947760
0.808960
0.387593
0.907293
0.414138
0.045761
0.574890
0.535389
0.462365
0.727244
0.821730
0.758020
0.211153
0.434080
0.589144
0.513281
0.513281
0.704484
0.971109
0.296545
0.991213
0.808960
0.801128
0.571972
0.658394
0.044581
0.241635
0.626544
0.483494
0.940331
0.077446
0.294528
0.667094
0.793201
0.913005
0.329292
0.169385
0.620815
0.426518
0.891273
0.667094
0.727244
0.766291
0.986757
0.897436
0.658394
0.375911
0.241635
0.183833
0.375911
0.316692
0.505064
0.107244
0.848789
0.246759
0.947760
0.535389
0.340005
0.566341
0.068911
0.153566
0.603471
0.290658
0.566341
0.735726
0.098985
0.279144
0.483494
0.649688
0.483494
0.779856
0.860501
0.626544
0.001922
0.169385
0.203680
0.787927
0.758020
0.744157
0.390021
0.281082
0.793201
0.183833
0.704484
0.255445
0.971109
0.255445
0.454542
0.141156
0.998868
0.848789
0.409279
0.015845
0.916674
0.046970
0.681504
0.449423
0.250182
0.316692
0.368979
0.984769
0.362130
0.658394
0.382926
0.009104
0.260793
0.209600
0.255445
0.658394
0.535389
0.124654
0.346575
0.215763
0.250182
0.727244
0.322949
0.749684
0.855893
0.505064
0.406779
0.758020
0.279144
0.329292
0.135818
0.962240
0.626544
0.704484
0.109849
0.841556
0.258960
0.090535
0.141156
0.997586
0.766291
0.766291
0.649688
0.749684
0.269851
0.394742
0.612135
0.766291
0.727244
0.483494
0.483494
0.721628
0.580543
0.269851
0.681504
0.620815
0.124654
0.513281
0.513281
0.505064
0.922090
0.690166
0.518727
0.779856
0.649688
0.406779
0.064431
0.014711
0.793201
0.735726
0.766291
0.269851
0.779856
0.063362
0.758020
0.426518
0.491556
0.978604
0.491556
0.672823
0.496903
0.296545
0.505064
0.848789
0.199280
0.758020
0.758020
0.082732
0.986757
0.704484
0.390021
0.922090
0.612135
0.787927
0.203680
0.626544
0.916674
0.940331
0.981075
0.066084
0.040864
0.860501
0.758020
0.173237
0.215763
0.563435
0.652656
0.187953
0.157114
0.483494
0.891273
0.848789
