0.019768
0.236593
0.922090
0.947760
0.505064
0.681504
0.947760
0.779856
0.543791
0.269851
0.044581
0.891273
0.829282
0.279144
0.801128
0.808960
0.049040
0.414138
0.327120
0.322949
0.015845
0.009546
0.153566
0.626544
0.454542
0.018706
0.505064
0.801128
0.667094
0.505064
0.690166
0.829282
0.045761
0.269851
0.284858
0.874110
0.626544
0.922090
0.518727
0.749684
0.566341
0.814067
0.496903
0.808960
0.228410
0.333520
0.978604
0.255445
0.496903
0.513281
0.940331
0.667094
0.223587
0.013276
0.008847
0.935597
0.382926
0.549354
0.279144
0.255445
0.962240
0.310521
0.981075
0.727244
0.962240
0.779856
0.436675
0.255445
0.513281
0.290658
0.177160
0.269851
0.821730
0.658394
0.974087
0.414138
0.962240
0.589144
0.801128
0.462365
0.394742
0.000718
0.454542
0.808960
0.049040
0.211153
0.713075
0.658394
0.535389
0.727244
0.758020
0.801128
0.368979
0.681504
0.907293
0.322949
0.658394
0.527033
0.434080
0.394742
0.454542
0.991213
0.891273
0.401971
0.951979
0.153566
0.891273
0.566341
0.316692
0.991213
0.626544
0.441715
0.153566
0.329292
0.916674
0.557828
0.766291
0.421575
0.771705
0.566341
0.211153
0.041578
0.470257
0.441715
0.658394
0.421575
0.478214
0.907293
0.483494
0.704484
0.557828
0.357661
0.922090
0.603471
0.441715
0.549354
0.316692
0.012548
0.496903
0.245003
0.121744
0.333520
0.284858
0.612135
0.236593
0.279144
0.916674
0.054829
0.387593
0.580543
0.527033
0.462365
0.735726
0.986757
0.821730
0.695863
0.971109
0.491556
0.090535
0.012317
0.935597
0.947760
0.132684
0.951979
0.316692
0.848789
0.958545
0.672823
0.793201
0.316692
0.713075
0.223587
0.907293
0.721628
0.658394
0.401971
0.491556
0.104694
0.215763
0.220452
0.434080
0.011974
0.357661
0.462365
0.935597
0.962240
0.112510
0.003193
0.855893
0.215763
0.727244
0.690166
0.829282
0.829282
0.793201
0.094284
0.454542
0.848789
0.003559
0.250182
0.874110
0.296545
0.580543
0.165605
0.462365
0.000036
0.884948
0.718717
0.787927
0.344325
0.940331
0.241635
0.713075
0.951979
0.580543
0.649688
0.290658
0.580543
0.951979
0.907293
0.483494
0.922090
0.907293
0.643949
0.340005
0.255445
0.082732
0.344325
0.779856
0.220452
0.589144
0.032199
0.387593
0.284858
0.046970
0.441715
0.426518
0.841556
0.612135
0.483494
0.540922
0.329292
0.749684
0.940331
0.322949
0.855893
0.787927
0.557828
0.122729
0.557828
0.135818
0.483494
0.744157
0.333520
0.236593
0.147829
0.454542
0.421575
0.002082
0.713075
0.112510
0.867378
0.134742
0.357661
0.695863
0.749684
0.002725
0.441715
0.475494
0.197797
0.003850
0.483494
0.226757
0.187953
0.000008
0.884948
0.429087
0.603471
0.727244
0.848789
0.333520
0.228410
0.681504
0.401971
0.922090
0.462365
0.223587
0.169385
0.848789
0.994555
0.275424
0.044581
0.935597
0.612135
0.228410
0.159490
0.704484
0.589144
0.779856
0.922090
0.690166
0.836720
0.848789
0.505064
0.434080
0.557828
0.571972
0.640981
0.749684
0.304435
0.279144
0.094284
0.346575
0.681504
0.971109
0.250182
0.801128
0.023508
0.228410
0.047782
0.454542
0.735726
0.346575
0.055312
0.135818
0.169385
0.316692
0.491556
0.727244
0.867378
0.535389
0.211153
0.971109
0.672823
0.382926
0.320806
0.209600
0.187953
0.735726
0.672823
0.387593
0.649688
0.449423
0.344325
0.801128
0.491556
0.907293
0.075538
0.094284
0.505064
0.808960
0.978604
0.891273
0.194957
0.612135
0.401971
0.401971
0.971109
0.994555
0.382926
0.002808
0.233315
0.801128
0.011106
0.867378
0.462365
0.996919
0.649688
0.758020
0.183833
0.658394
0.011106
0.951979
0.000162
0.441715
0.159490
0.855893
0.187953
0.513281
0.521553
0.109849
0.513281
0.401971
0.346575
0.978604
0.922090
0.127623
0.288671
0.382926
0.867378
0.713075
0.867378
0.079397
0.105557
0.986757
0.672823
0.690166
0.801128
0.233315
0.000996
0.766291
0.038764
0.454542
0.434080
0.771705
0.019230
0.779856
0.557828
0.483494
0.039801
0.041578
0.387593
0.462365
0.991213
0.626544
0.540922
0.848789
0.300471
0.454542
0.304435
0.603471
0.414138
0.426518
0.667094
0.589144
0.727244
0.884948
0.535389
0.801128
0.527033
0.718717
0.147829
0.779856
0.187953
0.962240
0.658394
0.421575
0.171915
0.971109
0.306500
0.322949
0.421575
0.718717
0.401971
0.758020
0.000000
0.986757
0.375911
0.449423
0.513281
0.394742
0.855893
0.535389
0.589144
0.092008
0.713075
0.557828
0.036127
0.462365
0.086192
0.518727
0.194957
0.368979
0.612135
0.441715
0.713075
0.971109
0.935597
0.218844
0.124654
0.672823
0.250182
0.186540
0.496903
0.867378
0.672823
0.505064
0.088340
0.098985
0.958545
0.527033
0.441715
0.144460
0.907293
0.617854
0.801128
0.387593
0.135818
0.821730
0.449423
0.704484
0.483494
0.316692
0.808960
0.364456
0.940331
0.557828
0.758020
0.821730
0.344325
0.874110
0.704484
0.322949
0.549354
0.971109
0.855893
0.704484
0.867378
0.801128
0.103042
0.284858
0.991213
0.505064
0.698805
0.127623
0.766291
0.107244
0.090535
0.779856
0.394742
0.012317
0.580543
0.667094
0.491556
0.090535
0.958545
0.958545
0.718717
0.549354
0.681504
0.571972
0.340005
0.841556
0.010298
0.793201
0.808960
0.171915
0.429087
0.211153
0.434080
0.589144
0.449423
0.304435
0.603471
0.766291
0.874110
0.971109
0.779856
0.848789
0.250182
0.779856
0.483494
0.375911
0.922090
0.704484
0.192150
0.891273
0.527033
0.382926
0.984769
0.316692
0.658394
0.829282
0.758020
0.019768
0.211153
0.735726
0.260793
0.771705
0.667094
0.350951
0.390021
0.429087
0.997586
0.580543
0.779856
