0.499678
0.574890
0.491556
0.344325
0.203680
0.922090
0.766291
0.612135
0.462365
0.470257
0.449423
0.441715
0.260793
0.406779
0.144460
0.072465
0.891273
0.880693
0.004372
0.643949
0.364456
0.513281
0.848789
0.340005
0.787927
0.223587
0.255445
0.801128
0.107244
0.022875
0.681504
0.874110
0.658394
0.620815
0.816691
0.434080
0.958545
0.421575
0.357661
0.203680
0.160731
0.019412
0.978604
0.021268
0.848789
0.434080
0.371333
0.364456
0.821730
0.951979
0.401971
0.441715
0.441715
0.658394
0.891273
0.901408
0.340005
0.744157
0.077446
0.735726
0.658394
0.505064
0.414138
0.103042
0.635244
0.090535
0.986757
0.157114
0.672823
0.947760
0.260793
0.574890
0.211153
0.571972
0.589144
0.956001
0.368979
0.860501
0.045761
0.127623
0.134742
0.589144
0.114294
0.117048
0.698805
0.228410
0.744157
0.105557
0.580543
0.228410
0.454542
0.084803
0.672823
0.935597
0.867378
0.951979
0.758020
0.414138
0.015845
0.527033
0.848789
0.690166
0.848789
0.612135
0.409279
0.884948
0.080707
0.031348
0.589144
0.549354
0.951979
0.884948
0.406779
0.038764
0.382926
0.135818
0.658394
0.713075
0.052535
0.050328
0.001246
0.891273
0.557828
0.127623
0.008761
0.079397
0.935597
0.025731
0.727244
0.935597
0.137917
0.735726
0.884948
0.112510
0.727244
0.300471
0.478214
0.199280
0.119859
0.801128
0.907293
0.019768
0.483494
0.801128
0.589144
0.387593
0.752533
0.077446
0.907293
0.269851
0.626544
0.927324
0.771705
0.860501
0.394742
0.181158
0.675784
0.690166
0.462365
0.779856
0.667094
0.603471
0.513281
0.996919
0.390021
0.269851
0.499678
0.082732
0.290658
0.774492
0.024596
0.346575
0.672823
0.658394
0.787927
0.535389
0.984769
0.290658
0.594827
0.721628
0.322949
0.626544
0.300471
0.470257
0.704484
0.962240
0.269851
0.228410
0.991213
0.594827
0.382926
0.841556
0.020320
0.829282
0.927324
0.913005
0.483494
0.758020
0.727244
0.166886
0.649688
0.787927
0.580543
0.238302
0.779856
0.735726
0.901408
0.594827
0.862861
0.758020
0.306500
0.891273
0.713075
0.491556
0.414138
0.766291
0.513281
0.088340
0.505064
0.382926
0.594827
0.031348
0.681504
0.704484
0.454542
0.491556
0.557828
0.907293
0.094284
0.153566
0.994555
0.042685
0.997586
0.357661
0.580543
0.801128
0.088340
0.718717
0.119859
0.735726
0.316692
0.329292
0.779856
0.971109
0.119859
0.994555
0.589144
0.916674
0.441715
0.441715
0.070668
0.571972
0.855893
0.037099
0.290658
0.603471
0.350951
0.441715
0.821730
0.927324
0.543791
0.758020
0.135818
0.549354
0.505064
0.275424
0.135818
0.566341
0.589144
0.626544
0.626544
0.681504
0.848789
0.346575
0.922090
0.513281
0.589144
0.073672
0.327120
0.306500
0.535389
0.449423
0.543791
0.070668
0.233315
0.690166
0.080707
0.986757
0.643949
0.836720
0.821730
0.329292
0.758020
0.199280
0.901408
0.284858
0.039801
0.163153
0.300471
0.306500
0.795913
0.228410
0.275424
0.132684
0.421575
0.801128
0.109849
0.597771
0.535389
0.635244
0.612135
0.166886
0.006028
0.063362
0.462365
0.478214
0.594827
0.290658
0.891273
0.284858
0.246759
0.535389
0.557828
0.039801
0.951979
0.874110
0.557828
0.022466
0.241635
0.300471
0.496903
0.255445
0.801128
0.117048
0.698805
0.981075
0.557828
0.135818
0.704484
0.907293
0.147829
0.913005
0.580543
0.935597
0.927324
0.935597
0.603471
0.580543
0.429087
0.848789
0.974087
0.981075
0.157114
0.867378
0.589144
0.635244
0.096609
0.704484
0.672823
0.223587
0.340005
0.340005
0.462365
0.557828
0.470257
0.779856
0.294528
0.735726
0.077446
0.690166
0.947760
0.535389
0.002863
0.721628
0.275424
0.260793
0.147829
0.735726
0.916674
0.284858
0.067775
0.094284
0.255445
0.829282
0.119859
0.527033
0.874110
0.470257
0.829282
0.603471
0.848789
0.612135
0.269851
0.086192
0.011106
0.649688
0.390021
0.675784
0.199280
0.483494
0.513281
0.014571
0.246759
0.041952
0.758020
0.779856
0.306500
0.187953
0.518727
0.228410
0.236593
0.067775
0.580543
0.157114
0.612135
0.658394
0.513281
0.841556
0.483494
0.001284
0.357661
0.199280
0.121744
0.037099
0.793201
0.672823
0.916674
0.401971
0.194957
0.109849
0.449423
0.758020
0.513281
0.727244
0.681504
0.135818
0.112510
0.166886
0.312615
0.218844
0.713075
0.965738
0.475494
0.470257
0.626544
0.382926
0.406779
0.749684
0.056256
0.922090
0.496903
0.394742
0.513281
0.566341
0.264363
0.513281
0.962240
0.540922
0.279144
0.002020
0.382926
0.867378
0.322949
0.000037
0.681504
0.284858
0.891273
0.935597
0.009822
0.848789
0.072465
0.505064
0.649688
0.429087
0.382926
0.260793
0.848789
0.681504
0.801128
0.127623
0.340005
0.002443
0.543791
0.053907
0.368979
0.026438
0.357661
0.306500
0.008197
0.462365
0.771705
0.874110
0.626544
0.658394
0.855893
0.779856
0.907293
0.749684
0.848789
0.470257
0.042685
0.218844
0.103042
0.566341
0.001421
0.594827
0.241635
0.275424
0.971109
0.557828
0.801128
0.681504
0.974087
0.996919
0.891273
0.681504
0.626544
0.250182
0.036127
0.020130
0.557828
0.935597
0.580543
0.312615
0.375911
0.322949
0.013276
0.012317
0.704484
0.499678
0.713075
0.483494
0.787927
0.335721
0.187953
0.589144
0.981075
0.829282
0.434080
0.891273
0.521553
0.290658
0.304435
0.713075
0.801128
0.808960
0.005418
0.029982
0.801128
0.021656
0.103042
0.535389
0.635244
0.612135
0.787927
0.275424
0.695863
0.483494
0.589144
0.658394
0.139014
0.088340
0.690166
0.203680
0.496903
0.025274
0.060217
0.667094
0.483494
0.306500
0.527033
0.940331
0.053907
0.640981
0.649688
0.357661
