0.013276
0.146673
0.088340
0.306500
0.951979
0.296545
0.829282
0.491556
0.744157
0.344325
0.496903
0.787927
0.057717
0.860501
0.836720
0.322949
0.112510
0.907293
0.884948
0.470257
0.658394
0.119859
0.004963
0.836720
0.597771
0.867378
0.109849
0.290658
0.394742
0.891273
0.000740
0.059212
0.962240
0.758020
0.727244
0.284858
0.269851
0.626544
0.100580
0.382926
0.997586
0.981075
0.855893
0.002146
0.513281
0.470257
0.860501
0.727244
0.141156
0.231634
0.771705
0.518727
0.626544
0.241635
0.981075
0.015409
0.026438
0.199280
0.001588
0.779856
0.901408
0.690166
0.353229
0.382926
0.927324
0.603471
0.535389
0.137917
0.860501
0.884948
0.470257
0.322949
0.005110
0.808960
0.084803
0.884948
0.557828
0.713075
0.406779
0.855893
0.916674
0.713075
0.414138
0.855893
0.874110
0.306500
0.215763
0.521553
0.340005
0.449423
0.002645
0.441715
0.211153
0.603471
0.096609
0.667094
0.187953
0.499678
0.643949
0.816691
0.048208
0.612135
0.891273
0.721628
0.059212
0.829282
0.787927
0.940331
0.499678
0.434080
0.039801
0.029186
0.758020
0.801128
0.994555
0.147829
0.848789
0.202171
0.971109
0.284858
0.233315
0.177160
0.264363
0.727244
0.300471
0.040498
0.543791
0.357661
0.667094
0.735726
0.867378
0.874110
0.215763
0.206623
0.124654
0.005262
0.117048
0.922090
0.713075
0.735726
0.998463
0.029982
0.991213
0.177160
0.704484
0.801128
0.749684
0.848789
0.829282
0.375911
0.103042
0.505064
0.829282
0.483494
0.626544
0.808960
0.350951
0.690166
0.264363
0.491556
0.036127
0.346575
0.190711
0.368979
0.470257
0.527033
0.891273
0.535389
0.052535
0.063362
0.690166
0.535389
0.535389
0.681504
0.441715
0.245003
0.368979
0.771705
0.758020
0.978604
0.626544
0.698805
0.124654
0.907293
0.483494
0.603471
0.300471
0.035500
0.543791
0.322949
0.215763
0.787927
0.044581
0.462365
0.808960
0.681504
0.218844
0.096609
0.821730
0.199280
0.241635
0.151265
0.922090
0.594827
0.414138
0.380525
0.787927
0.916674
0.483494
0.612135
0.603471
0.124654
0.626544
0.758020
0.340005
0.018368
0.441715
0.157114
0.907293
0.580543
0.394742
0.658394
0.643949
0.255445
0.350951
0.401971
0.340005
0.057717
0.867378
0.951979
0.269851
0.704484
0.947760
0.594827
0.658394
0.727244
0.063362
0.449423
0.306500
0.801128
0.566341
0.543791
0.129613
0.874110
0.704484
0.290658
0.357661
0.521553
0.218844
0.557828
0.749684
0.454542
0.462365
0.884948
0.543791
0.027164
0.187953
0.056256
0.543791
0.771705
0.891273
0.901408
0.275424
0.884948
0.643949
0.589144
0.050328
0.713075
0.401971
0.169385
0.535389
0.971109
0.571972
0.935597
0.173237
0.821730
0.749684
0.135818
0.000109
0.072465
0.995551
0.483494
0.055312
0.981075
0.153566
0.649688
0.100580
0.357661
0.884948
0.144460
0.236593
0.177160
0.505064
0.808960
0.127623
0.597771
0.258960
0.135818
0.306500
0.649688
0.187953
0.061772
0.535389
0.855893
0.499678
0.470257
0.357661
0.935597
0.690166
0.346575
0.658394
0.787927
0.322949
0.935597
0.241635
0.121744
0.059212
0.491556
0.206623
0.643949
0.787927
0.884948
0.390021
0.375911
0.401971
0.491556
0.300471
0.147829
0.322949
0.801128
0.406779
0.241635
0.421575
0.215763
0.571972
0.901408
0.758020
0.157114
0.855893
0.535389
0.704484
0.478214
0.580543
0.643949
0.735726
0.169385
0.258960
0.658394
0.333520
0.672823
0.603471
0.322949
0.891273
0.082732
0.306500
0.922090
0.667094
0.922090
0.037099
0.390021
0.901408
0.907293
0.513281
0.749684
0.496903
0.758020
0.787927
0.241635
0.884948
0.250182
0.340005
0.236593
0.713075
0.649688
0.829282
0.350951
0.236593
0.690166
0.727244
0.199280
0.867378
0.344325
0.787927
0.350951
0.211153
0.635244
0.001059
0.513281
0.935597
0.364456
0.848789
0.183833
0.867378
0.454542
0.771705
0.163153
0.233315
0.947760
0.214182
0.066084
0.978604
0.867378
0.041578
0.429087
0.991213
0.041578
0.088340
0.294528
0.269851
0.223587
0.467559
0.163153
0.901408
0.571972
0.557828
0.375911
0.557828
0.721628
0.801128
0.153566
0.269851
0.179787
0.947760
0.808960
0.643949
0.001721
0.421575
0.144460
0.513281
0.454542
0.690166
0.635244
0.147829
0.841556
0.187953
0.127623
0.080707
0.643949
0.002779
0.177160
0.322949
0.066084
0.808960
0.353229
0.086919
0.084803
0.808960
0.589144
0.441715
0.001774
0.346575
0.446787
0.192150
0.771705
0.994555
0.981075
0.626544
0.721628
0.449423
0.897436
0.364456
0.779856
0.021859
0.199280
0.436675
0.704484
0.571972
0.927324
0.901408
0.698805
0.090535
0.713075
0.867378
0.996919
0.187953
0.368979
0.127623
0.713075
0.935597
0.007593
0.233315
0.264363
0.779856
0.491556
0.672823
0.978604
0.109849
0.860501
0.986757
0.426518
0.350951
0.626544
0.735726
0.147829
0.333520
0.454542
0.023508
0.967937
0.233315
0.031348
0.922090
0.978604
0.316692
0.350951
0.557828
0.223587
0.649688
0.603471
0.749684
0.867378
0.387593
0.258960
0.401971
0.414138
0.269851
0.758020
0.758020
0.571972
0.441715
0.329292
0.137917
0.620815
0.829282
0.667094
0.626544
0.096609
0.574890
0.658394
0.028409
0.589144
0.070668
0.771705
0.275424
0.771705
0.322949
0.057717
0.620815
0.112510
0.052535
0.612135
0.984769
0.901408
0.649688
0.658394
0.067775
0.518727
0.005855
0.462365
0.009822
0.991213
0.269851
0.151265
0.310521
0.626544
0.194957
0.241635
0.005262
0.153566
0.521553
0.306500
0.070668
0.907293
0.758020
0.470257
0.643949
0.580543
0.841556
0.505064
0.935597
0.505064
0.434080
0.727244
0.566341
0.429087
0.199280
0.121744
