0.681504
0.681504
0.704484
0.250182
0.821730
0.991213
0.829282
0.962240
0.421575
0.483494
0.382926
0.658394
0.884948
0.513281
0.122729
0.612135
0.718717
0.913005
0.721628
0.316692
0.612135
0.322949
0.626544
0.589144
0.594827
0.233315
0.364456
0.150086
0.749684
0.566341
0.190711
0.779856
0.821730
0.016595
0.744157
0.312615
0.306500
0.901408
0.409279
0.414138
0.375911
0.658394
0.014711
0.036127
0.269851
0.649688
0.250182
0.571972
0.749684
0.994555
0.441715
0.681504
0.114294
0.867378
0.535389
0.808960
0.891273
0.713075
0.681504
0.146673
0.039801
0.597771
0.421575
0.727244
0.132684
0.394742
0.233315
0.779856
0.557828
0.704484
0.290658
0.884948
0.032771
0.380525
0.074303
0.357661
0.947760
0.821730
0.527033
0.021268
0.112510
0.421575
0.053907
0.713075
0.322949
0.878466
0.322949
0.269851
0.947760
0.935597
0.626544
0.491556
0.163153
0.454542
0.681504
0.001246
0.144460
0.986757
0.483494
0.971109
0.808960
0.009822
0.704484
0.681504
0.779856
0.589144
0.735726
0.951979
0.421575
0.612135
0.549354
0.649688
0.312615
0.245003
0.787927
0.401971
0.462365
0.829282
0.704484
0.220452
0.667094
0.603471
0.962240
0.127623
0.434080
0.758020
0.766291
0.429087
0.566341
0.340005
0.658394
0.368979
0.681504
0.884948
0.357661
0.063362
0.855893
0.002146
0.333520
0.072465
0.007168
0.233315
0.513281
0.255445
0.735726
0.269851
0.333520
0.147829
0.038094
0.901408
0.612135
0.316692
0.974087
0.012907
0.063362
0.109849
0.362130
0.821730
0.357661
0.643949
0.117048
0.340005
0.002082
0.255445
0.505064
0.766291
0.228410
0.766291
0.382926
0.867378
0.467559
0.795913
0.713075
0.704484
0.704484
0.273514
0.580543
0.667094
0.635244
0.635244
0.346575
0.580543
0.749684
0.124654
0.223587
0.566341
0.779856
0.801128
0.380525
0.589144
0.382926
0.991213
0.090535
0.084803
0.727244
0.884948
0.779856
0.177160
0.033659
0.364456
0.535389
0.255445
0.513281
0.940331
0.103042
0.206623
0.241635
0.147829
0.779856
0.874110
0.153566
0.013276
0.382926
0.350951
0.698805
0.947760
0.735726
0.121744
0.884948
0.127623
0.808960
0.735726
0.505064
0.779856
0.475494
0.446787
0.901408
0.333520
0.421575
0.841556
0.855893
0.483494
0.922090
0.667094
0.187953
0.727244
0.867378
0.986757
0.984769
0.841556
0.878466
0.643949
0.855893
0.867378
0.704484
0.340005
0.978604
0.612135
0.316692
0.779856
0.735726
0.907293
0.829282
0.922090
0.173237
0.617854
0.084803
0.989675
0.574890
0.940331
0.521553
0.264363
0.129613
0.867378
0.808960
0.704484
0.779856
0.183833
0.245003
0.513281
0.177160
0.867378
0.727244
0.496903
0.713075
0.414138
0.181158
0.144460
0.667094
0.643949
0.250182
0.891273
0.735726
0.357661
0.821730
0.022258
0.571972
0.801128
0.891273
0.779856
0.535389
0.003455
0.362130
0.312615
0.704484
0.153566
0.649688
0.316692
0.183833
0.658394
0.947760
0.848789
0.357661
0.580543
0.061772
0.001378
0.816691
0.470257
0.989675
0.927324
0.891273
0.891273
0.589144
0.922090
0.060217
0.454542
0.907293
0.612135
0.758020
0.907293
0.279144
0.371333
0.401971
0.891273
0.658394
0.643949
0.470257
0.038764
0.316692
0.499678
0.421575
0.454542
0.192150
0.281082
0.090535
0.199280
0.139014
0.744157
0.758020
0.290658
0.005855
0.603471
0.260793
0.913005
0.163153
0.169385
0.978604
0.735726
0.901408
0.462365
0.713075
0.640981
0.744157
0.040864
0.390021
0.821730
0.695863
0.735726
0.549354
0.771705
0.713075
0.758020
0.620815
0.958545
0.566341
0.626544
0.177160
0.147829
0.580543
0.107244
0.470257
0.368979
0.766291
0.612135
0.429087
0.499678
0.566341
0.704484
0.070668
0.505064
0.368979
0.491556
0.070668
0.004868
0.867378
0.135818
0.907293
0.014711
0.580543
0.006325
0.549354
0.935597
0.535389
0.735726
0.935597
0.971109
0.173237
0.779856
0.612135
0.884948
0.394742
0.187953
0.223587
0.066084
0.589144
0.218844
0.713075
0.867378
0.801128
0.394742
0.848789
0.612135
0.401971
0.667094
0.922090
0.635244
0.884948
0.245003
0.649688
0.986757
0.327120
0.368979
0.028409
0.649688
0.867378
0.713075
0.956001
0.449423
0.226757
0.454542
0.499678
0.312615
0.483494
0.057717
0.139014
0.766291
0.401971
0.874110
0.241635
0.100580
0.771705
0.962240
0.029982
0.382926
0.421575
0.649688
0.017378
0.749684
0.744157
0.589144
0.300471
0.704484
0.300471
0.269851
0.589144
0.801128
0.571972
0.483494
0.667094
0.801128
0.597771
0.681504
0.109849
0.557828
0.364456
0.279144
0.409279
0.874110
0.426518
0.721628
0.350951
0.421575
0.690166
0.441715
0.320806
0.478214
0.199280
0.580543
0.294528
0.228410
0.557828
0.758020
0.070668
0.779856
0.867378
0.749684
0.056256
0.922090
0.549354
0.947760
0.704484
0.322949
0.704484
0.801128
0.549354
0.603471
0.382926
0.475494
0.001636
0.344325
0.441715
0.557828
0.681504
0.491556
0.264363
0.836720
0.105557
0.704484
0.880693
0.713075
0.690166
0.223587
0.681504
0.401971
0.226757
0.695863
0.940331
0.371333
0.421575
0.855893
0.571972
0.821730
0.416665
0.543791
0.434080
0.199280
0.394742
0.690166
0.643949
0.496903
0.340005
0.173237
0.255445
0.072465
0.505064
0.735726
0.119859
0.228410
0.228410
0.346575
0.421575
0.779856
0.922090
0.290658
0.836720
0.891273
0.690166
0.279144
0.375911
0.375911
0.907293
0.462365
0.192150
0.022875
0.421575
0.159490
0.306500
0.958545
0.000069
0.199280
0.513281
0.199280
0.290658
0.749684
0.119859
0.549354
0.841556
0.971109
0.603471
0.088340
0.027908
0.735726
0.146673
0.947760
0.044581
0.891273
