0.935597
0.483494
0.603471
0.146673
0.947760
0.675784
0.874110
0.766291
0.829282
0.020692
0.907293
0.635244
0.357661
0.589144
0.566341
0.690166
0.713075
0.603471
0.211153
0.821730
0.401971
0.199280
0.300471
0.462365
0.264363
0.039801
0.223587
0.157114
0.787927
0.841556
0.199280
0.387593
0.513281
0.236593
0.922090
0.491556
0.009546
0.690166
0.626544
0.181158
0.855893
0.387593
0.521553
0.829282
0.387593
0.107244
0.043818
0.215763
0.141156
0.088340
0.169385
0.860501
0.735726
0.801128
0.589144
0.947760
0.329292
0.096609
0.766291
0.387593
0.935597
0.821730
0.681504
0.127623
0.491556
0.907293
0.279144
0.574890
0.312615
0.626544
0.306500
0.037099
0.779856
0.044581
0.552238
0.294528
0.935597
0.513281
0.094284
0.340005
0.658394
0.414138
0.264363
0.290658
0.971109
0.042685
0.612135
0.196422
0.635244
0.449423
0.483494
0.867378
0.147829
0.322949
0.139014
0.713075
0.470257
0.867378
0.735726
0.808960
0.771705
0.160731
0.749684
0.658394
0.078727
0.566341
0.088340
0.589144
0.357661
0.771705
0.626544
0.713075
0.165605
0.527033
0.971109
0.766291
0.124654
0.449423
0.991213
0.421575
0.163153
0.735726
0.841556
0.527033
0.978604
0.457201
0.612135
0.891273
0.086192
0.055312
0.901408
0.735726
0.223587
0.194957
0.884948
0.294528
0.744157
0.316692
0.947760
0.580543
0.571972
0.241635
0.070668
0.566341
0.635244
0.603471
0.312615
0.135818
0.284858
0.612135
0.986757
0.841556
0.527033
0.462365
0.166886
0.643949
0.050328
0.787927
0.681504
0.574890
0.346575
0.571972
0.922090
0.549354
0.269851
0.421575
0.441715
0.713075
0.962240
0.371333
0.643949
0.690166
0.612135
0.991213
0.434080
0.194957
0.735726
0.223587
0.084803
0.022466
0.414138
0.103042
0.771705
0.855893
0.470257
0.557828
0.394742
0.029186
0.421575
0.414138
0.333520
0.658394
0.718717
0.860501
0.962240
0.821730
0.801128
0.991213
0.353229
0.672823
0.382926
0.223587
0.449423
0.971109
0.594827
0.513281
0.139014
0.013909
0.045761
0.026438
0.364456
0.103042
0.749684
0.771705
0.557828
0.690166
0.635244
0.241635
0.112510
0.203680
0.947760
0.340005
0.434080
0.040864
0.695863
0.245003
0.672823
0.996919
0.884948
0.681504
0.698805
0.306500
0.626544
0.535389
0.346575
0.513281
0.994555
0.434080
0.821730
0.603471
0.836720
0.010298
0.135818
0.483494
0.535389
0.787927
0.940331
0.787927
0.153566
0.713075
0.984769
0.996919
0.049040
0.475494
0.434080
0.103042
0.333520
0.211153
0.771705
0.787927
0.211153
0.867378
0.735726
0.713075
0.543791
0.589144
0.050328
0.779856
0.491556
0.744157
0.312615
0.635244
0.727244
0.470257
0.603471
0.109849
0.658394
0.672823
0.735726
0.166886
0.269851
0.862861
0.449423
0.401971
0.346575
0.060217
0.194957
0.626544
0.003455
0.557828
0.735726
0.867378
0.612135
0.223587
0.907293
0.841556
0.580543
0.758020
0.603471
0.589144
0.704484
0.228410
0.255445
0.020886
0.848789
0.681504
0.713075
0.566341
0.079397
0.096609
0.617854
0.580543
0.074303
0.658394
0.612135
0.499678
0.735726
0.779856
0.867378
0.483494
0.971109
0.364456
0.340005
0.907293
0.626544
0.951979
0.940331
0.984769
0.052535
0.841556
0.375911
0.364456
0.884948
0.698805
0.907293
0.223587
0.891273
0.927324
0.758020
0.978604
0.350951
0.658394
0.173237
0.766291
0.787927
0.114294
0.951979
0.841556
0.231634
0.290658
0.580543
0.727244
0.019230
0.002370
0.808960
0.100580
0.658394
0.749684
0.027164
0.023508
0.130653
0.771705
0.233315
0.658394
0.166886
0.543791
0.922090
0.209600
0.967937
0.589144
0.612135
0.181158
0.470257
0.672823
0.690166
0.183833
0.300471
0.478214
0.322949
0.316692
0.821730
0.074303
0.571972
0.907293
0.681504
0.109849
0.177160
0.927324
0.013276
0.801128
0.518727
0.907293
0.947760
0.269851
0.690166
0.135818
0.004591
0.260793
0.327120
0.246759
0.874110
0.766291
0.052535
0.690166
0.505064
0.594827
0.275424
0.821730
0.290658
0.958545
0.801128
0.758020
0.658394
0.333520
0.612135
0.901408
0.829282
0.612135
0.867378
0.808960
0.173237
0.978604
0.223587
0.626544
0.454542
0.779856
0.042685
0.626544
0.063362
0.001421
0.690166
0.223587
0.115226
0.801128
0.860501
0.549354
0.626544
0.690166
0.454542
0.994555
0.170690
0.935597
0.132684
0.829282
0.192150
0.513281
0.620815
0.620815
0.612135
0.956001
0.727244
0.620815
0.135818
0.841556
0.250182
0.462365
0.758020
0.801128
0.296545
0.390021
0.401971
0.557828
0.589144
0.202171
0.891273
0.475494
0.874110
0.163153
0.713075
0.855893
0.346575
0.594827
0.727244
0.744157
0.090535
0.364456
0.414138
0.801128
0.704484
0.000621
0.971109
0.675784
0.635244
0.801128
0.284858
0.269851
0.206623
0.589144
0.462365
0.779856
0.874110
0.643949
0.681504
0.294528
0.187953
0.758020
0.758020
0.947760
0.284858
0.130653
0.766291
0.228410
0.279144
0.132684
0.045761
0.294528
0.897436
0.535389
0.744157
0.475494
0.414138
0.658394
0.721628
0.409279
0.848789
0.357661
0.612135
0.690166
0.375911
0.275424
0.181158
0.061772
0.050328
0.153566
0.364456
0.275424
0.787927
0.364456
0.829282
0.543791
0.362130
0.758020
0.132684
0.127623
0.518727
0.672823
0.312615
0.064990
0.667094
0.991213
0.787927
0.340005
0.496903
0.779856
0.922090
0.727244
0.382926
0.874110
0.518727
0.667094
0.255445
0.457201
0.620815
0.829282
0.255445
0.571972
0.978604
0.978604
0.333520
0.316692
0.513281
0.589144
0.603471
0.841556
0.483494
0.998868
0.580543
0.082732
0.434080
0.434080
0.114294
0.001172
0.543791
0.117048
0.612135
0.801128
