0.183833
0.264363
0.173237
0.704484
0.962240
0.092778
0.913005
0.704484
0.916674
0.327120
0.704484
0.690166
0.612135
0.727244
0.884948
0.394742
0.603471
0.350951
0.269851
0.884948
0.462365
0.643949
0.166886
0.901408
0.704484
0.667094
0.922090
0.357661
0.284858
0.026438
0.940331
0.935597
0.907293
0.529876
0.322949
0.735726
0.603471
0.787927
0.246759
0.375911
0.290658
0.801128
0.220452
0.996919
0.409279
0.279144
0.612135
0.483494
0.735726
0.023508
0.023508
0.612135
0.316692
0.375911
0.513281
0.094284
0.626544
0.077446
0.096609
0.658394
0.658394
0.279144
0.290658
0.215763
0.409279
0.527033
0.505064
0.505064
0.848789
0.086192
0.860501
0.499678
0.203680
0.557828
0.209600
0.088340
0.779856
0.103042
0.045761
0.649688
0.744157
0.695863
0.951979
0.603471
0.922090
0.018706
0.690166
0.462365
0.211153
0.867378
0.927324
0.994555
0.470257
0.150086
0.901408
0.022875
0.269851
0.387593
0.141156
0.947760
0.010493
0.540922
0.549354
0.357661
0.580543
0.643949
0.470257
0.446787
0.269851
0.090535
0.223587
0.848789
0.441715
0.658394
0.394742
0.649688
0.505064
0.580543
0.449423
0.749684
0.518727
0.713075
0.543791
0.099752
0.346575
0.758020
0.635244
0.549354
0.884948
0.340005
0.223587
0.505064
0.421575
0.690166
0.127623
0.513281
0.704484
0.387593
0.290658
0.245003
0.626544
0.901408
0.266225
0.394742
0.718717
0.434080
0.236593
0.643949
0.681504
0.491556
0.947760
0.223587
0.808960
0.159490
0.649688
0.829282
0.543791
0.735726
0.513281
0.667094
0.816691
0.779856
0.505064
0.273514
0.971109
0.612135
0.727244
0.387593
0.891273
0.643949
0.907293
0.829282
0.603471
0.055312
0.236593
0.023508
0.505064
0.779856
0.543791
0.612135
0.470257
0.874110
0.004122
0.808960
0.011106
0.974087
0.052535
0.223587
0.329292
0.163153
0.998463
0.801128
0.589144
0.566341
0.401971
0.681504
0.409279
0.409279
0.135818
0.986757
0.874110
0.346575
0.566341
0.978604
0.841556
0.350951
0.766291
0.233315
0.801128
0.901408
0.907293
0.060743
0.346575
0.874110
0.801128
0.181158
0.549354
0.022466
0.727244
0.922090
0.667094
0.429087
0.141156
0.758020
0.371333
0.543791
0.594827
0.690166
0.300471
0.279144
0.202171
0.958545
0.958545
0.626544
0.496903
0.426518
0.521553
0.401971
0.368979
0.841556
0.003193
0.038764
0.735726
0.758020
0.387593
0.290658
0.635244
0.364456
0.117048
0.643949
0.181158
0.333520
0.206623
0.951979
0.727244
0.571972
0.005418
0.962240
0.658394
0.940331
0.064431
0.848789
0.594827
0.491556
0.758020
0.107244
0.907293
0.907293
0.880693
0.721628
0.364456
0.727244
0.735726
0.446787
0.958545
0.290658
0.744157
0.215763
0.907293
0.667094
0.758020
0.589144
0.672823
0.194957
0.067775
0.223587
0.470257
0.505064
0.965738
0.483494
0.462365
0.092778
0.836720
0.947760
0.829282
0.441715
0.571972
0.032199
0.077446
0.094284
0.704484
0.414138
0.513281
0.884948
0.922090
0.316692
0.626544
0.867378
0.288671
0.612135
0.626544
0.698805
0.978604
0.144460
0.300471
0.758020
0.357661
0.867378
0.735726
0.072465
0.749684
0.380525
0.658394
0.144460
0.462365
0.766291
0.185229
0.333520
0.901408
0.346575
0.513281
0.246759
0.316692
0.667094
0.984769
0.434080
0.749684
0.107244
0.867378
0.643949
0.597771
0.962240
0.350951
0.306500
0.054829
0.848789
0.441715
0.441715
0.139014
0.727244
0.947760
0.375911
0.146673
0.635244
0.658394
0.394742
0.535389
0.727244
0.127623
0.141156
0.098170
0.518727
0.787927
0.626544
0.394742
0.454542
0.441715
0.119859
0.667094
0.322949
0.362130
0.084803
0.231634
0.206623
0.867378
0.245003
0.357661
0.080707
0.306500
0.041578
0.449423
0.704484
0.752533
0.947760
0.329292
0.901408
0.329292
0.226757
0.884948
0.382926
0.635244
0.571972
0.940331
0.421575
0.690166
0.779856
0.496903
0.025970
0.907293
0.749684
0.735726
0.329292
0.003523
0.300471
0.491556
0.290658
0.215763
0.589144
0.626544
0.029186
0.364456
0.135818
0.104694
0.695863
0.082732
0.704484
0.635244
0.015695
0.151265
0.758020
0.429087
0.177160
0.801128
0.275424
0.563435
0.478214
0.951979
0.848789
0.139014
0.672823
0.147829
0.329292
0.160731
0.177160
0.211153
0.557828
0.672823
0.462365
0.681504
0.211153
0.527033
0.007593
0.211153
0.749684
0.617854
0.290658
0.322949
0.518727
0.290658
0.098170
0.211153
0.718717
0.124654
0.047782
0.026438
0.626544
0.215763
0.566341
0.483494
0.279144
0.246759
0.940331
0.821730
0.139014
0.483494
0.816691
0.795913
0.127623
0.499678
0.449423
0.187953
0.808960
0.681504
0.146673
0.589144
0.758020
0.771705
0.088340
0.998868
0.220452
0.231634
0.527033
0.294528
0.462365
0.935597
0.340005
0.935597
0.901408
0.626544
0.038764
0.758020
0.978604
0.401971
0.401971
0.421575
0.735726
0.994555
0.350951
0.594827
0.203680
0.375911
0.333520
0.612135
0.603471
0.667094
0.505064
0.134742
0.947760
0.470257
0.884948
0.462365
0.170690
0.735726
0.194957
0.658394
0.626544
0.401971
0.974087
0.258960
0.808960
0.449423
0.672823
0.144460
0.491556
0.322949
0.874110
0.947760
0.829282
0.250182
0.327120
0.073672
0.690166
0.635244
0.449423
0.996919
0.190711
0.096609
0.434080
0.557828
0.667094
0.681504
0.290658
0.441715
0.103042
0.215763
0.284858
0.159490
0.025274
0.129613
0.346575
0.690166
0.884948
0.086192
0.947760
0.808960
0.072465
0.004288
0.867378
0.310521
0.721628
0.735726
0.758020
0.169385
0.406779
0.620815
0.426518
0.848789
0.275424
0.713075
0.031348
0.310521
0.907293
0.294528
0.535389
0.874110
0.211153
