0.727244
0.766291
0.891273
0.527033
0.039801
0.704484
0.014985
0.019768
0.758020
0.935597
0.124654
0.505064
0.223587
0.491556
0.021859
0.192150
0.935597
0.787927
0.075538
0.183833
0.704484
0.346575
0.132684
0.884948
0.157114
0.429087
0.462365
0.913005
0.119859
0.690166
0.223587
0.449423
0.521553
0.228410
0.037752
0.981075
0.153566
0.364456
0.518727
0.543791
0.441715
0.169385
0.255445
0.421575
0.368979
0.228410
0.013276
0.483494
0.649688
0.543791
0.414138
0.766291
0.758020
0.713075
0.855893
0.382926
0.848789
0.713075
0.269851
0.147829
0.713075
0.357661
0.027164
0.752533
0.749684
0.275424
0.735726
0.153566
0.779856
0.362130
0.290658
0.998868
0.935597
0.177160
0.112510
0.594827
0.672823
0.626544
0.690166
0.978604
0.414138
0.340005
0.962240
0.749684
0.215763
0.329292
0.414138
0.735726
0.867378
0.260793
0.513281
0.375911
0.421575
0.758020
0.036456
0.173237
0.163153
0.675784
0.246759
0.223587
0.100580
0.535389
0.275424
0.935597
0.098170
0.649688
0.127623
0.758020
0.109849
0.907293
0.086919
0.681504
0.626544
0.199280
0.441715
0.603471
0.971109
0.801128
0.766291
0.597771
0.704484
0.927324
0.075538
0.294528
0.566341
0.429087
0.566341
0.907293
0.215763
0.211153
0.829282
0.390021
0.829282
0.713075
0.394742
0.884948
0.690166
0.513281
0.304435
0.394742
0.322949
0.034255
0.350951
0.306500
0.064431
0.304435
0.658394
0.165605
0.997586
0.529876
0.449423
0.947760
0.357661
0.566341
0.749684
0.067775
0.139014
0.153566
0.617854
0.206623
0.275424
0.698805
0.681504
0.306500
0.394742
0.901408
0.017866
0.951979
0.821730
0.779856
0.364456
0.104694
0.505064
0.496903
0.658394
0.758020
0.626544
0.290658
0.829282
0.580543
0.749684
0.543791
0.808960
0.589144
0.891273
0.401971
0.057717
0.505064
0.275424
0.333520
0.063362
0.211153
0.867378
0.368979
0.322949
0.801128
0.457201
0.589144
0.907293
0.535389
0.549354
0.421575
0.260793
0.088340
0.991213
0.744157
0.401971
0.288671
0.183833
0.029186
0.462365
0.416665
0.312615
0.557828
0.681504
0.375911
0.779856
0.245003
0.371333
0.626544
0.897436
0.462365
0.793201
0.027908
0.505064
0.535389
0.449423
0.312615
0.958545
0.141156
0.382926
0.884948
0.064431
0.535389
0.635244
0.306500
0.721628
0.513281
0.505064
0.704484
0.012907
0.153566
0.974087
0.434080
0.874110
0.177160
0.333520
0.612135
0.401971
0.387593
0.855893
0.401971
0.129613
0.316692
0.228410
0.855893
0.306500
0.255445
0.401971
0.033659
0.589144
0.658394
0.513281
0.704484
0.382926
0.362130
0.735726
0.907293
0.612135
0.002020
0.860501
0.183833
0.758020
0.589144
0.880693
0.166886
0.346575
0.996919
0.695863
0.275424
0.496903
0.620815
0.571972
0.681504
0.434080
0.401971
0.177160
0.053907
0.003850
0.127623
0.635244
0.766291
0.974087
0.153566
0.269851
0.107244
0.166886
0.695863
0.860501
0.121744
0.557828
0.580543
0.483494
0.281082
0.057717
0.157114
0.841556
0.491556
0.758020
0.406779
0.049040
0.998868
0.027164
0.735726
0.316692
0.333520
0.382926
0.935597
0.744157
0.163153
0.801128
0.867378
0.667094
0.874110
0.320806
0.821730
0.082732
0.269851
0.535389
0.771705
0.401971
0.884948
0.884948
0.375911
0.470257
0.353229
0.063362
0.006325
0.364456
0.848789
0.735726
0.907293
0.958545
0.713075
0.478214
0.580543
0.421575
0.901408
0.867378
0.449423
0.279144
0.228410
0.867378
0.543791
0.491556
0.159490
0.891273
0.284858
0.749684
0.173237
0.454542
0.394742
0.132684
0.855893
0.635244
0.649688
0.470257
0.821730
0.031348
0.375911
0.787927
0.962240
0.000115
0.771705
0.787927
0.681504
0.557828
0.470257
0.390021
0.695863
0.681504
0.096609
0.971109
0.779856
0.801128
0.255445
0.612135
0.005687
0.264363
0.449423
0.462365
0.951979
0.002567
0.067775
0.916674
0.429087
0.907293
0.749684
0.626544
0.096609
0.350951
0.199280
0.971109
0.329292
0.681504
0.787927
0.050328
0.462365
0.135818
0.994555
0.758020
0.793201
0.141156
0.092008
0.150086
0.779856
0.855893
0.841556
0.434080
0.891273
0.011640
0.132684
0.041578
0.758020
0.735726
0.269851
0.744157
0.998868
0.891273
0.147829
0.135818
0.589144
0.643949
0.527033
0.300471
0.194957
0.603471
0.821730
0.132684
0.483494
0.183833
0.312615
0.801128
0.658394
0.505064
0.635244
0.974087
0.290658
0.064431
0.033659
0.713075
0.891273
0.713075
0.470257
0.491556
0.088340
0.855893
0.021268
0.127623
0.801128
0.808960
0.255445
0.034568
0.362130
0.199280
0.649688
0.521553
0.284858
0.470257
0.766291
0.021268
0.779856
0.940331
0.513281
0.084803
0.603471
0.695863
0.801128
0.094284
0.580543
0.695863
0.787927
0.310521
0.713075
0.033659
0.181158
0.603471
0.543791
0.483494
0.681504
0.535389
0.153566
0.357661
0.269851
0.264363
0.958545
0.005687
0.801128
0.749684
0.620815
0.007168
0.848789
0.635244
0.491556
0.916674
0.027164
0.505064
0.084803
0.434080
0.801128
0.704484
0.470257
0.279144
0.135818
0.269851
0.153566
0.566341
0.027908
0.470257
0.387593
0.008197
0.704484
0.241635
0.327120
0.300471
0.483494
0.612135
0.874110
0.675784
0.998463
0.566341
0.203680
0.300471
0.245003
0.658394
0.901408
0.063362
0.218844
0.543791
0.749684
0.269851
0.357661
0.011106
0.535389
0.971109
0.187953
0.594827
0.779856
0.245003
0.203680
0.940331
0.147829
0.499678
0.146673
0.821730
0.275424
0.017866
0.462365
0.177160
0.821730
0.713075
0.150086
0.322949
0.690166
0.727244
0.194957
0.808960
0.006832
0.434080
0.821730
0.214182
0.066084
0.114294
0.284858
0.187953
0.046970
