0.434080
0.153566
0.322949
0.704484
0.054829
0.357661
0.829282
0.855893
0.088340
0.816691
0.016139
0.612135
0.658394
0.350951
0.787927
0.357661
0.441715
0.449423
0.380525
0.340005
0.617854
0.441715
0.771705
0.505064
0.874110
0.199280
0.848789
0.031348
0.620815
0.228410
0.771705
0.067775
0.390021
0.848789
0.306500
0.103042
0.449423
0.215763
0.589144
0.787927
0.749684
0.867378
0.306500
0.589144
0.808960
0.294528
0.713075
0.991213
0.139014
0.048208
0.935597
0.421575
0.713075
0.667094
0.017866
0.713075
0.801128
0.580543
0.704484
0.589144
0.269851
0.070668
0.187953
0.056750
0.718717
0.364456
0.483494
0.033071
0.735726
0.771705
0.808960
0.935597
0.518727
0.067775
0.675784
0.766291
0.721628
0.612135
0.808960
0.808960
0.713075
0.112510
0.787927
0.421575
0.112510
0.223587
0.364456
0.829282
0.194957
0.766291
0.043818
0.681504
0.062816
0.483494
0.962240
0.557828
0.557828
0.290658
0.927324
0.088340
0.390021
0.064431
0.192150
0.971109
0.841556
0.884948
0.340005
0.658394
0.246759
0.978604
0.211153
0.958545
0.549354
0.867378
0.279144
0.264363
0.594827
0.635244
0.011106
0.681504
0.454542
0.667094
0.441715
0.499678
0.821730
0.891273
0.635244
0.787927
0.470257
0.836720
0.206623
0.177160
0.068911
0.218844
0.891273
0.922090
0.454542
0.744157
0.713075
0.513281
0.658394
0.080707
0.718717
0.713075
0.010009
0.260793
0.718717
0.194957
0.922090
0.787927
0.169385
0.518727
0.779856
0.086192
0.173237
0.421575
0.549354
0.635244
0.491556
0.350951
0.907293
0.203680
0.672823
0.187953
0.284858
0.236593
0.991213
0.821730
0.223587
0.735726
0.077446
0.603471
0.821730
0.557828
0.382926
0.999892
0.199280
0.350951
0.434080
0.841556
0.269851
0.874110
0.758020
0.612135
0.245003
0.718717
0.612135
0.580543
0.011753
0.233315
0.421575
0.475494
0.713075
0.793201
0.848789
0.901408
0.306500
0.557828
0.375911
0.589144
0.860501
0.300471
0.290658
0.382926
0.829282
0.574890
0.421575
0.658394
0.603471
0.194957
0.855893
0.203680
0.658394
0.744157
0.540922
0.505064
0.935597
0.758020
0.449423
0.867378
0.132684
0.620815
0.357661
0.981075
0.901408
0.589144
0.470257
0.649688
0.535389
0.947760
0.543791
0.766291
0.571972
0.589144
0.571972
0.801128
0.971109
0.749684
0.549354
0.322949
0.039801
0.414138
0.300471
0.779856
0.880693
0.855893
0.801128
0.766291
0.947760
0.801128
0.947760
0.571972
0.300471
0.218844
0.787927
0.540922
0.462365
0.364456
0.874110
0.346575
0.052535
0.368979
0.072465
0.215763
0.986757
0.535389
0.475494
0.801128
0.922090
0.275424
0.031348
0.019768
0.119859
0.829282
0.177160
0.795913
0.935597
0.527033
0.841556
0.626544
0.017866
0.470257
0.100580
0.713075
0.527033
0.327120
0.735726
0.470257
0.401971
0.518727
0.173237
0.449423
0.275424
0.867378
0.220452
0.967937
0.470257
0.867378
0.206623
0.206623
0.658394
0.958545
0.231634
0.016595
0.421575
0.994555
0.620815
0.557828
0.454542
0.557828
0.816691
0.947760
0.626544
0.574890
0.000007
0.535389
0.470257
0.603471
0.436675
0.967937
0.735726
0.971109
0.626544
0.681504
0.344325
0.571972
0.470257
0.475494
0.264363
0.499678
0.290658
0.141156
0.721628
0.236593
0.269851
0.421575
0.535389
0.491556
0.079397
0.681504
0.434080
0.848789
0.441715
0.394742
0.316692
0.580543
0.557828
0.441715
0.758020
0.387593
0.667094
0.306500
0.589144
0.566341
0.801128
0.907293
0.603471
0.187953
0.713075
0.449423
0.549354
0.306500
0.580543
0.543791
0.127623
0.000590
0.499678
0.612135
0.557828
0.090535
0.144460
0.462365
0.620815
0.454542
0.549354
0.626544
0.264363
0.166886
0.353229
0.927324
0.916674
0.079397
0.978604
0.390021
0.375911
0.566341
0.978604
0.543791
0.801128
0.787927
0.144460
0.801128
0.884948
0.090535
0.329292
0.787927
0.505064
0.357661
0.150086
0.312615
0.241635
0.157114
0.357661
0.499678
0.199280
0.635244
0.063362
0.907293
0.053907
0.375911
0.475494
0.891273
0.505064
0.135818
0.971109
0.245003
0.064990
0.001208
0.166886
0.040864
0.350951
0.300471
0.589144
0.829282
0.211153
0.816691
0.518727
0.690166
0.264363
0.194957
0.333520
0.557828
0.394742
0.816691
0.075538
0.499678
0.483494
0.446787
0.518727
0.072465
0.874110
0.255445
0.269851
0.735726
0.001271
0.084803
0.727244
0.535389
0.695863
0.891273
0.549354
0.808960
0.594827
0.163153
0.991213
0.329292
0.025274
0.913005
0.475494
0.159490
0.795913
0.163153
0.105557
0.566341
0.891273
0.284858
0.467559
0.426518
0.117048
0.951979
0.121744
0.470257
0.901408
0.006765
0.260793
0.758020
0.513281
0.375911
0.626544
0.157114
0.166886
0.571972
0.223587
0.052535
0.380525
0.836720
0.758020
0.620815
0.891273
0.543791
0.965738
0.021859
0.505064
0.264363
0.521553
0.884948
0.246759
0.069506
0.279144
0.626544
0.426518
0.004164
0.690166
0.166886
0.279144
0.075538
0.649688
0.935597
0.316692
0.202171
0.187953
0.290658
0.779856
0.947760
0.867378
0.848789
0.032199
0.023508
0.505064
0.672823
0.922090
0.557828
0.821730
0.239907
0.090535
0.667094
0.284858
0.340005
0.758020
0.518727
0.603471
0.079397
0.787927
0.978604
0.066084
0.947760
0.038094
0.102197
0.758020
0.649688
0.340005
0.801128
0.667094
0.169385
0.284858
0.199280
0.414138
0.483494
0.340005
0.012317
0.758020
0.643949
0.390021
0.153566
0.841556
0.049040
0.022258
0.766291
0.922090
0.971109
0.801128
0.066084
0.079397
0.643949
0.922090
0.353229
0.884948
0.034568
0.322949
0.066084
0.557828
0.727244
0.470257
0.499678
0.357661
0.594827
