0.279144
0.414138
0.713075
0.375911
0.749684
0.375911
0.462365
0.626544
0.571972
0.766291
0.971109
0.557828
0.429087
0.589144
0.580543
0.173237
0.132684
0.462365
0.375911
0.749684
0.401971
0.021859
0.170690
0.808960
0.557828
0.971109
0.192150
0.913005
0.187953
0.275424
0.041578
0.744157
0.589144
0.491556
0.867378
0.075538
0.986757
0.077446
0.978604
0.100580
0.030518
0.141156
0.620815
0.996919
0.779856
0.394742
0.713075
0.346575
0.996919
0.190711
0.153566
0.540922
0.387593
0.273514
0.029982
0.040864
0.387593
0.228410
0.103042
0.821730
0.603471
0.231634
0.901408
0.989675
0.829282
0.245003
0.867378
0.901408
0.470257
0.434080
0.897436
0.434080
0.535389
0.727244
0.316692
0.421575
0.994555
0.801128
0.454542
0.078727
0.375911
0.589144
0.181158
0.829282
0.203680
0.951979
0.394742
0.713075
0.566341
0.821730
0.841556
0.037752
0.557828
0.935597
0.316692
0.505064
0.779856
0.236593
0.667094
0.695863
0.190711
0.829282
0.891273
0.658394
0.916674
0.414138
0.787927
0.306500
0.441715
0.994555
0.901408
0.735726
0.901408
0.721628
0.046970
0.441715
0.867378
0.787927
0.704484
0.505064
0.758020
0.749684
0.681504
0.891273
0.318816
0.002255
0.233315
0.603471
0.094284
0.690166
0.758020
0.597771
0.401971
0.382926
0.735726
0.829282
0.787927
0.475494
0.643949
0.357661
0.984769
0.260793
0.088340
0.543791
0.667094
0.935597
0.749684
0.250182
0.867378
0.105557
0.927324
0.037099
0.002517
0.107244
0.067775
0.841556
0.884948
0.681504
0.758020
0.236593
0.322949
0.269851
0.704484
0.690166
0.612135
0.571972
0.841556
0.962240
0.801128
0.147829
0.735726
0.429087
0.566341
0.922090
0.962240
0.566341
0.994555
0.505064
0.434080
0.163153
0.316692
0.901408
0.713075
0.829282
0.094284
0.429087
0.855893
0.491556
0.107244
0.421575
0.059212
0.808960
0.727244
0.119859
0.557828
0.848789
0.462365
0.454542
0.170690
0.855893
0.260793
0.535389
0.199280
0.829282
0.735726
0.594827
0.884948
0.758020
0.991213
0.971109
0.346575
0.841556
0.075538
0.867378
0.340005
0.848789
0.589144
0.658394
0.612135
0.787927
0.867378
0.951979
0.935597
0.112510
0.387593
0.787927
0.779856
0.771705
0.801128
0.758020
0.994555
0.603471
0.250182
0.589144
0.039801
0.018368
0.483494
0.758020
0.901408
0.935597
0.758020
0.002082
0.032199
0.462365
0.060743
0.300471
0.350951
0.749684
0.255445
0.329292
0.612135
0.603471
0.350951
0.841556
0.612135
0.771705
0.658394
0.571972
0.951979
0.821730
0.505064
0.681504
0.658394
0.273514
0.816691
0.667094
0.935597
0.821730
0.735726
0.127623
0.521553
0.667094
0.635244
0.236593
0.801128
0.012907
0.907293
0.907293
0.375911
0.025274
0.518727
0.067775
0.974087
0.947760
0.119859
0.907293
0.922090
0.527033
0.927324
0.744157
0.429087
0.004372
0.505064
0.165605
0.884948
0.199280
0.958545
0.951979
0.316692
0.513281
0.884948
0.157114
0.421575
0.084803
0.940331
0.891273
0.269851
0.787927
0.816691
0.044581
0.829282
0.441715
0.421575
0.014985
0.922090
0.441715
0.401971
0.357661
0.766291
0.401971
0.884948
0.470257
0.177160
0.848789
0.713075
0.867378
0.483494
0.667094
0.014305
0.571972
0.380525
0.612135
0.695863
0.713075
0.704484
0.505064
0.008847
0.571972
0.518727
0.491556
0.429087
0.681504
0.672823
0.255445
0.779856
0.231634
0.580543
0.357661
0.052535
0.907293
0.008597
0.801128
0.059212
0.735726
0.766291
0.787927
0.340005
0.829282
0.801128
0.758020
0.340005
0.787927
0.606422
0.380525
0.901408
0.521553
0.375911
0.441715
0.414138
0.681504
0.521553
0.971109
0.049040
0.557828
0.063362
0.874110
0.119859
0.290658
0.004868
0.333520
0.704484
0.704484
0.279144
0.001922
0.394742
0.011640
0.535389
0.589144
0.916674
0.589144
0.098985
0.037099
0.620815
0.161896
0.727244
0.713075
0.300471
0.557828
0.907293
0.841556
0.758020
0.855893
0.135818
0.462365
0.935597
0.749684
0.112510
0.275424
0.603471
0.491556
0.649688
0.001027
0.141156
0.090535
0.166886
0.518727
0.127623
0.394742
0.635244
0.159490
0.434080
0.112510
0.580543
0.306500
0.808960
0.470257
0.901408
0.260793
0.735726
0.735726
0.681504
0.766291
0.013276
0.667094
0.206623
0.848789
0.557828
0.177160
0.284858
0.713075
0.250182
0.000398
0.884948
0.690166
0.044581
0.310521
0.269851
0.744157
0.962240
0.580543
0.935597
0.672823
0.434080
0.735726
0.771705
0.038764
0.144460
0.635244
0.901408
0.901408
0.079397
0.922090
0.406779
0.907293
0.557828
0.241635
0.117048
0.163153
0.441715
0.279144
0.088340
0.016139
0.021859
0.626544
0.801128
0.333520
0.690166
0.080707
0.779856
0.322949
0.612135
0.978604
0.552238
0.211153
0.260793
0.626544
0.956001
0.549354
0.051648
0.841556
0.284858
0.947760
0.475494
0.566341
0.962240
0.129613
0.231634
0.462365
0.194957
0.141156
0.603471
0.978604
0.841556
0.086192
0.749684
0.971109
0.951979
0.603471
0.771705
0.260793
0.382926
0.658394
0.594827
0.153566
0.246759
0.223587
0.491556
0.103042
0.549354
0.927324
0.139014
0.658394
0.333520
0.364456
0.549354
0.357661
0.998868
0.557828
0.540922
0.793201
0.250182
0.179787
0.787927
0.971109
0.874110
0.177160
0.241635
0.057717
0.557828
0.375911
0.103042
0.672823
0.940331
0.779856
0.255445
0.483494
0.867378
0.187953
0.264363
0.951979
0.855893
0.491556
0.505064
0.081393
0.735726
0.037099
0.821730
0.713075
0.808960
0.978604
0.855893
0.667094
0.316692
0.907293
0.350951
0.007739
0.672823
0.290658
0.672823
0.667094
0.491556
0.922090
0.563435
0.635244
0.112510
0.841556
