0.635244
0.264363
0.808960
0.122729
0.672823
0.672823
0.215763
0.000918
0.250182
0.713075
0.735726
0.518727
0.499678
0.020692
0.718717
0.829282
0.275424
0.000037
0.483494
0.150086
0.891273
0.449423
0.658394
0.735726
0.183833
0.816691
0.491556
0.166886
0.808960
0.597771
0.306500
0.907293
0.704484
0.139014
0.375911
0.414138
0.801128
0.053907
0.967937
0.848789
0.518727
0.721628
0.316692
0.088340
0.667094
0.454542
0.930673
0.690166
0.649688
0.037752
0.771705
0.478214
0.681504
0.279144
0.096609
0.082732
0.749684
0.580543
0.000009
0.103042
0.518727
0.829282
0.658394
0.704484
0.721628
0.024596
0.836720
0.749684
0.449423
0.612135
0.375911
0.401971
0.357661
0.580543
0.681504
0.771705
0.035180
0.518727
0.483494
0.922090
0.603471
0.007965
0.096609
0.260793
0.727244
0.375911
0.211153
0.382926
0.139014
0.061772
0.589144
0.891273
0.649688
0.836720
0.535389
0.681504
0.867378
0.077446
0.462365
0.962240
0.594827
0.940331
0.626544
0.368979
0.594827
0.956001
0.441715
0.499678
0.340005
0.603471
0.681504
0.922090
0.821730
0.816691
0.056256
0.409279
0.513281
0.088340
0.421575
0.357661
0.454542
0.566341
0.935597
0.916674
0.543791
0.735726
0.643949
0.735726
0.580543
0.375911
0.901408
0.891273
0.848789
0.549354
0.867378
0.491556
0.144460
0.681504
0.787927
0.441715
0.841556
0.310521
0.042685
0.557828
0.260793
0.166886
0.735726
0.535389
0.344325
0.329292
0.947760
0.126604
0.907293
0.867378
0.064431
0.003926
0.505064
0.874110
0.816691
0.704484
0.672823
0.690166
0.549354
0.771705
0.848789
0.434080
0.107244
0.704484
0.446787
0.375911
0.907293
0.390021
0.333520
0.421575
0.994555
0.375911
0.387593
0.380525
0.566341
0.589144
0.521553
0.589144
0.787927
0.357661
0.046970
0.483494
0.704484
0.011106
0.513281
0.090535
0.246759
0.829282
0.491556
0.004637
0.612135
0.159490
0.998868
0.658394
0.801128
0.971109
0.030518
0.023508
0.179787
0.927324
0.947760
0.140045
0.518727
0.901408
0.165605
0.269851
0.935597
0.907293
0.049886
0.037099
0.672823
0.024596
0.269851
0.589144
0.880693
0.907293
0.346575
0.050328
0.860501
0.974087
0.250182
0.203680
0.316692
0.649688
0.215763
0.922090
0.253642
0.603471
0.704484
0.310521
0.580543
0.758020
0.049040
0.462365
0.758020
0.667094
0.264363
0.007965
0.836720
0.649688
0.891273
0.255445
0.264363
0.566341
0.310521
0.505064
0.891273
0.958545
0.589144
0.771705
0.505064
0.540922
0.368979
0.446787
0.744157
0.681504
0.290658
0.284858
0.779856
0.749684
0.470257
0.735726
0.735726
0.571972
0.543791
0.829282
0.727244
0.269851
0.505064
0.907293
0.580543
0.462365
0.042685
0.566341
0.006144
0.239907
0.518727
0.513281
0.808960
0.457201
0.223587
0.387593
0.462365
0.255445
0.801128
0.672823
0.163153
0.829282
0.535389
0.884948
0.867378
0.557828
0.364456
0.727244
0.226757
0.620815
0.401971
0.008197
0.994555
0.275424
0.357661
0.084092
0.758020
0.658394
0.059212
0.153566
0.441715
0.009016
0.907293
0.779856
0.233315
0.690166
0.203680
0.310521
0.695863
0.100580
0.529876
0.255445
0.025731
0.848789
0.848789
0.984769
0.962240
0.635244
0.300471
0.491556
0.681504
0.079397
0.986757
0.996919
0.513281
0.483494
0.681504
0.672823
0.409279
0.260793
0.543791
0.092008
0.848789
0.543791
0.994555
0.421575
0.603471
0.855893
0.901408
0.744157
0.245003
0.974087
0.103042
0.884948
0.197797
0.056256
0.483494
0.518727
0.036127
0.090535
0.421575
0.681504
0.727244
0.907293
0.947760
0.105557
0.907293
0.375911
0.571972
0.958545
0.744157
0.421575
0.727244
0.991213
0.727244
0.421575
0.409279
0.153566
0.962240
0.470257
0.170690
0.022663
0.821730
0.774492
0.226757
0.758020
0.042685
0.735726
0.094284
0.935597
0.449423
0.513281
0.449423
0.958545
0.470257
0.290658
0.549354
0.891273
0.935597
0.521553
0.011640
0.434080
0.940331
0.978604
0.704484
0.971109
0.269851
0.771705
0.649688
0.718717
0.382926
0.394742
0.681504
0.658394
0.891273
0.967937
0.566341
0.549354
0.429087
0.275424
0.037099
0.429087
0.801128
0.333520
0.098985
0.005013
0.092778
0.907293
0.275424
0.312615
0.658394
0.801128
0.620815
0.329292
0.441715
0.994555
0.897436
0.635244
0.483494
0.916674
0.470257
0.483494
0.986757
0.288671
0.612135
0.079397
0.996919
0.721628
0.649688
0.787927
0.658394
0.269851
0.421575
0.698805
0.841556
0.084092
0.589144
0.015845
0.394742
0.643949
0.449423
0.589144
0.192150
0.814067
0.891273
0.891273
0.962240
0.841556
0.401971
0.681504
0.986757
0.202171
0.421575
0.394742
0.758020
0.316692
0.491556
0.496903
0.269851
0.891273
0.135818
0.441715
0.589144
0.364456
0.935597
0.357661
0.801128
0.394742
0.012670
0.935597
0.131630
0.704484
0.340005
0.935597
0.589144
0.505064
0.098985
0.821730
0.535389
0.787927
0.549354
0.441715
0.527033
0.218844
0.848789
0.571972
0.935597
0.350951
0.566341
0.589144
0.483494
0.409279
0.922090
0.867378
0.698805
0.521553
0.250182
0.940331
0.072465
0.860501
0.658394
0.549354
0.626544
0.119859
0.103042
0.649688
0.991213
0.117048
0.245003
0.050328
0.996919
0.527033
0.306500
0.236593
0.429087
0.124654
0.801128
0.166886
0.557828
0.491556
0.264363
0.718717
0.382926
0.681504
0.401971
0.855893
0.483494
0.215763
0.635244
0.290658
0.543791
0.758020
0.991213
0.589144
0.779856
0.275424
0.056256
0.322949
0.340005
0.421575
0.574890
0.346575
0.947760
0.401971
0.535389
0.974087
0.749684
0.394742
0.340005
0.264363
0.808960
0.121744
0.922090
0.635244
0.897436
0.727244
