0.233315
0.241635
0.499678
0.406779
0.535389
0.557828
0.855893
0.357661
0.829282
0.096609
0.211153
0.821730
0.947760
0.808960
0.040864
0.557828
0.260793
0.475494
0.549354
0.253642
0.667094
0.401971
0.505064
0.049040
0.874110
0.426518
0.681504
0.672823
0.264363
0.132684
0.223587
0.135818
0.566341
0.549354
0.766291
0.135818
0.758020
0.064431
0.187953
0.269851
0.269851
0.829282
0.758020
0.874110
0.329292
0.223587
0.312615
0.211153
0.290658
0.284858
0.082732
0.841556
0.672823
0.821730
0.033659
0.658394
0.855893
0.681504
0.038764
0.749684
0.362130
0.821730
0.643949
0.275424
0.462365
0.620815
0.382926
0.821730
0.571972
0.580543
0.635244
0.163153
0.649688
0.029186
0.449423
0.787927
0.040864
0.681504
0.535389
0.032771
0.603471
0.891273
0.552238
0.557828
0.667094
0.860501
0.735726
0.690166
0.808960
0.329292
0.157114
0.874110
0.821730
0.801128
0.557828
0.951979
0.002863
0.758020
0.441715
0.015845
0.275424
0.401971
0.935597
0.821730
0.112510
0.984769
0.667094
0.549354
0.475494
0.603471
0.020320
0.505064
0.535389
0.002567
0.779856
0.521553
0.103042
0.017866
0.414138
0.031348
0.758020
0.855893
0.382926
0.199280
0.290658
0.132684
0.491556
0.735726
0.758020
0.255445
0.505064
0.401971
0.429087
0.727244
0.836720
0.255445
0.580543
0.884948
0.462365
0.989675
0.414138
0.527033
0.462365
0.991213
0.084803
0.557828
0.288671
0.429087
0.033659
0.021268
0.394742
0.454542
0.758020
0.454542
0.429087
0.940331
0.594827
0.986757
0.340005
0.907293
0.922090
0.836720
0.401971
0.449423
0.557828
0.549354
0.449423
0.109849
0.874110
0.491556
0.801128
0.860501
0.275424
0.816691
0.635244
0.088340
0.658394
0.329292
0.727244
0.454542
0.848789
0.951979
0.316692
0.848789
0.727244
0.187953
0.322949
0.690166
0.019768
0.130653
0.470257
0.603471
0.829282
0.284858
0.867378
0.848789
0.135818
0.449423
0.255445
0.155897
0.310521
0.681504
0.829282
0.940331
0.626544
0.329292
0.978604
0.255445
0.958545
0.061772
0.269851
0.187953
0.713075
0.848789
0.387593
0.057717
0.255445
0.907293
0.566341
0.316692
0.749684
0.007739
0.121744
0.935597
0.434080
0.368979
0.241635
0.848789
0.364456
0.787927
0.884948
0.421575
0.042685
0.907293
0.867378
0.382926
0.401971
0.470257
0.421575
0.557828
0.001149
0.947760
0.029186
0.672823
0.667094
0.269851
0.483494
0.357661
0.549354
0.848789
0.841556
0.557828
0.344325
0.475494
0.874110
0.368979
0.897436
0.513281
0.779856
0.643949
0.643949
0.409279
0.521553
0.603471
0.543791
0.935597
0.211153
0.470257
0.713075
0.984769
0.003666
0.434080
0.535389
0.779856
0.690166
0.499678
0.316692
0.390021
0.075538
0.414138
0.335721
0.617854
0.250182
0.658394
0.015409
0.029186
0.841556
0.449423
0.421575
0.236593
0.046970
0.284858
0.454542
0.571972
0.042685
0.211153
0.758020
0.211153
0.971109
0.594827
0.808960
0.913005
0.981075
0.029708
0.173237
0.535389
0.922090
0.947760
0.718717
0.967937
0.997586
0.190711
0.475494
0.192150
0.250182
0.535389
0.527033
0.549354
0.967937
0.075538
0.986757
0.513281
0.735726
0.580543
0.787927
0.787927
0.255445
0.543791
0.057717
0.951979
0.816691
0.801128
0.971109
0.119859
0.771705
0.907293
0.758020
0.643949
0.269851
0.475494
0.518727
0.346575
0.681504
0.667094
0.163153
0.829282
0.991213
0.727244
0.364456
0.080707
0.626544
0.414138
0.166886
0.841556
0.382926
0.429087
0.264363
0.454542
0.211153
0.109849
0.758020
0.549354
0.505064
0.992594
0.139014
0.163153
0.927324
0.045761
0.841556
0.159490
0.441715
0.518727
0.441715
0.033659
0.901408
0.695863
0.491556
0.962240
0.250182
0.491556
0.275424
0.543791
0.306500
0.037099
0.414138
0.566341
0.907293
0.735726
0.454542
0.357661
0.571972
0.119859
0.612135
0.275424
0.589144
0.137917
0.250182
0.821730
0.357661
0.874110
0.346575
0.215763
0.241635
0.518727
0.635244
0.521553
0.543791
0.681504
0.228410
0.713075
0.429087
0.643949
0.589144
0.874110
0.147829
0.269851
0.135818
0.203680
0.368979
0.612135
0.557828
0.735726
0.735726
0.288671
0.667094
0.066084
0.310521
0.958545
0.617854
0.735726
0.275424
0.612135
0.978604
0.535389
0.414138
0.157114
0.329292
0.779856
0.867378
0.109849
0.735726
0.922090
0.394742
0.327120
0.930673
0.695863
0.808960
0.181158
0.499678
0.436675
0.597771
0.462365
0.571972
0.496903
0.034568
0.535389
0.312615
0.612135
0.841556
0.211153
0.735726
0.848789
0.808960
0.935597
0.029186
0.978604
0.194957
0.505064
0.713075
0.340005
0.962240
0.255445
0.206623
0.735726
0.721628
0.269851
0.884948
0.612135
0.406779
0.015845
0.053907
0.015409
0.771705
0.841556
0.672823
0.000976
0.300471
0.836720
0.658394
0.033659
0.096609
0.758020
0.735726
0.891273
0.333520
0.316692
0.228410
0.016293
0.086192
0.092778
0.735726
0.255445
0.043818
0.025274
0.801128
0.704484
0.446787
0.749684
0.221961
0.187953
0.250182
0.978604
0.518727
0.068911
0.557828
0.956001
0.032771
0.414138
0.749684
0.284858
0.462365
0.183833
0.260793
0.841556
0.333520
0.296545
0.077446
0.704484
0.704484
0.695863
0.891273
0.801128
0.421575
0.620815
0.962240
0.084803
0.333520
0.250182
0.867378
0.535389
0.387593
0.147829
0.891273
0.414138
0.652656
0.848789
0.597771
0.704484
0.635244
0.643949
0.535389
0.793201
0.836720
0.836720
0.394742
0.505064
0.026438
0.860501
0.690166
0.735726
0.177160
0.401971
0.986757
0.350951
0.441715
0.035500
0.535389
0.735726
0.922090
0.927324
0.626544
0.124654
0.521553
0.816691
0.170690
0.779856
