0.612135
0.441715
0.848789
0.749684
0.667094
0.300471
0.322949
0.543791
0.930673
0.951979
0.956001
0.333520
0.848789
0.371333
0.327120
0.144460
0.371333
0.284858
0.695863
0.382926
0.241635
0.557828
0.672823
0.409279
0.727244
0.718717
0.681504
0.958545
0.117048
0.649688
0.203680
0.557828
0.643949
0.735726
0.011753
0.947760
0.891273
0.026438
0.013909
0.779856
0.779856
0.829282
0.758020
0.758020
0.787927
0.744157
0.704484
0.236593
0.186540
0.744157
0.000544
0.310521
0.612135
0.956001
0.394742
0.779856
0.241635
0.891273
0.836720
0.169385
0.841556
0.749684
0.194957
0.144460
0.580543
0.557828
0.211153
0.958545
0.574890
0.749684
0.891273
0.527033
0.470257
0.007378
0.721628
0.626544
0.387593
0.667094
0.005968
0.429087
0.086192
0.290658
0.848789
0.454542
0.436675
0.310521
0.390021
0.704484
0.414138
0.821730
0.935597
0.643949
0.414138
0.421575
0.557828
0.375911
0.779856
0.626544
0.874110
0.390021
0.718717
0.001114
0.589144
0.032199
0.848789
0.223587
0.513281
0.922090
0.255445
0.635244
0.836720
0.153566
0.527033
0.344325
0.927324
0.635244
0.059212
0.860501
0.727244
0.971109
0.190711
0.250182
0.187953
0.880693
0.566341
0.033071
0.041578
0.860501
0.718717
0.549354
0.901408
0.394742
0.421575
0.011425
0.187953
0.255445
0.163153
0.735726
0.643949
0.867378
0.414138
0.801128
0.121744
0.192150
0.215763
0.907293
0.801128
0.771705
0.543791
0.891273
0.072465
0.157114
0.255445
0.867378
0.082732
0.310521
0.855893
0.727244
0.518727
0.860501
0.617854
0.922090
0.421575
0.441715
0.124654
0.874110
0.996919
0.491556
0.829282
0.357661
0.771705
0.306500
0.015409
0.594827
0.735726
0.491556
0.340005
0.971109
0.470257
0.088340
0.166886
0.129613
0.470257
0.884948
0.434080
0.105557
0.935597
0.897436
0.672823
0.829282
0.891273
0.095811
0.681504
0.446787
0.371333
0.409279
0.779856
0.496903
0.264363
0.962240
0.787927
0.002517
0.241635
0.475494
0.867378
0.215763
0.787927
0.787927
0.169385
0.848789
0.681504
0.594827
0.766291
0.571972
0.153566
0.922090
0.829282
0.535389
0.635244
0.779856
0.211153
0.007032
0.037752
0.713075
0.109849
0.891273
0.505064
0.758020
0.127623
0.635244
0.566341
0.721628
0.124654
0.951979
0.096609
0.499678
0.177160
0.241635
0.127623
0.986757
0.695863
0.543791
0.340005
0.801128
0.462365
0.521553
0.907293
0.947760
0.163153
0.127623
0.801128
0.718717
0.984769
0.340005
0.015409
0.643949
0.004591
0.187953
0.333520
0.808960
0.103042
0.984769
0.535389
0.513281
0.867378
0.984769
0.787927
0.000584
0.163153
0.571972
0.922090
0.077446
0.275424
0.013909
0.848789
0.192150
0.922090
0.635244
0.322949
0.580543
0.306500
0.521553
0.704484
0.991213
0.115226
0.505064
0.111596
0.566341
0.135818
0.059212
0.704484
0.713075
0.597771
0.061772
0.549354
0.571972
0.004043
0.758020
0.951979
0.667094
0.483494
0.255445
0.055312
0.505064
0.672823
0.944872
0.927324
0.153566
0.426518
0.766291
0.672823
0.150086
0.907293
0.008197
0.787927
0.535389
0.255445
0.744157
0.139014
0.190711
0.907293
0.067775
0.441715
0.713075
0.032771
0.135818
0.848789
0.787927
0.855893
0.704484
0.496903
0.855893
0.527033
0.635244
0.483494
0.901408
0.744157
0.808960
0.758020
0.499678
0.401971
0.018883
0.527033
0.704484
0.014711
0.735726
0.401971
0.294528
0.855893
0.470257
0.829282
0.690166
0.974087
0.260793
0.801128
0.475494
0.013276
0.014985
0.173237
0.350951
0.997586
0.406779
0.808960
0.454542
0.316692
0.157114
0.916674
0.978604
0.255445
0.821730
0.079397
0.446787
0.023508
0.483494
0.449423
0.549354
0.612135
0.483494
0.916674
0.935597
0.721628
0.626544
0.159490
0.478214
0.749684
0.594827
0.580543
0.013276
0.255445
0.223587
0.735726
0.951979
0.078727
0.667094
0.589144
0.475494
0.046970
0.518727
0.901408
0.927324
0.053907
0.916674
0.874110
0.771705
0.867378
0.194957
0.011640
0.566341
0.947760
0.667094
0.187953
0.713075
0.491556
0.867378
0.333520
0.935597
0.981075
0.535389
0.199280
0.449423
0.177160
0.962240
0.580543
0.449423
0.860501
0.155897
0.758020
0.029982
0.635244
0.907293
0.290658
0.779856
0.371333
0.566341
0.019768
0.640981
0.215763
0.907293
0.549354
0.749684
0.002950
0.429087
0.566341
0.962240
0.284858
0.727244
0.117048
0.401971
0.329292
0.658394
0.947760
0.867378
0.223587
0.658394
0.713075
0.597771
0.681504
0.594827
0.571972
0.962240
0.211153
0.580543
0.483494
0.454542
0.735726
0.206623
0.401971
0.758020
0.401971
0.727244
0.713075
0.434080
0.635244
0.491556
0.836720
0.436675
0.649688
0.173237
0.491556
0.580543
0.704484
0.401971
0.375911
0.426518
0.284858
0.635244
0.053907
0.094284
0.735726
0.829282
0.346575
0.163153
0.984769
0.549354
0.874110
0.163153
0.848789
0.462365
0.414138
0.151265
0.971109
0.340005
0.690166
0.429087
0.135818
0.096609
0.829282
0.279144
0.059212
0.034568
0.540922
0.470257
0.557828
0.053907
0.394742
0.951979
0.821730
0.434080
0.667094
0.571972
0.808960
0.454542
0.329292
0.236593
0.571972
0.580543
0.211153
0.491556
0.841556
0.150086
0.801128
0.947760
0.836720
0.150086
0.008597
0.153566
0.246759
0.713075
0.916674
0.704484
0.907293
0.901408
0.173237
0.470257
0.787927
0.867378
0.233315
0.727244
0.635244
0.186540
0.346575
0.316692
0.264363
0.141156
0.103042
0.603471
0.727244
0.513281
0.441715
0.236593
0.874110
0.603471
0.316692
0.951979
0.935597
0.255445
0.449423
0.884948
0.067775
0.535389
0.612135
0.649688
0.994555
0.947760
0.940331
0.387593
