0.382926
0.357661
0.211153
0.004728
0.382926
0.364456
0.867378
0.441715
0.269851
0.690166
0.867378
0.667094
0.067775
0.681504
0.549354
0.322949
0.681504
0.401971
0.011974
0.467559
0.414138
0.119859
0.891273
0.241635
0.322949
0.132684
0.284858
0.603471
0.005578
0.429087
0.038094
0.617854
0.157114
0.947760
0.713075
0.774492
0.394742
0.340005
0.884948
0.855893
0.829282
0.543791
0.821730
0.808960
0.557828
0.535389
0.589144
0.478214
0.401971
0.597771
0.441715
0.907293
0.867378
0.513281
0.543791
0.971109
0.821730
0.505064
0.907293
0.698805
0.779856
0.228410
0.233315
0.658394
0.306500
0.300471
0.169385
0.340005
0.758020
0.496903
0.958545
0.867378
0.667094
0.290658
0.114294
0.603471
0.801128
0.649688
0.766291
0.518727
0.177160
0.475494
0.848789
0.421575
0.597771
0.505064
0.026438
0.316692
0.357661
0.340005
0.175815
0.284858
0.414138
0.713075
0.340005
0.667094
0.965738
0.766291
0.409279
0.713075
0.535389
0.867378
0.643949
0.891273
0.294528
0.329292
0.589144
0.150086
0.491556
0.735726
0.704484
0.060217
0.421575
0.000176
0.246759
0.163153
0.218844
0.649688
0.927324
0.758020
0.635244
0.749684
0.013909
0.884948
0.690166
0.228410
0.571972
0.978604
0.626544
0.940331
0.612135
0.375911
0.681504
0.114294
0.236593
0.836720
0.316692
0.260793
0.801128
0.223587
0.429087
0.649688
0.055312
0.064431
0.368979
0.801128
0.603471
0.350951
0.434080
0.401971
0.549354
0.063362
0.735726
0.045761
0.594827
0.713075
0.860501
0.470257
0.713075
0.441715
0.758020
0.816691
0.626544
0.387593
0.667094
0.986757
0.935597
0.744157
0.121744
0.329292
0.916674
0.246759
0.462365
0.269851
0.499678
0.658394
0.387593
0.704484
0.203680
0.884948
0.867378
0.041578
0.947760
0.491556
0.000109
0.704484
0.675784
0.667094
0.735726
0.346575
0.029982
0.801128
0.006511
0.891273
0.203680
0.649688
0.061772
0.038094
0.713075
0.612135
0.518727
0.713075
0.153566
0.841556
0.735726
0.698805
0.394742
0.640981
0.681504
0.603471
0.001027
0.300471
0.429087
0.434080
0.513281
0.867378
0.518727
0.901408
0.082732
0.005855
0.758020
0.971109
0.513281
0.100580
0.922090
0.874110
0.038764
0.552238
0.215763
0.922090
0.907293
0.290658
0.368979
0.681504
0.713075
0.050328
0.958545
0.290658
0.874110
0.721628
0.211153
0.206623
0.375911
0.004164
0.001149
0.045761
0.070668
0.566341
0.042685
0.246759
0.658394
0.713075
0.649688
0.965738
0.848789
0.603471
0.096609
0.727244
0.260793
0.667094
0.821730
0.421575
0.382926
0.829282
0.681504
0.981075
0.333520
0.387593
0.779856
0.874110
0.557828
0.284858
0.275424
0.874110
0.727244
0.841556
0.589144
0.884948
0.029982
0.414138
0.062816
0.255445
0.744157
0.150086
0.672823
0.808960
0.166886
0.449423
0.157114
0.884948
0.672823
0.884948
0.566341
0.462365
0.901408
0.749684
0.535389
0.362130
0.177160
0.779856
0.704484
0.626544
0.387593
0.462365
0.215763
0.597771
0.612135
0.441715
0.557828
0.387593
0.543791
0.965738
0.387593
0.907293
0.279144
0.681504
0.496903
0.454542
0.667094
0.094284
0.658394
0.004591
0.031348
0.518727
0.860501
0.649688
0.836720
0.981075
0.758020
0.549354
0.884948
0.013909
0.049040
0.177160
0.991213
0.922090
0.744157
0.011753
0.434080
0.414138
0.333520
0.306500
0.779856
0.874110
0.329292
0.758020
0.241635
0.003850
0.635244
0.913005
0.658394
0.612135
0.179787
0.088340
0.947760
0.580543
0.704484
0.901408
0.294528
0.312615
0.518727
0.491556
0.635244
0.940331
0.557828
0.513281
0.290658
0.855893
0.690166
0.779856
0.672823
0.897436
0.940331
0.779856
0.108126
0.690166
0.667094
0.375911
0.821730
0.984769
0.713075
0.543791
0.947760
0.350951
0.935597
0.958545
0.153566
0.998868
0.891273
0.441715
0.513281
0.491556
0.255445
0.626544
0.119859
0.713075
0.766291
0.194957
0.030518
0.713075
0.535389
0.380525
0.421575
0.043818
0.505064
0.084092
0.203680
0.211153
0.409279
0.467559
0.090535
0.884948
0.635244
0.206623
0.727244
0.521553
0.421575
0.454542
0.505064
0.535389
0.079397
0.322949
0.855893
0.992594
0.505064
0.867378
0.144460
0.927324
0.978604
0.727244
0.421575
0.848789
0.867378
0.260793
0.518727
0.787927
0.226757
0.571972
0.218844
0.401971
0.667094
0.971109
0.758020
0.718717
0.462365
0.513281
0.721628
0.166886
0.375911
0.649688
0.382926
0.867378
0.119859
0.223587
0.855893
0.635244
0.735726
0.079397
0.390021
0.907293
0.549354
0.016139
0.779856
0.951979
0.394742
0.848789
0.105557
0.867378
0.874110
0.457201
0.557828
0.978604
0.036127
0.053907
0.194957
0.735726
0.115226
0.787927
0.986757
0.958545
0.023291
0.566341
0.935597
0.157114
0.003559
0.965738
0.867378
0.962240
0.658394
0.681504
0.036127
0.867378
0.401971
0.470257
0.387593
0.967937
0.038764
0.922090
0.260793
0.300471
0.296545
0.787927
0.215763
0.521553
0.704484
0.690166
0.891273
0.401971
0.375911
0.597771
0.681504
0.187953
0.901408
0.329292
0.187953
0.996919
0.603471
0.096609
0.727244
0.206623
0.421575
0.884948
0.814067
0.808960
0.557828
0.414138
0.153566
0.013654
0.620815
0.758020
0.048208
0.589144
0.735726
0.787927
0.874110
0.144460
0.958545
0.088340
0.059212
0.891273
0.860501
0.940331
0.766291
0.557828
0.462365
0.695863
0.690166
0.364456
0.771705
0.082732
0.874110
0.144460
0.157114
0.010298
0.779856
0.029186
0.749684
0.231634
0.617854
0.107244
0.978604
0.483494
0.874110
0.649688
0.603471
0.300471
0.535389
0.891273
0.735726
0.808960
0.690166
0.441715
0.735726
0.986757
0.681504
0.930673
