0.236593
0.727244
0.157114
0.449423
0.735726
0.513281
0.681504
0.698805
0.981075
0.008761
0.620815
0.940331
0.491556
0.901408
0.603471
0.067775
0.907293
0.758020
0.255445
0.183833
0.067775
0.483494
0.346575
0.704484
0.848789
0.153566
0.713075
0.841556
0.124654
0.072465
0.841556
0.841556
0.483494
0.916674
0.513281
0.434080
0.771705
0.829282
0.462365
0.024596
0.779856
0.215763
0.836720
0.626544
0.264363
0.571972
0.153566
0.441715
0.072465
0.971109
0.901408
0.462365
0.390021
0.421575
0.135818
0.079397
0.658394
0.255445
0.998868
0.016595
0.758020
0.375911
0.540922
0.130653
0.841556
0.112510
0.808960
0.401971
0.580543
0.406779
0.211153
0.306500
0.075538
0.978604
0.401971
0.529876
0.505064
0.907293
0.223587
0.643949
0.429087
0.401971
0.075538
0.470257
0.867378
0.098985
0.771705
0.181158
0.681504
0.057717
0.535389
0.535389
0.159490
0.357661
0.603471
0.771705
0.462365
0.801128
0.735726
0.787927
0.713075
0.643949
0.801128
0.997586
0.040864
0.499678
0.327120
0.597771
0.635244
0.749684
0.867378
0.795913
0.483494
0.749684
0.496903
0.021859
0.727244
0.026438
0.187953
0.060743
0.340005
0.958545
0.951979
0.513281
0.206623
0.019768
0.086192
0.199280
0.981075
0.401971
0.704484
0.549354
0.947760
0.255445
0.549354
0.454542
0.766291
0.649688
0.139014
0.401971
0.913005
0.927324
0.771705
0.454542
0.829282
0.250182
0.940331
0.053907
0.821730
0.690166
0.211153
0.589144
0.874110
0.387593
0.183833
0.236593
0.401971
0.552238
0.203680
0.874110
0.922090
0.571972
0.094284
0.884948
0.801128
0.727244
0.090535
0.589144
0.241635
0.491556
0.074303
0.266225
0.978604
0.901408
0.241635
0.566341
0.159490
0.350951
0.005968
0.836720
0.199280
0.779856
0.173237
0.401971
0.603471
0.713075
0.117048
0.296545
0.357661
0.304435
0.260793
0.543791
0.429087
0.063362
0.626544
0.543791
0.173237
0.157114
0.907293
0.043818
0.273514
0.023508
0.940331
0.371333
0.382926
0.981075
0.454542
0.269851
0.808960
0.848789
0.250182
0.390021
0.808960
0.758020
0.999575
0.996919
0.135818
0.649688
0.901408
0.144460
0.571972
0.096609
0.901408
0.401971
0.727244
0.681504
0.316692
0.704484
0.039801
0.029186
0.713075
0.382926
0.891273
0.704484
0.269851
0.499678
0.231634
0.571972
0.752533
0.015845
0.387593
0.250182
0.322949
0.643949
0.829282
0.505064
0.306500
0.727244
0.290658
0.223587
0.018196
0.414138
0.170690
0.612135
0.127623
0.132684
0.713075
0.649688
0.496903
0.774492
0.713075
0.446787
0.513281
0.594827
0.496903
0.981075
0.962240
0.787927
0.346575
0.491556
0.454542
0.022875
0.927324
0.867378
0.801128
0.735726
0.135818
0.841556
0.540922
0.005855
0.571972
0.255445
0.072465
0.603471
0.119859
0.001246
0.649688
0.771705
0.163153
0.758020
0.620815
0.053907
0.801128
0.141156
0.306500
0.735726
0.713075
0.571972
0.362130
0.940331
0.727244
0.690166
0.552238
0.173237
0.199280
0.375911
0.364456
0.108126
0.829282
0.199280
0.053907
0.527033
0.203680
0.956001
0.141156
0.478214
0.749684
0.566341
0.779856
0.022258
0.779856
0.021268
0.535389
0.228410
0.643949
0.612135
0.962240
0.566341
0.640981
0.589144
0.197797
0.382926
0.199280
0.401971
0.891273
0.603471
0.255445
0.059212
0.124654
0.779856
0.597771
0.470257
0.580543
0.626544
0.916674
0.643949
0.322949
0.245003
0.053907
0.626544
0.390021
0.681504
0.048208
0.841556
0.082732
0.951979
0.652656
0.836720
0.406779
0.829282
0.194957
0.166886
0.713075
0.690166
0.880693
0.735726
0.446787
0.935597
0.535389
0.069506
0.620815
0.357661
0.766291
0.971109
0.357661
0.690166
0.390021
0.346575
0.316692
0.681504
0.187953
0.014571
0.294528
0.913005
0.211153
0.557828
0.132684
0.867378
0.779856
0.704484
0.996919
0.357661
0.084803
0.206623
0.258960
0.821730
0.275424
0.635244
0.103042
0.382926
0.779856
0.333520
0.163153
0.855893
0.163153
0.626544
0.848789
0.470257
0.690166
0.735726
0.304435
0.105557
0.884948
0.675784
0.727244
0.891273
0.951979
0.462365
0.144460
0.001828
0.891273
0.513281
0.231634
0.808960
0.681504
0.394742
0.049886
0.951979
0.801128
0.589144
0.255445
0.635244
0.005855
0.848789
0.045761
0.147829
0.449423
0.727244
0.269851
0.681504
0.667094
0.749684
0.848789
0.218844
0.907293
0.056256
0.704484
0.848789
0.454542
0.236593
0.462365
0.735726
0.462365
0.891273
0.218844
0.612135
0.527033
0.658394
0.375911
0.462365
0.233315
0.940331
0.255445
0.390021
0.470257
0.382926
0.394742
0.690166
0.255445
0.387593
0.340005
0.867378
0.441715
0.048208
0.211153
0.021859
0.635244
0.250182
0.300471
0.357661
0.236593
0.043818
0.749684
0.000446
0.557828
0.603471
0.535389
0.135818
0.375911
0.991213
0.801128
0.535389
0.294528
0.236593
0.713075
0.947760
0.758020
0.821730
0.874110
0.867378
0.060217
0.462365
0.223587
0.340005
0.001114
0.658394
0.375911
0.306500
0.718717
0.996919
0.994555
0.897436
0.141156
0.518727
0.971109
0.462365
0.999575
0.994555
0.721628
0.454542
0.223587
0.704484
0.935597
0.275424
0.454542
0.281082
0.346575
0.008436
0.841556
0.322949
0.690166
0.771705
0.236593
0.574890
0.037099
0.643949
0.744157
0.364456
0.718717
0.557828
0.004288
0.284858
0.543791
0.580543
0.549354
0.003455
0.375911
0.836720
0.907293
0.549354
0.470257
0.441715
0.062816
0.241635
0.855893
0.130653
0.681504
0.121744
0.589144
0.727244
0.401971
0.107244
0.416665
0.141156
0.612135
0.340005
0.010795
0.891273
0.518727
0.483494
0.821730
0.462365
0.157114
0.603471
0.350951
0.690166
