0.010298
0.597771
0.597771
0.364456
0.245003
0.535389
0.867378
0.322949
0.874110
0.521553
0.901408
0.279144
0.513281
0.566341
0.935597
0.958545
0.704484
0.916674
0.306500
0.566341
0.449423
0.884948
0.643949
0.816691
0.001172
0.860501
0.518727
0.916674
0.867378
0.121744
0.836720
0.535389
0.056256
0.713075
0.406779
0.353229
0.829282
0.153566
0.255445
0.540922
0.967937
0.563435
0.855893
0.867378
0.169385
0.166886
0.327120
0.974087
0.612135
0.290658
0.094284
0.255445
0.223587
0.364456
0.141156
0.848789
0.236593
0.867378
0.129613
0.364456
0.727244
0.690166
0.346575
0.499678
0.930673
0.462365
0.713075
0.255445
0.658394
0.012317
0.690166
0.643949
0.978604
0.137917
0.681504
0.841556
0.867378
0.394742
0.891273
0.279144
0.855893
0.884948
0.387593
0.357661
0.375911
0.215763
0.922090
0.984769
0.535389
0.491556
0.211153
0.364456
0.491556
0.322949
0.681504
0.040864
0.758020
0.603471
0.169385
0.758020
0.288671
0.749684
0.114294
0.012548
0.971109
0.380525
0.051194
0.829282
0.984769
0.735726
0.557828
0.214182
0.766291
0.658394
0.787927
0.312615
0.063362
0.223587
0.713075
0.821730
0.891273
0.100580
0.672823
0.749684
0.051648
0.635244
0.821730
0.749684
0.121744
0.344325
0.922090
0.721628
0.940331
0.316692
0.907293
0.462365
0.779856
0.744157
0.580543
0.867378
0.019230
0.540922
0.320806
0.667094
0.018883
0.375911
0.223587
0.470257
0.007032
0.279144
0.735726
0.690166
0.620815
0.816691
0.092008
0.135818
0.635244
0.787927
0.150086
0.978604
0.580543
0.848789
0.070668
0.793201
0.462365
0.290658
0.848789
0.190711
0.801128
0.704484
0.829282
0.521553
0.821730
0.483494
0.841556
0.364456
0.667094
0.704484
0.779856
0.855893
0.017063
0.718717
0.163153
0.114294
0.025274
0.264363
0.884948
0.223587
0.096609
0.013276
0.246759
0.867378
0.594827
0.019768
0.836720
0.033659
0.183833
0.375911
0.727244
0.202171
0.667094
0.024596
0.801128
0.643949
0.681504
0.177160
0.409279
0.617854
0.841556
0.505064
0.649688
0.380525
0.387593
0.779856
0.801128
0.543791
0.012548
0.535389
0.612135
0.401971
0.718717
0.169385
0.978604
0.681504
0.009546
0.387593
0.549354
0.527033
0.475494
0.246759
0.527033
0.513281
0.667094
0.978604
0.841556
0.434080
0.462365
0.414138
0.269851
0.394742
0.713075
0.635244
0.718717
0.713075
0.626544
0.690166
0.316692
0.333520
0.922090
0.241635
0.462365
0.580543
0.981075
0.787927
0.518727
0.491556
0.187953
0.735726
0.350951
0.848789
0.766291
0.635244
0.316692
0.927324
0.236593
0.214182
0.166886
0.150086
0.867378
0.594827
0.848789
0.107244
0.163153
0.284858
0.109849
0.226757
0.951979
0.368979
0.672823
0.527033
0.273514
0.594827
0.543791
0.771705
0.053907
0.749684
0.275424
0.787927
0.127623
0.211153
0.821730
0.721628
0.333520
0.173237
0.211153
0.667094
0.580543
0.543791
0.549354
0.867378
0.223587
0.927324
0.603471
0.635244
0.758020
0.223587
0.884948
0.713075
0.051648
0.441715
0.795913
0.056256
0.808960
0.364456
0.382926
0.801128
0.094284
0.003850
0.758020
0.401971
0.836720
0.019768
0.214182
0.658394
0.491556
0.269851
0.394742
0.635244
0.483494
0.513281
0.228410
0.808960
0.228410
0.612135
0.177160
0.713075
0.787927
0.860501
0.231634
0.290658
0.253642
0.187953
0.829282
0.228410
0.008597
0.117048
0.100580
0.382926
0.958545
0.454542
0.157114
0.727244
0.704484
0.300471
0.612135
0.935597
0.612135
0.206623
0.971109
0.951979
0.891273
0.012317
0.901408
0.649688
0.557828
0.218844
0.414138
0.620815
0.020692
0.667094
0.513281
0.475494
0.557828
0.260793
0.758020
0.462365
0.589144
0.874110
0.829282
0.275424
0.194957
0.635244
0.744157
0.801128
0.617854
0.891273
0.255445
0.021268
0.758020
0.066084
0.808960
0.758020
0.114294
0.130653
0.173237
0.475494
0.231634
0.940331
0.513281
0.907293
0.779856
0.406779
0.231634
0.643949
0.206623
0.151265
0.821730
0.375911
0.141156
0.194957
0.848789
0.884948
0.589144
0.971109
0.862861
0.994555
0.357661
0.505064
0.382926
0.074303
0.735726
0.350951
0.771705
0.543791
0.635244
0.867378
0.681504
0.300471
0.891273
0.991213
0.801128
0.984769
0.401971
0.571972
0.829282
0.821730
0.241635
0.713075
0.060217
0.884948
0.241635
0.290658
0.779856
0.735726
0.211153
0.454542
0.829282
0.962240
0.855893
0.695863
0.475494
0.580543
0.169385
0.962240
0.086192
0.891273
0.891273
0.024596
0.744157
0.019768
0.867378
0.749684
0.612135
0.124654
0.006028
0.907293
0.626544
0.566341
0.891273
0.203680
0.499678
0.255445
0.935597
0.848789
0.704484
0.518727
0.050328
0.991213
0.036127
0.848789
0.704484
0.187953
0.306500
0.475494
0.414138
0.322949
0.612135
0.848789
0.749684
0.157114
0.626544
0.306500
0.801128
0.816691
0.132684
0.421575
0.117048
0.978604
0.094284
0.681504
0.264363
0.223587
0.594827
0.735726
0.808960
0.364456
0.117048
0.841556
0.947760
0.984769
0.855893
0.620815
0.333520
0.808960
0.557828
0.695863
0.727244
0.787927
0.626544
0.496903
0.855893
0.284858
0.867378
0.144460
0.294528
0.159490
0.984769
0.013909
0.867378
0.867378
0.787927
0.721628
0.749684
0.940331
0.998868
0.350951
0.483494
0.626544
0.414138
0.848789
0.092778
0.160731
0.907293
0.749684
0.421575
0.681504
0.223587
0.727244
0.441715
0.681504
0.050328
0.434080
0.695863
0.310521
0.441715
0.779856
0.597771
0.255445
0.094284
0.206623
0.069506
0.566341
0.907293
0.974087
0.643949
0.771705
0.394742
0.698805
0.801128
0.483494
0.275424
0.867378
0.901408
0.387593
0.346575
0.052535
