0.193168
0.035791
0.005509
0.258904
0.368333
0.204336
0.909730
0.012511
0.037902
0.252180
0.009006
0.926579
0.438982
0.926048
0.913466
0.989101
0.065571
0.709721
0.157395
0.656970
0.518442
0.010828
0.001520
0.455510
0.418870
0.021293
0.379938
0.096078
0.796275
0.935727
0.773977
0.109416
0.327014
0.635979
0.857187
0.547302
0.203012
0.893237
0.725750
0.017128
0.882065
0.848294
0.659032
0.387502
0.426063
0.734369
0.231201
0.416180
0.706704
0.279240
0.340059
0.251385
0.902121
0.180123
0.720721
0.146642
0.657750
0.737176
0.786142
0.876153
0.125764
0.000000
0.089694
0.189629
0.316082
0.046537
0.280897
0.012698
0.975354
0.678609
0.912586
0.926195
0.149522
0.384727
0.534904
0.652940
0.477572
0.824436
0.290215
0.236652
0.888024
0.502136
0.391372
0.251291
0.929870
0.038069
0.798636
0.984883
0.141175
0.316941
0.076460
0.288259
0.488586
0.775656
0.475136
0.878381
0.779982
0.358126
0.719712
0.465404
0.297583
0.822930
0.337147
0.694735
0.203983
0.528307
0.966669
0.899545
0.894702
0.661585
0.613750
0.532281
0.542990
0.794763
0.252993
0.508873
0.991442
0.671055
0.206775
0.326607
0.958964
0.937432
0.313578
0.017373
0.022484
0.799410
0.007474
0.297441
0.927559
0.278474
0.068148
0.851437
0.416586
0.022507
0.024009
0.380823
0.595887
0.287099
0.972764
0.488446
0.192188
0.116107
0.606170
0.718176
0.018754
0.134399
0.773648
0.298206
0.319448
0.508328
0.148790
0.088467
0.188041
0.070705
0.035425
0.372360
0.036177
0.014751
0.671833
0.291984
0.120826
0.130962
0.051034
0.645029
0.299739
0.019123
0.000306
0.517252
0.761061
0.401788
0.921137
0.641343
0.156591
0.301424
0.523942
0.538800
0.251867
0.556867
0.040793
0.253536
0.169460
0.664700
0.203675
0.488954
0.239584
0.445463
0.349467
0.462134
0.584079
0.128737
0.613861
0.228364
0.678700
0.472997
0.625932
0.508065
0.810640
0.432630
0.297740
0.765356
0.228504
0.901662
0.529070
0.305722
0.833318
0.000266
0.496686
0.528950
0.703600
0.947188
0.003859
0.004823
0.788028
0.003050
0.000083
0.253094
0.718530
0.512774
0.227307
0.908219
0.585642
0.130042
0.773648
0.102432
0.204104
0.337916
0.157919
0.772172
0.798636
0.447473
0.332389
0.182777
0.141096
0.445197
0.455869
0.893446
0.460530
0.931401
0.600212
0.702382
0.894776
0.542987
0.203253
0.048602
0.686119
0.886093
0.141716
0.048628
0.016299
0.542352
0.166341
0.124327
0.210155
0.081864
0.067138
0.843945
0.372986
0.036543
0.172635
0.350507
0.367574
0.004247
0.338233
0.151121
0.687123
0.051530
0.531359
0.147505
0.377479
0.701239
0.876404
0.145989
0.852534
0.642112
0.034245
0.428389
0.987328
0.077855
0.600523
0.638810
0.958808
0.233509
0.429498
0.344428
0.523463
0.054557
0.893508
0.612465
0.247316
0.441896
0.899783
0.022765
0.954714
0.261570
0.102863
0.961870
0.620994
0.796246
0.269037
0.828441
0.145653
0.736315
0.327033
0.759120
0.518467
0.546830
0.940260
0.033194
0.810344
0.377145
0.064876
0.027821
0.111077
0.541054
0.780315
0.819978
0.976239
0.286286
0.703867
0.748741
0.925920
0.548374
0.549141
0.196659
0.910517
0.662179
0.655874
0.105197
0.227360
0.451174
0.410436
0.400810
0.740971
0.211405
0.139915
0.336413
0.431099
0.161043
0.763740
0.130506
0.346517
0.464736
0.271783
0.000316
0.582710
0.687781
0.802386
0.583477
0.317806
0.000169
0.961470
0.405230
0.176285
0.177726
0.204076
0.118778
0.420659
0.369787
0.239527
0.736116
0.008351
0.129674
0.395697
0.688120
0.186002
0.853437
0.038204
0.014719
0.007038
0.009342
0.394910
0.164158
0.958077
0.254595
0.056532
0.129132
0.203974
0.020185
0.000350
0.236588
0.076323
0.585641
0.363171
0.004509
0.515469
0.040170
0.012935
0.269256
0.236763
0.018704
0.145693
0.452336
0.158294
0.842582
0.902794
0.006891
0.380016
0.717421
0.044438
0.542294
0.056048
0.672841
0.005172
0.020162
0.053713
0.896021
0.189668
0.563519
0.749282
0.805149
0.885916
0.463670
0.158700
0.034256
0.795537
0.213660
0.583562
0.833921
0.024031
0.957037
0.359369
0.980765
0.234946
0.331188
0.403354
0.203983
0.008652
0.702354
0.426696
0.472220
0.251791
0.489895
0.358546
0.096874
0.270448
0.459614
0.405768
0.460879
0.584665
0.543397
0.507308
0.317701
0.736520
0.738667
0.298104
0.000000
0.597977
0.884302
0.321792
0.493802
0.320255
0.685735
0.438231
0.788301
0.783293
0.854030
0.979450
0.503978
0.184272
0.047870
0.315248
0.876571
0.114098
0.056258
0.939713
0.573742
0.463368
0.070802
0.178959
0.024802
0.149620
0.856501
0.157678
0.288034
0.902626
0.964019
0.571385
0.247425
0.702317
0.618420
0.944885
0.179405
0.036558
0.608138
0.383534
0.124833
0.533275
0.123933
0.132552
0.027546
0.281546
0.544821
0.392546
0.556126
0.748353
0.294009
0.594512
0.431292
0.579886
0.106088
0.100015
0.532514
0.031675
0.997410
0.051063
0.029808
0.450879
0.369326
0.176174
0.928783
0.182803
0.276564
0.245802
0.282189
0.347312
0.902794
0.672258
0.003807
0.336809
0.556603
0.957480
0.233410
0.309185
0.796397
0.748298
0.333429
0.498735
0.326852
0.197540
0.032539
0.029321
0.642482
0.909745
0.614483
0.048724
0.070722
0.235740
0.639157
0.066520
0.844325
0.573742
0.147505
0.226975
0.848770
0.702262
0.153811
0.499407
0.151457
0.910094
0.003265
0.432978
0.750108
0.292907
0.144841
0.865159
0.663112
0.727512
0.617766
0.975670
0.942374
0.546381
0.870895
0.896223
0.553303
0.008484
0.000000
0.676720
0.549573
0.056711
0.717503
0.428121
0.561388
0.685377
0.552929
0.388705
0.556456
