0.903163
0.918996
0.249440
0.464212
0.133141
0.647447
0.965392
0.776937
0.141055
0.457494
0.938497
0.492629
0.966948
0.329777
0.510917
0.448616
0.804327
0.751391
0.704771
0.717206
0.115705
0.381552
0.675525
0.643815
0.237873
0.435306
0.384185
0.265970
0.522352
0.128234
0.969099
0.474642
0.223140
0.053669
0.495300
0.783170
0.932558
0.137084
0.463175
0.983678
0.458525
0.091531
0.859464
0.017414
0.927239
0.134238
0.412103
0.534068
0.216407
0.534252
0.921480
0.112008
0.926446
0.864325
0.177262
0.798273
0.531864
0.214876
0.872074
0.888517
0.966064
0.000000
0.394989
0.463520
0.001744
0.796184
0.852825
0.010553
0.537012
0.806389
0.836126
0.967094
0.940853
0.226409
0.104922
0.615745
0.943556
0.555165
0.416001
0.376167
0.204501
0.626618
0.917559
0.714198
0.205088
0.227897
0.556283
0.512907
0.277938
0.811005
0.578772
0.452361
0.411618
0.925421
0.452020
0.533701
0.920538
0.618223
0.392782
0.281179
0.898697
0.646491
0.405494
0.529480
0.225562
0.863721
0.989585
0.401655
0.571624
0.356296
0.197938
0.800701
0.425674
0.073680
0.147195
0.004688
0.459556
0.809812
0.175443
0.151109
0.901598
0.829263
0.467502
0.652609
0.317585
0.152868
0.868372
0.685048
0.648785
0.207056
0.972231
0.901990
0.599766
0.520348
0.044491
0.838875
0.041378
0.983343
0.417632
0.583864
0.129763
0.240419
0.531314
0.679527
0.138562
0.319916
0.390582
0.205775
0.461622
0.490675
0.518347
0.913912
0.590668
0.099922
0.709489
0.312150
0.871337
0.804843
0.946094
0.013131
0.677622
0.327397
0.980610
0.826291
0.688471
0.297544
0.668657
0.845910
0.268865
0.722083
0.666748
0.710997
0.459384
0.567871
0.624709
0.602045
0.271051
0.364191
0.946575
0.961038
0.759615
0.728440
0.888517
0.135898
0.995894
0.823635
0.102613
0.048425
0.653947
0.600336
0.498514
0.189885
0.430309
0.314859
0.305848
0.304254
0.264652
0.292486
0.244559
0.538487
0.277194
0.230252
0.353347
0.662355
0.017015
0.000000
0.062395
0.575383
0.242538
0.927239
0.563751
0.725077
0.224085
0.847176
0.916109
0.359411
0.095339
0.494231
0.764700
0.769759
0.587453
0.882483
0.437146
0.586319
0.192477
0.230037
0.063025
0.358370
0.872809
0.392467
0.452191
0.076607
0.208244
0.404052
0.366295
0.246253
0.349245
0.754139
0.717018
0.431140
0.034840
0.671711
0.153022
0.316902
0.902643
0.171512
0.900284
0.915501
0.368861
0.859923
0.008613
0.933208
0.120070
0.307849
0.768136
0.773355
0.146897
0.008351
0.625472
0.299900
0.448107
0.857162
0.102395
0.521441
0.715702
0.313096
0.714950
0.552002
0.280554
0.290558
0.341999
0.910563
0.826622
0.095953
0.123548
0.570873
0.328795
0.560200
0.980076
0.001877
0.269835
0.419593
0.009494
0.756880
0.312420
0.540701
0.903033
0.558520
0.021476
0.656241
0.567122
0.835963
0.907916
0.026467
0.858545
0.470282
0.361347
0.443199
0.430309
0.085100
0.846543
0.579525
0.043280
0.931138
0.958999
0.898165
0.518166
0.320328
0.492274
0.788650
0.148165
0.447259
0.695495
0.025386
0.733656
0.310398
0.884885
0.303062
0.042539
0.257077
0.686189
0.663883
0.874857
0.371742
0.669802
0.239863
0.144609
0.543472
0.246593
0.844957
0.677050
0.394357
0.603945
0.859464
0.521623
0.046420
0.453044
0.865829
0.749188
0.310667
0.587453
0.227365
0.598248
0.265490
0.465596
0.906259
0.023319
0.966360
0.664265
0.659680
0.058045
0.029051
0.635404
0.437984
0.721708
0.836612
0.407100
0.368861
0.909559
0.321292
0.730491
0.828933
0.491918
0.802085
0.272516
0.327117
0.996103
0.564687
0.881060
0.112420
0.390112
0.477793
0.065204
0.301478
0.990353
0.975595
0.131849
0.436644
0.842726
0.576889
0.220116
0.530947
0.338986
0.584241
0.038089
0.756333
0.186866
0.448447
0.023110
0.093068
0.748268
0.466115
0.238424
0.313232
0.459212
0.714386
0.182279
0.722645
0.285081
0.690751
0.089437
0.496371
0.186594
0.247843
0.146823
0.072036
0.929814
0.937353
0.042539
0.512907
0.185507
0.819457
0.450998
0.301610
0.793915
0.453727
0.482539
0.798620
0.695116
0.076189
0.976080
0.082105
0.674953
0.723206
0.463866
0.920420
0.837098
0.360304
0.160238
0.815754
0.493875
0.971097
0.261673
0.510195
0.347060
0.731422
0.928812
0.174754
0.457494
0.938290
0.584808
0.285714
0.336846
0.041425
0.675906
0.000216
0.636169
0.165836
0.102994
0.061702
0.756150
0.019687
0.010955
0.361646
0.274725
0.200139
0.553304
0.744953
0.336846
0.490497
0.670947
0.602805
0.077663
0.697201
0.585941
0.812875
0.562629
0.287110
0.955611
0.209537
0.012199
0.418122
0.135550
0.989585
0.619176
0.781927
0.065023
0.706848
0.210937
0.825628
0.135066
0.213759
0.804843
0.468370
0.947720
0.741075
0.557961
0.567684
0.925077
0.920656
0.328235
0.431638
0.488723
0.563564
0.805703
0.204013
0.870598
0.252428
0.696633
0.481131
0.382016
0.232085
0.558147
0.169240
0.685809
0.238424
0.093719
0.325306
0.925649
0.388235
0.262267
0.379855
0.511098
0.681813
0.242874
0.433137
0.902643
0.846385
0.087244
0.495657
0.254048
0.396728
0.309726
0.052200
0.597110
0.410001
0.648021
0.295332
0.579525
0.944735
0.955524
0.282936
0.684477
0.460244
0.718145
0.328375
0.971097
0.500304
0.333016
0.550887
0.229608
0.726946
0.442355
0.581976
0.681813
0.732353
0.113367
0.836612
0.312150
0.089341
0.908929
0.380317
0.411132
0.279306
0.286855
0.301741
0.441681
0.446920
0.727506
0.910438
0.220427
0.685619
0.197178
0.772996
0.941661
0.000000
0.102341
0.769939
0.270443
0.110488
0.918876
0.298328
0.457838
0.772457
0.731050
0.843525
