0.921371
0.903163
0.959811
0.918996
0.515665
0.249440
0.252022
0.464212
0.528900
0.133141
0.133319
0.647447
0.992726
0.965392
0.897183
0.776937
0.070170
0.141055
0.730511
0.457494
0.277958
0.938497
0.525146
0.492629
0.486780
0.966948
0.072999
0.329777
0.503508
0.510917
0.610680
0.448616
0.919902
0.804327
0.504497
0.751391
0.546242
0.704771
0.584492
0.717206
0.255596
0.115705
0.627693
0.381552
0.420135
0.675525
0.925936
0.643815
0.220509
0.237873
0.432201
0.435306
0.605595
0.384185
0.405506
0.265970
0.669284
0.522352
0.355972
0.128234
0.124813
0.969099
0.730273
0.474642
0.420597
0.223140
0.185819
0.053669
0.625410
0.495300
0.986605
0.783170
0.862711
0.932558
0.268470
0.137084
0.038534
0.463175
0.993368
0.983678
0.128907
0.458525
0.115274
0.091531
0.511687
0.859464
0.103619
0.017414
0.960929
0.927239
0.125603
0.134238
0.325285
0.412103
0.331331
0.534068
0.016063
0.216407
0.750095
0.534252
0.917737
0.921480
0.378557
0.112008
0.937156
0.926446
0.847289
0.864325
0.029066
0.177262
0.990518
0.798273
0.450106
0.531864
0.360640
0.214876
0.968838
0.872074
0.887808
0.888517
0.704172
0.966064
0.000000
0.000000
0.143171
0.394989
0.720198
0.463520
0.025515
0.001744
0.530404
0.796184
0.814546
0.852825
0.065251
0.010553
0.641619
0.537012
0.883701
0.806389
0.805710
0.836126
0.982325
0.967094
0.643388
0.940853
0.292513
0.226409
0.031225
0.104922
0.484824
0.615745
0.175492
0.943556
0.479945
0.555165
0.559125
0.416001
0.078953
0.376167
0.522647
0.204501
0.771238
0.626618
0.843261
0.917559
0.595170
0.714198
0.101693
0.205088
0.331534
0.227897
0.215625
0.556283
0.401437
0.512907
0.661519
0.277938
0.589576
0.811005
0.880357
0.578772
0.170752
0.452361
0.345492
0.411618
0.972482
0.925421
0.374413
0.452020
0.109582
0.533701
0.684721
0.920538
0.939671
0.618223
0.825239
0.392782
0.040942
0.281179
0.392915
0.898697
0.184470
0.646491
0.724528
0.405494
0.309303
0.529480
0.233072
0.225562
0.744009
0.863721
0.616016
0.989585
0.433837
0.401655
0.324484
0.571624
0.661017
0.356296
0.281231
0.197938
0.228934
0.800701
0.610172
0.425674
0.267057
0.073680
0.311249
0.147195
0.009643
0.004688
0.396940
0.459556
0.956331
0.809812
0.080574
0.175443
0.382945
0.151109
0.756597
0.901598
0.871429
0.829263
0.543722
0.467502
0.436648
0.652609
0.266001
0.317585
0.167731
0.152868
0.969346
0.868372
0.579665
0.685048
0.939558
0.648785
0.392246
0.207056
0.983430
0.972231
0.110826
0.901990
0.688187
0.599766
0.799940
0.520348
0.058646
0.044491
0.756597
0.838875
0.061925
0.041378
0.593644
0.983343
0.553056
0.417632
0.079895
0.583864
0.114446
0.129763
0.092587
0.240419
0.596441
0.531314
0.796272
0.679527
0.124518
0.138562
0.370294
0.319916
0.409595
0.390582
0.012186
0.205775
0.433837
0.461622
0.604324
0.490675
0.260762
0.518347
0.541707
0.913912
0.519403
0.590668
0.143502
0.099922
0.046504
0.709489
0.672282
0.312150
0.751726
0.871337
0.020100
0.804843
0.982029
0.946094
0.116852
0.013131
0.610934
0.677622
0.452723
0.327397
0.576363
0.980610
0.669784
0.826291
0.890716
0.688471
0.442057
0.297544
0.256623
0.668657
0.874903
0.845910
0.377682
0.268865
0.530654
0.722083
0.876450
0.666748
0.392915
0.710997
0.489228
0.459384
0.931809
0.567871
0.580681
0.624709
0.587796
0.602045
0.645408
0.271051
0.436413
0.364191
0.863073
0.946575
0.840158
0.961038
0.706371
0.759615
0.629468
0.728440
0.710755
0.888517
0.645913
0.135898
0.776421
0.995894
0.730750
0.823635
0.072375
0.102613
0.137853
0.048425
0.358938
0.653947
0.065479
0.600336
0.465175
0.498514
0.172918
0.189885
0.611697
0.430309
0.576871
0.314859
0.392023
0.305848
0.237589
0.304254
0.469757
0.264652
0.400536
0.292486
0.002400
0.244559
0.591864
0.538487
0.098658
0.277194
0.279228
0.230252
0.355761
0.353347
0.868968
0.662355
0.069628
0.017015
0.000000
0.000000
0.318713
0.062395
0.256109
0.575383
0.331940
0.242538
0.657501
0.927239
0.249490
0.563751
0.341351
0.725077
0.346949
0.224085
0.601527
0.847176
0.915537
0.916109
0.408912
0.359411
0.321890
0.095339
0.897028
0.494231
0.937040
0.764700
0.746121
0.769759
0.855194
0.587453
0.848621
0.882483
0.130330
0.437146
0.932538
0.586319
0.230043
0.192477
0.255767
0.230037
0.263023
0.063025
0.437586
0.358370
0.959985
0.872809
0.571541
0.392467
0.279046
0.452191
0.053060
0.076607
0.345908
0.208244
0.500790
0.404052
0.565709
0.366295
0.109140
0.246253
0.714154
0.349245
0.975637
0.754139
0.851644
0.717018
0.632763
0.431140
0.175622
0.034840
0.456301
0.671711
0.225943
0.153022
0.127196
0.316902
0.764871
0.902643
0.237589
0.171512
0.861805
0.900284
0.950500
0.915501
0.467102
0.368861
0.861442
0.859923
0.060584
0.008613
0.748928
0.933208
0.166983
0.120070
0.083409
0.307849
0.860532
0.768136
0.777094
0.773355
0.303128
0.146897
0.009379
0.008351
0.587288
0.625472
0.520151
0.299900
0.644903
0.448107
0.748695
0.857162
0.227514
0.102395
0.378119
0.521441
0.730750
0.715702
0.500296
0.313096
0.822388
0.714950
0.118920
0.552002
0.064462
0.280554
0.116852
0.290558
0.765100
0.341999
0.967803
0.910563
0.926575
0.826622
0.131972
0.095953
0.120061
0.123548
0.536426
0.570873
0.499556
0.328795
0.696818
0.560200
0.808675
0.980076
0.004062
0.001877
0.062633
0.269835
0.604324
0.419593
0.003671
0.009494
0.034577
0.756880
0.484579
0.312420
0.167232
0.540701
0.977612
0.903033
0.266001
0.558520
0.091290
0.021476
0.907862
0.656241
0.112896
0.567122
0.975882
0.835963
0.846335
0.907916
0.047651
0.026467
0.840548
0.858545
0.539694
0.470282
0.453199
0.361347
0.610172
0.443199
0.489719
0.430309
0.117507
0.085100
0.947250
0.846543
0.909457
0.579525
0.068024
0.043280
0.985909
0.931138
0.947869
0.958999
0.208450
0.898165
0.753585
0.518166
0.258515
0.320328
0.639344
0.492274
0.609917
0.788650
0.132076
0.148165
0.743069
0.447259
0.938192
0.695495
0.004062
0.025386
0.745183
0.733656
0.347157
0.310398
0.198876
0.884885
0.713427
0.303062
0.066972
0.042539
0.456540
0.257077
0.302553
0.686189
0.630482
0.663883
0.927590
0.874857
0.556595
0.371742
0.773948
0.669802
0.620080
0.239863
0.283060
0.144609
0.798001
0.543472
0.338676
0.246593
0.797137
0.844957
0.608901
0.677050
0.238728
0.394357
0.710998
0.603945
0.899188
0.859464
0.326690
0.521623
0.097369
0.046420
0.869321
0.453044
0.823204
0.865829
0.957422
0.749188
0.520401
0.310667
0.909889
0.587453
0.351129
0.227365
0.779778
0.598248
0.678015
0.265490
0.483114
0.465596
0.809307
0.906259
0.016175
0.023319
0.981779
0.966360
0.790829
0.664265
0.013874
0.659680
0.310859
0.058045
0.105404
0.029051
0.619826
0.635404
0.457257
0.437984
0.701480
0.721708
0.764643
0.836612
0.525647
0.407100
0.667283
0.368861
0.546746
0.909559
0.261109
0.321292
0.490454
0.730491
0.787977
0.828933
0.679259
0.491918
0.698046
0.802085
0.024368
0.272516
0.602290
0.327117
0.867374
0.996103
0.658255
0.564687
0.600001
0.881060
0.431500
0.112420
0.601273
0.390112
0.030991
0.477793
0.315754
0.065204
0.567990
0.301478
0.780224
0.990353
0.999044
0.975595
0.383605
0.131849
0.708809
0.436644
0.936575
0.842726
0.838792
0.576889
0.548512
0.220116
0.060002
0.530947
0.888133
0.338986
0.409140
0.584241
0.029314
0.038089
0.941902
0.756333
0.124419
0.186866
0.218362
0.448447
0.069389
0.023110
0.049887
0.093068
0.916366
0.748268
0.611188
0.466115
0.067613
0.238424
0.132385
0.313232
0.119679
0.459212
0.496598
0.714386
0.106695
0.182279
0.759365
0.722645
0.357242
0.285081
0.909024
0.690751
0.528900
0.089437
0.239871
0.496371
0.264772
0.186594
0.053250
0.247843
0.379651
0.146823
0.090836
0.072036
0.782672
0.929814
0.176531
0.937353
0.079221
0.042539
0.789295
0.512907
0.197455
0.185507
0.993988
0.819457
0.638079
0.450998
0.173046
0.301610
0.622111
0.793915
0.742127
0.453727
0.746355
0.482539
0.375283
0.798620
0.897183
0.695116
0.102443
0.076189
0.999446
0.976080
0.083549
0.082105
0.733846
0.674953
0.275070
0.723206
0.304087
0.463866
0.731227
0.920420
0.785994
0.837098
0.614746
0.360304
0.091063
0.160238
0.993921
0.815754
0.057875
0.493875
0.987120
0.971097
0.192263
0.261673
0.684225
0.510195
0.515417
0.347060
0.808675
0.731422
0.680253
0.928812
0.087566
0.174754
0.089859
0.457494
0.562416
0.938290
0.309691
0.584808
0.003862
0.285714
0.348408
0.336846
0.149450
0.041425
0.569258
0.675906
0.000000
0.000216
0.662272
0.636169
0.614238
0.165836
0.421289
0.102994
0.358089
0.061702
0.090987
0.756150
0.016079
0.019687
0.051613
0.010955
0.229884
0.361646
0.307365
0.274725
0.252191
0.200139
0.862530
0.553304
0.140872
0.744953
0.139463
0.336846
0.787317
0.490497
0.884694
0.670947
0.233553
0.602805
0.130330
0.077663
0.556595
0.697201
0.867196
0.585941
0.927084
0.812875
0.581189
0.562629
0.579157
0.287110
0.924649
0.955611
0.208450
0.209537
0.018352
0.012199
0.333769
0.418122
0.077032
0.135550
0.754745
0.989585
0.901776
0.619176
0.919094
0.781927
0.098173
0.065023
0.479702
0.706848
0.359576
0.210937
0.517907
0.825628
0.386474
0.135066
0.476055
0.213759
0.988471
0.804843
0.520900
0.468370
0.699274
0.947720
0.942233
0.741075
0.599493
0.557961
0.861260
0.567684
0.693125
0.925077
0.949196
0.920656
0.266704
0.328235
0.642377
0.431638
0.086113
0.488723
0.449393
0.563564
0.380528
0.805703
0.276511
0.204013
0.309691
0.870598
0.175751
0.252428
0.359576
0.696633
0.599238
0.481131
0.825036
0.382016
0.191154
0.232085
0.713427
0.558147
0.094444
0.169240
0.389355
0.685809
0.353230
0.238424
0.081946
0.093719
0.560137
0.325306
0.639597
0.925649
0.487024
0.388235
0.350919
0.262267
0.519153
0.379855
0.808252
0.511098
0.768971
0.681813
0.405733
0.242874
0.291951
0.433137
0.293451
0.902643
0.830280
0.846385
0.047266
0.087244
0.247645
0.495657
0.608392
0.254048
0.673031
0.396728
0.202318
0.309726
0.038286
0.052200
0.429636
0.597110
0.550026
0.410001
0.816831
0.648021
0.506478
0.295332
0.178621
0.579525
0.987468
0.944735
0.933621
0.955524
0.154185
0.282936
0.939671
0.684477
0.729318
0.460244
0.402566
0.718145
0.326489
0.328375
0.978697
0.971097
0.177966
0.500304
0.469516
0.333016
0.283060
0.550887
0.241346
0.229608
0.964955
0.726946
0.501778
0.442355
0.595424
0.581976
0.849758
0.681813
0.458214
0.732353
0.241018
0.113367
0.576363
0.836612
0.278320
0.312150
0.087859
0.089341
0.958672
0.908929
0.492663
0.380317
0.646166
0.411132
0.203186
0.279306
0.558113
0.286855
0.268116
0.301741
0.400086
0.441681
0.280684
0.446920
0.929471
0.727506
0.829478
0.910438
0.014791
0.220427
0.962691
0.685619
0.477756
0.197178
0.146395
0.772996
0.489474
0.941661
0.000000
0.000000
0.304279
0.102341
0.596187
0.769939
0.312615
0.270443
0.208745
0.110488
0.723087
0.918876
0.516661
0.298328
0.712456
0.457838
0.286373
0.772457
0.087055
0.731050
0.977321
0.843525
