0.160731
0.429087
0.070668
0.535389
0.878466
0.394742
0.499678
0.001393
0.077446
0.658394
0.294528
0.735726
0.441715
0.203680
0.947760
0.771705
0.421575
0.735726
0.808960
0.190711
0.073672
0.947760
0.690166
0.470257
0.907293
0.999575
0.021859
0.441715
0.643949
0.793201
0.808960
0.612135
0.589144
0.779856
0.250182
0.549354
0.153566
0.878466
0.290658
0.255445
0.713075
0.218844
0.922090
0.033659
0.589144
0.667094
0.475494
0.867378
0.109849
0.626544
0.346575
0.112510
0.566341
0.181158
0.874110
0.727244
0.935597
0.223587
0.496903
0.848789
0.121744
0.758020
0.535389
0.284858
0.994555
0.758020
0.901408
0.635244
0.571972
0.878466
0.483494
0.612135
0.074303
0.505064
0.233315
0.429087
0.891273
0.513281
0.907293
0.290658
0.801128
0.462365
0.478214
0.183833
0.037099
0.962240
0.649688
0.947760
0.713075
0.829282
0.496903
0.635244
0.721628
0.907293
0.787927
0.173237
0.617854
0.183833
0.978604
0.329292
0.829282
0.284858
0.635244
0.470257
0.552238
0.808960
0.907293
0.454542
0.867378
0.399498
0.808960
0.300471
0.310521
0.571972
0.901408
0.940331
0.483494
0.111596
0.758020
0.322949
0.947760
0.044581
0.620815
0.974087
0.011974
0.884948
0.127623
0.344325
0.867378
0.394742
0.513281
0.127623
0.996919
0.713075
0.690166
0.127623
0.907293
0.401971
0.429087
0.491556
0.387593
0.125659
0.364456
0.927324
0.735726
0.635244
0.603471
0.649688
0.220452
0.681504
0.421575
0.718717
0.003193
0.521553
0.594827
0.073672
0.922090
0.735726
0.312615
0.749684
0.603471
0.401971
0.215763
0.375911
0.187953
0.255445
0.518727
0.275424
0.300471
0.589144
0.649688
0.039801
0.070668
0.922090
0.187953
0.163153
0.241635
0.758020
0.107244
0.801128
0.535389
0.073672
0.357661
0.322949
0.364456
0.483494
0.088340
0.421575
0.177160
0.275424
0.913005
0.394742
0.998868
0.250182
0.462365
0.121744
0.962240
0.108126
0.758020
0.269851
0.346575
0.549354
0.521553
0.787927
0.971109
0.841556
0.141156
0.273514
0.867378
0.169385
0.134742
0.322949
0.744157
0.698805
0.801128
0.275424
0.901408
0.635244
0.401971
0.236593
0.426518
0.114294
0.635244
0.758020
0.626544
0.329292
0.991213
0.306500
0.884948
0.801128
0.010493
0.816691
0.958545
0.735726
0.958545
0.527033
0.183833
0.735726
0.612135
0.098985
0.103042
0.258960
0.543791
0.241635
0.357661
0.927324
0.014985
0.475494
0.916674
0.375911
0.001284
0.414138
0.521553
0.008597
0.470257
0.245003
0.096609
0.375911
0.441715
0.375911
0.749684
0.190711
0.922090
0.046970
0.913005
0.279144
0.935597
0.090535
0.045761
0.808960
0.884948
0.841556
0.922090
0.626544
0.971109
0.571972
0.215763
0.045761
0.063362
0.046970
0.264363
0.821730
0.462365
0.951979
0.322949
0.841556
0.000234
0.557828
0.801128
0.382926
0.971109
0.787927
0.566341
0.681504
0.867378
0.414138
0.062816
0.333520
0.626544
0.787927
0.401971
0.848789
0.109849
0.010298
0.483494
0.088340
0.005523
0.310521
0.603471
0.922090
0.907293
0.084803
0.421575
0.017543
0.160731
0.958545
0.991213
0.749684
0.771705
0.475494
0.779856
0.735726
0.100580
0.153566
0.401971
0.965738
0.491556
0.994555
0.284858
0.749684
0.382926
0.951979
0.922090
0.617854
0.758020
0.771705
0.891273
0.612135
0.269851
0.496903
0.713075
0.749684
0.032771
0.597771
0.399498
0.535389
0.350951
0.066084
0.589144
0.382926
0.371333
0.041578
0.329292
0.255445
0.935597
0.758020
0.045761
0.829282
0.157114
0.787927
0.449423
0.727244
0.316692
0.927324
0.787927
0.779856
0.649688
0.056256
0.475494
0.749684
0.000234
0.527033
0.294528
0.169385
0.046970
0.695863
0.620815
0.005418
0.527033
0.117048
0.816691
0.690166
0.112510
0.704484
0.566341
0.951979
0.013276
0.549354
0.557828
0.155897
0.228410
0.033659
0.829282
0.382926
0.505064
0.860501
0.250182
0.066084
0.571972
0.441715
0.793201
0.322949
0.057717
0.675784
0.478214
0.002395
0.749684
0.913005
0.841556
0.727244
0.375911
0.620815
0.922090
0.535389
0.787927
0.203680
0.612135
0.779856
0.713075
0.144460
0.401971
0.077446
0.090535
0.105557
0.333520
0.499678
0.513281
0.922090
0.119859
0.211153
0.394742
0.801128
0.039801
0.153566
0.603471
0.549354
0.821730
0.236593
0.612135
0.695863
0.612135
0.139014
0.771705
0.250182
0.382926
0.382926
0.454542
0.978604
0.821730
0.046970
0.421575
0.808960
0.821730
0.470257
0.672823
0.867378
0.891273
0.387593
0.713075
0.971109
0.067775
0.211153
0.874110
0.766291
0.478214
0.947760
0.096609
0.735726
0.153566
0.449423
0.779856
0.462365
0.290658
0.704484
0.867378
0.580543
0.808960
0.496903
0.483494
0.208158
0.000136
0.874110
0.999575
0.173237
0.060217
0.021268
0.132684
0.429087
0.203680
0.589144
0.787927
0.874110
0.414138
0.907293
0.084803
0.223587
0.357661
0.808960
0.061772
0.029982
0.462365
0.521553
0.891273
0.228410
0.255445
0.264363
0.215763
0.744157
0.667094
0.527033
0.841556
0.841556
0.597771
0.436675
0.927324
0.409279
0.194957
0.241635
0.009277
0.441715
0.603471
0.626544
0.203680
0.922090
0.064990
0.199280
0.346575
0.394742
0.070668
0.916674
0.505064
0.927324
0.867378
0.394742
0.667094
0.779856
0.907293
0.414138
0.183833
0.635244
0.255445
0.935597
0.273514
0.867378
0.927324
0.916674
0.462365
0.603471
0.135818
0.958545
0.058699
0.927324
0.922090
0.000561
0.855893
0.594827
0.072465
0.836720
0.364456
0.626544
0.718717
0.690166
0.294528
0.449423
0.971109
0.916674
0.821730
0.107244
0.100580
0.124654
0.166886
0.649688
0.044980
0.535389
0.255445
0.310521
