0.612135
0.891273
0.187953
0.681504
0.401971
0.867378
0.744157
0.821730
0.387593
0.187953
0.620815
0.300471
0.401971
0.153566
0.275424
0.518727
0.922090
0.704484
0.535389
0.758020
0.580543
0.306500
0.867378
0.014305
0.231634
0.787927
0.414138
0.771705
0.146673
0.779856
0.329292
0.441715
0.984769
0.672823
0.695863
0.829282
0.635244
0.060743
0.003559
0.401971
0.137917
0.344325
0.690166
0.042685
0.667094
0.574890
0.357661
0.211153
0.223587
0.922090
0.907293
0.529876
0.025274
0.190711
0.735726
0.007032
0.907293
0.643949
0.157114
0.927324
0.357661
0.135818
0.316692
0.801128
0.241635
0.704484
0.927324
0.626544
0.891273
0.491556
0.956001
0.322949
0.079397
0.901408
0.589144
0.922090
0.112510
0.462365
0.965738
0.056256
0.290658
0.574890
0.122729
0.891273
0.364456
0.012548
0.082732
0.475494
0.649688
0.119859
0.114294
0.787927
0.357661
0.891273
0.187953
0.000696
0.300471
0.589144
0.382926
0.867378
0.713075
0.635244
0.566341
0.294528
0.649688
0.540922
0.382926
0.574890
0.357661
0.626544
0.821730
0.505064
0.658394
0.340005
0.491556
0.082732
0.922090
0.279144
0.860501
0.112510
0.072465
0.540922
0.105557
0.971109
0.704484
0.635244
0.060217
0.994555
0.758020
0.327120
0.499678
0.690166
0.727244
0.878466
0.603471
0.394742
0.867378
0.735726
0.749684
0.704484
0.371333
0.279144
0.223587
0.735726
0.279144
0.375911
0.860501
0.913005
0.521553
0.916674
0.001310
0.429087
0.787927
0.612135
0.346575
0.218844
0.454542
0.704484
0.215763
0.223587
0.066084
0.557828
0.226757
0.540922
0.549354
0.322949
0.192150
0.658394
0.246759
0.603471
0.273514
0.499678
0.779856
0.518727
0.179787
0.441715
0.649688
0.310521
0.927324
0.603471
0.505064
0.935597
0.901408
0.901408
0.626544
0.951979
0.478214
0.527033
0.029186
0.901408
0.290658
0.527033
0.758020
0.713075
0.897436
0.589144
0.735726
0.012907
0.771705
0.795913
0.300471
0.521553
0.414138
0.727244
0.441715
0.713075
0.978604
0.179787
0.147829
0.779856
0.382926
0.635244
0.329292
0.401971
0.681504
0.984769
0.406779
0.848789
0.991213
0.901408
0.603471
0.306500
0.901408
0.153566
0.935597
0.454542
0.382926
0.771705
0.649688
0.527033
0.040864
0.333520
0.375911
0.505064
0.855893
0.771705
0.491556
0.126604
0.215763
0.951979
0.141156
0.027652
0.429087
0.787927
0.635244
0.075538
0.758020
0.808960
0.855893
0.971109
0.994555
0.053907
0.951979
0.003039
0.399498
0.860501
0.310521
0.228410
0.294528
0.535389
0.333520
0.170690
0.194957
0.135818
0.462365
0.947760
0.821730
0.749684
0.496903
0.718717
0.462365
0.713075
0.294528
0.848789
0.194957
0.766291
0.505064
0.064431
0.718717
0.758020
0.231634
0.513281
0.947760
0.713075
0.401971
0.228410
0.690166
0.901408
0.394742
0.281082
0.612135
0.704484
0.096609
0.132684
0.779856
0.940331
0.557828
0.848789
0.153566
0.491556
0.052535
0.177160
0.290658
0.505064
0.290658
0.454542
0.072465
0.744157
0.766291
0.907293
0.475494
0.916674
0.718717
0.574890
0.681504
0.935597
0.774492
0.901408
0.147829
0.260793
0.001902
0.177160
0.695863
0.179787
0.478214
0.306500
0.124654
0.836720
0.860501
0.603471
0.197797
0.429087
0.922090
0.829282
0.478214
0.183833
0.997586
0.357661
0.962240
0.281082
0.848789
0.635244
0.855893
0.962240
0.991213
0.340005
0.535389
0.566341
0.971109
0.690166
0.269851
0.841556
0.010298
0.935597
0.704484
0.264363
0.984769
0.441715
0.557828
0.513281
0.649688
0.375911
0.981075
0.649688
0.281082
0.269851
0.727244
0.007965
0.241635
0.971109
0.491556
0.557828
0.027164
0.978604
0.874110
0.681504
0.082732
0.478214
0.571972
0.333520
0.255445
0.129613
0.011106
0.053907
0.543791
0.958545
0.580543
0.449423
0.589144
0.801128
0.880693
0.704484
0.695863
0.344325
0.884948
0.672823
0.549354
0.901408
0.594827
0.922090
0.771705
0.658394
0.695863
0.441715
0.505064
0.841556
0.135818
0.322949
0.808960
0.801128
0.414138
0.306500
0.090535
0.986757
0.907293
0.557828
0.681504
0.505064
0.841556
0.907293
0.779856
0.147829
0.947760
0.333520
0.962240
0.704484
0.139014
0.449423
0.922090
0.612135
0.848789
0.967937
0.264363
0.409279
0.635244
0.793201
0.013654
0.421575
0.947760
0.011106
0.300471
0.021268
0.527033
0.848789
0.049040
0.735726
0.935597
0.462365
0.922090
0.275424
0.727244
0.704484
0.793201
0.475494
0.284858
0.513281
0.727244
0.721628
0.294528
0.031348
0.203680
0.821730
0.406779
0.704484
0.848789
0.044581
0.603471
0.913005
0.014985
0.183833
0.735726
0.023935
0.223587
0.549354
0.092778
0.612135
0.744157
0.984769
0.316692
0.974087
0.681504
0.375911
0.808960
0.505064
0.072465
0.867378
0.037752
0.771705
0.090535
0.449423
0.821730
0.127623
0.159490
0.241635
0.350951
0.727244
0.177160
0.681504
0.571972
0.094284
0.971109
0.994555
0.371333
0.589144
0.940331
0.483494
0.269851
0.454542
0.357661
0.000000
0.004043
0.557828
0.848789
0.635244
0.907293
0.667094
0.470257
0.916674
0.005968
0.255445
0.057717
0.434080
0.986757
0.049040
0.401971
0.344325
0.527033
0.141156
0.749684
0.713075
0.549354
0.075538
0.821730
0.758020
0.173237
0.329292
0.635244
0.141156
0.884948
0.603471
0.236593
0.014985
0.457201
0.884948
0.483494
0.635244
0.449423
0.658394
0.557828
0.070668
0.891273
0.816691
0.543791
0.787927
0.965738
0.320806
0.273514
0.681504
0.316692
0.779856
0.409279
0.241635
0.246759
0.801128
0.491556
0.681504
0.434080
0.951979
0.300471
0.344325
0.821730
0.658394
0.787927
0.535389
0.483494
0.394742
