0.643949
0.981075
0.284858
0.589144
0.421575
0.183833
0.589144
0.199280
0.344325
0.462365
0.496903
0.483494
0.721628
0.580543
0.223587
0.394742
0.986757
0.306500
0.505064
0.801128
0.357661
0.704484
0.141156
0.816691
0.766291
0.543791
0.571972
0.758020
0.414138
0.470257
0.429087
0.505064
0.491556
0.119859
0.704484
0.603471
0.264363
0.026438
0.284858
0.594827
0.441715
0.462365
0.589144
0.175815
0.187953
0.962240
0.996919
0.255445
0.190711
0.505064
0.836720
0.874110
0.414138
0.566341
0.322949
0.580543
0.236593
0.260793
0.462365
0.951979
0.574890
0.801128
0.704484
0.296545
0.727244
0.414138
0.971109
0.306500
0.255445
0.635244
0.027652
0.758020
0.027164
0.907293
0.441715
0.617854
0.704484
0.681504
0.052535
0.874110
0.808960
0.535389
0.505064
0.194957
0.744157
0.306500
0.390021
0.414138
0.940331
0.215763
0.350951
0.855893
0.735726
0.848789
0.735726
0.527033
0.269851
0.382926
0.462365
0.032199
0.001588
0.907293
0.829282
0.543791
0.787927
0.206623
0.475494
0.394742
0.141156
0.635244
0.829282
0.787927
0.814067
0.947760
0.333520
0.718717
0.603471
0.333520
0.009546
0.874110
0.690166
0.160731
0.269851
0.454542
0.735726
0.958545
0.681504
0.821730
0.891273
0.658394
0.513281
0.951979
0.013276
0.215763
0.505064
0.735726
0.382926
0.505064
0.774492
0.051648
0.375911
0.713075
0.014305
0.241635
0.549354
0.390021
0.947760
0.589144
0.043818
0.068911
0.357661
0.070668
0.322949
0.203680
0.080707
0.962240
0.032199
0.874110
0.179787
0.401971
0.603471
0.333520
0.971109
0.505064
0.801128
0.306500
0.144460
0.483494
0.496903
0.998868
0.505064
0.727244
0.867378
0.829282
0.409279
0.387593
0.203680
0.147829
0.901408
0.749684
0.744157
0.535389
0.727244
0.375911
0.727244
0.060217
0.727244
0.475494
0.059212
0.166886
0.375911
0.103042
0.159490
0.357661
0.771705
0.258960
0.027908
0.922090
0.496903
0.014711
0.144460
0.951979
0.364456
0.535389
0.658394
0.951979
0.406779
0.375911
0.552238
0.735726
0.454542
0.329292
0.026438
0.290658
0.535389
0.867378
0.907293
0.884948
0.457201
0.658394
0.046970
0.002370
0.499678
0.643949
0.310521
0.187953
0.157114
0.984769
0.441715
0.626544
0.922090
0.848789
0.187953
0.721628
0.069506
0.513281
0.401971
0.643949
0.513281
0.327120
0.958545
0.998868
0.891273
0.841556
0.675784
0.667094
0.294528
0.612135
0.306500
0.907293
0.940331
0.333520
0.713075
0.643949
0.215763
0.513281
0.672823
0.340005
0.467559
0.449423
0.603471
0.986757
0.194957
0.801128
0.357661
0.284858
0.382926
0.364456
0.491556
0.266225
0.009822
0.007965
0.109849
0.779856
0.049886
0.848789
0.117048
0.368979
0.901408
0.922090
0.434080
0.146673
0.779856
0.080707
0.603471
0.288671
0.211153
0.362130
0.779856
0.821730
0.375911
0.449423
0.513281
0.206623
0.649688
0.681504
0.414138
0.947760
0.094284
0.002950
0.735726
0.513281
0.021268
0.749684
0.368979
0.758020
0.779856
0.070668
0.483494
0.382926
0.589144
0.353229
0.549354
0.713075
0.316692
0.721628
0.483494
0.382926
0.505064
0.816691
0.401971
0.779856
0.891273
0.255445
0.841556
0.860501
0.218844
0.462365
0.064990
0.681504
0.867378
0.199280
0.667094
0.150086
0.316692
0.029186
0.808960
0.612135
0.874110
0.721628
0.994555
0.580543
0.836720
0.727244
0.079397
0.994555
0.907293
0.132684
0.250182
0.088340
0.350951
0.867378
0.401971
0.260793
0.612135
0.874110
0.100580
0.603471
0.401971
0.779856
0.801128
0.032199
0.163153
0.135818
0.454542
0.206623
0.612135
0.215763
0.086919
0.057717
0.643949
0.000779
0.513281
0.340005
0.357661
0.580543
0.991213
0.004043
0.735726
0.491556
0.721628
0.053907
0.275424
0.173237
0.013909
0.620815
0.096609
0.589144
0.290658
0.483494
0.801128
0.744157
0.478214
0.672823
0.084803
0.250182
0.643949
0.163153
0.505064
0.922090
0.518727
0.401971
0.401971
0.160731
0.401971
0.916674
0.626544
0.589144
0.260793
0.275424
0.695863
0.801128
0.721628
0.713075
0.250182
0.649688
0.327120
0.891273
0.735726
0.177160
0.462365
0.744157
0.496903
0.316692
0.603471
0.364456
0.801128
0.150086
0.078727
0.841556
0.597771
0.808960
0.766291
0.801128
0.907293
0.264363
0.006637
0.617854
0.540922
0.967937
0.434080
0.829282
0.991213
0.884948
0.139014
0.594827
0.223587
0.306500
0.014305
0.518727
0.571972
0.483494
0.421575
0.580543
0.808960
0.874110
0.594827
0.255445
0.064990
0.635244
0.947760
0.310521
0.574890
0.884948
0.658394
0.279144
0.117048
0.329292
0.206623
0.166886
0.808960
0.284858
0.084803
0.741289
0.766291
0.535389
0.183833
0.092778
0.681504
0.589144
0.557828
0.003455
0.241635
0.421575
0.704484
0.947760
0.848789
0.935597
0.704484
0.971109
0.371333
0.721628
0.181158
0.821730
0.055312
0.829282
0.436675
0.255445
0.211153
0.749684
0.626544
0.192150
0.901408
0.867378
0.434080
0.015409
0.704484
0.695863
0.505064
0.241635
0.340005
0.695863
0.841556
0.996919
0.855893
0.549354
0.635244
0.749684
0.535389
0.236593
0.884948
0.779856
0.192150
0.284858
0.462365
0.874110
0.808960
0.364456
0.483494
0.177160
0.713075
0.496903
0.018368
0.518727
0.758020
0.779856
0.681504
0.594827
0.735726
0.549354
0.735726
0.346575
0.401971
0.821730
0.032199
0.991213
0.566341
0.808960
0.695863
0.199280
0.727244
0.848789
0.228410
0.848789
0.211153
0.855893
0.199280
0.008197
0.513281
0.557828
0.848789
0.779856
0.483494
0.333520
0.382926
0.947760
0.962240
0.940331
0.793201
0.394742
0.041578
0.907293
0.991213
0.947760
0.401971
0.735726
