0.357661
0.787927
0.808960
0.228410
0.735726
0.626544
0.801128
0.989675
0.105557
0.364456
0.117048
0.612135
0.597771
0.024596
0.119859
0.409279
0.801128
0.571972
0.704484
0.316692
0.620815
0.947760
0.255445
0.449423
0.202171
0.787927
0.483494
0.166886
0.421575
0.290658
0.721628
0.483494
0.713075
0.672823
0.721628
0.535389
0.901408
0.557828
0.074303
0.441715
0.135818
0.749684
0.300471
0.808960
0.535389
0.907293
0.643949
0.084803
0.333520
0.744157
0.399498
0.513281
0.675784
0.094284
0.947760
0.357661
0.574890
0.190711
0.047782
0.951979
0.357661
0.635244
0.414138
0.166886
0.327120
0.112510
0.535389
0.860501
0.144460
0.346575
0.441715
0.300471
0.787927
0.626544
0.284858
0.038094
0.735726
0.246759
0.635244
0.475494
0.766291
0.978604
0.387593
0.829282
0.074303
0.233315
0.449423
0.626544
0.406779
0.421575
0.589144
0.470257
0.771705
0.316692
0.475494
0.521553
0.119859
0.294528
0.357661
0.704484
0.067775
0.867378
0.483494
0.521553
0.112510
0.994555
0.829282
0.766291
0.414138
0.549354
0.667094
0.649688
0.981075
0.690166
0.787927
0.535389
0.787927
0.907293
0.779856
0.916674
0.779856
0.836720
0.603471
0.571972
0.971109
0.192150
0.836720
0.771705
0.867378
0.771705
0.935597
0.907293
0.478214
0.891273
0.867378
0.557828
0.104694
0.421575
0.801128
0.612135
0.135818
0.098170
0.603471
0.310521
0.978604
0.010595
0.951979
0.141156
0.300471
0.441715
0.821730
0.549354
0.005262
0.867378
0.690166
0.246759
0.779856
0.563435
0.735726
0.421575
0.867378
0.535389
0.300471
0.496903
0.649688
0.571972
0.375911
0.236593
0.000067
0.951979
0.557828
0.643949
0.808960
0.535389
0.821730
0.978604
0.001636
0.375911
0.658394
0.329292
0.994555
0.183833
0.574890
0.974087
0.986757
0.867378
0.316692
0.829282
0.907293
0.749684
0.275424
0.658394
0.122729
0.141156
0.841556
0.340005
0.801128
0.364456
0.340005
0.096609
0.727244
0.173237
0.333520
0.258960
0.264363
0.808960
0.521553
0.991213
0.962240
0.962240
0.713075
0.357661
0.612135
0.667094
0.855893
0.006325
0.549354
0.173237
0.690166
0.947760
0.132684
0.721628
0.574890
0.535389
0.084803
0.907293
0.183833
0.387593
0.316692
0.603471
0.020320
0.766291
0.580543
0.735726
0.368979
0.290658
0.421575
0.255445
0.698805
0.475494
0.535389
0.620815
0.483494
0.058699
0.994555
0.183833
0.808960
0.175815
0.071848
0.364456
0.094284
0.421575
0.006963
0.713075
0.002443
0.029186
0.999575
0.179787
0.681504
0.290658
0.935597
0.713075
0.891273
0.841556
0.211153
0.557828
0.364456
0.518727
0.571972
0.527033
0.727244
0.880693
0.375911
0.612135
0.855893
0.183833
0.829282
0.603471
0.566341
0.223587
0.483494
0.025274
0.907293
0.499678
0.401971
0.177160
0.057717
0.177160
0.063362
0.300471
0.470257
0.816691
0.160731
0.364456
0.643949
0.147829
0.401971
0.808960
0.016139
0.916674
0.211153
0.867378
0.304435
0.635244
0.535389
0.658394
0.848789
0.226757
0.414138
0.233315
0.771705
0.735726
0.612135
0.907293
0.907293
0.394742
0.306500
0.483494
0.994555
0.907293
0.690166
0.064431
0.848789
0.079397
0.758020
0.226757
0.986757
0.000007
0.758020
0.574890
0.449423
0.721628
0.649688
0.997586
0.462365
0.294528
0.971109
0.841556
0.698805
0.357661
0.635244
0.000804
0.907293
0.021268
0.187953
0.103042
0.867378
0.535389
0.124654
0.496903
0.255445
0.771705
0.704484
0.620815
0.499678
0.194957
0.672823
0.543791
0.032199
0.150086
0.032199
0.306500
0.084803
0.808960
0.649688
0.589144
0.913005
0.063362
0.284858
0.312615
0.073672
0.284858
0.290658
0.375911
0.290658
0.543791
0.312615
0.080707
0.491556
0.039115
0.735726
0.306500
0.808960
0.867378
0.250182
0.061772
0.233315
0.387593
0.421575
0.580543
0.421575
0.947760
0.499678
0.117048
0.255445
0.109849
0.612135
0.735726
0.375911
0.215763
0.187953
0.114294
0.284858
0.612135
0.008847
0.049040
0.727244
0.880693
0.387593
0.658394
0.566341
0.557828
0.958545
0.470257
0.228410
0.860501
0.001184
0.021859
0.801128
0.050328
0.589144
0.117048
0.681504
0.940331
0.891273
0.119859
0.971109
0.643949
0.067775
0.580543
0.170690
0.956001
0.735726
0.690166
0.690166
0.119859
0.795913
0.999575
0.513281
0.821730
0.681504
0.236593
0.690166
0.290658
0.589144
0.505064
0.401971
0.749684
0.112510
0.316692
0.589144
0.884948
0.429087
0.907293
0.735726
0.190711
0.566341
0.449423
0.594827
0.848789
0.080707
0.055312
0.566341
0.387593
0.194957
0.971109
0.215763
0.672823
0.236593
0.771705
0.571972
0.571972
0.848789
0.874110
0.000102
0.333520
0.808960
0.505064
0.132684
0.346575
0.086192
0.947760
0.787927
0.241635
0.935597
0.251967
0.060217
0.649688
0.672823
0.441715
0.557828
0.867378
0.049040
0.333520
0.758020
0.183833
0.727244
0.935597
0.401971
0.787927
0.922090
0.981075
0.275424
0.269851
0.421575
0.357661
0.974087
0.947760
0.971109
0.927324
0.855893
0.478214
0.491556
0.557828
0.082732
0.713075
0.884948
0.153566
0.246759
0.121744
0.449423
0.965738
0.340005
0.166886
0.658394
0.069506
0.808960
0.907293
0.594827
0.658394
0.672823
0.170690
0.223587
0.884948
0.449423
0.483494
0.362130
0.036127
0.779856
0.061772
0.779856
0.475494
0.744157
0.848789
0.749684
0.483494
0.978604
0.505064
0.090535
0.958545
0.000047
0.329292
0.187953
0.897436
0.566341
0.096609
0.998868
0.958545
0.901408
0.290658
0.801128
0.867378
0.409279
0.635244
0.704484
0.421575
0.241635
0.394742
0.848789
0.935597
0.907293
0.132684
0.223587
0.513281
0.006832
0.467559
