0.821730
0.255445
0.978604
0.935597
0.017866
0.449423
0.203680
0.771705
0.766291
0.150086
0.241635
0.483494
0.112510
0.527033
0.513281
0.275424
0.727244
0.727244
0.855893
0.690166
0.829282
0.434080
0.836720
0.024596
0.535389
0.667094
0.003559
0.771705
0.543791
0.535389
0.264363
0.177160
0.635244
0.382926
0.874110
0.962240
0.994555
0.215763
0.096609
0.441715
0.947760
0.672823
0.518727
0.649688
0.269851
0.718717
0.626544
0.409279
0.012670
0.821730
0.713075
0.316692
0.695863
0.382926
0.322949
0.860501
0.018368
0.940331
0.144460
0.735726
0.884948
0.594827
0.185229
0.346575
0.626544
0.721628
0.159490
0.429087
0.848789
0.109849
0.787927
0.848789
0.821730
0.394742
0.543791
0.346575
0.801128
0.635244
0.103042
0.635244
0.368979
0.867378
0.543791
0.049040
0.597771
0.735726
0.441715
0.713075
0.004637
0.962240
0.940331
0.690166
0.967937
0.357661
0.094284
0.821730
0.557828
0.901408
0.695863
0.127623
0.124654
0.362130
0.429087
0.187953
0.527033
0.449423
0.521553
0.867378
0.300471
0.499678
0.704484
0.867378
0.571972
0.441715
0.387593
0.401971
0.454542
0.382926
0.643949
0.672823
0.695863
0.300471
0.808960
0.004246
0.025274
0.357661
0.735726
0.758020
0.589144
0.690166
0.735726
0.940331
0.470257
0.735726
0.758020
0.540922
0.036127
0.758020
0.874110
0.012907
0.368979
0.316692
0.681504
0.011425
0.779856
0.649688
0.658394
0.681504
0.211153
0.127623
0.177160
0.635244
0.771705
0.079397
0.103042
0.192150
0.758020
0.594827
0.001310
0.965738
0.713075
0.758020
0.001393
0.166886
0.340005
0.462365
0.860501
0.597771
0.166886
0.549354
0.935597
0.231634
0.935597
0.015409
0.965738
0.771705
0.727244
0.006028
0.727244
0.571972
0.364456
0.059212
0.250182
0.275424
0.735726
0.166886
0.518727
0.236593
0.867378
0.540922
0.956001
0.306500
0.855893
0.505064
0.382926
0.269851
0.462365
0.357661
0.513281
0.250182
0.984769
0.290658
0.787927
0.821730
0.860501
0.117048
0.022875
0.635244
0.322949
0.713075
0.310521
0.491556
0.236593
0.098985
0.470257
0.867378
0.589144
0.333520
0.658394
0.571972
0.357661
0.414138
0.264363
0.056256
0.795913
0.183833
0.658394
0.284858
0.690166
0.779856
0.127623
0.848789
0.241635
0.848789
0.557828
0.617854
0.535389
0.901408
0.704484
0.643949
0.135818
0.139014
0.414138
0.340005
0.231634
0.421575
0.821730
0.808960
0.927324
0.118894
0.132684
0.211153
0.449423
0.505064
0.236593
0.935597
0.690166
0.357661
0.478214
0.401971
0.310521
0.194957
0.721628
0.462365
0.848789
0.316692
0.589144
0.808960
0.025970
0.543791
0.971109
0.211153
0.907293
0.038764
0.483494
0.855893
0.597771
0.505064
0.245003
0.322949
0.549354
0.364456
0.414138
0.357661
0.246759
0.658394
0.848789
0.153566
0.821730
0.470257
0.513281
0.557828
0.681504
0.068911
0.057717
0.170690
0.454542
0.801128
0.758020
0.505064
0.173237
0.215763
0.429087
0.039801
0.483494
0.109849
0.574890
0.387593
0.228410
0.749684
0.333520
0.848789
0.543791
0.727244
0.681504
0.294528
0.333520
0.549354
0.255445
0.139014
0.228410
0.350951
0.306500
0.549354
0.429087
0.589144
0.735726
0.891273
0.821730
0.958545
0.264363
0.658394
0.015845
0.626544
0.971109
0.060217
0.779856
0.749684
0.855893
0.306500
0.094284
0.907293
0.884948
0.713075
0.758020
0.505064
0.535389
0.901408
0.269851
0.387593
0.375911
0.998868
0.658394
0.841556
0.434080
0.192150
0.922090
0.658394
0.221961
0.658394
0.922090
0.535389
0.449423
0.166886
0.491556
0.771705
0.867378
0.132684
0.589144
0.163153
0.382926
0.527033
0.228410
0.571972
0.070668
0.150086
0.250182
0.704484
0.681504
0.012317
0.981075
0.231634
0.690166
0.787927
0.228410
0.117048
0.382926
0.255445
0.617854
0.808960
0.612135
0.836720
0.690166
0.940331
0.306500
0.441715
0.971109
0.074303
0.449423
0.382926
0.821730
0.505064
0.681504
0.913005
0.704484
0.017378
0.667094
0.907293
0.874110
0.635244
0.672823
0.848789
0.672823
0.690166
0.429087
0.758020
0.735726
0.211153
0.401971
0.771705
0.434080
0.084803
0.978604
0.294528
0.414138
0.549354
0.475494
0.589144
0.922090
0.935597
0.867378
0.119859
0.406779
0.971109
0.836720
0.144460
0.181158
0.203680
0.005013
0.626544
0.380525
0.513281
0.375911
0.821730
0.617854
0.098985
0.194957
0.721628
0.612135
0.681504
0.132684
0.891273
0.557828
0.316692
0.916674
0.874110
0.891273
0.288671
0.390021
0.808960
0.441715
0.322949
0.109849
0.801128
0.045761
0.505064
0.841556
0.816691
0.589144
0.371333
0.084803
0.236593
0.821730
0.884948
0.758020
0.491556
0.441715
0.727244
0.462365
0.535389
0.927324
0.779856
0.067775
0.801128
0.971109
0.390021
0.082732
0.115226
0.643949
0.527033
0.744157
0.771705
0.675784
0.119859
0.441715
0.681504
0.597771
0.290658
0.808960
0.735726
0.947760
0.096609
0.027164
0.860501
0.557828
0.897436
0.406779
0.643949
0.821730
0.829282
0.169385
0.874110
0.635244
0.649688
0.626544
0.793201
0.011640
0.626544
0.867378
0.037099
0.574890
0.713075
0.962240
0.155897
0.635244
0.084803
0.704484
0.421575
0.077446
0.658394
0.612135
0.649688
0.429087
0.228410
0.962240
0.094284
0.250182
0.044980
0.874110
0.681504
0.104694
0.241635
0.228410
0.157114
0.658394
0.744157
0.382926
0.513281
0.499678
0.203680
0.118894
0.612135
0.991213
0.255445
0.916674
0.029982
0.096609
0.008847
0.181158
0.394742
0.401971
0.132684
0.543791
0.771705
0.064990
0.848789
0.001556
0.020692
0.535389
0.027164
0.346575
0.571972
0.521553
0.228410
0.322949
0.401971
