0.566341
0.264363
0.603471
0.296545
0.203680
0.580543
0.346575
0.940331
0.603471
0.594827
0.991213
0.306500
0.333520
0.037099
0.874110
0.150086
0.535389
0.901408
0.401971
0.527033
0.000330
0.594827
0.382926
0.589144
0.690166
0.594827
0.008436
0.766291
0.260793
0.672823
0.177160
0.821730
0.978604
0.470257
0.649688
0.401971
0.109849
0.681504
0.829282
0.991213
0.787927
0.867378
0.103042
0.766291
0.475494
0.284858
0.312615
0.727244
0.470257
0.255445
0.589144
0.362130
0.269851
0.187953
0.571972
0.927324
0.246759
0.878466
0.690166
0.340005
0.150086
0.327120
0.294528
0.766291
0.612135
0.704484
0.211153
0.848789
0.704484
0.951979
0.971109
0.449423
0.021268
0.231634
0.055312
0.220452
0.060217
0.159490
0.704484
0.029186
0.294528
0.096609
0.406779
0.082732
0.357661
0.916674
0.935597
0.241635
0.704484
0.000872
0.518727
0.612135
0.779856
0.371333
0.194957
0.535389
0.357661
0.246759
0.787927
0.060217
0.603471
0.594827
0.718717
0.690166
0.421575
0.119859
0.004728
0.907293
0.787927
0.727244
0.704484
0.002950
0.104694
0.681504
0.816691
0.061772
0.927324
0.612135
0.010900
0.382926
0.401971
0.758020
0.255445
0.012670
0.053907
0.930673
0.713075
0.543791
0.088340
0.580543
0.333520
0.002517
0.635244
0.375911
0.612135
0.940331
0.713075
0.735726
0.727244
0.557828
0.793201
0.449423
0.566341
0.304435
0.901408
0.266225
0.658394
0.449423
0.518727
0.907293
0.735726
0.821730
0.414138
0.491556
0.284858
0.109849
0.580543
0.713075
0.787927
0.549354
0.704484
0.183833
0.144460
0.571972
0.454542
0.867378
0.375911
0.316692
0.163153
0.984769
0.194957
0.658394
0.146673
0.499678
0.571972
0.779856
0.874110
0.766291
0.470257
0.589144
0.658394
0.060217
0.962240
0.068911
0.991213
0.491556
0.874110
0.340005
0.603471
0.940331
0.947760
0.000056
0.211153
0.362130
0.429087
0.021268
0.971109
0.808960
0.039801
0.199280
0.658394
0.713075
0.935597
0.357661
0.454542
0.233315
0.557828
0.787927
0.867378
0.269851
0.260793
0.143326
0.836720
0.414138
0.821730
0.449423
0.340005
0.446787
0.037099
0.316692
0.284858
0.626544
0.836720
0.635244
0.194957
0.995551
0.527033
0.855893
0.028409
0.483494
0.394742
0.603471
0.801128
0.884948
0.771705
0.057717
0.475494
0.294528
0.829282
0.951979
0.491556
0.998868
0.086192
0.236593
0.375911
0.003926
0.491556
0.462365
0.727244
0.667094
0.649688
0.255445
0.241635
0.449423
0.047782
0.821730
0.017543
0.350951
0.860501
0.808960
0.049040
0.643949
0.626544
0.727244
0.382926
0.434080
0.635244
0.414138
0.290658
0.695863
0.236593
0.483494
0.667094
0.177160
0.255445
0.499678
0.749684
0.414138
0.927324
0.891273
0.019768
0.690166
0.735726
0.029982
0.727244
0.228410
0.060217
0.218844
0.475494
0.690166
0.681504
0.974087
0.848789
0.744157
0.475494
0.153566
0.713075
0.344325
0.246759
0.589144
0.978604
0.264363
0.848789
0.612135
0.829282
0.994555
0.147829
0.114294
0.758020
0.612135
0.194957
0.096609
0.704484
0.090535
0.874110
0.758020
0.874110
0.362130
0.571972
0.758020
0.801128
0.658394
0.727244
0.801128
0.002491
0.907293
0.690166
0.927324
0.787927
0.375911
0.394742
0.434080
0.462365
0.907293
0.202171
0.387593
0.867378
0.935597
0.057717
0.163153
0.107244
0.535389
0.155897
0.991213
0.907293
0.426518
0.690166
0.867378
0.340005
0.958545
0.073672
0.874110
0.394742
0.394742
0.971109
0.927324
0.364456
0.989675
0.589144
0.930673
0.103042
0.658394
0.060217
0.434080
0.421575
0.635244
0.535389
0.038764
0.549354
0.421575
0.635244
0.594827
0.779856
0.491556
0.470257
0.620815
0.675784
0.580543
0.989675
0.117048
0.454542
0.220452
0.771705
0.135818
0.094284
0.774492
0.401971
0.124654
0.566341
0.441715
0.848789
0.236593
0.414138
0.483494
0.294528
0.901408
0.255445
0.382926
0.060217
0.549354
0.414138
0.620815
0.808960
0.735726
0.841556
0.357661
0.255445
0.727244
0.727244
0.117048
0.505064
0.316692
0.690166
0.916674
0.667094
0.013524
0.672823
0.135818
0.612135
0.467559
0.916674
0.626544
0.031348
0.940331
0.848789
0.821730
0.163153
0.157114
0.675784
0.084803
0.273514
0.192150
0.518727
0.245003
0.589144
0.382926
0.951979
0.166886
0.056256
0.958545
0.626544
0.322949
0.018368
0.394742
0.612135
0.483494
0.557828
0.070668
0.288671
0.173237
0.867378
0.735726
0.713075
0.228410
0.801128
0.566341
0.357661
0.571972
0.505064
0.483494
0.155897
0.434080
0.940331
0.580543
0.135818
0.566341
0.159490
0.153566
0.246759
0.333520
0.026438
0.194957
0.571972
0.681504
0.223587
0.491556
0.169385
0.787927
0.713075
0.052535
0.771705
0.483494
0.971109
0.340005
0.279144
0.535389
0.681504
0.462365
0.848789
0.787927
0.935597
0.690166
0.153566
0.007168
0.901408
0.357661
0.557828
0.713075
0.640981
0.470257
0.801128
0.457201
0.878466
0.571972
0.658394
0.029186
0.042685
0.758020
0.935597
0.040864
0.816691
0.183833
0.580543
0.690166
0.177160
0.159490
0.362130
0.749684
0.947760
0.597771
0.829282
0.884948
0.571972
0.157114
0.552238
0.401971
0.007965
0.635244
0.394742
0.801128
0.594827
0.658394
0.658394
0.052535
0.649688
0.907293
0.991213
0.940331
0.124654
0.269851
0.203680
0.867378
0.884948
0.779856
0.177160
0.649688
0.394742
0.491556
0.279144
0.344325
0.346575
0.166886
0.829282
0.064431
0.947760
0.119859
0.421575
0.867378
0.284858
0.958545
0.226757
0.475494
0.681504
0.017378
0.962240
0.382926
0.211153
0.766291
0.735726
0.491556
0.163153
0.279144
0.306500
0.258960
0.557828
0.860501
