0.620815
0.127623
0.300471
0.080707
0.727244
0.038094
0.024596
0.947760
0.449423
0.749684
0.848789
0.434080
0.758020
0.635244
0.855893
0.690166
0.527033
0.340005
0.940331
0.255445
0.713075
0.626544
0.922090
0.441715
0.187953
0.612135
0.658394
0.566341
0.690166
0.774492
0.922090
0.801128
0.441715
0.612135
0.808960
0.749684
0.029186
0.808960
0.406779
0.401971
0.387593
0.535389
0.187953
0.612135
0.264363
0.375911
0.999575
0.867378
0.744157
0.727244
0.019768
0.296545
0.246759
0.935597
0.344325
0.978604
0.066084
0.246759
0.566341
0.090535
0.995551
0.223587
0.375911
0.787927
0.316692
0.855893
0.020692
0.713075
0.626544
0.626544
0.571972
0.984769
0.626544
0.284858
0.984769
0.787927
0.848789
0.357661
0.735726
0.177160
0.927324
0.549354
0.758020
0.371333
0.626544
0.020130
0.658394
0.744157
0.275424
0.446787
0.414138
0.758020
0.491556
0.549354
0.566341
0.808960
0.540922
0.922090
0.667094
0.236593
0.974087
0.021859
0.962240
0.675784
0.735726
0.273514
0.713075
0.340005
0.836720
0.713075
0.061772
0.001114
0.603471
0.821730
0.260793
0.935597
0.658394
0.072465
0.635244
0.135818
0.988571
0.050328
0.891273
0.064990
0.357661
0.681504
0.153566
0.667094
0.713075
0.401971
0.141156
0.304435
0.215763
0.589144
0.681504
0.375911
0.409279
0.658394
0.829282
0.306500
0.557828
0.617854
0.153566
0.499678
0.329292
0.801128
0.228410
0.382926
0.035180
0.749684
0.199280
0.080707
0.028409
0.333520
0.922090
0.735726
0.505064
0.072465
0.139014
0.260793
0.025274
0.860501
0.855893
0.848789
0.147829
0.462365
0.483494
0.470257
0.695863
0.940331
0.387593
0.018706
0.316692
0.300471
0.848789
0.139014
0.612135
0.848789
0.312615
0.013149
0.074303
0.549354
0.053907
0.612135
0.499678
0.867378
0.401971
0.718717
0.727244
0.421575
0.194957
0.375911
0.187953
0.984769
0.505064
0.658394
0.401971
0.004288
0.236593
0.080707
0.947760
0.860501
0.513281
0.690166
0.177160
0.475494
0.173237
0.043818
0.135818
0.978604
0.787927
0.446787
0.787927
0.000609
0.821730
0.096609
0.612135
0.667094
0.086192
0.971109
0.003354
0.603471
0.848789
0.142275
0.874110
0.571972
0.346575
0.322949
0.808960
0.617854
0.462365
0.580543
0.801128
0.841556
0.649688
0.829282
0.779856
0.322949
0.064431
0.096609
0.978604
0.054829
0.505064
0.704484
0.029186
0.821730
0.421575
0.054829
0.766291
0.907293
0.375911
0.787927
0.958545
0.681504
0.041578
0.643949
0.884948
0.333520
0.371333
0.340005
0.255445
0.580543
0.119859
0.841556
0.841556
0.275424
0.275424
0.220452
0.483494
0.880693
0.713075
0.429087
0.735726
0.597771
0.421575
0.441715
0.766291
0.626544
0.635244
0.597771
0.681504
0.940331
0.096609
0.449423
0.801128
0.046970
0.505064
0.594827
0.199280
0.821730
0.496903
0.441715
0.086192
0.916674
0.922090
0.457201
0.163153
0.141156
0.294528
0.787927
0.829282
0.082732
0.063362
0.350951
0.978604
0.860501
0.399498
0.310521
0.499678
0.441715
0.947760
0.635244
0.543791
0.589144
0.713075
0.483494
0.394742
0.429087
0.808960
0.300471
0.394742
0.727244
0.557828
0.667094
0.350951
0.129613
0.109849
0.020692
0.306500
0.704484
0.808960
0.434080
0.375911
0.223587
0.036127
0.867378
0.521553
0.119859
0.462365
0.290658
0.901408
0.124654
0.454542
0.549354
0.470257
0.284858
0.771705
0.884948
0.269851
0.401971
0.462365
0.821730
0.965738
0.771705
0.505064
0.434080
0.927324
0.306500
0.394742
0.649688
0.135818
0.300471
0.117048
0.132684
0.749684
0.266225
0.535389
0.580543
0.787927
0.434080
0.829282
0.984769
0.421575
0.094284
0.549354
0.333520
0.808960
0.612135
0.566341
0.491556
0.848789
0.454542
0.574890
0.483494
0.124654
0.643949
0.978604
0.951979
0.713075
0.049040
0.072465
0.649688
0.496903
0.496903
0.557828
0.068911
0.713075
0.255445
0.713075
0.375911
0.103042
0.082732
0.867378
0.951979
0.922090
0.153566
0.557828
0.535389
0.880693
0.994555
0.981075
0.713075
0.884948
0.867378
0.727244
0.916674
0.986757
0.449423
0.713075
0.246759
0.744157
0.848789
0.986757
0.181158
0.094284
0.749684
0.273514
0.540922
0.635244
0.612135
0.643949
0.594827
0.414138
0.056256
0.758020
0.643949
0.681504
0.958545
0.141156
0.206623
0.421575
0.779856
0.566341
0.749684
0.566341
0.333520
0.090535
0.300471
0.829282
0.269851
0.269851
0.594827
0.144460
0.002863
0.322949
0.543791
0.991213
0.071276
0.612135
0.146673
0.867378
0.795913
0.008847
0.749684
0.371333
0.016595
0.841556
0.364456
0.364456
0.190711
0.891273
0.016139
0.549354
0.891273
0.649688
0.735726
0.675784
0.177160
0.907293
0.284858
0.121744
0.713075
0.766291
0.436675
0.478214
0.183833
0.382926
0.727244
0.007378
0.801128
0.951979
0.316692
0.884948
0.779856
0.387593
0.426518
0.891273
0.635244
0.177160
0.505064
0.649688
0.327120
0.612135
0.177160
0.294528
0.681504
0.801128
0.375911
0.681504
0.874110
0.483494
0.829282
0.491556
0.157114
0.836720
0.962240
0.557828
0.499678
0.901408
0.947760
0.183833
0.779856
0.867378
0.557828
0.329292
0.157114
0.060217
0.589144
0.139014
0.135818
0.429087
0.991213
0.626544
0.434080
0.848789
0.626544
0.290658
0.589144
0.787927
0.340005
0.713075
0.340005
0.072465
0.749684
0.744157
0.000031
0.787927
0.557828
0.643949
0.269851
0.183833
0.907293
0.421575
0.350951
0.566341
0.462365
0.836720
0.571972
0.557828
0.907293
0.090535
0.735726
0.121744
0.181158
0.333520
0.177160
0.884948
0.518727
0.491556
0.368979
0.346575
0.897436
0.549354
0.150086
0.962240
0.557828
