0.527033
0.566341
0.571972
0.907293
0.704484
0.543791
0.557828
0.104694
0.518727
0.421575
0.346575
0.860501
0.735726
0.589144
0.884948
0.580543
0.667094
0.246759
0.499678
0.088340
0.758020
0.543791
0.758020
0.901408
0.107244
0.867378
0.996919
0.300471
0.483494
0.927324
0.006325
0.635244
0.758020
0.930673
0.758020
0.082732
0.139014
0.935597
0.958545
0.744157
0.580543
0.169385
0.821730
0.721628
0.013276
0.066084
0.107244
0.672823
0.695863
0.867378
0.860501
0.499678
0.001027
0.658394
0.127623
0.779856
0.913005
0.141156
0.312615
0.375911
0.978604
0.316692
0.241635
0.589144
0.275424
0.779856
0.874110
0.779856
0.255445
0.836720
0.947760
0.094284
0.241635
0.884948
0.470257
0.821730
0.672823
0.681504
0.151265
0.589144
0.626544
0.414138
0.124654
0.557828
0.041578
0.801128
0.758020
0.042685
0.449423
0.571972
0.704484
0.153566
0.527033
0.421575
0.978604
0.322949
0.421575
0.066084
0.281082
0.787927
0.766291
0.049040
0.589144
0.150086
0.951979
0.401971
0.787927
0.340005
0.884948
0.793201
0.821730
0.971109
0.808960
0.658394
0.491556
0.000461
0.612135
0.766291
0.589144
0.821730
0.713075
0.475494
0.132684
0.927324
0.401971
0.132684
0.084803
0.401971
0.429087
0.441715
0.690166
0.589144
0.117048
0.848789
0.513281
0.984769
0.067775
0.779856
0.603471
0.774492
0.749684
0.505064
0.612135
0.441715
0.001027
0.978604
0.758020
0.026438
0.829282
0.612135
0.947760
0.478214
0.978604
0.681504
0.304435
0.626544
0.808960
0.626544
0.037099
0.434080
0.020320
0.327120
0.060217
0.927324
0.848789
0.414138
0.004728
0.255445
0.203680
0.401971
0.406779
0.003008
0.192150
0.300471
0.907293
0.779856
0.364456
0.557828
0.284858
0.192150
0.749684
0.055312
0.947760
0.913005
0.635244
0.829282
0.340005
0.449423
0.434080
0.275424
0.084803
0.951979
0.223587
0.704484
0.681504
0.194957
0.121744
0.346575
0.612135
0.513281
0.394742
0.220452
0.357661
0.491556
0.958545
0.441715
0.658394
0.580543
0.649688
0.867378
0.306500
0.681504
0.962240
0.643949
0.658394
0.255445
0.643949
0.518727
0.758020
0.223587
0.119859
0.020692
0.891273
0.758020
0.070668
0.310521
0.681504
0.801128
0.891273
0.603471
0.011974
0.574890
0.241635
0.279144
0.566341
0.922090
0.681504
0.848789
0.848789
0.907293
0.958545
0.072465
0.744157
0.829282
0.155897
0.327120
0.223587
0.907293
0.580543
0.735726
0.535389
0.255445
0.962240
0.513281
0.024596
0.449423
0.721628
0.574890
0.589144
0.962240
0.681504
0.658394
0.940331
0.294528
0.199280
0.821730
0.681504
0.434080
0.228410
0.626544
0.100580
0.279144
0.429087
0.897436
0.535389
0.713075
0.505064
0.884948
0.594827
0.215763
0.446787
0.018368
0.821730
0.306500
0.518727
0.766291
0.995551
0.513281
0.475494
0.063362
0.951979
0.884948
0.962240
0.312615
0.233315
0.387593
0.658394
0.434080
0.449423
0.901408
0.971109
0.429087
0.109849
0.884948
0.978604
0.077446
0.766291
0.735726
0.199280
0.344325
0.907293
0.848789
0.681504
0.306500
0.163153
0.155897
0.414138
0.260793
0.462365
0.649688
0.690166
0.382926
0.771705
0.187953
0.462365
0.346575
0.901408
0.713075
0.974087
0.704484
0.032199
0.891273
0.033659
0.401971
0.962240
0.922090
0.081393
0.316692
0.150086
0.096609
0.047782
0.300471
0.086192
0.255445
0.874110
0.206623
0.026438
0.462365
0.620815
0.521553
0.744157
0.940331
0.246759
0.874110
0.612135
0.023508
0.718717
0.084803
0.971109
0.901408
0.441715
0.269851
0.119859
0.727244
0.916674
0.260793
0.132684
0.649688
0.994555
0.340005
0.053907
0.821730
0.626544
0.667094
0.978604
0.269851
0.626544
0.284858
0.971109
0.749684
0.829282
0.836720
0.727244
0.589144
0.119859
0.681504
0.462365
0.434080
0.978604
0.340005
0.643949
0.371333
0.454542
0.018368
0.144460
0.049040
0.284858
0.922090
0.947760
0.414138
0.978604
0.635244
0.867378
0.867378
0.884948
0.043818
0.855893
0.672823
0.260793
0.082732
0.491556
0.166886
0.704484
0.035180
0.092008
0.867378
0.635244
0.971109
0.441715
0.246759
0.211153
0.449423
0.387593
0.306500
0.916674
0.144460
0.658394
0.414138
0.626544
0.829282
0.075538
0.275424
0.375911
0.749684
0.401971
0.635244
0.549354
0.913005
0.483494
0.269851
0.771705
0.426518
0.306500
0.971109
0.580543
0.491556
0.589144
0.070668
0.103042
0.187953
0.021268
0.916674
0.713075
0.304435
0.294528
0.907293
0.441715
0.462365
0.901408
0.251967
0.441715
0.744157
0.727244
0.228410
0.884948
0.434080
0.801128
0.251967
0.505064
0.119859
0.513281
0.874110
0.146673
0.017866
0.192150
0.795913
0.880693
0.744157
0.916674
0.112510
0.749684
0.549354
0.848789
0.704484
0.589144
0.735726
0.808960
0.543791
0.031348
0.264363
0.626544
0.848789
0.103042
0.998868
0.603471
0.704484
0.927324
0.241635
0.774492
0.922090
0.421575
0.048208
0.841556
0.667094
0.626544
0.275424
0.306500
0.031348
0.139014
0.034568
0.962240
0.998463
0.891273
0.499678
0.441715
0.132684
0.483494
0.513281
0.594827
0.153566
0.350951
0.241635
0.527033
0.766291
0.947760
0.549354
0.836720
0.580543
0.749684
0.470257
0.935597
0.758020
0.727244
0.635244
0.855893
0.543791
0.994555
0.713075
0.096609
0.535389
0.808960
0.357661
0.322949
0.978604
0.848789
0.052535
0.159490
0.557828
0.117048
0.821730
0.429087
0.300471
0.779856
0.841556
0.766291
0.891273
0.994555
0.322949
0.713075
0.947760
0.795913
0.672823
0.571972
0.015409
0.589144
0.951979
0.478214
0.771705
0.206623
0.021268
0.027908
0.571972
0.571972
0.779856
0.974087
0.155897
