0.521553
0.364456
0.951979
0.958545
0.018706
0.991213
0.483494
0.771705
0.984769
0.801128
0.003629
0.144460
0.421575
0.499678
0.841556
0.088340
0.672823
0.387593
0.836720
0.462365
0.971109
0.787927
0.218844
0.228410
0.557828
0.535389
0.086919
0.441715
0.002443
0.891273
0.620815
0.150086
0.727244
0.658394
0.199280
0.940331
0.996919
0.808960
0.947760
0.088340
0.491556
0.092778
0.704484
0.735726
0.153566
0.061772
0.241635
0.394742
0.991213
0.483494
0.350951
0.310521
0.758020
0.940331
0.064990
0.006447
0.874110
0.996919
0.241635
0.695863
0.535389
0.387593
0.620815
0.744157
0.566341
0.284858
0.735726
0.491556
0.449423
0.275424
0.667094
0.848789
0.891273
0.462365
0.039801
0.649688
0.002725
0.681504
0.947760
0.139014
0.771705
0.626544
0.744157
0.429087
0.727244
0.681504
0.535389
0.478214
0.300471
0.589144
0.429087
0.082732
0.434080
0.467559
0.984769
0.801128
0.603471
0.749684
0.032771
0.104694
0.491556
0.478214
0.401971
0.505064
0.067775
0.594827
0.829282
0.913005
0.935597
0.735726
0.626544
0.322949
0.327120
0.306500
0.457201
0.758020
0.166886
0.540922
0.117048
0.350951
0.218844
0.589144
0.144460
0.294528
0.787927
0.884948
0.620815
0.855893
0.005523
0.991213
0.002863
0.901408
0.758020
0.891273
0.075538
0.052535
0.589144
0.199280
0.119859
0.483494
0.092008
0.082732
0.855893
0.382926
0.333520
0.612135
0.779856
0.848789
0.626544
0.177160
0.594827
0.704484
0.907293
0.269851
0.793201
0.306500
0.808960
0.144460
0.991213
0.681504
0.306500
0.527033
0.867378
0.449423
0.462365
0.690166
0.290658
0.529876
0.935597
0.808960
0.913005
0.375911
0.434080
0.580543
0.867378
0.449423
0.681504
0.260793
0.483494
0.421575
0.681504
0.626544
0.000187
0.801128
0.867378
0.211153
0.891273
0.042685
0.808960
0.513281
0.190711
0.816691
0.874110
0.779856
0.279144
0.557828
0.300471
0.947760
0.467559
0.067775
0.672823
0.690166
0.603471
0.095811
0.589144
0.250182
0.913005
0.021268
0.681504
0.994555
0.127623
0.727244
0.255445
0.557828
0.496903
0.038764
0.971109
0.690166
0.860501
0.836720
0.965738
0.505064
0.127623
0.129613
0.667094
0.462365
0.441715
0.821730
0.821730
0.867378
0.000039
0.004372
0.496903
0.867378
0.690166
0.491556
0.681504
0.874110
0.300471
0.947760
0.916674
0.414138
0.518727
0.667094
0.260793
0.344325
0.187953
0.808960
0.779856
0.841556
0.557828
0.758020
0.499678
0.357661
0.580543
0.749684
0.635244
0.306500
0.109849
0.848789
0.421575
0.891273
0.266225
0.829282
0.922090
0.233315
0.749684
0.779856
0.635244
0.860501
0.543791
0.649688
0.787927
0.841556
0.215763
0.848789
0.344325
0.589144
0.735726
0.787927
0.086192
0.549354
0.704484
0.891273
0.951979
0.284858
0.053907
0.103042
0.199280
0.135818
0.057717
0.801128
0.867378
0.290658
0.306500
0.218844
0.340005
0.005855
0.177160
0.735726
0.300471
0.107244
0.513281
0.549354
0.246759
0.612135
0.758020
0.612135
0.009104
0.316692
0.801128
0.072465
0.255445
0.199280
0.139014
0.049040
0.808960
0.758020
0.496903
0.183833
0.535389
0.000561
0.841556
0.571972
0.801128
0.721628
0.421575
0.033659
0.589144
0.130653
0.571972
0.434080
0.475494
0.874110
0.147829
0.727244
0.223587
0.557828
0.203680
0.279144
0.177160
0.675784
0.044581
0.629509
0.241635
0.000433
0.958545
0.119859
0.991213
0.025970
0.258960
0.907293
0.057717
0.483494
0.681504
0.986757
0.382926
0.891273
0.867378
0.246759
0.658394
0.626544
0.974087
0.935597
0.483494
0.690166
0.727244
0.187953
0.713075
0.793201
0.681504
0.930673
0.667094
0.496903
0.787927
0.580543
0.066084
0.549354
0.082732
0.132684
0.344325
0.082732
0.470257
0.991213
0.322949
0.667094
0.457201
0.986757
0.816691
0.241635
0.132684
0.399498
0.744157
0.922090
0.457201
0.449423
0.513281
0.264363
0.521553
0.758020
0.867378
0.306500
0.119859
0.357661
0.322949
0.434080
0.144460
0.104694
0.808960
0.735726
0.971109
0.135818
0.441715
0.801128
0.907293
0.329292
0.836720
0.690166
0.147829
0.884948
0.848789
0.635244
0.228410
0.340005
0.667094
0.483494
0.667094
0.779856
0.848789
0.986757
0.549354
0.721628
0.250182
0.907293
0.236593
0.787927
0.901408
0.401971
0.535389
0.658394
0.357661
0.962240
0.713075
0.505064
0.535389
0.643949
0.375911
0.250182
0.527033
0.322949
0.040864
0.643949
0.704484
0.727244
0.371333
0.346575
0.290658
0.169385
0.836720
0.874110
0.626544
0.462365
0.557828
0.594827
0.994555
0.971109
0.698805
0.513281
0.228410
0.594827
0.153566
0.891273
0.713075
0.855893
0.735726
0.958545
0.527033
0.589144
0.848789
0.183833
0.281082
0.103042
0.603471
0.801128
0.718717
0.000590
0.829282
0.513281
0.713075
0.940331
0.735726
0.713075
0.153566
0.922090
0.986757
0.907293
0.003193
0.749684
0.557828
0.771705
0.441715
0.907293
0.901408
0.001114
0.387593
0.387593
0.667094
0.060217
0.829282
0.211153
0.114294
0.434080
0.771705
0.017543
0.626544
0.401971
0.421575
0.061772
0.766291
0.940331
0.135818
0.721628
0.874110
0.635244
0.475494
0.043818
0.597771
0.505064
0.704484
0.713075
0.801128
0.505064
0.672823
0.269851
0.557828
0.310521
0.635244
0.157114
0.749684
0.357661
0.617854
0.801128
0.052535
0.491556
0.574890
0.626544
0.801128
0.758020
0.603471
0.874110
0.406779
0.841556
0.241635
0.907293
0.855893
0.935597
0.017866
0.132684
0.518727
0.971109
0.884948
0.801128
0.449423
0.406779
0.922090
0.652656
0.300471
0.090535
0.643949
0.017866
0.203680
0.449423
0.401971
0.916674
0.821730
0.916674
