0.105557
0.357661
0.535389
0.721628
0.848789
0.241635
0.801128
0.414138
0.306500
0.597771
0.470257
0.848789
0.829282
0.505064
0.779856
0.290658
0.922090
0.132684
0.758020
0.290658
0.414138
0.135818
0.206623
0.940331
0.557828
0.681504
0.088340
0.018706
0.300471
0.749684
0.543791
0.901408
0.829282
0.681504
0.744157
0.841556
0.478214
0.449423
0.635244
0.454542
0.000779
0.535389
0.001755
0.017063
0.821730
0.735726
0.787927
0.025274
0.571972
0.245003
0.848789
0.771705
0.836720
0.735726
0.344325
0.038764
0.793201
0.132684
0.513281
0.672823
0.009277
0.848789
0.867378
0.829282
0.079397
0.446787
0.891273
0.075538
0.100580
0.169385
0.401971
0.829282
0.951979
0.766291
0.735726
0.371333
0.996919
0.357661
0.649688
0.571972
0.129613
0.042685
0.821730
0.874110
0.250182
0.284858
0.296545
0.245003
0.255445
0.535389
0.549354
0.017543
0.390021
0.643949
0.589144
0.160731
0.860501
0.124654
0.467559
0.901408
0.626544
0.891273
0.962240
0.475494
0.884948
0.340005
0.084803
0.962240
0.094284
0.744157
0.491556
0.735726
0.088340
0.028919
0.620815
0.008597
0.878466
0.787927
0.202171
0.758020
0.441715
0.557828
0.491556
0.115226
0.094284
0.421575
0.721628
0.821730
0.940331
0.090535
0.986757
0.603471
0.031348
0.735726
0.375911
0.848789
0.884948
0.513281
0.187953
0.681504
0.771705
0.166886
0.744157
0.491556
0.580543
0.312615
0.787927
0.013654
0.236593
0.571972
0.290658
0.362130
0.394742
0.574890
0.640981
0.793201
0.848789
0.462365
0.603471
0.566341
0.421575
0.884948
0.566341
0.612135
0.241635
0.891273
0.003926
0.421575
0.491556
0.255445
0.986757
0.735726
0.690166
0.368979
0.766291
0.255445
0.103042
0.483494
0.681504
0.255445
0.995551
0.006637
0.018368
0.557828
0.808960
0.058699
0.194957
0.626544
0.236593
0.505064
0.375911
0.922090
0.603471
0.891273
0.304435
0.681504
0.375911
0.981075
0.986757
0.986757
0.327120
0.884948
0.612135
0.907293
0.907293
0.483494
0.060743
0.735726
0.044581
0.060217
0.470257
0.779856
0.821730
0.922090
0.566341
0.658394
0.094284
0.421575
0.119859
0.749684
0.300471
0.394742
0.884948
0.916674
0.829282
0.940331
0.658394
0.867378
0.635244
0.626544
0.228410
0.922090
0.744157
0.513281
0.566341
0.704484
0.557828
0.667094
0.218844
0.713075
0.867378
0.082732
0.364456
0.159490
0.211153
0.208158
0.704484
0.758020
0.521553
0.994555
0.816691
0.535389
0.867378
0.275424
0.346575
0.470257
0.635244
0.199280
0.215763
0.284858
0.109849
0.649688
0.658394
0.816691
0.346575
0.913005
0.808960
0.199280
0.527033
0.612135
0.279144
0.884948
0.294528
0.441715
0.046970
0.808960
0.727244
0.580543
0.300471
0.935597
0.681504
0.735726
0.626544
0.406779
0.841556
0.284858
0.884948
0.793201
0.199280
0.779856
0.922090
0.535389
0.153566
0.766291
0.978604
0.135818
0.306500
0.771705
0.962240
0.045761
0.749684
0.874110
0.052535
0.672823
0.557828
0.527033
0.513281
0.958545
0.124654
0.228410
0.907293
0.166886
0.144460
0.483494
0.375911
0.971109
0.037099
0.223587
0.505064
0.066084
0.513281
0.735726
0.401971
0.483494
0.350951
0.007965
0.043818
0.829282
0.571972
0.394742
0.891273
0.927324
0.387593
0.521553
0.098985
0.194957
0.735726
0.808960
0.907293
0.571972
0.916674
0.103042
0.421575
0.713075
0.434080
0.255445
0.434080
0.549354
0.566341
0.916674
0.735726
0.612135
0.070668
0.010595
0.241635
0.672823
0.513281
0.907293
0.916674
0.056256
0.749684
0.074303
0.713075
0.821730
0.109849
0.626544
0.658394
0.327120
0.816691
0.649688
0.927324
0.713075
0.470257
0.589144
0.390021
0.187953
0.153566
0.194957
0.907293
0.157114
0.177160
0.095811
0.816691
0.401971
0.058699
0.019768
0.836720
0.913005
0.643949
0.214182
0.874110
0.364456
0.055312
0.462365
0.962240
0.454542
0.211153
0.962240
0.829282
0.521553
0.958545
0.771705
0.848789
0.483494
0.947760
0.571972
0.695863
0.306500
0.199280
0.006447
0.346575
0.766291
0.100580
0.000030
0.626544
0.612135
0.322949
0.499678
0.441715
0.816691
0.004372
0.199280
0.382926
0.704484
0.580543
0.958545
0.518727
0.275424
0.112510
0.884948
0.867378
0.505064
0.543791
0.333520
0.024596
0.735726
0.144460
0.848789
0.951979
0.626544
0.513281
0.160731
0.978604
0.491556
0.499678
0.589144
0.139014
0.965738
0.718717
0.382926
0.150086
0.333520
0.368979
0.771705
0.749684
0.658394
0.821730
0.735726
0.603471
0.340005
0.357661
0.004503
0.181158
0.848789
0.808960
0.855893
0.470257
0.718717
0.340005
0.382926
0.620815
0.527033
0.672823
0.901408
0.306500
0.916674
0.779856
0.658394
0.371333
0.549354
0.552238
0.306500
0.153566
0.901408
0.043818
0.603471
0.779856
0.808960
0.594827
0.801128
0.922090
0.713075
0.375911
0.543791
0.821730
0.269851
0.434080
0.922090
0.491556
0.698805
0.620815
0.421575
0.513281
0.194957
0.132684
0.580543
0.727244
0.935597
0.884948
0.690166
0.146673
0.535389
0.981075
0.916674
0.958545
0.658394
0.144460
0.192150
0.115226
0.518727
0.860501
0.626544
0.658394
0.557828
0.223587
0.589144
0.848789
0.571972
0.223587
0.672823
0.695863
0.187953
0.434080
0.958545
0.986757
0.518727
0.681504
0.829282
0.020320
0.382926
0.513281
0.310521
0.475494
0.580543
0.082732
0.394742
0.994555
0.462365
0.011974
0.947760
0.496903
0.414138
0.841556
0.206623
0.891273
0.046970
0.006637
0.795913
0.758020
0.801128
0.690166
0.935597
0.557828
0.779856
0.589144
0.130653
0.549354
0.333520
0.421575
0.589144
0.713075
0.194957
0.020320
0.163153
0.157114
0.153566
