0.147829
0.947760
0.891273
0.082732
0.821730
0.566341
0.019768
0.829282
0.848789
0.922090
0.658394
0.698805
0.288671
0.241635
0.589144
0.589144
0.421575
0.718717
0.836720
0.072465
0.421575
0.672823
0.016293
0.387593
0.034568
0.848789
0.258960
0.316692
0.241635
0.940331
0.096609
0.721628
0.580543
0.620815
0.449423
0.744157
0.470257
0.250182
0.491556
0.626544
0.571972
0.340005
0.112510
0.462365
0.215763
0.848789
0.603471
0.612135
0.483494
0.100580
0.951979
0.681504
0.704484
0.552238
0.649688
0.362130
0.009104
0.635244
0.658394
0.874110
0.322949
0.962240
0.269851
0.640981
0.446787
0.478214
0.478214
0.441715
0.333520
0.626544
0.394742
0.144460
0.173237
0.652656
0.269851
0.848789
0.421575
0.513281
0.070668
0.513281
0.867378
0.580543
0.672823
0.000204
0.848789
0.086919
0.513281
0.173237
0.965738
0.401971
0.139014
0.829282
0.429087
0.183833
0.390021
0.380525
0.223587
0.505064
0.421575
0.005013
0.971109
0.357661
0.409279
0.996919
0.037752
0.758020
0.401971
0.505064
0.681504
0.557828
0.491556
0.821730
0.971109
0.836720
0.771705
0.279144
0.344325
0.441715
0.867378
0.086192
0.260793
0.884948
0.535389
0.279144
0.273514
0.401971
0.821730
0.758020
0.571972
0.690166
0.557828
0.690166
0.855893
0.045761
0.457201
0.698805
0.681504
0.121744
0.199280
0.187953
0.891273
0.808960
0.951979
0.003193
0.749684
0.749684
0.958545
0.571972
0.808960
0.401971
0.713075
0.779856
0.368979
0.704484
0.086919
0.183833
0.462365
0.727244
0.346575
0.082732
0.922090
0.744157
0.457201
0.935597
0.394742
0.454542
0.713075
0.483494
0.135818
0.100580
0.704484
0.965738
0.594827
0.580543
0.704484
0.003388
0.749684
0.947760
0.626544
0.505064
0.521553
0.228410
0.589144
0.571972
0.704484
0.801128
0.211153
0.808960
0.891273
0.228410
0.290658
0.127623
0.434080
0.434080
0.667094
0.649688
0.499678
0.344325
0.409279
0.031348
0.635244
0.159490
0.177160
0.690166
0.848789
0.978604
0.690166
0.312615
0.040864
0.649688
0.913005
0.187953
0.368979
0.727244
0.190711
0.300471
0.635244
0.462365
0.867378
0.713075
0.713075
0.040498
0.000162
0.735726
0.867378
0.226757
0.704484
0.617854
0.454542
0.884948
0.787927
0.681504
0.088340
0.571972
0.401971
0.103042
0.350951
0.245003
0.951979
0.612135
0.333520
0.612135
0.808960
0.594827
0.067775
0.441715
0.269851
0.137917
0.947760
0.821730
0.159490
0.454542
0.771705
0.589144
0.008597
0.927324
0.057717
0.891273
0.922090
0.907293
0.521553
0.100580
0.958545
0.060217
0.014305
0.922090
0.340005
0.496903
0.038764
0.549354
0.779856
0.690166
0.771705
0.051194
0.867378
0.927324
0.100580
0.891273
0.518727
0.672823
0.658394
0.223587
0.836720
0.758020
0.612135
0.335721
0.434080
0.103042
0.375911
0.801128
0.901408
0.549354
0.884948
0.935597
0.401971
0.441715
0.749684
0.258960
0.096609
0.491556
0.535389
0.681504
0.421575
0.612135
0.713075
0.505064
0.779856
0.965738
0.940331
0.322949
0.107244
0.300471
0.916674
0.967937
0.441715
0.119859
0.206623
0.884948
0.940331
0.672823
0.626544
0.027652
0.727244
0.801128
0.119859
0.874110
0.300471
0.874110
0.457201
0.147829
0.947760
0.491556
0.260793
0.999575
0.499678
0.105557
0.496903
0.246759
0.290658
0.695863
0.649688
0.183833
0.681504
0.031348
0.935597
0.927324
0.199280
0.704484
0.037099
0.935597
0.429087
0.704484
0.021859
0.704484
0.867378
0.841556
0.333520
0.779856
0.566341
0.382926
0.470257
0.643949
0.557828
0.603471
0.112510
0.681504
0.880693
0.150086
0.279144
0.821730
0.505064
0.940331
0.082732
0.014305
0.394742
0.962240
0.787927
0.758020
0.029982
0.749684
0.922090
0.513281
0.306500
0.279144
0.322949
0.808960
0.690166
0.779856
0.994555
0.626544
0.771705
0.821730
0.860501
0.527033
0.409279
0.157114
0.771705
0.414138
0.208158
0.735726
0.241635
0.011106
0.483494
0.014305
0.597771
0.260793
0.951979
0.340005
0.333520
0.255445
0.867378
0.589144
0.521553
0.294528
0.163153
0.163153
0.187953
0.884948
0.329292
0.907293
0.329292
0.758020
0.264363
0.821730
0.241635
0.255445
0.808960
0.454542
0.672823
0.672823
0.758020
0.037099
0.891273
0.971109
0.658394
0.557828
0.047782
0.951979
0.874110
0.690166
0.704484
0.475494
0.327120
0.626544
0.035180
0.735726
0.808960
0.535389
0.177160
0.462365
0.401971
0.841556
0.063362
0.735726
0.199280
0.758020
0.429087
0.535389
0.597771
0.153566
0.658394
0.223587
0.387593
0.935597
0.808960
0.304435
0.135818
0.203680
0.409279
0.421575
0.984769
0.771705
0.246759
0.067195
0.470257
0.104694
0.483494
0.255445
0.643949
0.749684
0.190711
0.054829
0.991213
0.231634
0.704484
0.635244
0.658394
0.643949
0.927324
0.557828
0.901408
0.996919
0.566341
0.612135
0.829282
0.312615
0.121744
0.771705
0.173237
0.801128
0.434080
0.713075
0.867378
0.891273
0.916674
0.897436
0.462365
0.470257
0.429087
0.571972
0.220452
0.017543
0.766291
0.658394
0.884948
0.000544
0.375911
0.294528
0.779856
0.441715
0.766291
0.483494
0.421575
0.414138
0.643949
0.340005
0.300471
0.491556
0.038764
0.421575
0.312615
0.141156
0.907293
0.571972
0.094284
0.401971
0.801128
0.672823
0.766291
0.916674
0.735726
0.306500
0.483494
0.974087
0.012317
0.340005
0.004963
0.084803
0.454542
0.075538
0.891273
0.749684
0.829282
0.758020
0.962240
0.449423
0.483494
0.406779
0.340005
0.333520
0.557828
0.922090
0.808960
0.046970
0.787927
0.535389
0.067775
0.713075
0.483494
0.006325
0.269851
0.130653
0.246759
0.901408
0.160731
0.166886
