0.566341
0.441715
0.117048
0.535389
0.667094
0.241635
0.441715
0.580543
0.095811
0.098170
0.681504
0.860501
0.727244
0.951979
0.727244
0.829282
0.962240
0.667094
0.421575
0.994555
0.891273
0.735726
0.727244
0.246759
0.552238
0.603471
0.695863
0.446787
0.421575
0.787927
0.907293
0.223587
0.927324
0.181158
0.829282
0.218844
0.821730
0.594827
0.073672
0.288671
0.848789
0.855893
0.491556
0.031348
0.382926
0.603471
0.025274
0.935597
0.771705
0.092778
0.589144
0.727244
0.940331
0.681504
0.096609
0.612135
0.695863
0.364456
0.749684
0.264363
0.836720
0.947760
0.462365
0.163153
0.375911
0.038764
0.322949
0.401971
0.758020
0.557828
0.848789
0.787927
0.441715
0.441715
0.375911
0.223587
0.246759
0.978604
0.901408
0.346575
0.505064
0.635244
0.649688
0.940331
0.901408
0.132684
0.122729
0.527033
0.483494
0.932372
0.312615
0.821730
0.144460
0.441715
0.499678
0.841556
0.940331
0.935597
0.808960
0.566341
0.808960
0.991213
0.947760
0.001588
0.409279
0.589144
0.735726
0.801128
0.491556
0.329292
0.612135
0.505064
0.327120
0.296545
0.808960
0.505064
0.935597
0.364456
0.000162
0.589144
0.290658
0.206623
0.025970
0.380525
0.190711
0.375911
0.667094
0.150086
0.681504
0.580543
0.375911
0.306500
0.612135
0.203680
0.891273
0.206623
0.681504
0.848789
0.721628
0.744157
0.543791
0.907293
0.513281
0.874110
0.695863
0.766291
0.779856
0.535389
0.821730
0.462365
0.009016
0.228410
0.667094
0.667094
0.434080
0.808960
0.100580
0.220452
0.454542
0.250182
0.704484
0.470257
0.603471
0.003926
0.603471
0.891273
0.064990
0.491556
0.681504
0.429087
0.971109
0.316692
0.749684
0.749684
0.884948
0.771705
0.051648
0.173237
0.080707
0.300471
0.821730
0.704484
0.658394
0.681504
0.901408
0.027652
0.414138
0.589144
0.003388
0.566341
0.986757
0.635244
0.557828
0.513281
0.658394
0.159490
0.260793
0.901408
0.626544
0.056256
0.695863
0.527033
0.984769
0.848789
0.333520
0.922090
0.146673
0.962240
0.004637
0.231634
0.441715
0.907293
0.394742
0.690166
0.112510
0.535389
0.033659
0.749684
0.127623
0.009104
0.643949
0.288671
0.891273
0.483494
0.589144
0.951979
0.203680
0.998868
0.913005
0.290658
0.454542
0.357661
0.749684
0.749684
0.681504
0.098170
0.971109
0.250182
0.991213
0.527033
0.394742
0.962240
0.951979
0.727244
0.713075
0.255445
0.704484
0.951979
0.594827
0.357661
0.449423
0.119859
0.907293
0.884948
0.681504
0.658394
0.462365
0.727244
0.735726
0.981075
0.848789
0.300471
0.491556
0.454542
0.255445
0.821730
0.327120
0.079397
0.566341
0.867378
0.241635
0.971109
0.986757
0.401971
0.375911
0.177160
0.109849
0.986757
0.002950
0.695863
0.771705
0.884948
0.571972
0.617854
0.454542
0.273514
0.109849
0.215763
0.735726
0.801128
0.927324
0.848789
0.901408
0.721628
0.874110
0.841556
0.194957
0.527033
0.007739
0.241635
0.513281
0.082732
0.695863
0.066084
0.300471
0.144460
0.580543
0.070668
0.958545
0.401971
0.141156
0.978604
0.947760
0.971109
0.766291
0.713075
0.574890
0.557828
0.821730
0.612135
0.808960
0.421575
0.801128
0.907293
0.187953
0.375911
0.640981
0.994555
0.571972
0.284858
0.967937
0.808960
0.801128
0.017378
0.848789
0.421575
0.727244
0.072465
0.867378
0.612135
0.787927
0.327120
0.535389
0.735726
0.997586
0.020320
0.387593
0.306500
0.779856
0.008197
0.749684
0.913005
0.749684
0.007168
0.300471
0.382926
0.094284
0.003523
0.771705
0.042685
0.935597
0.491556
0.462365
0.566341
0.540922
0.594827
0.250182
0.177160
0.513281
0.290658
0.414138
0.039801
0.059212
0.829282
0.874110
0.603471
0.117048
0.027164
0.434080
0.368979
0.690166
0.667094
0.177160
0.025970
0.079397
0.390021
0.574890
0.771705
0.316692
0.250182
0.801128
0.922090
0.023508
0.475494
0.233315
0.223587
0.978604
0.612135
0.672823
0.971109
0.658394
0.907293
0.635244
0.316692
0.635244
0.470257
0.991213
0.434080
0.067775
0.681504
0.327120
0.907293
0.103042
0.194957
0.401971
0.074303
0.758020
0.884948
0.006637
0.635244
0.394742
0.612135
0.375911
0.521553
0.891273
0.082732
0.681504
0.867378
0.635244
0.867378
0.181158
0.344325
0.513281
0.462365
0.013909
0.035180
0.589144
0.566341
0.250182
0.848789
0.109849
0.758020
0.744157
0.401971
0.951979
0.907293
0.129613
0.470257
0.462365
0.557828
0.727244
0.580543
0.927324
0.626544
0.096609
0.269851
0.499678
0.594827
0.566341
0.991213
0.848789
0.414138
0.228410
0.594827
0.521553
0.749684
0.064431
0.491556
0.695863
0.841556
0.808960
0.735726
0.574890
0.255445
0.841556
0.505064
0.033659
0.160731
0.907293
0.009104
0.766291
0.891273
0.527033
0.199280
0.603471
0.483494
0.505064
0.057717
0.801128
0.211153
0.580543
0.269851
0.015845
0.867378
0.260793
0.364456
0.441715
0.884948
0.758020
0.658394
0.409279
0.994555
0.793201
0.382926
0.000572
0.316692
0.394742
0.867378
0.836720
0.394742
0.930673
0.779856
0.958545
0.082732
0.375911
0.340005
0.758020
0.044581
0.375911
0.603471
0.394742
0.667094
0.022875
0.947760
0.787927
0.649688
0.643949
0.316692
0.306500
0.096609
0.028409
0.978604
0.626544
0.549354
0.357661
0.206623
0.829282
0.549354
0.130653
0.779856
0.340005
0.166886
0.566341
0.064431
0.033659
0.079397
0.580543
0.322949
0.927324
0.434080
0.635244
0.241635
0.574890
0.958545
0.713075
0.368979
0.505064
0.667094
0.848789
0.901408
0.571972
0.867378
0.580543
0.250182
0.382926
0.035500
0.064431
0.635244
0.368979
0.891273
0.380525
0.084803
0.449423
0.901408
0.005262
0.203680
