0.758020
0.150086
0.681504
0.206623
0.275424
0.103042
0.860501
0.649688
0.947760
0.758020
0.643949
0.744157
0.290658
0.467559
0.758020
0.766291
0.499678
0.713075
0.981075
0.457201
0.316692
0.626544
0.199280
0.801128
0.916674
0.382926
0.735726
0.589144
0.758020
0.681504
0.867378
0.103042
0.749684
0.441715
0.543791
0.053907
0.353229
0.848789
0.594827
0.446787
0.375911
0.051648
0.867378
0.971109
0.713075
0.086192
0.357661
0.499678
0.836720
0.978604
0.848789
0.045761
0.491556
0.681504
0.978604
0.704484
0.394742
0.434080
0.157114
0.144460
0.163153
0.387593
0.233315
0.434080
0.808960
0.867378
0.612135
0.589144
0.589144
0.012907
0.801128
0.137917
0.414138
0.390021
0.346575
0.658394
0.836720
0.574890
0.626544
0.401971
0.672823
0.050328
0.449423
0.434080
0.218844
0.801128
0.223587
0.368979
0.986757
0.704484
0.034568
0.626544
0.019412
0.535389
0.375911
0.801128
0.580543
0.371333
0.045355
0.884948
0.223587
0.144460
0.211153
0.727244
0.245003
0.793201
0.290658
0.067775
0.006325
0.513281
0.704484
0.491556
0.549354
0.690166
0.884948
0.901408
0.300471
0.163153
0.603471
0.245003
0.848789
0.446787
0.808960
0.658394
0.971109
0.967937
0.364456
0.513281
0.836720
0.429087
0.290658
0.300471
0.157114
0.658394
0.260793
0.735726
0.421575
0.036127
0.695863
0.749684
0.829282
0.284858
0.527033
0.594827
0.867378
0.580543
0.173237
0.557828
0.414138
0.275424
0.491556
0.194957
0.382926
0.100580
0.426518
0.142275
0.543791
0.082732
0.462365
0.001865
0.505064
0.491556
0.884948
0.109849
0.399498
0.000079
0.947760
0.779856
0.848789
0.704484
0.190711
0.907293
0.571972
0.457201
0.922090
0.681504
0.704484
0.421575
0.166886
0.808960
0.589144
0.269851
0.124654
0.626544
0.681504
0.006511
0.535389
0.527033
0.771705
0.848789
0.727244
0.635244
0.387593
0.409279
0.658394
0.364456
0.589144
0.496903
0.496903
0.304435
0.927324
0.246759
0.312615
0.801128
0.357661
0.228410
0.228410
0.907293
0.518727
0.007378
0.414138
0.801128
0.884948
0.053907
0.290658
0.535389
0.571972
0.316692
0.513281
0.557828
0.874110
0.166886
0.922090
0.721628
0.779856
0.387593
0.735726
0.589144
0.521553
0.695863
0.836720
0.735726
0.166886
0.032199
0.454542
0.635244
0.127623
0.483494
0.491556
0.922090
0.241635
0.051194
0.808960
0.589144
0.215763
0.867378
0.063362
0.357661
0.340005
0.505064
0.119859
0.766291
0.940331
0.426518
0.829282
0.690166
0.735726
0.940331
0.236593
0.109849
0.612135
0.357661
0.848789
0.994555
0.421575
0.713075
0.053907
0.774492
0.749684
0.891273
0.891273
0.394742
0.316692
0.491556
0.505064
0.094284
0.779856
0.246759
0.449423
0.446787
0.681504
0.922090
0.406779
0.681504
0.513281
0.535389
0.457201
0.829282
0.060743
0.958545
0.401971
0.855893
0.117048
0.441715
0.429087
0.821730
0.535389
0.867378
0.771705
0.867378
0.346575
0.223587
0.513281
0.001809
0.001540
0.329292
0.535389
0.177160
0.855893
0.166886
0.157114
0.971109
0.649688
0.350951
0.029186
0.589144
0.787927
0.513281
0.275424
0.077446
0.640981
0.916674
0.371333
0.300471
0.535389
0.690166
0.649688
0.884948
0.446787
0.695863
0.543791
0.549354
0.758020
0.771705
0.122729
0.727244
0.096609
0.117048
0.264363
0.635244
0.462365
0.112510
0.848789
0.603471
0.020320
0.166886
0.513281
0.246759
0.787927
0.228410
0.055312
0.042685
0.177160
0.518727
0.333520
0.884948
0.635244
0.008197
0.766291
0.884948
0.441715
0.580543
0.053907
0.163153
0.088340
0.771705
0.150086
0.241635
0.935597
0.978604
0.228410
0.557828
0.958545
0.100580
0.103042
0.333520
0.891273
0.094284
0.971109
0.779856
0.801128
0.061772
0.406779
0.333520
0.658394
0.916674
0.394742
0.441715
0.704484
0.841556
0.901408
0.368979
0.848789
0.124654
0.829282
0.704484
0.612135
0.867378
0.421575
0.088340
0.000006
0.483494
0.333520
0.513281
0.962240
0.119859
0.079397
0.874110
0.935597
0.667094
0.255445
0.626544
0.144460
0.771705
0.841556
0.891273
0.626544
0.421575
0.077446
0.727244
0.816691
0.667094
0.535389
0.344325
0.951979
0.294528
0.951979
0.441715
0.829282
0.000021
0.462365
0.027164
0.779856
0.255445
0.626544
0.855893
0.874110
0.962240
0.841556
0.346575
0.401971
0.421575
0.808960
0.566341
0.557828
0.449423
0.557828
0.635244
0.290658
0.491556
0.612135
0.891273
0.327120
0.246759
0.049040
0.922090
0.836720
0.215763
0.626544
0.667094
0.499678
0.704484
0.535389
0.984769
0.580543
0.475494
0.808960
0.557828
0.626544
0.284858
0.521553
0.483494
0.713075
0.935597
0.779856
0.353229
0.032199
0.406779
0.066084
0.549354
0.681504
0.787927
0.329292
0.284858
0.344325
0.513281
0.681504
0.971109
0.499678
0.269851
0.144460
0.406779
0.612135
0.080707
0.681504
0.333520
0.096609
0.434080
0.003354
0.801128
0.580543
0.143326
0.220452
0.290658
0.620815
0.064431
0.566341
0.329292
0.340005
0.713075
0.535389
0.344325
0.441715
0.294528
0.340005
0.543791
0.316692
0.434080
0.434080
0.375911
0.088340
0.327120
0.513281
0.310521
0.891273
0.779856
0.368979
0.658394
0.375911
0.115226
0.346575
0.721628
0.580543
0.557828
0.135818
0.947760
0.704484
0.527033
0.821730
0.505064
0.681504
0.401971
0.901408
0.088340
0.787927
0.771705
0.163153
0.228410
0.166886
0.401971
0.779856
0.690166
0.255445
0.187953
0.821730
0.329292
0.014305
0.241635
0.496903
0.135818
0.215763
0.675784
0.177160
0.483494
0.100580
0.643949
0.132684
0.635244
0.860501
0.549354
0.371333
0.159490
0.187953
0.801128
0.626544
0.884948
