0.816691
0.612135
0.758020
0.406779
0.105557
0.829282
0.454542
0.758020
0.535389
0.897436
0.117048
0.284858
0.808960
0.580543
0.735726
0.127623
0.368979
0.119859
0.496903
0.150086
0.836720
0.144460
0.329292
0.735726
0.793201
0.713075
0.513281
0.704484
0.163153
0.521553
0.848789
0.114294
0.350951
0.566341
0.681504
0.594827
0.649688
0.322949
0.787927
0.223587
0.829282
0.649688
0.273514
0.848789
0.535389
0.344325
0.951979
0.300471
0.290658
0.042685
0.617854
0.940331
0.891273
0.557828
0.518727
0.727244
0.211153
0.580543
0.344325
0.434080
0.061772
0.215763
0.821730
0.580543
0.658394
0.884948
0.394742
0.855893
0.109849
0.821730
0.841556
0.626544
0.922090
0.721628
0.681504
0.566341
0.971109
0.236593
0.042685
0.436675
0.713075
0.867378
0.160731
0.159490
0.364456
0.505064
0.821730
0.907293
0.203680
0.801128
0.340005
0.597771
0.258960
0.038094
0.316692
0.429087
0.916674
0.566341
0.580543
0.483494
0.518727
0.793201
0.527033
0.132684
0.940331
0.821730
0.589144
0.535389
0.891273
0.589144
0.626544
0.333520
0.060743
0.801128
0.612135
0.003289
0.557828
0.580543
0.441715
0.635244
0.580543
0.978604
0.922090
0.098170
0.290658
0.713075
0.958545
0.535389
0.744157
0.535389
0.735726
0.649688
0.226757
0.014305
0.114294
0.300471
0.003289
0.054829
0.901408
0.935597
0.255445
0.454542
0.543791
0.527033
0.505064
0.157114
0.594827
0.808960
0.054829
0.042685
0.255445
0.821730
0.513281
0.483494
0.744157
0.795913
0.907293
0.735726
0.580543
0.103042
0.187953
0.947760
0.090535
0.079397
0.434080
0.727244
0.901408
0.891273
0.649688
0.434080
0.462365
0.801128
0.829282
0.758020
0.808960
0.483494
0.958545
0.612135
0.566341
0.127623
0.735726
0.028409
0.446787
0.340005
0.962240
0.144460
0.241635
0.264363
0.513281
0.023508
0.874110
0.100580
0.039801
0.103042
0.721628
0.316692
0.571972
0.300471
0.429087
0.505064
0.364456
0.019230
0.316692
0.117048
0.766291
0.166886
0.467559
0.580543
0.068911
0.991213
0.064990
0.003850
0.016595
0.390021
0.771705
0.119859
0.135818
0.002020
0.159490
0.233315
0.037099
0.779856
0.681504
0.028409
0.032199
0.496903
0.241635
0.467559
0.070668
0.329292
0.153566
0.322949
0.211153
0.028409
0.194957
0.462365
0.513281
0.713075
0.015845
0.901408
0.681504
0.491556
0.681504
0.462365
0.643949
0.414138
0.589144
0.364456
0.566341
0.891273
0.649688
0.916674
0.094284
0.449423
0.620815
0.166886
0.394742
0.255445
0.496903
0.269851
0.505064
0.589144
0.787927
0.658394
0.406779
0.300471
0.571972
0.735726
0.357661
0.779856
0.037099
0.187953
0.194957
0.124654
0.787927
0.231634
0.735726
0.340005
0.159490
0.821730
0.808960
0.848789
0.626544
0.597771
0.014985
0.951979
0.061772
0.667094
0.771705
0.454542
0.658394
0.690166
0.449423
0.044581
0.421575
0.255445
0.014305
0.290658
0.518727
0.787927
0.092778
0.462365
0.294528
0.090535
0.144460
0.690166
0.681504
0.884948
0.821730
0.626544
0.766291
0.012548
0.594827
0.867378
0.157114
0.758020
0.008847
0.635244
0.829282
0.329292
0.067775
0.735726
0.401971
0.549354
0.177160
0.119859
0.275424
0.124654
0.434080
0.340005
0.147829
0.735726
0.020692
0.505064
0.441715
0.206623
0.177160
0.518727
0.620815
0.051648
0.884948
0.290658
0.617854
0.239907
0.371333
0.766291
0.935597
0.779856
0.441715
0.758020
0.620815
0.589144
0.891273
0.566341
0.527033
0.053907
0.999575
0.841556
0.074303
0.574890
0.829282
0.505064
0.098985
0.294528
0.220452
0.916674
0.713075
0.713075
0.874110
0.626544
0.218844
0.322949
0.000073
0.238302
0.390021
0.735726
0.787927
0.922090
0.940331
0.483494
0.695863
0.884948
0.922090
0.173237
0.294528
0.187953
0.649688
0.735726
0.884948
0.589144
0.316692
0.513281
0.173237
0.002779
0.649688
0.758020
0.012317
0.260793
0.449423
0.690166
0.039801
0.103042
0.643949
0.855893
0.801128
0.922090
0.434080
0.808960
0.965738
0.322949
0.010298
0.300471
0.491556
0.916674
0.848789
0.816691
0.713075
0.996919
0.795913
0.426518
0.962240
0.744157
0.211153
0.300471
0.566341
0.557828
0.907293
0.612135
0.310521
0.635244
0.927324
0.907293
0.375911
0.414138
0.974087
0.962240
0.758020
0.535389
0.483494
0.672823
0.446787
0.962240
0.617854
0.771705
0.012317
0.891273
0.566341
0.766291
0.958545
0.829282
0.394742
0.984769
0.006325
0.300471
0.067775
0.011425
0.275424
0.991213
0.991213
0.951979
0.901408
0.718717
0.001588
0.589144
0.867378
0.713075
0.771705
0.147829
0.829282
0.643949
0.035500
0.112510
0.626544
0.016595
0.940331
0.052535
0.171915
0.483494
0.223587
0.704484
0.155897
0.930673
0.727244
0.226757
0.907293
0.922090
0.667094
0.907293
0.836720
0.971109
0.255445
0.183833
0.273514
0.543791
0.643949
0.187953
0.310521
0.735726
0.658394
0.483494
0.322949
0.434080
0.346575
0.958545
0.211153
0.727244
0.203680
0.549354
0.527033
0.421575
0.454542
0.117048
0.491556
0.713075
0.580543
0.103042
0.935597
0.771705
0.698805
0.082732
0.940331
0.169385
0.549354
0.690166
0.491556
0.470257
0.231634
0.947760
0.255445
0.793201
0.135818
0.322949
0.758020
0.848789
0.340005
0.907293
0.695863
0.749684
0.275424
0.478214
0.426518
0.867378
0.821730
0.571972
0.483494
0.884948
0.121744
0.901408
0.475494
0.727244
0.771705
0.713075
0.327120
0.454542
0.462365
0.163153
0.462365
0.340005
0.255445
0.454542
0.829282
0.574890
0.521553
0.787927
0.241635
0.649688
0.758020
0.322949
0.860501
0.462365
0.735726
0.658394
0.557828
0.483494
0.935597
0.704484
