0.951979
0.984769
0.306500
0.350951
0.867378
0.401971
0.079397
0.922090
0.505064
0.779856
0.758020
0.571972
0.951979
0.135818
0.409279
0.429087
0.300471
0.956001
0.986757
0.758020
0.001540
0.434080
0.107244
0.382926
0.194957
0.649688
0.589144
0.327120
0.350951
0.971109
0.032199
0.304435
0.635244
0.273514
0.884948
0.029186
0.535389
0.255445
0.766291
0.150086
0.194957
0.727244
0.643949
0.250182
0.118894
0.667094
0.713075
0.713075
0.779856
0.801128
0.094284
0.350951
0.829282
0.100580
0.986757
0.042685
0.357661
0.935597
0.771705
0.088340
0.758020
0.275424
0.771705
0.513281
0.401971
0.173237
0.727244
0.787927
0.119859
0.727244
0.275424
0.187953
0.177160
0.264363
0.658394
0.004372
0.612135
0.103042
0.821730
0.012907
0.962240
0.758020
0.557828
0.505064
0.801128
0.543791
0.855893
0.594827
0.434080
0.250182
0.019768
0.100580
0.491556
0.658394
0.874110
0.483494
0.109849
0.153566
0.357661
0.061772
0.965738
0.114294
0.566341
0.042685
0.173237
0.947760
0.163153
0.327120
0.884948
0.037099
0.194957
0.434080
0.245003
0.543791
0.327120
0.617854
0.620815
0.139014
0.057717
0.718717
0.543791
0.549354
0.695863
0.521553
0.713075
0.241635
0.771705
0.194957
0.749684
0.211153
0.612135
0.860501
0.346575
0.922090
0.483494
0.649688
0.449423
0.414138
0.322949
0.290658
0.491556
0.984769
0.907293
0.589144
0.681504
0.513281
0.779856
0.612135
0.333520
0.962240
0.491556
0.322949
0.079397
0.735726
0.470257
0.991213
0.907293
0.721628
0.643949
0.771705
0.027164
0.557828
0.126604
0.387593
0.441715
0.194957
0.215763
0.236593
0.092778
0.043818
0.034568
0.787927
0.491556
0.505064
0.394742
0.821730
0.744157
0.566341
0.414138
0.704484
0.801128
0.649688
0.000359
0.340005
0.951979
0.884948
0.978604
0.157114
0.112510
0.147829
0.821730
0.505064
0.884948
0.580543
0.821730
0.103042
0.649688
0.462365
0.223587
0.580543
0.513281
0.107244
0.667094
0.527033
0.223587
0.121744
0.771705
0.375911
0.808960
0.749684
0.052535
0.394742
0.589144
0.322949
0.612135
0.758020
0.681504
0.884948
0.589144
0.077446
0.073672
0.727244
0.907293
0.382926
0.082732
0.505064
0.935597
0.672823
0.951979
0.727244
0.594827
0.096609
0.848789
0.695863
0.454542
0.971109
0.580543
0.094284
0.228410
0.690166
0.771705
0.521553
0.549354
0.132684
0.406779
0.491556
0.901408
0.535389
0.518727
0.916674
0.971109
0.927324
0.294528
0.470257
0.350951
0.203680
0.457201
0.357661
0.758020
0.681504
0.041578
0.513281
0.090535
0.387593
0.867378
0.571972
0.821730
0.250182
0.264363
0.874110
0.758020
0.749684
0.690166
0.382926
0.971109
0.462365
0.236593
0.001774
0.203680
0.649688
0.320806
0.375911
0.603471
0.860501
0.603471
0.735726
0.454542
0.557828
0.981075
0.543791
0.033071
0.867378
0.727244
0.296545
0.735726
0.758020
0.027164
0.535389
0.327120
0.211153
0.150086
0.364456
0.690166
0.306500
0.649688
0.927324
0.005262
0.626544
0.808960
0.090535
0.518727
0.727244
0.848789
0.878466
0.406779
0.721628
0.643949
0.867378
0.218844
0.713075
0.841556
0.421575
0.470257
0.368979
0.051648
0.005687
0.727244
0.801128
0.414138
0.698805
0.922090
0.643949
0.867378
0.147829
0.454542
0.470257
0.829282
0.735726
0.462365
0.649688
0.505064
0.603471
0.829282
0.557828
0.947760
0.727244
0.190711
0.713075
0.971109
0.166886
0.913005
0.483494
0.279144
0.170690
0.612135
0.421575
0.357661
0.965738
0.848789
0.401971
0.107244
0.557828
0.704484
0.744157
0.505064
0.124654
0.971109
0.414138
0.698805
0.916674
0.454542
0.880693
0.382926
0.635244
0.801128
0.284858
0.329292
0.003850
0.978604
0.294528
0.580543
0.441715
0.406779
0.855893
0.255445
0.766291
0.779856
0.401971
0.566341
0.009277
0.626544
0.635244
0.735726
0.072465
0.072465
0.698805
0.962240
0.580543
0.041578
0.357661
0.074303
0.891273
0.264363
0.066084
0.907293
0.169385
0.695863
0.387593
0.505064
0.690166
0.658394
0.421575
0.449423
0.626544
0.255445
0.112510
0.535389
0.787927
0.801128
0.571972
0.333520
0.907293
0.357661
0.513281
0.462365
0.681504
0.667094
0.021268
0.978604
0.597771
0.499678
0.735726
0.962240
0.028409
0.105557
0.079397
0.907293
0.001393
0.279144
0.017866
0.429087
0.667094
0.580543
0.649688
0.155897
0.401971
0.617854
0.241635
0.695863
0.004164
0.350951
0.994555
0.658394
0.033659
0.626544
0.713075
0.958545
0.603471
0.483494
0.333520
0.566341
0.294528
0.329292
0.446787
0.144460
0.704484
0.658394
0.808960
0.535389
0.690166
0.867378
0.935597
0.958545
0.190711
0.080707
0.718717
0.527033
0.173237
0.329292
0.836720
0.177160
0.829282
0.971109
0.127623
0.119859
0.026438
0.333520
0.290658
0.649688
0.382926
0.010298
0.667094
0.340005
0.958545
0.727244
0.675784
0.075538
0.695863
0.672823
0.290658
0.935597
0.362130
0.974087
0.401971
0.000000
0.758020
0.312615
0.394742
0.557828
0.867378
0.580543
0.306500
0.749684
0.713075
0.470257
0.215763
0.060743
0.117048
0.891273
0.049040
0.434080
0.566341
0.053907
0.364456
0.088340
0.197797
0.119859
0.589144
0.749684
0.848789
0.406779
0.821730
0.454542
0.353229
0.144460
0.808960
0.994555
0.994555
0.163153
0.571972
0.266225
0.045761
0.160731
0.475494
0.758020
0.549354
0.713075
0.023935
0.192150
0.441715
0.409279
0.771705
0.922090
0.018368
0.284858
0.034568
0.016595
0.801128
0.891273
0.779856
0.344325
0.236593
0.279144
0.927324
0.690166
0.173237
0.421575
0.704484
0.535389
0.406779
0.380525
0.483494
0.255445
0.884948
0.206623
0.513281
