0.344325
0.434080
0.801128
0.981075
0.771705
0.557828
0.986757
0.513281
0.566341
0.513281
0.535389
0.901408
0.787927
0.199280
0.060217
0.096609
0.449423
0.867378
0.394742
0.962240
0.016595
0.000167
0.991213
0.008597
0.779856
0.269851
0.848789
0.891273
0.226757
0.878466
0.310521
0.364456
0.922090
0.735726
0.801128
0.947760
0.421575
0.109849
0.681504
0.643949
0.491556
0.275424
0.779856
0.848789
0.884948
0.350951
0.527033
0.072465
0.233315
0.000872
0.429087
0.589144
0.056256
0.571972
0.055312
0.513281
0.141156
0.758020
0.279144
0.922090
0.922090
0.518727
0.594827
0.626544
0.483494
0.836720
0.940331
0.907293
0.855893
0.211153
0.329292
0.306500
0.491556
0.211153
0.543791
0.462365
0.643949
0.766291
0.241635
0.491556
0.758020
0.695863
0.382926
0.368979
0.064990
0.962240
0.513281
0.316692
0.462365
0.704484
0.672823
0.836720
0.080707
0.735726
0.589144
0.667094
0.612135
0.635244
0.513281
0.779856
0.721628
0.855893
0.211153
0.368979
0.951979
0.821730
0.255445
0.951979
0.884948
0.001080
0.364456
0.947760
0.491556
0.077446
0.580543
0.202171
0.758020
0.658394
0.535389
0.163153
0.981075
0.713075
0.312615
0.199280
0.527033
0.103042
0.580543
0.505064
0.090535
0.836720
0.758020
0.766291
0.836720
0.329292
0.340005
0.072465
0.390021
0.429087
0.023508
0.023508
0.901408
0.549354
0.527033
0.984769
0.462365
0.003926
0.549354
0.284858
0.290658
0.996919
0.401971
0.916674
0.603471
0.070668
0.704484
0.787927
0.907293
0.406779
0.801128
0.429087
0.236593
0.962240
0.971109
0.940331
0.951979
0.580543
0.434080
0.535389
0.264363
0.779856
0.566341
0.821730
0.603471
0.580543
0.643949
0.848789
0.194957
0.269851
0.816691
0.935597
0.962240
0.141156
0.066084
0.704484
0.077446
0.275424
0.103042
0.749684
0.364456
0.067775
0.340005
0.672823
0.449423
0.077446
0.241635
0.735726
0.901408
0.491556
0.375911
0.382926
0.713075
0.626544
0.028409
0.758020
0.104694
0.672823
0.401971
0.612135
0.821730
0.153566
0.127623
0.135818
0.199280
0.667094
0.054829
0.947760
0.155897
0.462365
0.620815
0.153566
0.540922
0.878466
0.617854
0.913005
0.597771
0.758020
0.658394
0.239907
0.011974
0.483494
0.829282
0.848789
0.513281
0.848789
0.922090
0.557828
0.695863
0.635244
0.884948
0.153566
0.658394
0.801128
0.713075
0.795913
0.414138
0.021268
0.667094
0.766291
0.505064
0.364456
0.580543
0.001636
0.821730
0.000740
0.275424
0.589144
0.462365
0.044980
0.109849
0.690166
0.967937
0.074303
0.206623
0.535389
0.913005
0.787927
0.713075
0.612135
0.045761
0.153566
0.779856
0.505064
0.011106
0.643949
0.695863
0.014305
0.119859
0.350951
0.672823
0.808960
0.589144
0.441715
0.965738
0.901408
0.364456
0.092008
0.867378
0.884948
0.117048
0.787927
0.727244
0.971109
0.713075
0.951979
0.947760
0.312615
0.749684
0.496903
0.891273
0.727244
0.713075
0.744157
0.086192
0.801128
0.206623
0.543791
0.375911
0.255445
0.994555
0.681504
0.049040
0.139014
0.727244
0.255445
0.199280
0.874110
0.014305
0.421575
0.704484
0.635244
0.704484
0.594827
0.206623
0.375911
0.491556
0.357661
0.829282
0.241635
0.236593
0.658394
0.350951
0.006325
0.218844
0.978604
0.429087
0.552238
0.141156
0.449423
0.821730
0.704484
0.922090
0.269851
0.589144
0.735726
0.143326
0.187953
0.643949
0.218844
0.603471
0.129613
0.735726
0.635244
0.603471
0.061772
0.713075
0.713075
0.571972
0.978604
0.027164
0.841556
0.105557
0.681504
0.891273
0.177160
0.940331
0.787927
0.549354
0.166886
0.947760
0.841556
0.513281
0.483494
0.090535
0.658394
0.082732
0.072465
0.958545
0.300471
0.236593
0.470257
0.157114
0.927324
0.173237
0.119859
0.401971
0.986757
0.100580
0.527033
0.735726
0.681504
0.241635
0.695863
0.470257
0.713075
0.141156
0.165605
0.841556
0.441715
0.672823
0.340005
0.816691
0.907293
0.441715
0.836720
0.406779
0.350951
0.228410
0.000918
0.446787
0.935597
0.060217
0.340005
0.518727
0.667094
0.884948
0.144460
0.787927
0.088340
0.199280
0.867378
0.566341
0.475494
0.681504
0.571972
0.236593
0.821730
0.454542
0.025274
0.991213
0.681504
0.916674
0.566341
0.000071
0.039801
0.994555
0.735726
0.150086
0.658394
0.491556
0.986757
0.002443
0.483494
0.092008
0.026438
0.421575
0.155897
0.695863
0.454542
0.984769
0.357661
0.951979
0.962240
0.112510
0.364456
0.382926
0.080707
0.580543
0.744157
0.000461
0.310521
0.109849
0.312615
0.344325
0.821730
0.088340
0.491556
0.340005
0.658394
0.557828
0.626544
0.958545
0.496903
0.449423
0.144460
0.014985
0.449423
0.897436
0.306500
0.269851
0.406779
0.470257
0.758020
0.829282
0.333520
0.441715
0.991213
0.269851
0.080707
0.521553
0.306500
0.860501
0.483494
0.821730
0.884948
0.441715
0.041578
0.147829
0.024596
0.543791
0.749684
0.744157
0.962240
0.580543
0.971109
0.316692
0.566341
0.521553
0.233315
0.690166
0.421575
0.441715
0.409279
0.434080
0.475494
0.316692
0.199280
0.603471
0.030518
0.382926
0.916674
0.727244
0.744157
0.635244
0.105557
0.129613
0.995551
0.779856
0.246759
0.228410
0.766291
0.557828
0.951979
0.947760
0.094284
0.713075
0.758020
0.758020
0.643949
0.306500
0.441715
0.094284
0.012317
0.483494
0.296545
0.549354
0.246759
0.203680
0.884948
0.603471
0.457201
0.429087
0.897436
0.848789
0.491556
0.470257
0.681504
0.147829
0.074303
0.643949
0.124654
0.394742
0.594827
0.028409
0.779856
0.891273
0.927324
0.935597
0.344325
0.667094
0.051648
0.612135
0.793201
0.505064
0.053907
0.157114
0.848789
