0.088340
0.808960
0.891273
0.612135
0.441715
0.808960
0.897436
0.478214
0.454542
0.368979
0.203680
0.829282
0.194957
0.505064
0.382926
0.922090
0.406779
0.635244
0.801128
0.513281
0.250182
0.084803
0.612135
0.916674
0.801128
0.505064
0.119859
0.000222
0.848789
0.135818
0.038764
0.049040
0.998868
0.549354
0.758020
0.704484
0.211153
0.557828
0.038764
0.340005
0.649688
0.913005
0.978604
0.821730
0.300471
0.346575
0.183833
0.930673
0.951979
0.441715
0.916674
0.874110
0.434080
0.535389
0.540922
0.112510
0.640981
0.454542
0.124654
0.406779
0.414138
0.294528
0.566341
0.704484
0.003850
0.132684
0.009277
0.124654
0.667094
0.801128
0.033659
0.999575
0.441715
0.594827
0.986757
0.300471
0.375911
0.603471
0.346575
0.635244
0.940331
0.841556
0.603471
0.829282
0.220452
0.250182
0.387593
0.064990
0.364456
0.855893
0.258960
0.269851
0.290658
0.620815
0.566341
0.635244
0.884948
0.744157
0.867378
0.166886
0.658394
0.157114
0.144460
0.649688
0.380525
0.491556
0.635244
0.505064
0.626544
0.513281
0.491556
0.255445
0.758020
0.935597
0.211153
0.160731
0.867378
0.375911
0.589144
0.829282
0.041578
0.109849
0.401971
0.401971
0.571972
0.867378
0.758020
0.375911
0.409279
0.491556
0.103042
0.566341
0.056256
0.829282
0.984769
0.129613
0.649688
0.841556
0.434080
0.816691
0.124654
0.841556
0.382926
0.635244
0.483494
0.414138
0.333520
0.223587
0.296545
0.414138
0.414138
0.061772
0.394742
0.978604
0.821730
0.157114
0.766291
0.978604
0.766291
0.771705
0.626544
0.649688
0.350951
0.163153
0.260793
0.801128
0.304435
0.771705
0.159490
0.836720
0.518727
0.649688
0.935597
0.667094
0.626544
0.483494
0.735726
0.779856
0.718717
0.333520
0.855893
0.070668
0.094284
0.055312
0.801128
0.566341
0.612135
0.086919
0.111596
0.635244
0.848789
0.003850
0.264363
0.916674
0.119859
0.279144
0.350951
0.333520
0.042685
0.121744
0.874110
0.462365
0.766291
0.735726
0.426518
0.947760
0.518727
0.127623
0.109849
0.649688
0.690166
0.015409
0.012670
0.907293
0.084803
0.884948
0.867378
0.401971
0.801128
0.197797
0.241635
0.394742
0.758020
0.681504
0.635244
0.874110
0.462365
0.306500
0.907293
0.269851
0.766291
0.829282
0.211153
0.279144
0.962240
0.273514
0.779856
0.211153
0.414138
0.922090
0.779856
0.884948
0.177160
0.077446
0.147829
0.194957
0.094284
0.269851
0.019768
0.053907
0.874110
0.025274
0.371333
0.626544
0.626544
0.357661
0.067775
0.758020
0.350951
0.667094
0.194957
0.967937
0.316692
0.927324
0.322949
0.643949
0.735726
0.364456
0.836720
0.470257
0.927324
0.758020
0.000020
0.181158
0.829282
0.991213
0.462365
0.735726
0.340005
0.658394
0.300471
0.612135
0.735726
0.364456
0.603471
0.144460
0.260793
0.704484
0.787927
0.891273
0.672823
0.401971
0.163153
0.821730
0.704484
0.483494
0.441715
0.891273
0.421575
0.704484
0.022875
0.867378
0.821730
0.667094
0.505064
0.735726
0.119859
0.269851
0.603471
0.994555
0.801128
0.922090
0.005687
0.612135
0.958545
0.513281
0.518727
0.891273
0.119859
0.025970
0.003193
0.549354
0.163153
0.848789
0.139014
0.329292
0.394742
0.084092
0.177160
0.194957
0.836720
0.159490
0.821730
0.421575
0.958545
0.907293
0.246759
0.429087
0.626544
0.821730
0.279144
0.713075
0.316692
0.967937
0.414138
0.177160
0.357661
0.382926
0.364456
0.913005
0.426518
0.735726
0.829282
0.103042
0.088340
0.491556
0.521553
0.426518
0.658394
0.735726
0.183833
0.362130
0.406779
0.603471
0.649688
0.357661
0.978604
0.072465
0.382926
0.721628
0.223587
0.470257
0.151265
0.255445
0.160731
0.635244
0.713075
0.194957
0.258960
0.491556
0.375911
0.316692
0.874110
0.462365
0.935597
0.713075
0.394742
0.589144
0.527033
0.004775
0.414138
0.867378
0.375911
0.000046
0.008597
0.704484
0.269851
0.713075
0.527033
0.580543
0.681504
0.962240
0.181158
0.446787
0.787927
0.226757
0.658394
0.779856
0.922090
0.483494
0.744157
0.566341
0.571972
0.901408
0.190711
0.153566
0.401971
0.231634
0.580543
0.816691
0.808960
0.867378
0.735726
0.275424
0.874110
0.571972
0.735726
0.808960
0.566341
0.382926
0.169385
0.672823
0.543791
0.672823
0.521553
0.681504
0.475494
0.543791
0.672823
0.333520
0.306500
0.916674
0.088340
0.322949
0.848789
0.475494
0.855893
0.571972
0.635244
0.441715
0.986757
0.907293
0.566341
0.916674
0.483494
0.916674
0.704484
0.157114
0.072465
0.891273
0.744157
0.284858
0.626544
0.867378
0.470257
0.409279
0.105557
0.658394
0.269851
0.390021
0.236593
0.000740
0.044581
0.681504
0.211153
0.135818
0.891273
0.643949
0.044581
0.483494
0.462365
0.612135
0.364456
0.580543
0.962240
0.401971
0.150086
0.704484
0.874110
0.109849
0.322949
0.841556
0.394742
0.357661
0.535389
0.144460
0.357661
0.371333
0.290658
0.795913
0.496903
0.114294
0.808960
0.316692
0.177160
0.013276
0.077446
0.841556
0.160731
0.713075
0.643949
0.571972
0.446787
0.333520
0.704484
0.390021
0.346575
0.749684
0.916674
0.735726
0.620815
0.401971
0.626544
0.658394
0.901408
0.146673
0.401971
0.612135
0.053907
0.841556
0.499678
0.098985
0.744157
0.462365
0.157114
0.013654
0.922090
0.907293
0.603471
0.375911
0.713075
0.695863
0.499678
0.421575
0.981075
0.989675
0.446787
0.690166
0.801128
0.414138
0.907293
0.571972
0.518727
0.223587
0.749684
0.962240
0.571972
0.557828
0.127623
0.695863
0.821730
0.940331
0.916674
0.787927
0.612135
0.421575
0.603471
0.429087
0.549354
0.241635
0.346575
0.333520
0.527033
0.543791
0.173237
0.535389
