0.557828
0.215763
0.228410
0.540922
0.382926
0.758020
0.999575
0.340005
0.434080
0.394742
0.884948
0.206623
0.350951
0.841556
0.030518
0.704484
0.635244
0.635244
0.401971
0.721628
0.916674
0.594827
0.935597
0.612135
0.891273
0.635244
0.284858
0.527033
0.279144
0.727244
0.119859
0.793201
0.848789
0.744157
0.571972
0.658394
0.981075
0.375911
0.211153
0.589144
0.930673
0.132684
0.279144
0.958545
0.491556
0.429087
0.012907
0.454542
0.187953
0.068911
0.150086
0.109849
0.867378
0.681504
0.965738
0.713075
0.603471
0.449423
0.434080
0.284858
0.000125
0.626544
0.518727
0.808960
0.580543
0.316692
0.557828
0.267971
0.132684
0.051194
0.612135
0.139014
0.449423
0.643949
0.603471
0.434080
0.744157
0.922090
0.848789
0.758020
0.808960
0.194957
0.006832
0.153566
0.801128
0.552238
0.375911
0.735726
0.112510
0.185229
0.557828
0.192150
0.000001
0.721628
0.860501
0.327120
0.390021
0.057717
0.821730
0.019768
0.284858
0.100580
0.269851
0.375911
0.667094
0.681504
0.841556
0.695863
0.264363
0.401971
0.571972
0.643949
0.518727
0.014711
0.264363
0.991213
0.153566
0.382926
0.382926
0.223587
0.681504
0.117048
0.040864
0.467559
0.070668
0.063362
0.787927
0.848789
0.626544
0.018706
0.758020
0.211153
0.956001
0.848789
0.382926
0.441715
0.991213
0.245003
0.758020
0.658394
0.382926
0.978604
0.236593
0.014305
0.470257
0.218844
0.177160
0.681504
0.316692
0.829282
0.114294
0.357661
0.521553
0.166886
0.535389
0.589144
0.535389
0.150086
0.306500
0.166886
0.181158
0.462365
0.612135
0.000115
0.867378
0.635244
0.891273
0.100580
0.300471
0.454542
0.505064
0.505064
0.114294
0.228410
0.557828
0.727244
0.346575
0.935597
0.364456
0.109849
0.718717
0.394742
0.814067
0.505064
0.907293
0.907293
0.340005
0.527033
0.215763
0.000918
0.855893
0.098170
0.787927
0.513281
0.401971
0.132684
0.346575
0.749684
0.434080
0.766291
0.951979
0.589144
0.672823
0.462365
0.057717
0.414138
0.401971
0.279144
0.527033
0.927324
0.166886
0.916674
0.306500
0.958545
0.236593
0.269851
0.300471
0.024596
0.758020
0.067775
0.907293
0.829282
0.779856
0.429087
0.012317
0.023508
0.635244
0.713075
0.505064
0.380525
0.394742
0.350951
0.333520
0.779856
0.841556
0.635244
0.779856
0.940331
0.027164
0.571972
0.454542
0.617854
0.190711
0.141156
0.013909
0.264363
0.620815
0.329292
0.695863
0.306500
0.758020
0.787927
0.643949
0.215763
0.521553
0.626544
0.052535
0.001080
0.429087
0.215763
0.758020
0.543791
0.981075
0.284858
0.421575
0.867378
0.231634
0.744157
0.557828
0.829282
0.462365
0.543791
0.401971
0.626544
0.300471
0.713075
0.808960
0.426518
0.139014
0.626544
0.557828
0.527033
0.951979
0.580543
0.766291
0.801128
0.713075
0.848789
0.808960
0.094284
0.434080
0.951979
0.681504
0.947760
0.935597
0.470257
0.749684
0.947760
0.766291
0.913005
0.735726
0.057717
0.457201
0.713075
0.491556
0.603471
0.233315
0.667094
0.749684
0.958545
0.475494
0.507859
0.594827
0.007378
0.421575
0.940331
0.658394
0.255445
0.947760
0.350951
0.062816
0.382926
0.049040
0.050328
0.159490
0.867378
0.635244
0.057717
0.922090
0.867378
0.735726
0.429087
0.241635
0.603471
0.457201
0.103042
0.927324
0.032771
0.752533
0.540922
0.841556
0.077446
0.117048
0.401971
0.727244
0.589144
0.426518
0.787927
0.454542
0.557828
0.421575
0.401971
0.557828
0.072465
0.758020
0.635244
0.199280
0.199280
0.470257
0.394742
0.766291
0.566341
0.557828
0.612135
0.163153
0.735726
0.496903
0.566341
0.774492
0.496903
0.387593
0.127623
0.086919
0.086192
0.401971
0.269851
0.907293
0.978604
0.643949
0.999575
0.322949
0.958545
0.951979
0.079397
0.112510
0.035500
0.206623
0.907293
0.543791
0.483494
0.935597
0.867378
0.002324
0.658394
0.215763
0.421575
0.322949
0.434080
0.090535
0.962240
0.066084
0.667094
0.364456
0.652656
0.672823
0.483494
0.177160
0.346575
0.901408
0.951979
0.713075
0.462365
0.901408
0.749684
0.766291
0.704484
0.049040
0.612135
0.187953
0.907293
0.713075
0.264363
0.981075
0.867378
0.771705
0.357661
0.513281
0.557828
0.206623
0.371333
0.067775
0.505064
0.612135
0.462365
0.375911
0.183833
0.421575
0.735726
0.801128
0.470257
0.829282
0.513281
0.940331
0.409279
0.056256
0.362130
0.394742
0.255445
0.771705
0.626544
0.922090
0.589144
0.635244
0.255445
0.626544
0.344325
0.901408
0.236593
0.816691
0.801128
0.177160
0.203680
0.316692
0.077446
0.574890
0.483494
0.441715
0.658394
0.667094
0.006447
0.173237
0.901408
0.713075
0.513281
0.406779
0.231634
0.721628
0.758020
0.000005
0.566341
0.735726
0.421575
0.179787
0.787927
0.749684
0.269851
0.218844
0.053907
0.137917
0.829282
0.978604
0.041578
0.029186
0.984769
0.421575
0.758020
0.649688
0.000419
0.394742
0.771705
0.163153
0.848789
0.496903
0.333520
0.003850
0.163153
0.620815
0.848789
0.290658
0.173237
0.649688
0.082732
0.275424
0.620815
0.971109
0.382926
0.640981
0.250182
0.215763
0.867378
0.038094
0.779856
0.867378
0.698805
0.891273
0.557828
0.986757
0.721628
0.907293
0.441715
0.704484
0.535389
0.735726
0.978604
0.333520
0.704484
0.513281
0.300471
0.735726
0.535389
0.264363
0.067775
0.187953
0.009277
0.228410
0.040864
0.012907
0.612135
0.357661
0.454542
0.922090
0.947760
0.821730
0.129613
0.357661
0.401971
0.173237
0.998868
0.107244
0.855893
0.284858
0.766291
0.296545
0.848789
0.001721
0.371333
0.284858
0.505064
0.394742
0.483494
0.901408
0.340005
0.695863
0.749684
0.040864
0.368979
