0.603471
0.203680
0.394742
0.635244
0.816691
0.667094
0.340005
0.801128
0.446787
0.927324
0.787927
0.441715
0.907293
0.704484
0.081393
0.266225
0.008847
0.735726
0.927324
0.635244
0.255445
0.690166
0.094284
0.874110
0.364456
0.103042
0.787927
0.449423
0.829282
0.891273
0.713075
0.203680
0.571972
0.749684
0.279144
0.269851
0.228410
0.496903
0.549354
0.801128
0.672823
0.795913
0.557828
0.002082
0.897436
0.382926
0.535389
0.187953
0.667094
0.100580
0.808960
0.203680
0.735726
0.382926
0.056256
0.294528
0.214182
0.779856
0.290658
0.375911
0.848789
0.571972
0.119859
0.527033
0.250182
0.986757
0.566341
0.986757
0.043818
0.713075
0.994555
0.255445
0.758020
0.153566
0.096609
0.306500
0.535389
0.401971
0.681504
0.034568
0.681504
0.163153
0.394742
0.390021
0.350951
0.907293
0.907293
0.211153
0.513281
0.867378
0.808960
0.841556
0.371333
0.044581
0.300471
0.735726
0.704484
0.958545
0.279144
0.250182
0.727244
0.088340
0.258960
0.884948
0.146673
0.749684
0.836720
0.043818
0.009822
0.855893
0.758020
0.449423
0.829282
0.121744
0.306500
0.279144
0.011640
0.067775
0.771705
0.571972
0.907293
0.250182
0.758020
0.462365
0.141156
0.635244
0.290658
0.190711
0.984769
0.199280
0.215763
0.640981
0.382926
0.187953
0.635244
0.867378
0.635244
0.364456
0.617854
0.103042
0.735726
0.483494
0.346575
0.956001
0.962240
0.867378
0.236593
0.031906
0.401971
0.940331
0.211153
0.124654
0.496903
0.475494
0.801128
0.457201
0.505064
0.346575
0.135818
0.177160
0.594827
0.107244
0.044581
0.491556
0.549354
0.491556
0.658394
0.527033
0.829282
0.414138
0.010493
0.173237
0.821730
0.855893
0.922090
0.580543
0.735726
0.986757
0.004868
0.884948
0.333520
0.735726
0.010009
0.434080
0.218844
0.897436
0.620815
0.401971
0.100580
0.672823
0.387593
0.002863
0.483494
0.721628
0.603471
0.119859
0.177160
0.394742
0.454542
0.718717
0.571972
0.008847
0.088340
0.962240
0.362130
0.635244
0.635244
0.566341
0.801128
0.001510
0.513281
0.441715
0.635244
0.549354
0.491556
0.951979
0.672823
0.183833
0.016595
0.801128
0.922090
0.236593
0.135818
0.236593
0.901408
0.566341
0.505064
0.382926
0.100580
0.344325
0.557828
0.907293
0.681504
0.681504
0.075538
0.258960
0.658394
0.269851
0.173237
0.940331
0.414138
0.884948
0.090535
0.727244
0.066084
0.414138
0.735726
0.364456
0.491556
0.177160
0.848789
0.771705
0.499678
0.640981
0.260793
0.801128
0.375911
0.166886
0.094284
0.300471
0.357661
0.300471
0.821730
0.907293
0.094284
0.735726
0.127623
0.329292
0.718717
0.612135
0.787927
0.211153
0.626544
0.357661
0.557828
0.543791
0.935597
0.329292
0.306500
0.793201
0.483494
0.690166
0.454542
0.088340
0.913005
0.603471
0.816691
0.574890
0.436675
0.312615
0.223587
0.141156
0.901408
0.380525
0.279144
0.239907
0.690166
0.841556
0.971109
0.640981
0.008847
0.454542
0.597771
0.829282
0.008117
0.112510
0.971109
0.549354
0.132684
0.735726
0.449423
0.962240
0.183833
0.382926
0.166886
0.322949
0.049040
0.409279
0.658394
0.594827
0.848789
0.793201
0.429087
0.848789
0.962240
0.880693
0.643949
0.177160
0.821730
0.414138
0.357661
0.658394
0.695863
0.690166
0.025274
0.067775
0.166886
0.527033
0.211153
0.329292
0.540922
0.007032
0.704484
0.580543
0.643949
0.241635
0.535389
0.040864
0.441715
0.290658
0.513281
0.421575
0.137917
0.104694
0.375911
0.483494
0.681504
0.034568
0.793201
0.718717
0.580543
0.620815
0.173237
0.236593
0.023508
0.236593
0.496903
0.690166
0.147829
0.787927
0.874110
0.801128
0.462365
0.735726
0.306500
0.462365
0.649688
0.306500
0.434080
0.580543
0.649688
0.580543
0.907293
0.884948
0.991213
0.829282
0.090535
0.061772
0.808960
0.357661
0.681504
0.727244
0.406779
0.064431
0.690166
0.816691
0.690166
0.491556
0.357661
0.084803
0.117048
0.527033
0.409279
0.132684
0.867378
0.067775
0.181158
0.713075
0.695863
0.848789
0.855893
0.294528
0.300471
0.483494
0.454542
0.779856
0.098170
0.922090
0.557828
0.901408
0.190711
0.105557
0.848789
0.635244
0.971109
0.350951
0.771705
0.787927
0.749684
0.000003
0.068911
0.649688
0.907293
0.023935
0.884948
0.658394
0.997586
0.505064
0.421575
0.194957
0.457201
0.241635
0.327120
0.190711
0.958545
0.088340
0.571972
0.364456
0.749684
0.589144
0.829282
0.907293
0.986757
0.947760
0.082732
0.690166
0.986757
0.098985
0.690166
0.749684
0.521553
0.913005
0.667094
0.713075
0.891273
0.635244
0.557828
0.704484
0.368979
0.821730
0.269851
0.612135
0.236593
0.958545
0.241635
0.233315
0.549354
0.626544
0.206623
0.713075
0.535389
0.927324
0.836720
0.571972
0.284858
0.916674
0.848789
0.414138
0.521553
0.449423
0.117048
0.540922
0.421575
0.284858
0.766291
0.109849
0.643949
0.147829
0.080707
0.801128
0.527033
0.571972
0.652656
0.735726
0.382926
0.003008
0.690166
0.026438
0.163153
0.462365
0.096609
0.454542
0.100580
0.106369
0.658394
0.597771
0.612135
0.357661
0.316692
0.042685
0.566341
0.505064
0.335721
0.344325
0.329292
0.935597
0.704484
0.177160
0.848789
0.620815
0.958545
0.499678
0.124654
0.991213
0.429087
0.434080
0.787927
0.132684
0.327120
0.727244
0.848789
0.103042
0.984769
0.056256
0.836720
0.294528
0.978604
0.281082
0.867378
0.036127
0.571972
0.951979
0.566341
0.394742
0.836720
0.157114
0.470257
0.150086
0.290658
0.017063
0.907293
0.228410
0.690166
0.727244
0.067775
0.922090
0.039801
0.072465
0.841556
0.454542
0.340005
0.214182
0.612135
0.264363
0.211153
0.617854
