0.922090
0.884948
0.279144
0.150086
0.357661
0.821730
0.513281
0.658394
0.549354
0.721628
0.580543
0.901408
0.907293
0.557828
0.475494
0.475494
0.527033
0.552238
0.907293
0.357661
0.357661
0.771705
0.801128
0.808960
0.821730
0.401971
0.991213
0.749684
0.951979
0.727244
0.088340
0.026438
0.056256
0.290658
0.024596
0.236593
0.658394
0.462365
0.922090
0.672823
0.580543
0.940331
0.635244
0.535389
0.690166
0.300471
0.967937
0.414138
0.505064
0.202171
0.096609
0.047782
0.513281
0.010298
0.300471
0.049040
0.300471
0.124654
0.557828
0.329292
0.535389
0.901408
0.086192
0.907293
0.039801
0.860501
0.003738
0.255445
0.986757
0.574890
0.549354
0.855893
0.382926
0.640981
0.884948
0.513281
0.041578
0.649688
0.144460
0.322949
0.727244
0.169385
0.223587
0.505064
0.117048
0.255445
0.704484
0.617854
0.995551
0.672823
0.233315
0.860501
0.132684
0.434080
0.340005
0.635244
0.478214
0.566341
0.658394
0.179787
0.535389
0.187953
0.690166
0.571972
0.681504
0.255445
0.362130
0.002370
0.801128
0.467559
0.848789
0.382926
0.187953
0.947760
0.518727
0.475494
0.177160
0.801128
0.462365
0.053907
0.117048
0.300471
0.829282
0.974087
0.147829
0.571972
0.855893
0.836720
0.346575
0.947760
0.907293
0.284858
0.269851
0.151265
0.922090
0.829282
0.434080
0.362130
0.860501
0.580543
0.713075
0.218844
0.922090
0.414138
0.005262
0.414138
0.491556
0.603471
0.681504
0.543791
0.233315
0.206623
0.787927
0.958545
0.211153
0.672823
0.441715
0.333520
0.202171
0.766291
0.543791
0.394742
0.306500
0.552238
0.989675
0.749684
0.735726
0.269851
0.681504
0.535389
0.250182
0.612135
0.758020
0.449423
0.867378
0.829282
0.749684
0.841556
0.491556
0.626544
0.940331
0.306500
0.449423
0.735726
0.177160
0.821730
0.312615
0.033659
0.340005
0.187953
0.713075
0.457201
0.958545
0.124654
0.571972
0.935597
0.266225
0.527033
0.401971
0.054829
0.574890
0.574890
0.521553
0.951979
0.658394
0.907293
0.718717
0.421575
0.884948
0.580543
0.507859
0.505064
0.978604
0.891273
0.874110
0.535389
0.382926
0.704484
0.612135
0.260793
0.557828
0.557828
0.535389
0.223587
0.535389
0.727244
0.571972
0.406779
0.421575
0.603471
0.357661
0.594827
0.421575
0.394742
0.549354
0.771705
0.290658
0.808960
0.557828
0.177160
0.880693
0.231634
0.141156
0.571972
0.774492
0.483494
0.808960
0.643949
0.264363
0.681504
0.704484
0.874110
0.841556
0.580543
0.329292
0.300471
0.478214
0.090535
0.340005
0.749684
0.821730
0.290658
0.589144
0.766291
0.052535
0.922090
0.475494
0.535389
0.901408
0.107244
0.527033
0.399498
0.014985
0.589144
0.829282
0.529876
0.333520
0.284858
0.421575
0.874110
0.658394
0.190711
0.916674
0.441715
0.035180
0.092778
0.264363
0.713075
0.327120
0.779856
0.749684
0.535389
0.787927
0.891273
0.483494
0.721628
0.841556
0.462365
0.160731
0.612135
0.635244
0.589144
0.535389
0.571972
0.735726
0.821730
0.901408
0.821730
0.635244
0.368979
0.735726
0.603471
0.727244
0.187953
0.513281
0.040864
0.117048
0.749684
0.713075
0.194957
0.713075
0.681504
0.594827
0.163153
0.521553
0.159490
0.023508
0.571972
0.153566
0.491556
0.005110
0.543791
0.008847
0.801128
0.874110
0.713075
0.907293
0.884948
0.192150
0.042305
0.735726
0.357661
0.275424
0.264363
0.340005
0.144460
0.880693
0.667094
0.496903
0.658394
0.203680
0.681504
0.704484
0.841556
0.855893
0.978604
0.867378
0.681504
0.891273
0.132684
0.704484
0.496903
0.505064
0.867378
0.848789
0.681504
0.505064
0.704484
0.986757
0.793201
0.096609
0.829282
0.704484
0.860501
0.612135
0.401971
0.749684
0.264363
0.434080
0.527033
0.808960
0.867378
0.735726
0.922090
0.187953
0.749684
0.829282
0.105557
0.147829
0.884948
0.173237
0.051648
0.421575
0.721628
0.025731
0.744157
0.421575
0.907293
0.082732
0.127623
0.571972
0.260793
0.375911
0.672823
0.667094
0.735726
0.215763
0.255445
0.649688
0.874110
0.589144
0.426518
0.951979
0.727244
0.635244
0.848789
0.907293
0.116102
0.414138
0.275424
0.421575
0.124654
0.294528
0.513281
0.290658
0.316692
0.449423
0.241635
0.612135
0.626544
0.552238
0.808960
0.643949
0.935597
0.808960
0.543791
0.406779
0.401971
0.801128
0.357661
0.103042
0.540922
0.454542
0.897436
0.549354
0.192150
0.177160
0.039801
0.364456
0.635244
0.721628
0.543791
0.322949
0.013276
0.470257
0.922090
0.965738
0.306500
0.018368
0.038764
0.329292
0.322949
0.640981
0.253642
0.394742
0.163153
0.549354
0.073672
0.808960
0.086919
0.163153
0.566341
0.974087
0.801128
0.681504
0.350951
0.121744
0.147829
0.580543
0.808960
0.947760
0.192150
0.357661
0.053907
0.135818
0.704484
0.589144
0.566341
0.000366
0.130653
0.215763
0.199280
0.483494
0.483494
0.612135
0.228410
0.197797
0.891273
0.566341
0.848789
0.958545
0.721628
0.658394
0.340005
0.986757
0.030518
0.505064
0.787927
0.505064
0.801128
0.771705
0.119859
0.159490
0.462365
0.088340
0.346575
0.002950
0.228410
0.649688
0.597771
0.320806
0.401971
0.801128
0.978604
0.223587
0.163153
0.727244
0.255445
0.566341
0.132684
0.055312
0.667094
0.010298
0.038094
0.907293
0.681504
0.535389
0.387593
0.426518
0.049040
0.744157
0.971109
0.991213
0.258960
0.228410
0.496903
0.907293
0.884948
0.713075
0.695863
0.008436
0.211153
0.527033
0.157114
0.735726
0.026438
0.860501
0.264363
0.084092
0.284858
0.038764
0.566341
0.603471
0.109849
0.387593
0.426518
0.779856
0.215763
0.557828
0.236593
0.322949
0.727244
0.457201
0.626544
0.322949
0.718717
