0.704484
0.401971
0.907293
0.364456
0.462365
0.681504
0.061772
0.649688
0.483494
0.535389
0.801128
0.603471
0.681504
0.246759
0.947760
0.382926
0.566341
0.241635
0.046970
0.294528
0.848789
0.787927
0.612135
0.749684
0.483494
0.223587
0.499678
0.766291
0.496903
0.749684
0.612135
0.681504
0.907293
0.467559
0.475494
0.294528
0.173237
0.891273
0.658394
0.855893
0.779856
0.371333
0.695863
0.566341
0.300471
0.867378
0.038764
0.848789
0.793201
0.284858
0.891273
0.462365
0.491556
0.571972
0.874110
0.580543
0.713075
0.727244
0.269851
0.829282
0.922090
0.316692
0.206623
0.735726
0.306500
0.513281
0.491556
0.505064
0.000718
0.566341
0.566341
0.801128
0.375911
0.884948
0.462365
0.052535
0.681504
0.690166
0.667094
0.603471
0.218844
0.947760
0.557828
0.223587
0.513281
0.183833
0.177160
0.429087
0.015409
0.958545
0.603471
0.855893
0.771705
0.695863
0.690166
0.275424
0.907293
0.958545
0.836720
0.421575
0.441715
0.690166
0.322949
0.155897
0.269851
0.907293
0.787927
0.316692
0.094284
0.557828
0.758020
0.884948
0.001774
0.626544
0.675784
0.382926
0.603471
0.808960
0.884948
0.658394
0.255445
0.603471
0.006637
0.829282
0.269851
0.884948
0.449423
0.766291
0.457201
0.011974
0.045761
0.735726
0.483494
0.040864
0.340005
0.690166
0.090535
0.829282
0.394742
0.215763
0.505064
0.991213
0.779856
0.672823
0.808960
0.316692
0.527033
0.364456
0.571972
0.061772
0.994555
0.499678
0.829282
0.626544
0.649688
0.029186
0.995551
0.124654
0.057717
0.549354
0.008436
0.535389
0.658394
0.105557
0.382926
0.821730
0.169385
0.441715
0.667094
0.346575
0.549354
0.394742
0.215763
0.284858
0.441715
0.518727
0.643949
0.549354
0.580543
0.499678
0.808960
0.829282
0.940331
0.589144
0.681504
0.449423
0.557828
0.557828
0.681504
0.051194
0.491556
0.382926
0.475494
0.233315
0.612135
0.848789
0.681504
0.521553
0.829282
0.017378
0.273514
0.000544
0.505064
0.322949
0.300471
0.124654
0.681504
0.935597
0.540922
0.821730
0.449423
0.103042
0.264363
0.008597
0.483494
0.409279
0.112510
0.958545
0.414138
0.322949
0.779856
0.357661
0.100580
0.421575
0.357661
0.441715
0.658394
0.727244
0.589144
0.771705
0.401971
0.133745
0.774492
0.368979
0.462365
0.971109
0.589144
0.704484
0.462365
0.735726
0.874110
0.491556
0.269851
0.002189
0.549354
0.333520
0.401971
0.808960
0.808960
0.991213
0.121744
0.758020
0.566341
0.434080
0.082732
0.462365
0.124654
0.766291
0.255445
0.275424
0.401971
0.414138
0.779856
0.163153
0.241635
0.829282
0.971109
0.793201
0.236593
0.635244
0.681504
0.327120
0.612135
0.997586
0.978604
0.704484
0.144460
0.848789
0.594827
0.147829
0.518727
0.006832
0.070668
0.127623
0.527033
0.357661
0.643949
0.557828
0.245003
0.150086
0.667094
0.635244
0.635244
0.721628
0.449423
0.467559
0.218844
0.505064
0.449423
0.771705
0.907293
0.808960
0.612135
0.454542
0.848789
0.119859
0.401971
0.043818
0.166886
0.414138
0.491556
0.658394
0.681504
0.513281
0.884948
0.967937
0.223587
0.836720
0.006637
0.927324
0.947760
0.927324
0.779856
0.566341
0.557828
0.713075
0.557828
0.157114
0.011974
0.199280
0.874110
0.535389
0.667094
0.275424
0.940331
0.867378
0.891273
0.643949
0.273514
0.284858
0.017378
0.821730
0.829282
0.357661
0.867378
0.603471
0.721628
0.612135
0.441715
0.364456
0.039801
0.704484
0.105557
0.290658
0.223587
0.974087
0.848789
0.013276
0.940331
0.947760
0.215763
0.364456
0.021268
0.344325
0.157114
0.752533
0.626544
0.884948
0.346575
0.491556
0.735726
0.322949
0.513281
0.499678
0.940331
0.163153
0.382926
0.382926
0.540922
0.434080
0.735726
0.690166
0.962240
0.821730
0.135818
0.187953
0.039801
0.375911
0.401971
0.027908
0.194957
0.855893
0.144460
0.067775
0.727244
0.340005
0.160731
0.771705
0.518727
0.153566
0.340005
0.022875
0.649688
0.779856
0.478214
0.766291
0.907293
0.141156
0.211153
0.340005
0.223587
0.749684
0.681504
0.617854
0.010009
0.884948
0.215763
0.322949
0.998868
0.690166
0.695863
0.521553
0.290658
0.103042
0.695863
0.543791
0.139014
0.390021
0.454542
0.127623
0.333520
0.758020
0.907293
0.940331
0.821730
0.962240
0.758020
0.552238
0.658394
0.226757
0.704484
0.884948
0.048208
0.971109
0.779856
0.505064
0.022875
0.986757
0.658394
0.096609
0.011106
0.513281
0.571972
0.496903
0.027652
0.713075
0.727244
0.801128
0.897436
0.046970
0.612135
0.956001
0.771705
0.704484
0.951979
0.557828
0.017866
0.130653
0.649688
0.829282
0.340005
0.175815
0.867378
0.000187
0.667094
0.727244
0.215763
0.119859
0.475494
0.357661
0.357661
0.549354
0.098985
0.779856
0.096609
0.566341
0.390021
0.421575
0.836720
0.028409
0.535389
0.951979
0.421575
0.333520
0.907293
0.173237
0.907293
0.940331
0.346575
0.947760
0.589144
0.499678
0.122729
0.643949
0.771705
0.891273
0.050328
0.039801
0.971109
0.382926
0.491556
0.690166
0.580543
0.735726
0.543791
0.077446
0.155897
0.127623
0.049886
0.194957
0.727244
0.035500
0.962240
0.322949
0.406779
0.304435
0.462365
0.855893
0.690166
0.223587
0.549354
0.470257
0.808960
0.984769
0.766291
0.300471
0.681504
0.483494
0.130653
0.829282
0.891273
0.580543
0.907293
0.260793
0.150086
0.727244
0.382926
0.153566
0.040864
0.727244
0.795913
0.836720
0.808960
0.294528
0.795913
0.867378
0.350951
0.855893
0.199280
0.867378
0.329292
0.916674
0.245003
0.333520
0.848789
0.635244
0.771705
0.527033
0.690166
0.513281
0.000304
0.594827
0.571972
0.187953
0.032199
0.294528
