0.620815
0.241635
0.901408
0.779856
0.658394
0.874110
0.094284
0.284858
0.322949
0.491556
0.649688
0.649688
0.635244
0.008354
0.044581
0.566341
0.698805
0.170690
0.159490
0.250182
0.236593
0.704484
0.727244
0.013276
0.557828
0.808960
0.077446
0.787927
0.187953
0.047782
0.658394
0.793201
0.766291
0.884948
0.643949
0.421575
0.758020
0.690166
0.801128
0.913005
0.290658
0.704484
0.801128
0.066084
0.394742
0.426518
0.855893
0.535389
0.441715
0.421575
0.269851
0.808960
0.766291
0.841556
0.821730
0.681504
0.421575
0.808960
0.382926
0.758020
0.521553
0.236593
0.002950
0.040864
0.574890
0.640981
0.406779
0.721628
0.064990
0.029708
0.635244
0.922090
0.127623
0.984769
0.749684
0.483494
0.527033
0.462365
0.236593
0.836720
0.848789
0.357661
0.414138
0.306500
0.021268
0.681504
0.795913
0.491556
0.994555
0.421575
0.940331
0.470257
0.922090
0.375911
0.104694
0.855893
0.978604
0.571972
0.766291
0.467559
0.612135
0.535389
0.018706
0.566341
0.496903
0.518727
0.056256
0.891273
0.829282
0.203680
0.658394
0.357661
0.513281
0.841556
0.250182
0.470257
0.056256
0.787927
0.681504
0.329292
0.549354
0.821730
0.322949
0.181158
0.441715
0.043818
0.153566
0.009277
0.462365
0.649688
0.626544
0.643949
0.626544
0.053907
0.947760
0.327120
0.357661
0.867378
0.749684
0.658394
0.394742
0.793201
0.117048
0.758020
0.124654
0.340005
0.690166
0.025970
0.667094
0.518727
0.014711
0.475494
0.829282
0.727244
0.119859
0.758020
0.758020
0.187953
0.793201
0.891273
0.025274
0.518727
0.121744
0.394742
0.199280
0.518727
0.981075
0.801128
0.375911
0.635244
0.521553
0.121744
0.891273
0.771705
0.681504
0.505064
0.884948
0.483494
0.681504
0.940331
0.284858
0.173237
0.878466
0.766291
0.907293
0.316692
0.255445
0.255445
0.643949
0.032199
0.255445
0.603471
0.194957
0.978604
0.978604
0.922090
0.344325
0.079397
0.187953
0.580543
0.801128
0.994555
0.223587
0.649688
0.620815
0.163153
0.978604
0.626544
0.713075
0.981075
0.766291
0.597771
0.867378
0.139014
0.441715
0.698805
0.333520
0.557828
0.589144
0.997586
0.713075
0.848789
0.306500
0.269851
0.047782
0.124654
0.907293
0.543791
0.690166
0.727244
0.643949
0.557828
0.779856
0.094284
0.958545
0.269851
0.273514
0.025731
0.038764
0.557828
0.132684
0.521553
0.771705
0.042685
0.483494
0.333520
0.470257
0.206623
0.088340
0.322949
0.513281
0.571972
0.978604
0.223587
0.306500
0.401971
0.026438
0.177160
0.860501
0.119859
0.008847
0.735726
0.735726
0.695863
0.260793
0.718717
0.951979
0.166886
0.401971
0.907293
0.429087
0.027164
0.758020
0.901408
0.394742
0.848789
0.635244
0.105557
0.801128
0.246759
0.681504
0.109849
0.855893
0.713075
0.192150
0.557828
0.996919
0.922090
0.505064
0.713075
0.713075
0.170690
0.535389
0.713075
0.279144
0.626544
0.115226
0.203680
0.735726
0.867378
0.006832
0.382926
0.978604
0.704484
0.346575
0.006832
0.713075
0.779856
0.449423
0.173237
0.816691
0.589144
0.603471
0.821730
0.867378
0.793201
0.626544
0.002863
0.441715
0.727244
0.612135
0.552238
0.255445
0.127623
0.916674
0.109849
0.434080
0.478214
0.681504
0.855893
0.340005
0.848789
0.005855
0.008847
0.620815
0.698805
0.020320
0.269851
0.617854
0.635244
0.787927
0.194957
0.727244
0.626544
0.183833
0.462365
0.192150
0.491556
0.421575
0.580543
0.535389
0.814067
0.867378
0.658394
0.513281
0.394742
0.387593
0.884948
0.357661
0.340005
0.704484
0.589144
0.491556
0.571972
0.549354
0.322949
0.727244
0.340005
0.521553
0.375911
0.141156
0.250182
0.557828
0.690166
0.421575
0.322949
0.549354
0.907293
0.744157
0.382926
0.718717
0.721628
0.250182
0.612135
0.793201
0.260793
0.279144
0.874110
0.333520
0.294528
0.513281
0.808960
0.350951
0.774492
0.779856
0.304435
0.713075
0.094284
0.467559
0.907293
0.357661
0.549354
0.215763
0.470257
0.907293
0.057717
0.971109
0.421575
0.187953
0.971109
0.974087
0.927324
0.496903
0.580543
0.891273
0.795913
0.499678
0.721628
0.907293
0.947760
0.098985
0.951979
0.010795
0.390021
0.884948
0.306500
0.922090
0.821730
0.571972
0.801128
0.620815
0.821730
0.930673
0.658394
0.082732
0.944872
0.603471
0.589144
0.962240
0.333520
0.255445
0.032199
0.241635
0.690166
0.557828
0.994555
0.749684
0.141156
0.643949
0.013654
0.589144
0.434080
0.535389
0.462365
0.300471
0.364456
0.779856
0.713075
0.836720
0.984769
0.540922
0.643949
0.808960
0.478214
0.626544
0.735726
0.626544
0.084803
0.350951
0.787927
0.269851
0.566341
0.695863
0.199280
0.978604
0.841556
0.441715
0.505064
0.667094
0.194957
0.829282
0.033659
0.721628
0.031348
0.441715
0.848789
0.681504
0.513281
0.814067
0.483494
0.441715
0.907293
0.916674
0.127623
0.787927
0.016595
0.713075
0.874110
0.075538
0.340005
0.211153
0.527033
0.643949
0.434080
0.491556
0.441715
0.233315
0.394742
0.300471
0.597771
0.971109
0.808960
0.589144
0.027164
0.649688
0.962240
0.290658
0.004164
0.589144
0.414138
0.203680
0.951979
0.749684
0.312615
0.652656
0.635244
0.543791
0.672823
0.907293
0.218844
0.375911
0.947760
0.779856
0.078727
0.821730
0.994555
0.907293
0.580543
0.721628
0.000872
0.744157
0.394742
0.011425
0.594827
0.597771
0.891273
0.344325
0.713075
0.821730
0.127623
0.109849
0.505064
0.727244
0.557828
0.658394
0.215763
0.984769
0.574890
0.848789
0.749684
0.713075
0.312615
0.958545
0.112510
0.907293
0.535389
0.787927
0.901408
0.387593
0.306500
0.690166
0.836720
0.340005
0.594827
0.390021
0.589144
