0.264363
0.821730
0.649688
0.275424
0.300471
0.978604
0.446787
0.322949
0.603471
0.434080
0.612135
0.681504
0.958545
0.066084
0.749684
0.429087
0.454542
0.034568
0.557828
0.727244
0.566341
0.821730
0.571972
0.730141
0.672823
0.312615
0.635244
0.340005
0.978604
0.994555
0.841556
0.962240
0.771705
0.333520
0.543791
0.041578
0.901408
0.035500
0.491556
0.566341
0.199280
0.470257
0.340005
0.306500
0.521553
0.401971
0.884948
0.478214
0.031348
0.521553
0.971109
0.211153
0.457201
0.535389
0.211153
0.580543
0.880693
0.434080
0.029186
0.462365
0.589144
0.518727
0.290658
0.103042
0.052535
0.951979
0.672823
0.088340
0.159490
0.483494
0.907293
0.119859
0.713075
0.409279
0.779856
0.951979
0.867378
0.124654
0.897436
0.513281
0.000820
0.061772
0.040864
0.127623
0.603471
0.766291
0.387593
0.462365
0.029186
0.350951
0.658394
0.922090
0.658394
0.690166
0.401971
0.527033
0.787927
0.922090
0.371333
0.021268
0.672823
0.984769
0.246759
0.878466
0.103042
0.787927
0.978604
0.635244
0.690166
0.037099
0.329292
0.848789
0.603471
0.535389
0.194957
0.749684
0.867378
0.771705
0.340005
0.704484
0.787927
0.053907
0.250182
0.958545
0.916674
0.860501
0.640981
0.916674
0.329292
0.667094
0.635244
0.821730
0.441715
0.571972
0.491556
0.658394
0.434080
0.183833
0.589144
0.771705
0.322949
0.821730
0.368979
0.922090
0.192150
0.505064
0.382926
0.658394
0.000310
0.513281
0.801128
0.513281
0.867378
0.183833
0.470257
0.513281
0.333520
0.169385
0.589144
0.063362
0.236593
0.958545
0.907293
0.855893
0.891273
0.704484
0.279144
0.620815
0.727244
0.296545
0.316692
0.462365
0.173237
0.867378
0.867378
0.735726
0.971109
0.713075
0.206623
0.855893
0.088340
0.695863
0.626544
0.978604
0.228410
0.144460
0.907293
0.322949
0.441715
0.557828
0.927324
0.368979
0.491556
0.867378
0.801128
0.795913
0.414138
0.816691
0.951979
0.094284
0.491556
0.956001
0.994555
0.382926
0.104694
0.382926
0.153566
0.029186
0.779856
0.992594
0.821730
0.483494
0.203680
0.860501
0.907293
0.848789
0.264363
0.064990
0.258960
0.535389
0.690166
0.163153
0.223587
0.346575
0.981075
0.635244
0.362130
0.981075
0.350951
0.635244
0.779856
0.841556
0.527033
0.891273
0.124654
0.409279
0.589144
0.935597
0.223587
0.211153
0.891273
0.375911
0.421575
0.329292
0.169385
0.612135
0.951979
0.236593
0.836720
0.454542
0.344325
0.483494
0.496903
0.181158
0.860501
0.935597
0.766291
0.231634
0.505064
0.848789
0.922090
0.821730
0.350951
0.927324
0.045761
0.048208
0.306500
0.414138
0.951979
0.382926
0.483494
0.004503
0.836720
0.306500
0.557828
0.401971
0.513281
0.181158
0.150086
0.335721
0.681504
0.836720
0.907293
0.884948
0.649688
0.841556
0.350951
0.183833
0.735726
0.735726
0.667094
0.891273
0.109849
0.951979
0.649688
0.543791
0.951979
0.667094
0.787927
0.867378
0.279144
0.935597
0.441715
0.454542
0.513281
0.163153
0.300471
0.907293
0.211153
0.589144
0.521553
0.233315
0.649688
0.075538
0.557828
0.867378
0.139014
0.033659
0.333520
0.612135
0.855893
0.566341
0.316692
0.808960
0.147829
0.226757
0.053907
0.031348
0.704484
0.153566
0.434080
0.057717
0.017063
0.991213
0.387593
0.192150
0.166886
0.808960
0.549354
0.721628
0.907293
0.496903
0.483494
0.947760
0.566341
0.470257
0.025274
0.971109
0.159490
0.478214
0.329292
0.801128
0.704484
0.603471
0.695863
0.429087
0.589144
0.454542
0.521553
0.808960
0.891273
0.496903
0.023508
0.144460
0.907293
0.744157
0.119859
0.543791
0.421575
0.603471
0.821730
0.310521
0.203680
0.808960
0.603471
0.549354
0.951979
0.749684
0.855893
0.940331
0.499678
0.346575
0.766291
0.401971
0.290658
0.735726
0.951979
0.922090
0.001865
0.322949
0.947760
0.449423
0.635244
0.021268
0.801128
0.549354
0.758020
0.084803
0.735726
0.233315
0.353229
0.855893
0.922090
0.640981
0.758020
0.505064
0.215763
0.462365
0.735726
0.127623
0.434080
0.112510
0.816691
0.808960
0.543791
0.132684
0.203680
0.491556
0.995551
0.112510
0.658394
0.173237
0.744157
0.681504
0.397198
0.394742
0.141156
0.597771
0.127623
0.449423
0.922090
0.214182
0.922090
0.978604
0.072465
0.829282
0.940331
0.333520
0.867378
0.322949
0.255445
0.801128
0.061772
0.203680
0.727244
0.801128
0.907293
0.867378
0.681504
0.580543
0.406779
0.135818
0.841556
0.989675
0.015845
0.597771
0.535389
0.454542
0.771705
0.051648
0.829282
0.179787
0.211153
0.281082
0.580543
0.518727
0.735726
0.086919
0.704484
0.649688
0.891273
0.612135
0.322949
0.166886
0.322949
0.163153
0.766291
0.003738
0.306500
0.016595
0.681504
0.930673
0.626544
0.316692
0.681504
0.535389
0.643949
0.690166
0.635244
0.626544
0.766291
0.971109
0.483494
0.962240
0.735726
0.483494
0.836720
0.092008
0.884948
0.357661
0.211153
0.672823
0.434080
0.681504
0.491556
0.181158
0.922090
0.194957
0.255445
0.635244
0.491556
0.947760
0.574890
0.635244
0.771705
0.284858
0.749684
0.284858
0.998868
0.109849
0.635244
0.643949
0.557828
0.787927
0.991213
0.594827
0.159490
0.874110
0.566341
0.617854
0.072465
0.132684
0.713075
0.202171
0.001048
0.922090
0.695863
0.808960
0.681504
0.112510
0.382926
0.449423
0.672823
0.735726
0.284858
0.223587
0.521553
0.368979
0.462365
0.290658
0.357661
0.704484
0.527033
0.658394
0.063362
0.787927
0.597771
0.103042
0.236593
0.160731
0.787927
0.300471
0.829282
0.580543
0.098170
0.478214
0.962240
0.540922
0.449423
0.069506
0.269851
0.346575
0.100580
0.147829
0.566341
0.922090
