0.250182
0.275424
0.580543
0.612135
0.829282
0.441715
0.626544
0.557828
0.974087
0.681504
0.543791
0.848789
0.612135
0.626544
0.015409
0.626544
0.766291
0.333520
0.127623
0.557828
0.527033
0.157114
0.103042
0.507859
0.821730
0.535389
0.124654
0.340005
0.121744
0.557828
0.991213
0.690166
0.346575
0.901408
0.557828
0.357661
0.874110
0.787927
0.695863
0.139014
0.141156
0.025970
0.322949
0.187953
0.264363
0.535389
0.141156
0.649688
0.735726
0.713075
0.779856
0.580543
0.340005
0.704484
0.371333
0.947760
0.275424
0.935597
0.891273
0.306500
0.050328
0.096609
0.322949
0.907293
0.199280
0.947760
0.223587
0.429087
0.860501
0.275424
0.166886
0.462365
0.787927
0.094284
0.907293
0.749684
0.967937
0.434080
0.109849
0.004164
0.214182
0.603471
0.727244
0.275424
0.527033
0.821730
0.312615
0.867378
0.518727
0.357661
0.322949
0.066084
0.421575
0.626544
0.231634
0.215763
0.907293
0.962240
0.855893
0.029708
0.735726
0.264363
0.787927
0.109849
0.340005
0.597771
0.704484
0.829282
0.211153
0.884948
0.177160
0.290658
0.394742
0.626544
0.535389
0.194957
0.011425
0.566341
0.294528
0.891273
0.580543
0.075538
0.727244
0.135818
0.801128
0.124654
0.557828
0.643949
0.557828
0.177160
0.643949
0.848789
0.766291
0.001865
0.470257
0.255445
0.098170
0.766291
0.907293
0.350951
0.836720
0.429087
0.401971
0.346575
0.867378
0.998463
0.744157
0.031348
0.540922
0.199280
0.284858
0.947760
0.090535
0.357661
0.022875
0.021859
0.801128
0.231634
0.690166
0.635244
0.535389
0.088340
0.153566
0.940331
0.867378
0.940331
0.041578
0.816691
0.603471
0.491556
0.681504
0.795913
0.179787
0.620815
0.690166
0.867378
0.173237
0.958545
0.163153
0.312615
0.695863
0.672823
0.109849
0.491556
0.043818
0.951979
0.483494
0.462365
0.658394
0.721628
0.063362
0.096609
0.527033
0.084803
0.643949
0.649688
0.294528
0.269851
0.897436
0.192150
0.129613
0.434080
0.051194
0.704484
0.543791
0.036127
0.333520
0.279144
0.300471
0.275424
0.513281
0.552238
0.483494
0.612135
0.294528
0.713075
0.279144
0.658394
0.836720
0.758020
0.310521
0.290658
0.695863
0.088340
0.194957
0.951979
0.589144
0.580543
0.441715
0.635244
0.111596
0.913005
0.967937
0.793201
0.735726
0.414138
0.014711
0.340005
0.643949
0.535389
0.771705
0.316692
0.635244
0.557828
0.571972
0.346575
0.612135
0.250182
0.105557
0.649688
0.589144
0.916674
0.626544
0.214182
0.994555
0.310521
0.284858
0.329292
0.063362
0.021859
0.441715
0.231634
0.940331
0.000178
0.218844
0.127623
0.681504
0.406779
0.620815
0.922090
0.552238
0.690166
0.571972
0.635244
0.279144
0.211153
0.713075
0.344325
0.023508
0.557828
0.177160
0.704484
0.766291
0.421575
0.620815
0.165605
0.119859
0.187953
0.147829
0.962240
0.505064
0.294528
0.766291
0.635244
0.470257
0.829282
0.513281
0.505064
0.713075
0.340005
0.891273
0.821730
0.947760
0.008354
0.333520
0.173237
0.340005
0.329292
0.821730
0.053907
0.223587
0.406779
0.478214
0.808960
0.056256
0.771705
0.771705
0.518727
0.907293
0.462365
0.223587
0.046970
0.441715
0.013654
0.771705
0.612135
0.044581
0.971109
0.971109
0.483494
0.897436
0.594827
0.329292
0.011974
0.749684
0.612135
0.841556
0.375911
0.956001
0.141156
0.177160
0.566341
0.690166
0.033071
0.310521
0.836720
0.441715
0.891273
0.124654
0.589144
0.322949
0.269851
0.735726
0.713075
0.094284
0.150086
0.535389
0.922090
0.454542
0.907293
0.382926
0.344325
0.375911
0.434080
0.779856
0.808960
0.884948
0.829282
0.808960
0.043818
0.357661
0.491556
0.867378
0.246759
0.935597
0.462365
0.658394
0.922090
0.031348
0.233315
0.364456
0.690166
0.475494
0.884948
0.704484
0.795913
0.779856
0.310521
0.012317
0.050328
0.513281
0.874110
0.401971
0.635244
0.821730
0.018368
0.612135
0.067775
0.848789
0.185229
0.735726
0.884948
0.758020
0.173237
0.681504
0.000304
0.566341
0.994555
0.031348
0.848789
0.203680
0.079397
0.635244
0.316692
0.084803
0.015409
0.766291
0.521553
0.635244
0.006637
0.062816
0.269851
0.166886
0.187953
0.150086
0.306500
0.860501
0.994555
0.394742
0.658394
0.940331
0.429087
0.557828
0.681504
0.667094
0.483494
0.033071
0.004637
0.000204
0.801128
0.808960
0.007032
0.874110
0.860501
0.971109
0.329292
0.698805
0.231634
0.891273
0.535389
0.927324
0.269851
0.264363
0.206623
0.421575
0.016595
0.513281
0.387593
0.357661
0.713075
0.177160
0.329292
0.223587
0.478214
0.836720
0.203680
0.310521
0.322949
0.144460
0.114294
0.194957
0.626544
0.340005
0.690166
0.215763
0.848789
0.935597
0.867378
0.346575
0.046970
0.333520
0.228410
0.475494
0.808960
0.922090
0.580543
0.603471
0.434080
0.255445
0.513281
0.375911
0.922090
0.907293
0.505064
0.704484
0.255445
0.758020
0.580543
0.020320
0.635244
0.978604
0.829282
0.470257
0.139014
0.744157
0.971109
0.150086
0.009546
0.017543
0.362130
0.037099
0.066084
0.589144
0.357661
0.543791
0.594827
0.306500
0.922090
0.771705
0.543791
0.713075
0.801128
0.681504
0.735726
0.649688
0.169385
0.727244
0.144460
0.675784
0.901408
0.771705
0.340005
0.884948
0.951979
0.001080
0.635244
0.037099
0.029186
0.119859
0.187953
0.223587
0.808960
0.735726
0.603471
0.284858
0.077446
0.211153
0.766291
0.855893
0.250182
0.951979
0.612135
0.346575
0.059212
0.197797
0.236593
0.635244
0.901408
0.808960
0.279144
0.620815
0.096609
0.935597
0.316692
0.000000
0.462365
0.704484
0.774492
0.357661
0.779856
0.060217
0.991213
0.612135
0.250182
0.589144
0.947760
