0.163153
0.971109
0.978604
0.115226
0.462365
0.574890
0.421575
0.190711
0.571972
0.067775
0.041578
0.808960
0.779856
0.891273
0.273514
0.075538
0.821730
0.566341
0.401971
0.978604
0.667094
0.211153
0.107244
0.414138
0.971109
0.603471
0.698805
0.004728
0.603471
0.034568
0.375911
0.884948
0.927324
0.681504
0.109849
0.727244
0.603471
0.394742
0.690166
0.513281
0.050328
0.779856
0.721628
0.449423
0.429087
0.766291
0.744157
0.735726
0.124654
0.429087
0.483494
0.000846
0.766291
0.211153
0.462365
0.066084
0.880693
0.672823
0.119859
0.340005
0.566341
0.612135
0.704484
0.848789
0.771705
0.566341
0.223587
0.874110
0.255445
0.891273
0.375911
0.841556
0.855893
0.007593
0.165605
0.401971
0.913005
0.922090
0.771705
0.290658
0.848789
0.690166
0.612135
0.096609
0.322949
0.199280
0.603471
0.829282
0.543791
0.681504
0.855893
0.713075
0.199280
0.808960
0.766291
0.179787
0.491556
0.749684
0.549354
0.951979
0.935597
0.580543
0.032771
0.597771
0.163153
0.454542
0.667094
0.382926
0.491556
0.597771
0.891273
0.223587
0.635244
0.808960
0.658394
0.462365
0.513281
0.496903
0.907293
0.013276
0.449423
0.406779
0.947760
0.779856
0.109849
0.580543
0.829282
0.434080
0.114294
0.940331
0.766291
0.434080
0.269851
0.690166
0.635244
0.758020
0.603471
0.984769
0.414138
0.086919
0.771705
0.294528
0.478214
0.483494
0.571972
0.901408
0.848789
0.394742
0.771705
0.357661
0.787927
0.635244
0.935597
0.375911
0.513281
0.658394
0.021656
0.236593
0.000829
0.521553
0.571972
0.194957
0.940331
0.406779
0.713075
0.848789
0.884948
0.143326
0.603471
0.658394
0.284858
0.499678
0.231634
0.821730
0.787927
0.290658
0.557828
0.467559
0.059212
0.306500
0.704484
0.978604
0.808960
0.658394
0.300471
0.935597
0.649688
0.649688
0.766291
0.001351
0.003455
0.050328
0.072465
0.690166
0.574890
0.535389
0.166886
0.681504
0.375911
0.713075
0.284858
0.124654
0.505064
0.884948
0.236593
0.996919
0.333520
0.449423
0.371333
0.275424
0.557828
0.255445
0.907293
0.368979
0.166886
0.115226
0.228410
0.329292
0.233315
0.986757
0.643949
0.727244
0.014305
0.643949
0.088340
0.187953
0.449423
0.394742
0.808960
0.003354
0.891273
0.218844
0.141156
0.821730
0.891273
0.141156
0.626544
0.878466
0.713075
0.836720
0.434080
0.821730
0.589144
0.112510
0.612135
0.025731
0.649688
0.916674
0.672823
0.255445
0.808960
0.690166
0.052535
0.787927
0.735726
0.965738
0.462365
0.414138
0.848789
0.766291
0.698805
0.808960
0.491556
0.884948
0.387593
0.170690
0.070668
0.986757
0.816691
0.681504
0.421575
0.974087
0.264363
0.922090
0.496903
0.867378
0.084803
0.821730
0.672823
0.375911
0.001588
0.150086
0.364456
0.199280
0.371333
0.603471
0.454542
0.409279
0.382926
0.549354
0.499678
0.382926
0.483494
0.801128
0.681504
0.922090
0.971109
0.236593
0.927324
0.580543
0.306500
0.922090
0.649688
0.603471
0.922090
0.535389
0.483494
0.801128
0.658394
0.434080
0.766291
0.874110
0.841556
0.223587
0.000846
0.978604
0.306500
0.927324
0.727244
0.260793
0.166886
0.029982
0.329292
0.589144
0.483494
0.971109
0.986757
0.115226
0.907293
0.984769
0.255445
0.284858
0.848789
0.566341
0.306500
0.958545
0.382926
0.491556
0.589144
0.098985
0.496903
0.177160
0.916674
0.253642
0.060217
0.288671
0.535389
0.557828
0.962240
0.056256
0.067775
0.626544
0.994555
0.124654
0.766291
0.749684
0.231634
0.087602
0.735726
0.681504
0.255445
0.658394
0.758020
0.290658
0.462365
0.194957
0.527033
0.037099
0.649688
0.735726
0.916674
0.040498
0.409279
0.513281
0.177160
0.787927
0.153566
0.513281
0.470257
0.284858
0.434080
0.513281
0.922090
0.001960
0.124654
0.603471
0.535389
0.421575
0.000555
0.626544
0.916674
0.991213
0.704484
0.571972
0.557828
0.758020
0.649688
0.019768
0.635244
0.758020
0.735726
0.713075
0.727244
0.223587
0.841556
0.096609
0.002189
0.643949
0.269851
0.290658
0.829282
0.557828
0.316692
0.340005
0.357661
0.279144
0.228410
0.867378
0.177160
0.884948
0.620815
0.002950
0.333520
0.068911
0.215763
0.223587
0.758020
0.521553
0.971109
0.880693
0.449423
0.245003
0.475494
0.246759
0.421575
0.787927
0.470257
0.406779
0.855893
0.350951
0.535389
0.010595
0.721628
0.620815
0.566341
0.211153
0.041578
0.394742
0.181158
0.704484
0.279144
0.758020
0.681504
0.874110
0.589144
0.690166
0.196422
0.483494
0.375911
0.749684
0.043429
0.947760
0.483494
0.187953
0.884948
0.793201
0.672823
0.566341
0.758020
0.848789
0.218844
0.860501
0.322949
0.935597
0.008197
0.056256
0.704484
0.566341
0.867378
0.690166
0.098170
0.124654
0.571972
0.491556
0.549354
0.107244
0.155897
0.907293
0.907293
0.713075
0.958545
0.441715
0.667094
0.231634
0.787927
0.211153
0.713075
0.713075
0.801128
0.841556
0.483494
0.226757
0.951979
0.667094
0.836720
0.513281
0.199280
0.346575
0.045761
0.004868
0.322949
0.571972
0.223587
0.344325
0.962240
0.483494
0.233315
0.401971
0.012317
0.441715
0.096609
0.658394
0.382926
0.056256
0.072465
0.704484
0.821730
0.612135
0.901408
0.681504
0.483494
0.390021
0.144460
0.499678
0.284858
0.446787
0.566341
0.958545
0.901408
0.557828
0.935597
0.612135
0.086192
0.907293
0.005262
0.421575
0.375911
0.704484
0.350951
0.713075
0.580543
0.112510
0.290658
0.986757
0.086192
0.300471
0.211153
0.470257
0.841556
0.429087
0.098170
0.829282
0.478214
0.421575
0.382926
0.907293
0.077446
0.223587
0.884948
0.153566
0.713075
0.434080
0.004043
0.658394
0.008197
0.758020
