0.589144
0.505064
0.855893
0.922090
0.179787
0.340005
0.557828
0.300471
0.829282
0.597771
0.974087
0.603471
0.922090
0.017866
0.758020
0.281082
0.004637
0.127623
0.316692
0.394742
0.589144
0.597771
0.357661
0.357661
0.284858
0.429087
0.821730
0.499678
0.907293
0.867378
0.475494
0.721628
0.635244
0.916674
0.766291
0.166886
0.801128
0.860501
0.848789
0.589144
0.566341
0.082732
0.153566
0.940331
0.744157
0.566341
0.300471
0.690166
0.930673
0.409279
0.779856
0.457201
0.364456
0.808960
0.044581
0.801128
0.401971
0.153566
0.986757
0.434080
0.505064
0.994555
0.816691
0.316692
0.681504
0.727244
0.749684
0.713075
0.322949
0.513281
0.462365
0.513281
0.779856
0.491556
0.264363
0.704484
0.060217
0.589144
0.704484
0.211153
0.181158
0.022875
0.199280
0.300471
0.112510
0.635244
0.329292
0.454542
0.841556
0.958545
0.329292
0.549354
0.727244
0.922090
0.735726
0.414138
0.667094
0.333520
0.518727
0.779856
0.658394
0.394742
0.284858
0.855893
0.597771
0.441715
0.727244
0.704484
0.067775
0.194957
0.612135
0.617854
0.441715
0.394742
0.491556
0.269851
0.081393
0.947760
0.901408
0.135818
0.250182
0.901408
0.672823
0.375911
0.236593
0.718717
0.922090
0.312615
0.649688
0.264363
0.891273
0.735726
0.735726
0.612135
0.884948
0.907293
0.681504
0.462365
0.441715
0.228410
0.922090
0.947760
0.922090
0.441715
0.357661
0.414138
0.922090
0.375911
0.779856
0.505064
0.649688
0.681504
0.127623
0.667094
0.275424
0.357661
0.269851
0.880693
0.612135
0.758020
0.387593
0.264363
0.375911
0.766291
0.580543
0.713075
0.057717
0.891273
0.483494
0.310521
0.441715
0.236593
0.589144
0.991213
0.527033
0.211153
0.279144
0.368979
0.491556
0.549354
0.543791
0.978604
0.884948
0.891273
0.935597
0.829282
0.713075
0.901408
0.540922
0.119859
0.867378
0.535389
0.441715
0.340005
0.166886
0.836720
0.421575
0.505064
0.718717
0.901408
0.300471
0.612135
0.690166
0.566341
0.991213
0.643949
0.002950
0.848789
0.978604
0.117048
0.163153
0.735726
0.836720
0.019230
0.836720
0.080707
0.947760
0.988571
0.566341
0.518727
0.296545
0.821730
0.072465
0.094284
0.491556
0.951979
0.075538
0.228410
0.643949
0.891273
0.557828
0.496903
0.744157
0.228410
0.727244
0.187953
0.884948
0.255445
0.364456
0.001620
0.549354
0.667094
0.704484
0.470257
0.535389
0.821730
0.340005
0.011425
0.429087
0.387593
0.382926
0.808960
0.713075
0.434080
0.077446
0.491556
0.580543
0.011974
0.649688
0.874110
0.211153
0.394742
0.255445
0.891273
0.014711
0.357661
0.779856
0.401971
0.020320
0.749684
0.013909
0.667094
0.290658
0.848789
0.793201
0.409279
0.635244
0.157114
0.147829
0.874110
0.951979
0.322949
0.574890
0.279144
0.028919
0.082732
0.183833
0.409279
0.749684
0.163153
0.603471
0.643949
0.735726
0.306500
0.951979
0.566341
0.884948
0.258960
0.052535
0.075538
0.681504
0.513281
0.597771
0.681504
0.211153
0.223587
0.681504
0.505064
0.462365
0.312615
0.187953
0.901408
0.194957
0.771705
0.290658
0.144460
0.284858
0.612135
0.002950
0.211153
0.163153
0.067775
0.181158
0.173237
0.203680
0.787927
0.884948
0.491556
0.137917
0.735726
0.034568
0.658394
0.382926
0.841556
0.059212
0.173237
0.996919
0.284858
0.589144
0.552238
0.316692
0.491556
0.612135
0.364456
0.891273
0.626544
0.000511
0.927324
0.088340
0.005578
0.690166
0.322949
0.793201
0.206623
0.300471
0.333520
0.483494
0.994555
0.626544
0.947760
0.681504
0.346575
0.681504
0.255445
0.491556
0.462365
0.884948
0.594827
0.199280
0.211153
0.132684
0.735726
0.749684
0.350951
0.603471
0.643949
0.150086
0.009016
0.874110
0.394742
0.821730
0.053907
0.183833
0.801128
0.079397
0.891273
0.357661
0.414138
0.316692
0.698805
0.075538
0.552238
0.050328
0.841556
0.333520
0.603471
0.357661
0.543791
0.589144
0.290658
0.658394
0.735726
0.681504
0.062816
0.322949
0.478214
0.758020
0.187953
0.658394
0.327120
0.146673
0.521553
0.829282
0.727244
0.241635
0.907293
0.727244
0.727244
0.505064
0.215763
0.681504
0.884948
0.704484
0.867378
0.346575
0.552238
0.779856
0.940331
0.681504
0.269851
0.867378
0.194957
0.612135
0.281082
0.749684
0.916674
0.316692
0.044581
0.135818
0.340005
0.643949
0.290658
0.462365
0.269851
0.166886
0.173237
0.114294
0.312615
0.067775
0.727244
0.635244
0.841556
0.771705
0.801128
0.704484
0.258960
0.421575
0.557828
0.962240
0.157114
0.841556
0.808960
0.357661
0.643949
0.375911
0.296545
0.215763
0.251967
0.635244
0.913005
0.350951
0.821730
0.580543
0.357661
0.597771
0.284858
0.250182
0.635244
0.816691
0.907293
0.779856
0.096609
0.072465
0.667094
0.027164
0.478214
0.183833
0.795913
0.340005
0.947760
0.749684
0.617854
0.594827
0.704484
0.127623
0.340005
0.771705
0.695863
0.971109
0.470257
0.499678
0.841556
0.603471
0.181158
0.620815
0.984769
0.589144
0.144460
0.218844
0.580543
0.989675
0.635244
0.300471
0.855893
0.187953
0.273514
0.350951
0.735726
0.368979
0.034568
0.901408
0.848789
0.612135
0.290658
0.173237
0.346575
0.382926
0.018368
0.758020
0.009546
0.056256
0.129613
0.414138
0.434080
0.874110
0.594827
0.421575
0.284858
0.603471
0.913005
0.163153
0.441715
0.074303
0.094284
0.010595
0.063362
0.312615
0.771705
0.667094
0.571972
0.713075
0.454542
0.597771
0.041952
0.006832
0.779856
0.382926
0.027164
0.991213
0.454542
0.462365
0.543791
0.779856
0.566341
0.255445
0.535389
0.322949
0.117048
0.144460
0.594827
0.566341
0.350951
0.962240
0.612135
0.626544
0.589144
