0.375911
0.290658
0.177160
0.513281
0.787927
0.300471
0.766291
0.006325
0.527033
0.690166
0.104694
0.589144
0.695863
0.070668
0.603471
0.981075
0.478214
0.357661
0.713075
0.672823
0.454542
0.713075
0.704484
0.483494
0.340005
0.499678
0.346575
0.951979
0.513281
0.603471
0.947760
0.090535
0.808960
0.187953
0.483494
0.779856
0.322949
0.935597
0.005687
0.884948
0.801128
0.394742
0.571972
0.070668
0.735726
0.390021
0.571972
0.475494
0.038094
0.758020
0.543791
0.414138
0.010009
0.557828
0.144460
0.250182
0.984769
0.206623
0.462365
0.626544
0.357661
0.718717
0.867378
0.050328
0.727244
0.704484
0.935597
0.187953
0.214182
0.841556
0.279144
0.626544
0.675784
0.518727
0.612135
0.139014
0.907293
0.491556
0.907293
0.704484
0.340005
0.816691
0.316692
0.974087
0.177160
0.114294
0.273514
0.187953
0.382926
0.322949
0.801128
0.704484
0.025274
0.030518
0.491556
0.129613
0.821730
0.907293
0.218844
0.192150
0.704484
0.350951
0.749684
0.025274
0.543791
0.594827
0.713075
0.727244
0.848789
0.187953
0.340005
0.998463
0.580543
0.935597
0.821730
0.597771
0.300471
0.713075
0.549354
0.557828
0.322949
0.675784
0.147829
0.841556
0.003850
0.580543
0.000946
0.104694
0.513281
0.658394
0.589144
0.177160
0.713075
0.744157
0.727244
0.382926
0.749684
0.787927
0.119859
0.566341
0.483494
0.215763
0.045761
0.199280
0.505064
0.426518
0.841556
0.749684
0.051648
0.878466
0.962240
0.617854
0.018368
0.667094
0.704484
0.264363
0.322949
0.704484
0.228410
0.735726
0.166886
0.891273
0.698805
0.922090
0.306500
0.626544
0.327120
0.744157
0.483494
0.223587
0.406779
0.035500
0.535389
0.527033
0.329292
0.375911
0.779856
0.499678
0.429087
0.749684
0.044581
0.483494
0.300471
0.944872
0.233315
0.491556
0.652656
0.333520
0.406779
0.891273
0.434080
0.202171
0.269851
0.223587
0.675784
0.028409
0.557828
0.436675
0.084803
0.462365
0.063362
0.962240
0.848789
0.010595
0.735726
0.483494
0.867378
0.406779
0.884948
0.771705
0.399498
0.566341
0.117048
0.927324
0.836720
0.103042
0.658394
0.296545
0.612135
0.010595
0.891273
0.414138
0.626544
0.290658
0.475494
0.922090
0.021859
0.187953
0.344325
0.681504
0.231634
0.160731
0.801128
0.841556
0.640981
0.020130
0.090535
0.462365
0.571972
0.658394
0.513281
0.264363
0.713075
0.199280
0.922090
0.061772
0.690166
0.672823
0.387593
0.543791
0.127623
0.187953
0.409279
0.144460
0.141156
0.173237
0.940331
0.713075
0.462365
0.704484
0.991213
0.124654
0.075538
0.643949
0.557828
0.907293
0.269851
0.535389
0.107244
0.962240
0.766291
0.153566
0.930673
0.483494
0.603471
0.269851
0.329292
0.382926
0.084803
0.382926
0.658394
0.304435
0.387593
0.713075
0.779856
0.394742
0.357661
0.470257
0.124654
0.434080
0.793201
0.462365
0.483494
0.375911
0.801128
0.183833
0.027652
0.421575
0.640981
0.144460
0.649688
0.658394
0.284858
0.269851
0.603471
0.357661
0.135818
0.848789
0.009277
0.947760
0.505064
0.787927
0.241635
0.043818
0.290658
0.475494
0.643949
0.947760
0.394742
0.483494
0.333520
0.357661
0.144460
0.744157
0.907293
0.922090
0.027908
0.658394
0.141156
0.557828
0.940331
0.603471
0.907293
0.414138
0.855893
0.841556
0.478214
0.357661
0.203680
0.327120
0.749684
0.867378
0.483494
0.744157
0.406779
0.183833
0.704484
0.187953
0.704484
0.206623
0.658394
0.527033
0.082732
0.038764
0.635244
0.284858
0.177160
0.382926
0.007378
0.346575
0.635244
0.978604
0.029982
0.491556
0.771705
0.991213
0.848789
0.667094
0.364456
0.375911
0.037099
0.350951
0.681504
0.527033
0.612135
0.527033
0.449423
0.147829
0.801128
0.088340
0.808960
0.039801
0.491556
0.300471
0.829282
0.744157
0.617854
0.368979
0.316692
0.300471
0.390021
0.357661
0.713075
0.617854
0.758020
0.779856
0.080707
0.801128
0.681504
0.173237
0.681504
0.478214
0.086919
0.421575
0.499678
0.192150
0.310521
0.340005
0.421575
0.821730
0.228410
0.441715
0.310521
0.218844
0.067775
0.026438
0.414138
0.043818
0.787927
0.658394
0.329292
0.499678
0.181158
0.744157
0.779856
0.643949
0.787927
0.801128
0.211153
0.505064
0.527033
0.513281
0.821730
0.658394
0.860501
0.215763
0.535389
0.199280
0.884948
0.483494
0.986757
0.030798
0.704484
0.571972
0.357661
0.094284
0.991213
0.801128
0.333520
0.795913
0.901408
0.194957
0.019768
0.079397
0.884948
0.255445
0.394742
0.672823
0.211153
0.935597
0.535389
0.658394
0.255445
0.612135
0.652656
0.962240
0.735726
0.672823
0.045761
0.907293
0.571972
0.787927
0.034568
0.173237
0.499678
0.267971
0.340005
0.387593
0.375911
0.766291
0.364456
0.394742
0.153566
0.421575
0.496903
0.891273
0.907293
0.096609
0.713075
0.589144
0.211153
0.114294
0.462365
0.681504
0.023508
0.454542
0.727244
0.787927
0.027164
0.290658
0.787927
0.037099
0.112510
0.013909
0.203680
0.557828
0.779856
0.913005
0.255445
0.766291
0.735726
0.434080
0.927324
0.721628
0.124654
0.057717
0.771705
0.236593
0.103042
0.290658
0.130653
0.470257
0.255445
0.589144
0.064990
0.841556
0.643949
0.041578
0.758020
0.199280
0.194957
0.535389
0.787927
0.626544
0.907293
0.808960
0.571972
0.571972
0.927324
0.203680
0.766291
0.836720
0.801128
0.327120
0.974087
0.414138
0.913005
0.808960
0.462365
0.779856
0.649688
0.499678
0.978604
0.008847
0.067775
0.040498
0.046970
0.470257
0.057717
0.681504
0.186540
0.947760
0.199280
0.821730
0.735726
0.414138
0.874110
0.322949
0.350951
0.000696
0.021268
0.155897
0.505064
0.779856
0.557828
0.986757
