0.275424
0.470257
0.690166
0.499678
0.829282
0.808960
0.867378
0.505064
0.958545
0.867378
0.350951
0.787927
0.891273
0.566341
0.153566
0.499678
0.808960
0.580543
0.658394
0.907293
0.491556
0.357661
0.951979
0.766291
0.695863
0.344325
0.535389
0.344325
0.192150
0.704484
0.357661
0.483494
0.552238
0.535389
0.362130
0.907293
0.483494
0.499678
0.594827
0.155897
0.002863
0.947760
0.907293
0.978604
0.441715
0.766291
0.947760
0.829282
0.382926
0.441715
0.829282
0.409279
0.690166
0.015409
0.284858
0.771705
0.935597
0.672823
0.580543
0.771705
0.649688
0.021268
0.264363
0.513281
0.233315
0.241635
0.015409
0.981075
0.721628
0.543791
0.126604
0.580543
0.362130
0.658394
0.974087
0.880693
0.401971
0.779856
0.907293
0.421575
0.620815
0.749684
0.557828
0.483494
0.891273
0.855893
0.364456
0.387593
0.034568
0.390021
0.758020
0.401971
0.017063
0.462365
0.141156
0.416665
0.290658
0.947760
0.141156
0.940331
0.505064
0.947760
0.194957
0.436675
0.077446
0.603471
0.766291
0.626544
0.394742
0.580543
0.935597
0.658394
0.779856
0.141156
0.884948
0.192150
0.350951
0.971109
0.312615
0.884948
0.264363
0.521553
0.264363
0.077446
0.103042
0.462365
0.603471
0.951979
0.749684
0.401971
0.513281
0.848789
0.713075
0.112510
0.874110
0.096609
0.088340
0.364456
0.478214
0.107244
0.491556
0.049040
0.801128
0.441715
0.549354
0.192150
0.962240
0.841556
0.667094
0.346575
0.255445
0.884948
0.001588
0.829282
0.962240
0.766291
0.203680
0.580543
0.194957
0.306500
0.003926
0.144460
0.787927
0.075538
0.801128
0.991213
0.704484
0.787927
0.698805
0.491556
0.340005
0.836720
0.406779
0.483494
0.971109
0.571972
0.766291
0.557828
0.496903
0.891273
0.566341
0.387593
0.735726
0.927324
0.114294
0.681504
0.986757
0.891273
0.521553
0.119859
0.940331
0.467559
0.441715
0.394742
0.991213
0.401971
0.496903
0.735726
0.505064
0.173237
0.566341
0.228410
0.571972
0.357661
0.681504
0.771705
0.322949
0.808960
0.001378
0.589144
0.300471
0.269851
0.449423
0.801128
0.594827
0.194957
0.571972
0.199280
0.801128
0.507859
0.787927
0.094284
0.368979
0.658394
0.077446
0.169385
0.211153
0.681504
0.535389
0.300471
0.801128
0.226757
0.884948
0.382926
0.375911
0.470257
0.462365
0.306500
0.401971
0.626544
0.387593
0.965738
0.681504
0.041578
0.713075
0.037752
0.329292
0.250182
0.426518
0.981075
0.549354
0.333520
0.284858
0.499678
0.316692
0.269851
0.848789
0.475494
0.024596
0.580543
0.727244
0.884948
0.771705
0.727244
0.721628
0.721628
0.306500
0.434080
0.626544
0.612135
0.340005
0.357661
0.521553
0.848789
0.891273
0.394742
0.429087
0.848789
0.612135
0.109849
0.758020
0.874110
0.362130
0.269851
0.913005
0.505064
0.951979
0.357661
0.312615
0.855893
0.266225
0.067775
0.190711
0.521553
0.749684
0.891273
0.275424
0.735726
0.771705
0.173237
0.279144
0.779856
0.549354
0.744157
0.241635
0.462365
0.891273
0.635244
0.808960
0.643949
0.135818
0.039445
0.409279
0.540922
0.891273
0.681504
0.032199
0.626544
0.223587
0.322949
0.947760
0.346575
0.603471
0.074897
0.704484
0.380525
0.940331
0.499678
0.002020
0.129613
0.103042
0.897436
0.333520
0.312615
0.173237
0.067775
0.749684
0.907293
0.758020
0.855893
0.002082
0.215763
0.758020
0.135818
0.382926
0.340005
0.735726
0.589144
0.260793
0.284858
0.117048
0.401971
0.518727
0.375911
0.774492
0.082732
0.166886
0.421575
0.867378
0.329292
0.612135
0.816691
0.288671
0.821730
0.884948
0.111596
0.020886
0.860501
0.643949
0.290658
0.735726
0.454542
0.203680
0.462365
0.462365
0.457201
0.612135
0.713075
0.340005
0.296545
0.483494
0.015845
0.744157
0.105557
0.306500
0.758020
0.927324
0.779856
0.907293
0.566341
0.401971
0.491556
0.211153
0.771705
0.273514
0.744157
0.170690
0.139014
0.211153
0.275424
0.375911
0.050328
0.855893
0.867378
0.927324
0.414138
0.672823
0.279144
0.273514
0.236593
0.771705
0.478214
0.357661
0.704484
0.275424
0.173237
0.004775
0.735726
0.223587
0.535389
0.947760
0.727244
0.380525
0.390021
0.672823
0.787927
0.557828
0.103042
0.704484
0.322949
0.462365
0.758020
0.375911
0.749684
0.483494
0.513281
0.241635
0.808960
0.801128
0.897436
0.649688
0.947760
0.922090
0.922090
0.695863
0.907293
0.177160
0.228410
0.499678
0.199280
0.434080
0.808960
0.971109
0.223587
0.429087
0.787927
0.597771
0.821730
0.713075
0.962240
0.580543
0.260793
0.475494
0.258960
0.848789
0.922090
0.681504
0.860501
0.999575
0.462365
0.124654
0.640981
0.454542
0.470257
0.727244
0.758020
0.228410
0.658394
0.322949
0.713075
0.681504
0.771705
0.635244
0.779856
0.758020
0.635244
0.580543
0.626544
0.364456
0.157114
0.704484
0.658394
0.483494
0.491556
0.042685
0.940331
0.935597
0.096609
0.617854
0.329292
0.566341
0.695863
0.913005
0.829282
0.571972
0.007965
0.382926
0.169385
0.571972
0.589144
0.306500
0.112510
0.974087
0.187953
0.690166
0.521553
0.603471
0.521553
0.380525
0.848789
0.228410
0.681504
0.557828
0.153566
0.897436
0.735726
0.421575
0.368979
0.401971
0.119859
0.284858
0.589144
0.294528
0.779856
0.187953
0.153566
0.758020
0.643949
0.580543
0.758020
0.375911
0.884948
0.940331
0.801128
0.913005
0.527033
0.169385
0.643949
0.848789
0.612135
0.449423
0.401971
0.173237
0.940331
0.589144
0.566341
0.000872
0.264363
0.015845
0.414138
0.077446
0.279144
0.801128
0.795913
0.231634
0.072465
0.124654
0.127623
0.024596
0.166886
0.841556
0.470257
0.643949
0.072465
0.505064
0.566341
