0.922090
0.037099
0.119859
0.135818
0.088340
0.368979
0.735726
0.922090
0.597771
0.312615
0.279144
0.787927
0.284858
0.112510
0.603471
0.758020
0.766291
0.421575
0.112510
0.483494
0.329292
0.867378
0.215763
0.441715
0.848789
0.290658
0.626544
0.801128
0.635244
0.744157
0.414138
0.801128
0.779856
0.279144
0.491556
0.787927
0.064431
0.617854
0.446787
0.787927
0.848789
0.300471
0.958545
0.612135
0.735726
0.382926
0.306500
0.635244
0.173237
0.046970
0.540922
0.206623
0.935597
0.038764
0.713075
0.119859
0.215763
0.035180
0.269851
0.880693
0.962240
0.841556
0.867378
0.971109
0.001865
0.658394
0.874110
0.867378
0.672823
0.672823
0.855893
0.002082
0.114294
0.880693
0.124654
0.681504
0.951979
0.401971
0.922090
0.836720
0.758020
0.884948
0.199280
0.916674
0.758020
0.401971
0.787927
0.947760
0.935597
0.255445
0.841556
0.462365
0.103042
0.187953
0.557828
0.771705
0.434080
0.255445
0.005013
0.617854
0.907293
0.446787
0.922090
0.735726
0.483494
0.429087
0.667094
0.667094
0.049040
0.250182
0.409279
0.187953
0.566341
0.177160
0.053907
0.922090
0.470257
0.589144
0.855893
0.841556
0.681504
0.284858
0.084803
0.421575
0.695863
0.836720
0.779856
0.170690
0.177160
0.958545
0.901408
0.758020
0.141156
0.535389
0.557828
0.250182
0.667094
0.874110
0.264363
0.104694
0.829282
0.124654
0.713075
0.269851
0.704484
0.557828
0.574890
0.173237
0.368979
0.491556
0.013909
0.039801
0.015695
0.306500
0.255445
0.316692
0.771705
0.771705
0.749684
0.117048
0.421575
0.758020
0.132684
0.667094
0.518727
0.612135
0.829282
0.401971
0.940331
0.414138
0.505064
0.535389
0.454542
0.535389
0.721628
0.766291
0.727244
0.505064
0.382926
0.063362
0.173237
0.199280
0.364456
0.035180
0.215763
0.690166
0.401971
0.994555
0.163153
0.947760
0.518727
0.132684
0.449423
0.483494
0.612135
0.260793
0.816691
0.215763
0.721628
0.612135
0.357661
0.421575
0.025970
0.329292
0.316692
0.901408
0.132684
0.401971
0.566341
0.340005
0.704484
0.074303
0.387593
0.147829
0.994555
0.080707
0.116102
0.779856
0.907293
0.735726
0.127623
0.913005
0.088340
0.589144
0.008436
0.269851
0.092008
0.269851
0.816691
0.878466
0.727244
0.357661
0.867378
0.951979
0.505064
0.713075
0.215763
0.218844
0.068911
0.867378
0.758020
0.935597
0.279144
0.566341
0.779856
0.635244
0.009546
0.557828
0.704484
0.667094
0.672823
0.066084
0.658394
0.589144
0.340005
0.441715
0.296545
0.421575
0.801128
0.177160
0.273514
0.119859
0.401971
0.735726
0.029982
0.874110
0.779856
0.535389
0.018883
0.787927
0.475494
0.364456
0.025970
0.589144
0.535389
0.364456
0.984769
0.364456
0.744157
0.483494
0.529876
0.454542
0.075538
0.153566
0.713075
0.874110
0.626544
0.072465
0.841556
0.269851
0.643949
0.612135
0.922090
0.203680
0.109849
0.727244
0.580543
0.681504
0.713075
0.787927
0.025970
0.801128
0.163153
0.681504
0.031348
0.951979
0.491556
0.935597
0.088340
0.658394
0.557828
0.787927
0.483494
0.744157
0.535389
0.470257
0.513281
0.135818
0.023508
0.549354
0.874110
0.951979
0.316692
0.771705
0.072465
0.375911
0.535389
0.013909
0.626544
0.421575
0.018883
0.258960
0.766291
0.231634
0.667094
0.357661
0.279144
0.000204
0.275424
0.312615
0.580543
0.470257
0.958545
0.535389
0.064431
0.867378
0.269851
0.580543
0.387593
0.603471
0.658394
0.124654
0.183833
0.672823
0.841556
0.306500
0.884948
0.105557
0.499678
0.045761
0.194957
0.187953
0.971109
0.999575
0.011974
0.727244
0.986757
0.382926
0.681504
0.758020
0.233315
0.649688
0.735726
0.935597
0.603471
0.215763
0.535389
0.841556
0.612135
0.163153
0.055312
0.015409
0.135818
0.735726
0.787927
0.779856
0.255445
0.333520
0.228410
0.580543
0.907293
0.841556
0.066084
0.364456
0.962240
0.947760
0.527033
0.658394
0.163153
0.771705
0.695863
0.208158
0.124654
0.735726
0.441715
0.394742
0.241635
0.867378
0.617854
0.346575
0.119859
0.848789
0.306500
0.749684
0.527033
0.549354
0.236593
0.635244
0.640981
0.070668
0.940331
0.821730
0.981075
0.513281
0.446787
0.971109
0.151265
0.643949
0.527033
0.513281
0.758020
0.557828
0.333520
0.170690
0.421575
0.787927
0.173237
0.375911
0.044581
0.124654
0.306500
0.260793
0.284858
0.434080
0.346575
0.916674
0.984769
0.241635
0.333520
0.635244
0.051648
0.962240
0.735726
0.658394
0.698805
0.612135
0.387593
0.557828
0.947760
0.483494
0.310521
0.681504
0.264363
0.971109
0.829282
0.713075
0.787927
0.316692
0.935597
0.821730
0.667094
0.801128
0.771705
0.907293
0.371333
0.462365
0.406779
0.643949
0.264363
0.557828
0.203680
0.884948
0.603471
0.991213
0.364456
0.978604
0.884948
0.643949
0.296545
0.357661
0.284858
0.643949
0.483494
0.206623
0.117048
0.357661
0.951979
0.001981
0.088340
0.119859
0.704484
0.192150
0.535389
0.649688
0.368979
0.312615
0.735726
0.667094
0.626544
0.401971
0.086192
0.907293
0.787927
0.848789
0.001465
0.153566
0.984769
0.362130
0.841556
0.589144
0.333520
0.304435
0.421575
0.552238
0.223587
0.986757
0.375911
0.002255
0.681504
0.449423
0.749684
0.884948
0.841556
0.066084
0.829282
0.483494
0.306500
0.867378
0.034568
0.543791
0.306500
0.082732
0.779856
0.713075
0.787927
0.364456
0.779856
0.758020
0.758020
0.962240
0.766291
0.916674
0.421575
0.409279
0.441715
0.735726
0.192150
0.779856
0.019768
0.375911
0.394742
0.557828
0.566341
0.513281
0.626544
0.394742
0.335721
0.958545
0.496903
0.375911
0.922090
0.327120
0.513281
0.801128
0.250182
0.206623
