0.891273
0.971109
0.658394
0.884948
0.141156
0.801128
0.571972
0.371333
0.000013
0.029186
0.795913
0.449423
0.421575
0.000000
0.073672
0.821730
0.779856
0.183833
0.580543
0.441715
0.927324
0.787927
0.986757
0.535389
0.935597
0.704484
0.290658
0.132684
0.527033
0.927324
0.350951
0.122729
0.187953
0.206623
0.597771
0.079397
0.681504
0.223587
0.382926
0.483494
0.258960
0.203680
0.787927
0.057717
0.233315
0.206623
0.518727
0.916674
0.891273
0.454542
0.787927
0.543791
0.643949
0.527033
0.521553
0.907293
0.749684
0.766291
0.749684
0.375911
0.557828
0.000198
0.603471
0.971109
0.901408
0.603471
0.795913
0.821730
0.236593
0.695863
0.884948
0.535389
0.727244
0.042685
0.096609
0.375911
0.779856
0.995551
0.816691
0.483494
0.039801
0.940331
0.612135
0.744157
0.122729
0.675784
0.449423
0.801128
0.163153
0.962240
0.793201
0.255445
0.483494
0.011106
0.250182
0.626544
0.848789
0.382926
0.771705
0.935597
0.749684
0.922090
0.566341
0.002082
0.612135
0.874110
0.649688
0.901408
0.994555
0.088340
0.589144
0.269851
0.043818
0.491556
0.015409
0.535389
0.401971
0.077446
0.695863
0.290658
0.801128
0.409279
0.543791
0.922090
0.891273
0.795913
0.681504
0.322949
0.316692
0.922090
0.658394
0.382926
0.368979
0.095811
0.050328
0.758020
0.078727
0.007593
0.177160
0.304435
0.218844
0.874110
0.935597
0.690166
0.080707
0.296545
0.157114
0.094284
0.829282
0.855893
0.962240
0.177160
0.821730
0.821730
0.009277
0.064431
0.907293
0.016293
0.580543
0.426518
0.449423
0.421575
0.626544
0.848789
0.322949
0.603471
0.787927
0.766291
0.357661
0.462365
0.470257
0.962240
0.269851
0.727244
0.187953
0.300471
0.475494
0.163153
0.290658
0.940331
0.855893
0.228410
0.357661
0.571972
0.779856
0.958545
0.434080
0.121744
0.294528
0.922090
0.927324
0.935597
0.375911
0.117048
0.721628
0.829282
0.166886
0.022875
0.916674
0.052535
0.640981
0.535389
0.580543
0.275424
0.346575
0.049886
0.306500
0.061772
0.250182
0.483494
0.132684
0.316692
0.626544
0.744157
0.414138
0.250182
0.620815
0.779856
0.801128
0.821730
0.771705
0.848789
0.779856
0.996919
0.744157
0.635244
0.612135
0.635244
0.935597
0.667094
0.082732
0.836720
0.027908
0.816691
0.727244
0.907293
0.907293
0.322949
0.727244
0.527033
0.758020
0.387593
0.907293
0.626544
0.255445
0.704484
0.206623
0.117048
0.401971
0.749684
0.958545
0.681504
0.228410
0.441715
0.483494
0.160731
0.704484
0.589144
0.075538
0.713075
0.867378
0.421575
0.029708
0.441715
0.620815
0.223587
0.505064
0.860501
0.735726
0.543791
0.022875
0.414138
0.281082
0.779856
0.114294
0.364456
0.758020
0.275424
0.122729
0.132684
0.821730
0.649688
0.603471
0.821730
0.635244
0.269851
0.190711
0.860501
0.589144
0.821730
0.557828
0.891273
0.279144
0.735726
0.074303
0.077446
0.771705
0.758020
0.382926
0.594827
0.496903
0.357661
0.513281
0.816691
0.535389
0.620815
0.884948
0.375911
0.082732
0.009104
0.589144
0.690166
0.401971
0.505064
0.157114
0.535389
0.603471
0.907293
0.290658
0.119859
0.215763
0.505064
0.499678
0.643949
0.867378
0.962240
0.891273
0.947760
0.187953
0.836720
0.808960
0.320806
0.922090
0.192150
0.816691
0.612135
0.962240
0.478214
0.901408
0.971109
0.294528
0.173237
0.557828
0.401971
0.884948
0.867378
0.816691
0.927324
0.779856
0.150086
0.060743
0.074303
0.387593
0.429087
0.635244
0.166886
0.594827
0.557828
0.884948
0.470257
0.434080
0.375911
0.089781
0.357661
0.409279
0.006832
0.808960
0.228410
0.327120
0.535389
0.916674
0.023508
0.907293
0.626544
0.357661
0.203680
0.020130
0.053907
0.713075
0.935597
0.513281
0.100580
0.306500
0.635244
0.867378
0.387593
0.203680
0.940331
0.121744
0.300471
0.103042
0.040498
0.401971
0.603471
0.066084
0.787927
0.962240
0.704484
0.169385
0.589144
0.958545
0.672823
0.137917
0.721628
0.566341
0.829282
0.721628
0.867378
0.744157
0.250182
0.121744
0.009822
0.258960
0.543791
0.612135
0.350951
0.470257
0.449423
0.649688
0.891273
0.589144
0.513281
0.279144
0.580543
0.566341
0.141156
0.874110
0.333520
0.068911
0.727244
0.250182
0.897436
0.787927
0.758020
0.829282
0.057215
0.713075
0.787927
0.132684
0.042685
0.011753
0.848789
0.672823
0.867378
0.549354
0.681504
0.549354
0.836720
0.513281
0.793201
0.962240
0.557828
0.867378
0.434080
0.829282
0.735726
0.571972
0.491556
0.223587
0.913005
0.758020
0.454542
0.340005
0.808960
0.057717
0.306500
0.357661
0.014043
0.220452
0.749684
0.434080
0.496903
0.045761
0.649688
0.951979
0.681504
0.603471
0.521553
0.068911
0.322949
0.626544
0.571972
0.874110
0.713075
0.513281
0.801128
0.312615
0.211153
0.940331
0.991213
0.951979
0.181158
0.406779
0.416665
0.173237
0.246759
0.681504
0.421575
0.505064
0.860501
0.003289
0.462365
0.935597
0.735726
0.152372
0.793201
0.951979
0.421575
0.306500
0.658394
0.848789
0.951979
0.951979
0.574890
0.357661
0.916674
0.829282
0.758020
0.540922
0.063362
0.704484
0.994555
0.139014
0.414138
0.935597
0.704484
0.449423
0.667094
0.916674
0.085471
0.698805
0.218844
0.163153
0.557828
0.357661
0.173237
0.721628
0.153566
0.387593
0.394742
0.061772
0.015695
0.940331
0.375911
0.333520
0.635244
0.897436
0.612135
0.867378
0.005968
0.787927
0.059212
0.382926
0.340005
0.672823
0.505064
0.521553
0.994555
0.241635
0.027164
0.612135
0.681504
0.922090
0.290658
0.169385
0.223587
0.635244
0.505064
0.096609
0.901408
0.421575
0.675784
0.139014
0.543791
0.922090
0.681504
