0.037752
0.401971
0.031348
0.513281
0.922090
0.021859
0.001114
0.027164
0.214182
0.735726
0.649688
0.518727
0.322949
0.801128
0.020130
0.441715
0.855893
0.269851
0.233315
0.505064
0.901408
0.594827
0.603471
0.046970
0.094284
0.589144
0.454542
0.322949
0.421575
0.821730
0.094284
0.947760
0.119859
0.053907
0.571972
0.658394
0.901408
0.279144
0.013276
0.713075
0.394742
0.454542
0.513281
0.310521
0.409279
0.681504
0.681504
0.787927
0.483494
0.350951
0.401971
0.269851
0.475494
0.070668
0.275424
0.206623
0.603471
0.064990
0.589144
0.589144
0.612135
0.127623
0.000176
0.228410
0.649688
0.947760
0.589144
0.998868
0.549354
0.766291
0.441715
0.841556
0.735726
0.375911
0.836720
0.695863
0.749684
0.052535
0.080707
0.589144
0.867378
0.279144
0.194957
0.635244
0.177160
0.194957
0.566341
0.401971
0.635244
0.192150
0.735726
0.721628
0.821730
0.057717
0.199280
0.962240
0.713075
0.206623
0.075538
0.375911
0.409279
0.978604
0.117048
0.025970
0.867378
0.025274
0.052535
0.557828
0.033659
0.350951
0.206623
0.727244
0.434080
0.704484
0.016139
0.557828
0.513281
0.426518
0.119859
0.787927
0.436675
0.922090
0.884948
0.406779
0.322949
0.505064
0.672823
0.741289
0.907293
0.462365
0.462365
0.187953
0.000226
0.566341
0.109849
0.215763
0.269851
0.199280
0.690166
0.098985
0.449423
0.060217
0.150086
0.024596
0.658394
0.029982
0.362130
0.841556
0.758020
0.333520
0.626544
0.667094
0.035500
0.499678
0.922090
0.690166
0.735726
0.580543
0.571972
0.862861
0.571972
0.922090
0.779856
0.801128
0.414138
0.203680
0.505064
0.758020
0.236593
0.999575
0.735726
0.727244
0.927324
0.998868
0.940331
0.779856
0.119859
0.112510
0.808960
0.211153
0.643949
0.901408
0.157114
0.441715
0.003193
0.223587
0.082732
0.681504
0.040864
0.721628
0.375911
0.829282
0.874110
0.713075
0.704484
0.082732
0.010900
0.449423
0.483494
0.015409
0.049040
0.999575
0.183833
0.364456
0.177160
0.758020
0.787927
0.681504
0.470257
0.409279
0.771705
0.357661
0.050328
0.350951
0.874110
0.340005
0.505064
0.874110
0.251967
0.727244
0.060743
0.034568
0.978604
0.994555
0.626544
0.483494
0.049040
0.891273
0.088340
0.032771
0.935597
0.505064
0.153566
0.181158
0.021859
0.958545
0.228410
0.698805
0.079397
0.434080
0.491556
0.483494
0.470257
0.855893
0.166886
0.735726
0.264363
0.350951
0.801128
0.223587
0.947760
0.580543
0.681504
0.241635
0.566341
0.935597
0.841556
0.695863
0.406779
0.620815
0.984769
0.589144
0.141156
0.357661
0.962240
0.603471
0.475494
0.836720
0.978604
0.478214
0.667094
0.713075
0.907293
0.779856
0.483494
0.496903
0.203680
0.779856
0.808960
0.829282
0.667094
0.214182
0.681504
0.483494
0.735726
0.801128
0.884948
0.020692
0.626544
0.681504
0.940331
0.779856
0.829282
0.617854
0.860501
0.057717
0.907293
0.821730
0.667094
0.063362
0.382926
0.135818
0.027164
0.704484
0.483494
0.821730
0.603471
0.300471
0.513281
0.072465
0.513281
0.766291
0.986757
0.346575
0.962240
0.874110
0.922090
0.951979
0.984769
0.962240
0.470257
0.749684
0.667094
0.077446
0.387593
0.107244
0.927324
0.867378
0.000162
0.821730
0.236593
0.045761
0.848789
0.713075
0.874110
0.974087
0.735726
0.462365
0.454542
0.375911
0.907293
0.454542
0.713075
0.808960
0.241635
0.159490
0.727244
0.635244
0.829282
0.566341
0.135818
0.527033
0.281082
0.139014
0.290658
0.557828
0.462365
0.144460
0.470257
0.284858
0.884948
0.084803
0.421575
0.513281
0.226757
0.211153
0.994555
0.028409
0.552238
0.306500
0.690166
0.260793
0.612135
0.658394
0.704484
0.294528
0.681504
0.300471
0.855893
0.658394
0.848789
0.836720
0.521553
0.218844
0.194957
0.735726
0.300471
0.947760
0.088340
0.056256
0.241635
0.860501
0.698805
0.947760
0.643949
0.626544
0.787927
0.491556
0.064431
0.829282
0.491556
0.255445
0.406779
0.096609
0.340005
0.535389
0.253642
0.258960
0.816691
0.382926
0.947760
0.884948
0.874110
0.478214
0.766291
0.505064
0.187953
0.612135
0.454542
0.535389
0.922090
0.658394
0.491556
0.340005
0.187953
0.478214
0.829282
0.704484
0.159490
0.441715
0.000285
0.483494
0.735726
0.695863
0.527033
0.901408
0.462365
0.190711
0.672823
0.808960
0.223587
0.974087
0.867378
0.269851
0.014711
0.580543
0.483494
0.357661
0.039801
0.749684
0.540922
0.787927
0.793201
0.421575
0.766291
0.364456
0.401971
0.749684
0.260793
0.150086
0.971109
0.884948
0.907293
0.855893
0.848789
0.496903
0.306500
0.991213
0.535389
0.829282
0.462365
0.808960
0.208158
0.916674
0.312615
0.346575
0.744157
0.735726
0.951979
0.141156
0.279144
0.974087
0.758020
0.119859
0.088340
0.891273
0.897436
0.735726
0.704484
0.557828
0.901408
0.275424
0.241635
0.603471
0.181158
0.329292
0.353229
0.322949
0.758020
0.867378
0.597771
0.907293
0.907293
0.951979
0.333520
0.011106
0.860501
0.787927
0.066084
0.421575
0.223587
0.250182
0.922090
0.787927
0.008436
0.527033
0.094284
0.454542
0.848789
0.394742
0.566341
0.462365
0.965738
0.127623
0.050328
0.758020
0.470257
0.350951
0.603471
0.543791
0.681504
0.698805
0.000641
0.571972
0.971109
0.340005
0.206623
0.766291
0.190711
0.891273
0.958545
0.787927
0.401971
0.758020
0.275424
0.462365
0.346575
0.749684
0.690166
0.306500
0.958545
0.935597
0.364456
0.049040
0.340005
0.375911
0.005687
0.027908
0.284858
0.713075
0.984769
0.713075
0.991213
0.264363
0.401971
0.426518
0.744157
0.704484
0.860501
0.382926
0.475494
0.922090
0.346575
0.991213
0.434080
0.499678
