0.649688
0.112510
0.112510
0.758020
0.226757
0.333520
0.375911
0.808960
0.635244
0.771705
0.848789
0.139014
0.429087
0.150086
0.874110
0.808960
0.867378
0.429087
0.421575
0.735726
0.841556
0.236593
0.727244
0.735726
0.891273
0.103042
0.135818
0.690166
0.029186
0.744157
0.026438
0.991213
0.758020
0.978604
0.496903
0.346575
0.441715
0.552238
0.727244
0.082732
0.090535
0.082732
0.483494
0.549354
0.322949
0.105557
0.231634
0.329292
0.030798
0.907293
0.170690
0.620815
0.935597
0.067775
0.922090
0.681504
0.612135
0.603471
0.971109
0.727244
0.808960
0.580543
0.947760
0.727244
0.491556
0.269851
0.681504
0.984769
0.935597
0.891273
0.704484
0.801128
0.007593
0.940331
0.003629
0.874110
0.004637
0.901408
0.978604
0.612135
0.884948
0.927324
0.096609
0.841556
0.115226
0.346575
0.483494
0.907293
0.649688
0.643949
0.441715
0.967937
0.836720
0.375911
0.223587
0.930673
0.821730
0.340005
0.322949
0.658394
0.829282
0.947760
0.779856
0.649688
0.470257
0.375911
0.496903
0.346575
0.860501
0.462365
0.612135
0.126604
0.922090
0.004503
0.015409
0.187953
0.163153
0.891273
0.640981
0.322949
0.019768
0.681504
0.535389
0.672823
0.535389
0.421575
0.808960
0.478214
0.414138
0.475494
0.951979
0.635244
0.916674
0.922090
0.344325
0.241635
0.718717
0.667094
0.907293
0.801128
0.874110
0.891273
0.620815
0.643949
0.667094
0.978604
0.245003
0.322949
0.652656
0.121744
0.513281
0.340005
0.055312
0.109849
0.260793
0.223587
0.441715
0.594827
0.549354
0.566341
0.643949
0.535389
0.390021
0.884948
0.855893
0.401971
0.808960
0.187953
0.749684
0.255445
0.462365
0.187953
0.441715
0.884948
0.054829
0.758020
0.749684
0.991213
0.491556
0.713075
0.962240
0.380525
0.288671
0.449423
0.245003
0.491556
0.013276
0.013276
0.635244
0.727244
0.867378
0.084092
0.867378
0.922090
0.103042
0.050328
0.758020
0.008354
0.589144
0.649688
0.434080
0.727244
0.566341
0.557828
0.589144
0.848789
0.704484
0.801128
0.667094
0.626544
0.749684
0.421575
0.401971
0.998463
0.478214
0.543791
0.047782
0.090535
0.211153
0.163153
0.878466
0.962240
0.406779
0.038764
0.231634
0.505064
0.821730
0.340005
0.483494
0.187953
0.801128
0.066084
0.612135
0.394742
0.589144
0.223587
0.478214
0.310521
0.884948
0.163153
0.023508
0.635244
0.275424
0.333520
0.513281
0.848789
0.779856
0.594827
0.994555
0.713075
0.749684
0.401971
0.090535
0.940331
0.075538
0.421575
0.821730
0.290658
0.275424
0.241635
0.821730
0.543791
0.571972
0.153566
0.758020
0.766291
0.483494
0.094284
0.749684
0.801128
0.922090
0.991213
0.527033
0.749684
0.690166
0.011106
0.704484
0.626544
0.978604
0.027164
0.855893
0.698805
0.368979
0.566341
0.255445
0.470257
0.612135
0.470257
0.549354
0.626544
0.589144
0.766291
0.346575
0.672823
0.491556
0.695863
0.135818
0.681504
0.382926
0.312615
0.505064
0.991213
0.922090
0.013276
0.652656
0.971109
0.735726
0.749684
0.119859
0.829282
0.038094
0.821730
0.269851
0.024825
0.409279
0.617854
0.364456
0.066084
0.848789
0.535389
0.681504
0.475494
0.441715
0.589144
0.166886
0.024596
0.612135
0.322949
0.649688
0.206623
0.958545
0.855893
0.617854
0.264363
0.935597
0.223587
0.557828
0.884948
0.808960
0.127623
0.962240
0.505064
0.667094
0.841556
0.594827
0.907293
0.841556
0.223587
0.787927
0.766291
0.255445
0.867378
0.023508
0.454542
0.962240
0.491556
0.681504
0.449423
0.037099
0.449423
0.855893
0.549354
0.306500
0.848789
0.470257
0.086192
0.801128
0.153566
0.617854
0.223587
0.848789
0.449423
0.922090
0.300471
0.867378
0.594827
0.571972
0.064990
0.787927
0.153566
0.735726
0.589144
0.028409
0.211153
0.749684
0.690166
0.163153
0.454542
0.086192
0.735726
0.891273
0.255445
0.867378
0.012199
0.626544
0.580543
0.771705
0.194957
0.860501
0.426518
0.375911
0.962240
0.255445
0.690166
0.000016
0.779856
0.132684
0.401971
0.801128
0.841556
0.991213
0.462365
0.084803
0.153566
0.429087
0.177160
0.454542
0.327120
0.141156
0.527033
0.513281
0.483494
0.019768
0.340005
0.891273
0.766291
0.255445
0.462365
0.713075
0.635244
0.771705
0.603471
0.907293
0.971109
0.695863
0.557828
0.620815
0.829282
0.727244
0.057717
0.891273
0.713075
0.421575
0.681504
0.000035
0.159490
0.521553
0.346575
0.269851
0.357661
0.316692
0.401971
0.620815
0.557828
0.223587
0.836720
0.449423
0.103042
0.470257
0.017063
0.228410
0.821730
0.049040
0.426518
0.513281
0.513281
0.658394
0.974087
0.109849
0.612135
0.867378
0.513281
0.681504
0.958545
0.092778
0.978604
0.994555
0.749684
0.836720
0.141156
0.380525
0.067775
0.241635
0.557828
0.543791
0.039801
0.483494
0.070668
0.002645
0.038764
0.434080
0.055312
0.421575
0.658394
0.340005
0.004503
0.940331
0.766291
0.333520
0.132684
0.491556
0.589144
0.566341
0.426518
0.375911
0.821730
0.981075
0.735726
0.454542
0.848789
0.470257
0.580543
0.597771
0.329292
0.236593
0.529876
0.177160
0.991213
0.173237
0.002645
0.117048
0.829282
0.211153
0.594827
0.449423
0.245003
0.535389
0.626544
0.454542
0.848789
0.779856
0.901408
0.867378
0.744157
0.462365
0.801128
0.316692
0.483494
0.535389
0.051648
0.441715
0.042685
0.935597
0.749684
0.771705
0.922090
0.183833
0.241635
0.362130
0.527033
0.997586
0.766291
0.758020
0.183833
0.713075
0.940331
0.454542
0.414138
0.612135
0.518727
0.236593
0.735726
0.470257
0.177160
0.181158
0.279144
0.521553
0.884948
0.211153
0.927324
0.580543
0.727244
0.114294
0.394742
0.649688
0.096609
