0.434080
0.821730
0.922090
0.940331
0.597771
0.848789
0.940331
0.421575
0.491556
0.971109
0.228410
0.580543
0.080707
0.375911
0.603471
0.867378
0.144460
0.406779
0.971109
0.681504
0.231634
0.008354
0.704484
0.052535
0.375911
0.658394
0.727244
0.841556
0.513281
0.787927
0.000696
0.199280
0.801128
0.070668
0.758020
0.535389
0.119859
0.965738
0.002593
0.612135
0.406779
0.695863
0.727244
0.429087
0.855893
0.521553
0.183833
0.041578
0.153566
0.597771
0.930673
0.409279
0.013276
0.155897
0.681504
0.119859
0.944872
0.907293
0.462365
0.543791
0.571972
0.603471
0.441715
0.594827
0.236593
0.505064
0.181158
0.527033
0.808960
0.306500
0.620815
0.375911
0.109849
0.958545
0.241635
0.269851
0.294528
0.394742
0.991213
0.035180
0.364456
0.064990
0.079397
0.340005
0.329292
0.153566
0.475494
0.209600
0.681504
0.521553
0.035180
0.771705
0.808960
0.163153
0.787927
0.001114
0.055312
0.816691
0.867378
0.721628
0.991213
0.535389
0.414138
0.401971
0.441715
0.327120
0.643949
0.829282
0.414138
0.454542
0.922090
0.187953
0.333520
0.962240
0.088340
0.061772
0.867378
0.580543
0.848789
0.233315
0.713075
0.387593
0.880693
0.922090
0.333520
0.635244
0.375911
0.951979
0.891273
0.394742
0.667094
0.758020
0.690166
0.848789
0.088340
0.505064
0.749684
0.855893
0.821730
0.421575
0.067775
0.981075
0.290658
0.194957
0.300471
0.626544
0.177160
0.848789
0.816691
0.231634
0.704484
0.935597
0.891273
0.429087
0.962240
0.749684
0.078727
0.779856
0.620815
0.082732
0.144460
0.409279
0.867378
0.327120
0.549354
0.029708
0.574890
0.483494
0.891273
0.821730
0.226757
0.127623
0.816691
0.150086
0.658394
0.306500
0.300471
0.771705
0.375911
0.250182
0.617854
0.047782
0.322949
0.821730
0.690166
0.098170
0.117048
0.821730
0.612135
0.157114
0.429087
0.681504
0.603471
0.449423
0.390021
0.329292
0.779856
0.848789
0.821730
0.752533
0.713075
0.907293
0.589144
0.713075
0.250182
0.401971
0.951979
0.159490
0.346575
0.033659
0.658394
0.434080
0.084803
0.199280
0.535389
0.994555
0.695863
0.462365
0.947760
0.387593
0.649688
0.306500
0.681504
0.713075
0.300471
0.540922
0.995551
0.779856
0.758020
0.935597
0.255445
0.513281
0.681504
0.617854
0.279144
0.414138
0.848789
0.375911
0.884948
0.867378
0.399498
0.779856
0.884948
0.241635
0.907293
0.194957
0.066084
0.836720
0.947760
0.364456
0.236593
0.382926
0.658394
0.346575
0.406779
0.483494
0.231634
0.241635
0.922090
0.527033
0.269851
0.574890
0.394742
0.808960
0.316692
0.779856
0.557828
0.962240
0.327120
0.901408
0.916674
0.421575
0.368979
0.612135
0.884948
0.406779
0.233315
0.022875
0.387593
0.658394
0.704484
0.580543
0.470257
0.194957
0.808960
0.173237
0.491556
0.735726
0.713075
0.053907
0.704484
0.100580
0.375911
0.603471
0.793201
0.364456
0.884948
0.940331
0.310521
0.470257
0.735726
0.322949
0.944872
0.766291
0.290658
0.681504
0.033071
0.907293
0.521553
0.787927
0.454542
0.672823
0.867378
0.566341
0.779856
0.612135
0.035500
0.421575
0.513281
0.042685
0.011640
0.449423
0.037099
0.090535
0.681504
0.478214
0.050328
0.821730
0.426518
0.967937
0.741289
0.543791
0.382926
0.236593
0.956001
0.978604
0.721628
0.808960
0.681504
0.470257
0.658394
0.322949
0.215763
0.962240
0.967937
0.649688
0.250182
0.241635
0.884948
0.793201
0.947760
0.580543
0.223587
0.357661
0.316692
0.250182
0.884948
0.874110
0.394742
0.002443
0.406779
0.971109
0.620815
0.527033
0.181158
0.414138
0.527033
0.483494
0.203680
0.672823
0.296545
0.635244
0.574890
0.935597
0.166886
0.991213
0.006832
0.491556
0.571972
0.704484
0.535389
0.675784
0.077446
0.002189
0.470257
0.867378
0.518727
0.580543
0.884948
0.884948
0.808960
0.173237
0.557828
0.814067
0.603471
0.649688
0.735726
0.848789
0.226757
0.284858
0.446787
0.199280
0.690166
0.231634
0.901408
0.441715
0.223587
0.260793
0.491556
0.749684
0.580543
0.991213
0.483494
0.713075
0.255445
0.771705
0.250182
0.084803
0.793201
0.499678
0.255445
0.713075
0.580543
0.173237
0.672823
0.884948
0.043818
0.713075
0.215763
0.322949
0.294528
0.658394
0.368979
0.296545
0.429087
0.978604
0.010595
0.801128
0.535389
0.007378
0.848789
0.449423
0.672823
0.779856
0.236593
0.007965
0.867378
0.483494
0.713075
0.951979
0.907293
0.322949
0.672823
0.144460
0.258960
0.727244
0.855893
0.891273
0.704484
0.375911
0.127623
0.394742
0.218844
0.658394
0.543791
0.231634
0.801128
0.884948
0.658394
0.535389
0.571972
0.333520
0.690166
0.434080
0.079397
0.454542
0.989675
0.749684
0.070668
0.220452
0.612135
0.649688
0.163153
0.848789
0.206623
0.310521
0.454542
0.878466
0.808960
0.401971
0.758020
0.589144
0.264363
0.801128
0.250182
0.801128
0.322949
0.749684
0.907293
0.119859
0.829282
0.884948
0.543791
0.063362
0.462365
0.922090
0.203680
0.867378
0.199280
0.000000
0.306500
0.070668
0.907293
0.836720
0.211153
0.557828
0.557828
0.206623
0.322949
0.228410
0.913005
0.368979
0.681504
0.441715
0.275424
0.310521
0.841556
0.214182
0.930673
0.228410
0.421575
0.357661
0.766291
0.821730
0.025274
0.867378
0.414138
0.935597
0.884948
0.294528
0.713075
0.874110
0.891273
0.414138
0.643949
0.841556
0.069506
0.250182
0.284858
0.470257
0.364456
0.913005
0.580543
0.329292
0.499678
0.793201
0.658394
0.829282
0.867378
0.626544
0.981075
0.177160
0.046970
0.749684
0.994555
0.727244
0.681504
0.409279
0.891273
0.300471
0.878466
0.771705
0.841556
0.144460
0.971109
0.566341
