0.236593
0.063362
0.049040
0.557828
0.163153
0.901408
0.177160
0.045761
0.340005
0.801128
0.163153
0.922090
0.226757
0.322949
0.867378
0.947760
0.382926
0.421575
0.357661
0.620815
0.713075
0.127623
0.491556
0.000106
0.735726
0.300471
0.974087
0.194957
0.264363
0.082732
0.681504
0.008597
0.241635
0.233315
0.808960
0.429087
0.251967
0.978604
0.322949
0.695863
0.023508
0.571972
0.375911
0.382926
0.735726
0.566341
0.771705
0.981075
0.103042
0.821730
0.236593
0.269851
0.901408
0.147829
0.922090
0.441715
0.566341
0.290658
0.626544
0.981075
0.727244
0.005013
0.884948
0.829282
0.884948
0.241635
0.848789
0.907293
0.557828
0.884948
0.635244
0.557828
0.571972
0.513281
0.478214
0.535389
0.499678
0.505064
0.793201
0.275424
0.350951
0.787927
0.947760
0.612135
0.704484
0.177160
0.043818
0.978604
0.535389
0.434080
0.290658
0.540922
0.922090
0.390021
0.491556
0.867378
0.867378
0.795913
0.206623
0.306500
0.150086
0.491556
0.874110
0.704484
0.626544
0.771705
0.984769
0.357661
0.390021
0.848789
0.144460
0.371333
0.951979
0.727244
0.801128
0.612135
0.157114
0.382926
0.821730
0.513281
0.018368
0.346575
0.874110
0.829282
0.758020
0.124654
0.698805
0.004372
0.121744
0.801128
0.930673
0.841556
0.829282
0.535389
0.891273
0.089781
0.978604
0.387593
0.513281
0.971109
0.478214
0.340005
0.922090
0.346575
0.491556
0.884948
0.053907
0.206623
0.258960
0.462365
0.874110
0.962240
0.429087
0.187953
0.421575
0.382926
0.971109
0.024596
0.848789
0.643949
0.505064
0.491556
0.173237
0.884948
0.779856
0.233315
0.891273
0.333520
0.801128
0.994555
0.250182
0.891273
0.535389
0.390021
0.457201
0.935597
0.057717
0.829282
0.698805
0.414138
0.194957
0.713075
0.681504
0.594827
0.713075
0.250182
0.860501
0.848789
0.829282
0.821730
0.986757
0.935597
0.009822
0.300471
0.821730
0.017866
0.390021
0.357661
0.672823
0.612135
0.801128
0.236593
0.848789
0.269851
0.055312
0.064431
0.199280
0.421575
0.718717
0.387593
0.260793
0.787927
0.118894
0.333520
0.848789
0.357661
0.580543
0.368979
0.867378
0.672823
0.269851
0.215763
0.284858
0.672823
0.612135
0.109849
0.306500
0.211153
0.375911
0.947760
0.306500
0.434080
0.211153
0.177160
0.758020
0.132684
0.704484
0.667094
0.084803
0.626544
0.589144
0.947760
0.557828
0.173237
0.649688
0.940331
0.658394
0.535389
0.005110
0.543791
0.527033
0.801128
0.505064
0.808960
0.139014
0.007168
0.058699
0.727244
0.793201
0.260793
0.491556
0.958545
0.617854
0.312615
0.183833
0.008847
0.704484
0.462365
0.658394
0.218844
0.907293
0.470257
0.922090
0.848789
0.821730
0.320806
0.421575
0.434080
0.962240
0.483494
0.951979
0.245003
0.006832
0.421575
0.563435
0.364456
0.183833
0.594827
0.281082
0.362130
0.821730
0.290658
0.454542
0.566341
0.300471
0.594827
0.475494
0.727244
0.758020
0.401971
0.958545
0.566341
0.940331
0.779856
0.635244
0.185229
0.434080
0.364456
0.000996
0.704484
0.951979
0.163153
0.483494
0.891273
0.150086
0.978604
0.922090
0.643949
0.103042
0.658394
0.414138
0.031348
0.483494
0.997586
0.874110
0.947760
0.821730
0.848789
0.867378
0.771705
0.340005
0.735726
0.735726
0.032771
0.414138
0.449423
0.357661
0.079397
0.962240
0.357661
0.306500
0.779856
0.735726
0.612135
0.675784
0.441715
0.505064
0.300471
0.549354
0.181158
0.483494
0.401971
0.749684
0.884948
0.704484
0.626544
0.735726
0.635244
0.901408
0.044980
0.984769
0.829282
0.209600
0.075538
0.695863
0.713075
0.808960
0.491556
0.774492
0.626544
0.350951
0.032199
0.496903
0.658394
0.690166
0.421575
0.557828
0.874110
0.310521
0.801128
0.766291
0.549354
0.223587
0.787927
0.075538
0.290658
0.483494
0.187953
0.401971
0.958545
0.549354
0.306500
0.094284
0.855893
0.429087
0.901408
0.312615
0.901408
0.643949
0.082732
0.446787
0.787927
0.491556
0.994555
0.362130
0.617854
0.290658
0.901408
0.462365
0.927324
0.132684
0.513281
0.947760
0.535389
0.364456
0.050328
0.867378
0.543791
0.135818
0.470257
0.166886
0.713075
0.527033
0.177160
0.031348
0.117048
0.096609
0.848789
0.203680
0.635244
0.018368
0.264363
0.884948
0.038764
0.603471
0.010795
0.658394
0.026438
0.105557
0.236593
0.421575
0.808960
0.135818
0.255445
0.681504
0.462365
0.190711
0.013276
0.187953
0.173237
0.008436
0.080707
0.290658
0.215763
0.771705
0.758020
0.626544
0.187953
0.038094
0.529876
0.346575
0.035500
0.698805
0.346575
0.414138
0.971109
0.884948
0.306500
0.231634
0.163153
0.499678
0.394742
0.535389
0.177160
0.394742
0.340005
0.735726
0.735726
0.801128
0.916674
0.704484
0.916674
0.401971
0.913005
0.566341
0.649688
0.672823
0.211153
0.387593
0.855893
0.022258
0.935597
0.179787
0.640981
0.223587
0.672823
0.998868
0.157114
0.322949
0.766291
0.675784
0.620815
0.658394
0.344325
0.264363
0.635244
0.916674
0.194957
0.406779
0.658394
0.612135
0.264363
0.735726
0.177160
0.867378
0.454542
0.779856
0.350951
0.491556
0.793201
0.375911
0.779856
0.446787
0.801128
0.617854
0.603471
0.255445
0.698805
0.030518
0.449423
0.978604
0.454542
0.275424
0.735726
0.245003
0.275424
0.429087
0.874110
0.891273
0.153566
0.357661
0.470257
0.758020
0.353229
0.649688
0.029982
0.690166
0.394742
0.594827
0.774492
0.681504
0.940331
0.077446
0.074303
0.375911
0.589144
0.816691
0.197797
0.250182
0.848789
0.218844
0.626544
0.901408
0.801128
0.658394
0.505064
0.046970
0.063362
0.779856
0.916674
0.594827
0.749684
0.401971
0.505064
0.414138
0.543791
