0.505064
0.199280
0.658394
0.566341
0.594827
0.935597
0.681504
0.836720
0.061772
0.449423
0.808960
0.117048
0.401971
0.483494
0.121744
0.658394
0.855893
0.002324
0.228410
0.236593
0.496903
0.829282
0.984769
0.250182
0.880693
0.907293
0.006447
0.032199
0.127623
0.971109
0.801128
0.808960
0.801128
0.505064
0.109849
0.855893
0.557828
0.462365
0.206623
0.848789
0.891273
0.000918
0.322949
0.787927
0.543791
0.090535
0.159490
0.808960
0.008436
0.880693
0.499678
0.275424
0.580543
0.074303
0.947760
0.951979
0.340005
0.978604
0.421575
0.907293
0.491556
0.884948
0.394742
0.527033
0.040864
0.589144
0.626544
0.344325
0.713075
0.421575
0.704484
0.771705
0.766291
0.401971
0.112510
0.612135
0.470257
0.527033
0.375911
0.580543
0.491556
0.981075
0.092008
0.681504
0.025274
0.913005
0.236593
0.771705
0.749684
0.211153
0.713075
0.989675
0.549354
0.173237
0.364456
0.449423
0.658394
0.441715
0.667094
0.441715
0.667094
0.626544
0.150086
0.735726
0.117048
0.228410
0.310521
0.000136
0.208158
0.801128
0.002324
0.467559
0.867378
0.371333
0.457201
0.255445
0.867378
0.594827
0.406779
0.206623
0.203680
0.241635
0.787927
0.808960
0.603471
0.901408
0.449423
0.874110
0.475494
0.935597
0.713075
0.991213
0.387593
0.475494
0.446787
0.153566
0.940331
0.382926
0.940331
0.635244
0.429087
0.211153
0.758020
0.951979
0.013909
0.695863
0.446787
0.441715
0.721628
0.018883
0.163153
0.434080
0.003559
0.024596
0.021859
0.035180
0.401971
0.483494
0.134742
0.626544
0.478214
0.223587
0.269851
0.771705
0.549354
0.620815
0.223587
0.499678
0.935597
0.695863
0.053907
0.681504
0.557828
0.626544
0.681504
0.713075
0.635244
0.884948
0.735726
0.211153
0.947760
0.333520
0.527033
0.922090
0.884948
0.735726
0.681504
0.002082
0.382926
0.978604
0.449423
0.327120
0.848789
0.088340
0.449423
0.163153
0.333520
0.713075
0.935597
0.617854
0.787927
0.735726
0.626544
0.801128
0.462365
0.462365
0.070668
0.483494
0.029186
0.787927
0.310521
0.884948
0.409279
0.028409
0.130653
0.649688
0.223587
0.401971
0.901408
0.855893
0.518727
0.589144
0.521553
0.749684
0.967937
0.333520
0.357661
0.758020
0.935597
0.626544
0.884948
0.340005
0.735726
0.153566
0.394742
0.401971
0.421575
0.841556
0.901408
0.821730
0.470257
0.043818
0.409279
0.962240
0.901408
0.626544
0.735726
0.860501
0.891273
0.159490
0.951979
0.236593
0.048208
0.127623
0.658394
0.635244
0.557828
0.067775
0.421575
0.612135
0.368979
0.260793
0.916674
0.681504
0.151265
0.090535
0.867378
0.045761
0.681504
0.735726
0.527033
0.021268
0.312615
0.068911
0.382926
0.260793
0.086192
0.513281
0.612135
0.043818
0.233315
0.223587
0.434080
0.690166
0.364456
0.421575
0.543791
0.429087
0.913005
0.829282
0.855893
0.279144
0.279144
0.962240
0.163153
0.340005
0.658394
0.735726
0.947760
0.119859
0.649688
0.208158
0.483494
0.206623
0.658394
0.441715
0.566341
0.513281
0.132684
0.021268
0.135818
0.594827
0.907293
0.721628
0.766291
0.434080
0.549354
0.312615
0.535389
0.867378
0.414138
0.808960
0.922090
0.643949
0.612135
0.580543
0.284858
0.635244
0.123655
0.375911
0.426518
0.829282
0.672823
0.414138
0.930673
0.364456
0.310521
0.617854
0.681504
0.211153
0.643949
0.527033
0.566341
0.880693
0.535389
0.513281
0.580543
0.816691
0.698805
0.635244
0.978604
0.779856
0.927324
0.029186
0.077446
0.211153
0.947760
0.589144
0.589144
0.401971
0.816691
0.163153
0.206623
0.612135
0.223587
0.284858
0.672823
0.223587
0.549354
0.836720
0.183833
0.758020
0.357661
0.713075
0.635244
0.612135
0.801128
0.035500
0.132684
0.727244
0.626544
0.916674
0.038764
0.505064
0.649688
0.658394
0.580543
0.580543
0.643949
0.364456
0.612135
0.535389
0.829282
0.013909
0.690166
0.594827
0.971109
0.947760
0.735726
0.867378
0.194957
0.649688
0.478214
0.284858
0.063362
0.749684
0.340005
0.409279
0.080707
0.483494
0.713075
0.681504
0.119859
0.284858
0.620815
0.521553
0.603471
0.922090
0.612135
0.978604
0.260793
0.236593
0.505064
0.829282
0.241635
0.787927
0.580543
0.421575
0.713075
0.316692
0.475494
0.535389
0.978604
0.105557
0.475494
0.141156
0.011106
0.135818
0.801128
0.090535
0.971109
0.163153
0.922090
0.884948
0.199280
0.779856
0.441715
0.821730
0.192150
0.829282
0.695863
0.927324
0.848789
0.075538
0.821730
0.841556
0.264363
0.006637
0.004043
0.306500
0.787927
0.061772
0.571972
0.658394
0.787927
0.829282
0.112510
0.594827
0.364456
0.170690
0.406779
0.527033
0.658394
0.947760
0.449423
0.549354
0.612135
0.951979
0.867378
0.141156
0.626544
0.079397
0.735726
0.922090
0.346575
0.269851
0.649688
0.681504
0.704484
0.779856
0.907293
0.098985
0.848789
0.032199
0.109849
0.021268
0.499678
0.144460
0.744157
0.255445
0.626544
0.744157
0.848789
0.727244
0.971109
0.884948
0.991213
0.821730
0.704484
0.643949
0.032771
0.626544
0.727244
0.787927
0.913005
0.144460
0.589144
0.841556
0.612135
0.316692
0.218844
0.907293
0.922090
0.816691
0.704484
0.177160
0.766291
0.421575
0.454542
0.907293
0.727244
0.603471
0.958545
0.228410
0.241635
0.829282
0.475494
0.867378
0.406779
0.312615
0.947760
0.236593
0.322949
0.635244
0.617854
0.801128
0.211153
0.935597
0.496903
0.446787
0.250182
0.848789
0.429087
0.557828
0.022466
0.713075
0.045761
0.984769
0.589144
0.749684
0.467559
0.658394
0.901408
0.181158
0.322949
0.535389
0.535389
0.891273
0.874110
0.535389
0.986757
0.704484
0.387593
0.082732
0.640981
0.357661
