0.690166
0.080707
0.986757
0.042685
0.589144
0.891273
0.967937
0.300471
0.496903
0.766291
0.505064
0.626544
0.017063
0.927324
0.901408
0.984769
0.449423
0.891273
0.025274
0.483494
0.580543
0.927324
0.329292
0.612135
0.322949
0.394742
0.401971
0.916674
0.236593
0.470257
0.681504
0.626544
0.841556
0.695863
0.483494
0.070668
0.771705
0.134742
0.470257
0.141156
0.874110
0.454542
0.426518
0.067775
0.535389
0.454542
0.643949
0.801128
0.758020
0.974087
0.704484
0.429087
0.103042
0.462365
0.513281
0.535389
0.220452
0.557828
0.935597
0.557828
0.449423
0.713075
0.250182
0.940331
0.880693
0.333520
0.535389
0.026438
0.223587
0.406779
0.801128
0.223587
0.094284
0.382926
0.620815
0.597771
0.350951
0.462365
0.394742
0.211153
0.316692
0.891273
0.194957
0.290658
0.808960
0.527033
0.499678
0.848789
0.649688
0.580543
0.505064
0.808960
0.829282
0.421575
0.166886
0.549354
0.891273
0.052535
0.470257
0.580543
0.744157
0.779856
0.183833
0.226757
0.855893
0.203680
0.935597
0.891273
0.011106
0.312615
0.947760
0.045761
0.758020
0.986757
0.874110
0.620815
0.199280
0.766291
0.449423
0.231634
0.704484
0.681504
0.316692
0.867378
0.986757
0.672823
0.801128
0.144460
0.357661
0.713075
0.401971
0.649688
0.749684
0.758020
0.704484
0.380525
0.867378
0.300471
0.421575
0.874110
0.382926
0.478214
0.580543
0.549354
0.454542
0.401971
0.129613
0.535389
0.215763
0.907293
0.695863
0.690166
0.470257
0.454542
0.727244
0.429087
0.141156
0.635244
0.269851
0.245003
0.884948
0.241635
0.144460
0.060743
0.535389
0.449423
0.543791
0.829282
0.848789
0.779856
0.055312
0.414138
0.935597
0.735726
0.513281
0.157114
0.211153
0.119859
0.667094
0.170690
0.114294
0.571972
0.884948
0.571972
0.589144
0.020692
0.211153
0.758020
0.350951
0.735726
0.901408
0.019768
0.758020
0.483494
0.801128
0.306500
0.758020
0.787927
0.597771
0.144460
0.215763
0.594827
0.322949
0.574890
0.446787
0.121744
0.549354
0.527033
0.549354
0.884948
0.916674
0.527033
0.150086
0.978604
0.690166
0.994555
0.098985
0.971109
0.557828
0.344325
0.364456
0.441715
0.017063
0.658394
0.092778
0.713075
0.672823
0.821730
0.727244
0.039801
0.841556
0.096609
0.475494
0.394742
0.867378
0.735726
0.275424
0.194957
0.566341
0.478214
0.779856
0.166886
0.735726
0.690166
0.801128
0.187953
0.612135
0.049040
0.779856
0.635244
0.718717
0.727244
0.801128
0.449423
0.470257
0.758020
0.346575
0.340005
0.150086
0.478214
0.874110
0.241635
0.090535
0.144460
0.152372
0.626544
0.375911
0.860501
0.112510
0.891273
0.841556
0.340005
0.935597
0.409279
0.594827
0.483494
0.713075
0.801128
0.867378
0.362130
0.371333
0.749684
0.322949
0.199280
0.916674
0.597771
0.103042
0.901408
0.333520
0.535389
0.260793
0.727244
0.962240
0.049040
0.141156
0.713075
0.181158
0.816691
0.821730
0.135818
0.103042
0.387593
0.241635
0.543791
0.236593
0.801128
0.088340
0.758020
0.505064
0.470257
0.594827
0.194957
0.258960
0.183833
0.279144
0.499678
0.557828
0.557828
0.907293
0.521553
0.681504
0.884948
0.255445
0.107244
0.449423
0.927324
0.340005
0.132684
0.958545
0.147829
0.220452
0.758020
0.808960
0.470257
0.801128
0.513281
0.758020
0.855893
0.681504
0.566341
0.808960
0.409279
0.279144
0.965738
0.922090
0.704484
0.649688
0.940331
0.884948
0.836720
0.518727
0.552238
0.735726
0.421575
0.829282
0.718717
0.557828
0.183833
0.552238
0.382926
0.153566
0.727244
0.713075
0.092008
0.329292
0.333520
0.306500
0.620815
0.535389
0.681504
0.891273
0.704484
0.998463
0.096609
0.907293
0.228410
0.690166
0.475494
0.907293
0.640981
0.310521
0.135818
0.681504
0.597771
0.580543
0.390021
0.913005
0.971109
0.626544
0.028409
0.996919
0.779856
0.836720
0.021268
0.749684
0.194957
0.467559
0.513281
0.795913
0.801128
0.153566
0.643949
0.940331
0.357661
0.483494
0.401971
0.958545
0.153566
0.260793
0.836720
0.462365
0.346575
0.322949
0.841556
0.829282
0.132684
0.211153
0.860501
0.848789
0.246759
0.981075
0.483494
0.163153
0.462365
0.018368
0.401971
0.457201
0.409279
0.681504
0.867378
0.735726
0.658394
0.749684
0.821730
0.513281
0.704484
0.470257
0.203680
0.010298
0.132684
0.971109
0.043818
0.787927
0.594827
0.612135
0.441715
0.951979
0.029186
0.441715
0.375911
0.626544
0.626544
0.981075
0.557828
0.527033
0.019768
0.704484
0.269851
0.183833
0.173237
0.735726
0.704484
0.787927
0.626544
0.281082
0.470257
0.421575
0.072465
0.144460
0.841556
0.070668
0.808960
0.967937
0.513281
0.848789
0.246759
0.771705
0.255445
0.139014
0.107244
0.758020
0.496903
0.958545
0.695863
0.549354
0.658394
0.589144
0.626544
0.690166
0.421575
0.947760
0.340005
0.690166
0.012317
0.300471
0.947760
0.874110
0.241635
0.603471
0.429087
0.727244
0.907293
0.357661
0.543791
0.446787
0.499678
0.612135
0.612135
0.713075
0.368979
0.055312
0.211153
0.364456
0.414138
0.074303
0.340005
0.475494
0.387593
0.907293
0.364456
0.749684
0.549354
0.505064
0.681504
0.228410
0.390021
0.505064
0.690166
0.984769
0.505064
0.223587
0.681504
0.841556
0.821730
0.821730
0.874110
0.211153
0.382926
0.681504
0.978604
0.635244
0.829282
0.891273
0.096609
0.549354
0.891273
0.014711
0.132684
0.096609
0.543791
0.038094
0.401971
0.226757
0.312615
0.290658
0.035180
0.382926
0.713075
0.891273
0.603471
0.667094
0.848789
0.077446
0.841556
0.841556
0.429087
0.643949
0.727244
0.491556
0.603471
0.713075
0.860501
0.041578
0.104694
0.649688
0.704484
