0.779856
0.322949
0.068911
0.787927
0.121744
0.521553
0.603471
0.529876
0.470257
0.382926
0.829282
0.409279
0.962240
0.867378
0.543791
0.672823
0.491556
0.177160
0.808960
0.901408
0.860501
0.241635
0.597771
0.364456
0.635244
0.223587
0.206623
0.066084
0.132684
0.074303
0.132684
0.535389
0.132684
0.779856
0.159490
0.454542
0.841556
0.141156
0.357661
0.626544
0.387593
0.090535
0.744157
0.704484
0.690166
0.527033
0.010595
0.357661
0.855893
0.255445
0.860501
0.177160
0.429087
0.620815
0.836720
0.322949
0.141156
0.681504
0.505064
0.571972
0.122729
0.962240
0.304435
0.907293
0.475494
0.104694
0.211153
0.002491
0.897436
0.346575
0.557828
0.922090
0.891273
0.077446
0.518727
0.449423
0.935597
0.779856
0.566341
0.000976
0.880693
0.346575
0.758020
0.008847
0.771705
0.612135
0.795913
0.462365
0.787927
0.024596
0.774492
0.401971
0.132684
0.150086
0.245003
0.766291
0.543791
0.086919
0.597771
0.192150
0.177160
0.867378
0.294528
0.012907
0.025970
0.194957
0.236593
0.880693
0.787927
0.483494
0.735726
0.947760
0.094284
0.962240
0.667094
0.672823
0.014305
0.327120
0.735726
0.913005
0.836720
0.096609
0.387593
0.649688
0.119859
0.063362
0.922090
0.704484
0.015409
0.421575
0.429087
0.375911
0.434080
0.667094
0.350951
0.316692
0.940331
0.535389
0.779856
0.368979
0.521553
0.260793
0.787927
0.153566
0.672823
0.096609
0.735726
0.779856
0.454542
0.218844
0.713075
0.922090
0.132684
0.612135
0.406779
0.017063
0.758020
0.414138
0.758020
0.527033
0.821730
0.357661
0.449423
0.220452
0.884948
0.535389
0.884948
0.088340
0.364456
0.409279
0.901408
0.566341
0.483494
0.540922
0.681504
0.414138
0.867378
0.658394
0.382926
0.037099
0.483494
0.470257
0.741289
0.874110
0.246759
0.255445
0.962240
0.735726
0.779856
0.255445
0.549354
0.306500
0.032771
0.139014
0.549354
0.535389
0.250182
0.821730
0.766291
0.063362
0.801128
0.357661
0.594827
0.571972
0.836720
0.194957
0.874110
0.916674
0.978604
0.901408
0.187953
0.000001
0.891273
0.306500
0.557828
0.884948
0.147829
0.658394
0.566341
0.491556
0.000946
0.199280
0.441715
0.962240
0.744157
0.094284
0.787927
0.771705
0.346575
0.721628
0.758020
0.527033
0.044581
0.409279
0.350951
0.543791
0.215763
0.704484
0.203680
0.681504
0.409279
0.441715
0.052535
0.758020
0.603471
0.078727
0.521553
0.056750
0.713075
0.340005
0.470257
0.062816
0.735726
0.940331
0.566341
0.153566
0.300471
0.462365
0.300471
0.300471
0.612135
0.580543
0.787927
0.394742
0.848789
0.255445
0.626544
0.109849
0.612135
0.441715
0.829282
0.135818
0.971109
0.220452
0.603471
0.441715
0.713075
0.499678
0.218844
0.068911
0.681504
0.658394
0.255445
0.766291
0.667094
0.821730
0.416665
0.649688
0.962240
0.173237
0.580543
0.667094
0.505064
0.901408
0.543791
0.821730
0.144460
0.658394
0.829282
0.250182
0.681504
0.698805
0.211153
0.974087
0.690166
0.478214
0.907293
0.117048
0.695863
0.505064
0.681504
0.218844
0.092008
0.793201
0.119859
0.449423
0.007378
0.603471
0.382926
0.735726
0.984769
0.135818
0.589144
0.787927
0.211153
0.922090
0.135818
0.246759
0.132684
0.951979
0.836720
0.429087
0.166886
0.771705
0.635244
0.218844
0.236593
0.984769
0.513281
0.916674
0.132684
0.499678
0.241635
0.779856
0.401971
0.521553
0.357661
0.454542
0.441715
0.117048
0.658394
0.649688
0.414138
0.884948
0.549354
0.009277
0.409279
0.015695
0.574890
0.589144
0.478214
0.467559
0.658394
0.429087
0.681504
0.264363
0.357661
0.505064
0.357661
0.009822
0.821730
0.030518
0.981075
0.147829
0.177160
0.470257
0.695863
0.867378
0.649688
0.996919
0.266225
0.793201
0.521553
0.059212
0.704484
0.513281
0.454542
0.028409
0.491556
0.855893
0.808960
0.808960
0.375911
0.454542
0.032771
0.260793
0.090535
0.848789
0.821730
0.364456
0.157114
0.695863
0.269851
0.429087
0.199280
0.329292
0.211153
0.022875
0.891273
0.787927
0.483494
0.907293
0.470257
0.947760
0.117048
0.177160
0.390021
0.951979
0.394742
0.996919
0.848789
0.421575
0.333520
0.635244
0.211153
0.829282
0.958545
0.829282
0.962240
0.231634
0.808960
0.867378
0.848789
0.930673
0.643949
0.434080
0.130653
0.401971
0.166886
0.829282
0.787927
0.681504
0.475494
0.499678
0.499678
0.100580
0.944872
0.322949
0.449423
0.635244
0.429087
0.279144
0.121744
0.787927
0.346575
0.255445
0.597771
0.118894
0.907293
0.713075
0.382926
0.878466
0.658394
0.429087
0.841556
0.177160
0.779856
0.727244
0.681504
0.557828
0.907293
0.713075
0.779856
0.421575
0.275424
0.294528
0.735726
0.218844
0.658394
0.483494
0.434080
0.841556
0.475494
0.535389
0.672823
0.690166
0.603471
0.758020
0.672823
0.571972
0.266225
0.475494
0.984769
0.269851
0.163153
0.557828
0.543791
0.848789
0.589144
0.713075
0.735726
0.801128
0.922090
0.441715
0.390021
0.727244
0.580543
0.626544
0.357661
0.808960
0.543791
0.635244
0.922090
0.462365
0.475494
0.922090
0.499678
0.340005
0.690166
0.513281
0.603471
0.758020
0.475494
0.350951
0.483494
0.571972
0.771705
0.401971
0.867378
0.527033
0.681504
0.727244
0.549354
0.649688
0.255445
0.884948
0.153566
0.382926
0.971109
0.290658
0.672823
0.284858
0.649688
0.808960
0.589144
0.848789
0.310521
0.594827
0.841556
0.100580
0.821730
0.112510
0.672823
0.163153
0.695863
0.787927
0.884948
0.141156
0.675784
0.779856
0.478214
0.735726
0.829282
0.236593
0.160731
0.333520
0.735726
0.333520
0.275424
0.571972
0.801128
0.166886
0.735726
0.387593
0.821730
0.907293
