0.749684
0.571972
0.816691
0.032771
0.141156
0.891273
0.190711
0.566341
0.300471
0.891273
0.380525
0.543791
0.121744
0.357661
0.290658
0.228410
0.848789
0.141156
0.779856
0.163153
0.357661
0.300471
0.211153
0.626544
0.050328
0.025970
0.557828
0.470257
0.867378
0.947760
0.269851
0.947760
0.394742
0.007965
0.390021
0.829282
0.316692
0.505064
0.310521
0.940331
0.441715
0.735726
0.855893
0.735726
0.808960
0.848789
0.758020
0.040864
0.589144
0.594827
0.667094
0.322949
0.718717
0.020692
0.801128
0.039801
0.236593
0.935597
0.801128
0.658394
0.034568
0.962240
0.927324
0.290658
0.841556
0.940331
0.589144
0.612135
0.643949
0.867378
0.758020
0.580543
0.236593
0.907293
0.681504
0.907293
0.080707
0.612135
0.434080
0.414138
0.571972
0.059212
0.004637
0.626544
0.007965
0.801128
0.215763
0.779856
0.401971
0.891273
0.771705
0.635244
0.549354
0.153566
0.589144
0.766291
0.589144
0.446787
0.927324
0.643949
0.589144
0.344325
0.658394
0.971109
0.758020
0.801128
0.499678
0.808960
0.462365
0.735726
0.470257
0.589144
0.884948
0.462365
0.375911
0.300471
0.094284
0.241635
0.744157
0.279144
0.727244
0.779856
0.597771
0.092778
0.620815
0.801128
0.414138
0.884948
0.649688
0.891273
0.758020
0.255445
0.475494
0.491556
0.146673
0.266225
0.535389
0.340005
0.322949
0.758020
0.454542
0.000918
0.401971
0.721628
0.038094
0.000002
0.704484
0.194957
0.787927
0.681504
0.612135
0.382926
0.008597
0.766291
0.434080
0.958545
0.735726
0.264363
0.394742
0.891273
0.153566
0.535389
0.774492
0.713075
0.223587
0.766291
0.927324
0.346575
0.421575
0.543791
0.543791
0.749684
0.401971
0.075538
0.727244
0.808960
0.037099
0.672823
0.077446
0.986757
0.401971
0.470257
0.597771
0.199280
0.020692
0.007378
0.245003
0.231634
0.322949
0.103042
0.275424
0.483494
0.779856
0.821730
0.333520
0.913005
0.382926
0.829282
0.401971
0.333520
0.658394
0.163153
0.312615
0.527033
0.117048
0.836720
0.667094
0.441715
0.891273
0.220452
0.513281
0.067775
0.901408
0.935597
0.000675
0.620815
0.766291
0.255445
0.848789
0.713075
0.749684
0.574890
0.364456
0.190711
0.406779
0.690166
0.441715
0.475494
0.735726
0.787927
0.462365
0.042685
0.721628
0.153566
0.199280
0.382926
0.496903
0.357661
0.258960
0.922090
0.421575
0.300471
0.483494
0.658394
0.981075
0.974087
0.884948
0.580543
0.901408
0.119859
0.549354
0.409279
0.535389
0.382926
0.557828
0.434080
0.095811
0.470257
0.566341
0.635244
0.603471
0.971109
0.269851
0.744157
0.695863
0.617854
0.535389
0.001774
0.462365
0.036127
0.727244
0.505064
0.478214
0.187953
0.635244
0.771705
0.704484
0.038764
0.935597
0.329292
0.103042
0.513281
0.429087
0.264363
0.612135
0.126604
0.160731
0.580543
0.084803
0.250182
0.505064
0.340005
0.166886
0.269851
0.658394
0.015409
0.462365
0.874110
0.749684
0.340005
0.122729
0.414138
0.470257
0.390021
0.801128
0.675784
0.766291
0.103042
0.635244
0.300471
0.202171
0.787927
0.821730
0.580543
0.735726
0.316692
0.667094
0.867378
0.617854
0.549354
0.382926
0.001080
0.231634
0.096609
0.821730
0.104694
0.163153
0.406779
0.499678
0.135818
0.454542
0.690166
0.322949
0.044581
0.075538
0.053907
0.092778
0.793201
0.991213
0.916674
0.346575
0.429087
0.821730
0.192150
0.070668
0.620815
0.617854
0.935597
0.860501
0.749684
0.475494
0.940331
0.779856
0.667094
0.150086
0.187953
0.127623
0.667094
0.499678
0.935597
0.518727
0.260793
0.255445
0.735726
0.290658
0.787927
0.290658
0.580543
0.658394
0.496903
0.333520
0.304435
0.735726
0.901408
0.194957
0.884948
0.727244
0.429087
0.927324
0.735726
0.203680
0.327120
0.735726
0.779856
0.211153
0.749684
0.441715
0.409279
0.241635
0.322949
0.513281
0.322949
0.245003
0.940331
0.589144
0.368979
0.194957
0.566341
0.426518
0.053907
0.187953
0.874110
0.206623
0.124654
0.884948
0.801128
0.159490
0.713075
0.940331
0.329292
0.580543
0.470257
0.589144
0.727244
0.368979
0.855893
0.169385
0.505064
0.698805
0.801128
0.535389
0.215763
0.672823
0.521553
0.173237
0.045761
0.589144
0.713075
0.130653
0.681504
0.414138
0.667094
0.409279
0.787927
0.300471
0.150086
0.841556
0.922090
0.557828
0.635244
0.821730
0.454542
0.821730
0.907293
0.557828
0.082732
0.801128
0.643949
0.275424
0.470257
0.667094
0.146673
0.841556
0.787927
0.098985
0.053907
0.421575
0.255445
0.165605
0.179787
0.011425
0.779856
0.059212
0.033659
0.187953
0.017866
0.000229
0.991213
0.821730
0.527033
0.521553
0.040864
0.103042
0.462365
0.589144
0.951979
0.580543
0.306500
0.891273
0.090535
0.557828
0.681504
0.793201
0.037099
0.255445
0.658394
0.779856
0.421575
0.635244
0.580543
0.874110
0.250182
0.269851
0.958545
0.199280
0.483494
0.989675
0.246759
0.978604
0.855893
0.855893
0.874110
0.821730
0.991213
0.467559
0.801128
0.013654
0.401971
0.350951
0.749684
0.005687
0.884948
0.901408
0.157114
0.147829
0.269851
0.874110
0.406779
0.462365
0.382926
0.421575
0.296545
0.848789
0.721628
0.808960
0.848789
0.000348
0.766291
0.454542
0.255445
0.620815
0.505064
0.787927
0.260793
0.549354
0.667094
0.470257
0.414138
0.000014
0.667094
0.382926
0.951979
0.860501
0.649688
0.996919
0.855893
0.841556
0.333520
0.867378
0.735726
0.394742
0.496903
0.935597
0.496903
0.177160
0.947760
0.387593
0.084092
0.787927
0.035500
0.884948
0.194957
0.617854
0.005687
0.971109
0.907293
0.787927
0.891273
0.793201
0.922090
0.574890
0.808960
0.695863
0.951979
0.589144
0.094284
