0.275424
0.521553
0.470257
0.375911
0.836720
0.350951
0.049040
0.312615
0.371333
0.032771
0.340005
0.199280
0.801128
0.053907
0.681504
0.566341
0.635244
0.535389
0.735726
0.860501
0.860501
0.801128
0.250182
0.589144
0.718717
0.496903
0.962240
0.470257
0.357661
0.916674
0.649688
0.994555
0.543791
0.284858
0.626544
0.441715
0.208158
0.821730
0.675784
0.371333
0.681504
0.935597
0.264363
0.821730
0.306500
0.421575
0.513281
0.206623
0.829282
0.649688
0.462365
0.643949
0.658394
0.713075
0.079397
0.375911
0.394742
0.801128
0.884948
0.183833
0.793201
0.566341
0.612135
0.535389
0.316692
0.300471
0.727244
0.922090
0.535389
0.713075
0.075538
0.067775
0.874110
0.441715
0.371333
0.054829
0.151265
0.264363
0.951979
0.245003
0.127623
0.580543
0.059212
0.998868
0.333520
0.124654
0.322949
0.681504
0.535389
0.475494
0.322949
0.971109
0.947760
0.245003
0.935597
0.375911
0.771705
0.241635
0.139014
0.808960
0.867378
0.001421
0.513281
0.848789
0.375911
0.891273
0.364456
0.940331
0.284858
0.057215
0.279144
0.527033
0.491556
0.187953
0.109849
0.721628
0.695863
0.749684
0.836720
0.127623
0.713075
0.434080
0.994555
0.543791
0.187953
0.829282
0.114294
0.718717
0.667094
0.801128
0.698805
0.658394
0.727244
0.322949
0.183833
0.483494
0.589144
0.049040
0.035500
0.681504
0.658394
0.470257
0.000059
0.394742
0.695863
0.300471
0.744157
0.181158
0.540922
0.884948
0.787927
0.978604
0.004043
0.255445
0.153566
0.603471
0.907293
0.011425
0.962240
0.635244
0.134742
0.160731
0.626544
0.357661
0.557828
0.535389
0.978604
0.329292
0.269851
0.491556
0.187953
0.329292
0.357661
0.922090
0.027652
0.801128
0.721628
0.891273
0.922090
0.557828
0.414138
0.557828
0.603471
0.053907
0.994555
0.441715
0.008197
0.667094
0.157114
0.357661
0.821730
0.513281
0.401971
0.829282
0.787927
0.735726
0.357661
0.860501
0.727244
0.053907
0.074303
0.793201
0.346575
0.867378
0.236593
0.935597
0.340005
0.387593
0.462365
0.163153
0.557828
0.635244
0.037099
0.084803
0.549354
0.119859
0.518727
0.981075
0.441715
0.434080
0.100580
0.801128
0.246759
0.057717
0.681504
0.043818
0.971109
0.884948
0.713075
0.991213
0.011425
0.527033
0.727244
0.346575
0.643949
0.566341
0.681504
0.491556
0.612135
0.117048
0.187953
0.121744
0.401971
0.713075
0.962240
0.758020
0.513281
0.841556
0.211153
0.940331
0.597771
0.109849
0.698805
0.787927
0.612135
0.758020
0.117048
0.375911
0.236593
0.211153
0.483494
0.316692
0.821730
0.109849
0.867378
0.907293
0.421575
0.612135
0.127623
0.695863
0.215763
0.667094
0.779856
0.603471
0.513281
0.038764
0.441715
0.612135
0.067775
0.535389
0.821730
0.401971
0.667094
0.735726
0.848789
0.483494
0.364456
0.535389
0.855893
0.574890
0.382926
0.704484
0.414138
0.535389
0.061772
0.617854
0.626544
0.159490
0.039801
0.467559
0.241635
0.023508
0.612135
0.721628
0.617854
0.250182
0.053907
0.409279
0.704484
0.735726
0.333520
0.103042
0.390021
0.001687
0.177160
0.991213
0.491556
0.907293
0.434080
0.269851
0.855893
0.499678
0.930673
0.290658
0.107244
0.414138
0.735726
0.535389
0.362130
0.855893
0.409279
0.884948
0.801128
0.015409
0.974087
0.223587
0.878466
0.848789
0.779856
0.005687
0.874110
0.626544
0.038764
0.727244
0.344325
0.007739
0.306500
0.077446
0.984769
0.098985
0.203680
0.340005
0.245003
0.449423
0.978604
0.984769
0.260793
0.353229
0.940331
0.228410
0.300471
0.713075
0.766291
0.766291
0.160731
0.749684
0.867378
0.434080
0.727244
0.744157
0.063362
0.406779
0.294528
0.758020
0.284858
0.801128
0.927324
0.620815
0.749684
0.163153
0.346575
0.841556
0.132684
0.848789
0.643949
0.704484
0.284858
0.057717
0.203680
0.214182
0.836720
0.574890
0.239907
0.884948
0.935597
0.658394
0.401971
0.119859
0.211153
0.557828
0.867378
0.916674
0.322949
0.000804
0.940331
0.096609
0.635244
0.971109
0.022875
0.496903
0.491556
0.681504
0.667094
0.429087
0.704484
0.681504
0.658394
0.333520
0.394742
0.727244
0.169385
0.513281
0.713075
0.215763
0.771705
0.901408
0.779856
0.329292
0.192150
0.620815
0.821730
0.690166
0.907293
0.166886
0.690166
0.617854
0.279144
0.426518
0.589144
0.535389
0.483494
0.829282
0.557828
0.713075
0.199280
0.061772
0.062816
0.310521
0.603471
0.005687
0.713075
0.951979
0.316692
0.312615
0.394742
0.874110
0.713075
0.704484
0.454542
0.690166
0.874110
0.557828
0.104694
0.119859
0.163153
0.935597
0.441715
0.228410
0.322949
0.211153
0.096609
0.779856
0.233315
0.275424
0.821730
0.038764
0.713075
0.916674
0.617854
0.159490
0.000378
0.340005
0.626544
0.300471
0.787927
0.808960
0.801128
0.290658
0.250182
0.316692
0.580543
0.829282
0.279144
0.981075
0.061772
0.787927
0.050328
0.978604
0.181158
0.658394
0.867378
0.855893
0.922090
0.535389
0.340005
0.250182
0.704484
0.499678
0.088340
0.829282
0.907293
0.821730
0.735726
0.808960
0.233315
0.199280
0.368979
0.901408
0.603471
0.704484
0.704484
0.119859
0.913005
0.279144
0.119859
0.098985
0.787927
0.695863
0.414138
0.779856
0.470257
0.962240
0.421575
0.713075
0.935597
0.758020
0.589144
0.848789
0.163153
0.974087
0.454542
0.860501
0.848789
0.223587
0.505064
0.014711
0.454542
0.958545
0.027164
0.829282
0.421575
0.690166
0.211153
0.505064
0.019768
0.744157
0.860501
0.620815
0.300471
0.971109
0.766291
0.090535
0.344325
0.236593
0.927324
0.808960
0.704484
0.068911
0.306500
0.000419
0.612135
0.603471
0.649688
0.901408
0.901408
0.505064
