0.930673
0.294528
0.535389
0.672823
0.867378
0.808960
0.867378
0.557828
0.357661
0.394742
0.079397
0.429087
0.801128
0.478214
0.306500
0.132684
0.382926
0.409279
0.421575
0.521553
0.901408
0.203680
0.841556
0.841556
0.626544
0.916674
0.031348
0.612135
0.027652
0.107244
0.346575
0.695863
0.040864
0.233315
0.153566
0.135818
0.119859
0.013276
0.951979
0.063362
0.124654
0.183833
0.758020
0.848789
0.821730
0.478214
0.187953
0.571972
0.766291
0.117048
0.192150
0.241635
0.589144
0.005418
0.704484
0.672823
0.612135
0.316692
0.394742
0.375911
0.300471
0.429087
0.862861
0.962240
0.620815
0.681504
0.117048
0.300471
0.316692
0.269851
0.322949
0.505064
0.947760
0.505064
0.874110
0.021268
0.874110
0.005968
0.371333
0.401971
0.362130
0.571972
0.049040
0.132684
0.821730
0.051194
0.713075
0.406779
0.962240
0.446787
0.603471
0.241635
0.119859
0.394742
0.874110
0.735726
0.612135
0.462365
0.250182
0.117048
0.421575
0.913005
0.290658
0.505064
0.064431
0.658394
0.874110
0.075538
0.916674
0.836720
0.470257
0.801128
0.306500
0.041578
0.357661
0.713075
0.808960
0.499678
0.695863
0.557828
0.922090
0.713075
0.821730
0.441715
0.681504
0.067775
0.329292
0.962240
0.462365
0.874110
0.346575
0.626544
0.727244
0.571972
0.787927
0.787927
0.362130
0.132684
0.681504
0.382926
0.935597
0.594827
0.340005
0.860501
0.163153
0.513281
0.589144
0.375911
0.626544
0.409279
0.157114
0.612135
0.808960
0.449423
0.032771
0.617854
0.269851
0.357661
0.475494
0.199280
0.771705
0.304435
0.612135
0.981075
0.884948
0.426518
0.855893
0.667094
0.084803
0.758020
0.986757
0.913005
0.735726
0.962240
0.771705
0.454542
0.589144
0.971109
0.357661
0.228410
0.867378
0.364456
0.130653
0.958545
0.704484
0.449423
0.034568
0.518727
0.951979
0.454542
0.808960
0.499678
0.146673
0.801128
0.316692
0.394742
0.821730
0.080707
0.194957
0.231634
0.874110
0.211153
0.250182
0.475494
0.346575
0.718717
0.344325
0.626544
0.013276
0.735726
0.994555
0.434080
0.681504
0.897436
0.836720
0.353229
0.836720
0.513281
0.364456
0.441715
0.077446
0.580543
0.771705
0.215763
0.133745
0.255445
0.744157
0.690166
0.821730
0.000075
0.681504
0.594827
0.290658
0.127623
0.779856
0.735726
0.891273
0.821730
0.962240
0.250182
0.350951
0.940331
0.441715
0.223587
0.808960
0.029982
0.061772
0.848789
0.681504
0.681504
0.163153
0.649688
0.667094
0.105557
0.867378
0.962240
0.119859
0.766291
0.635244
0.704484
0.991213
0.672823
0.429087
0.215763
0.787927
0.951979
0.441715
0.626544
0.891273
0.649688
0.935597
0.801128
0.855893
0.535389
0.527033
0.821730
0.681504
0.121744
0.141156
0.695863
0.571972
0.401971
0.758020
0.135818
0.594827
0.041578
0.072465
0.000661
0.962240
0.867378
0.735726
0.749684
0.597771
0.521553
0.991213
0.003193
0.153566
0.187953
0.951979
0.658394
0.483494
0.829282
0.181158
0.454542
0.958545
0.153566
0.306500
0.223587
0.505064
0.704484
0.884948
0.704484
0.603471
0.766291
0.199280
0.072465
0.643949
0.713075
0.416665
0.454542
0.079397
0.589144
0.449423
0.333520
0.549354
0.643949
0.312615
0.771705
0.306500
0.841556
0.470257
0.505064
0.649688
0.884948
0.962240
0.223587
0.421575
0.454542
0.771705
0.867378
0.068911
0.907293
0.000234
0.901408
0.166886
0.499678
0.505064
0.109849
0.166886
0.070668
0.203680
0.306500
0.462365
0.951979
0.713075
0.357661
0.024596
0.867378
0.050328
0.974087
0.470257
0.690166
0.340005
0.787927
0.913005
0.580543
0.454542
0.999575
0.766291
0.727244
0.192150
0.183833
0.016595
0.275424
0.290658
0.380525
0.306500
0.907293
0.284858
0.346575
0.187953
0.749684
0.848789
0.603471
0.312615
0.203680
0.744157
0.160731
0.713075
0.535389
0.962240
0.070668
0.513281
0.947760
0.223587
0.441715
0.874110
0.989675
0.855893
0.779856
0.211153
0.713075
0.704484
0.681504
0.735726
0.571972
0.626544
0.649688
0.390021
0.667094
0.017063
0.401971
0.594827
0.749684
0.681504
0.177160
0.260793
0.296545
0.649688
0.241635
0.901408
0.758020
0.901408
0.340005
0.901408
0.735726
0.147829
0.557828
0.867378
0.779856
0.829282
0.483494
0.340005
0.421575
0.382926
0.394742
0.681504
0.658394
0.580543
0.194957
0.922090
0.589144
0.375911
0.206623
0.535389
0.177160
0.000341
0.855893
0.557828
0.454542
0.375911
0.867378
0.505064
0.658394
0.612135
0.333520
0.099752
0.774492
0.401971
0.984769
0.218844
0.916674
0.922090
0.375911
0.675784
0.907293
0.635244
0.922090
0.580543
0.088340
0.690166
0.801128
0.681504
0.801128
0.454542
0.483494
0.173237
0.340005
0.658394
0.414138
0.649688
0.771705
0.491556
0.109849
0.787927
0.779856
0.096609
0.394742
0.496903
0.829282
0.549354
0.002593
0.947760
0.092778
0.771705
0.527033
0.771705
0.658394
0.649688
0.758020
0.001114
0.829282
0.704484
0.690166
0.462365
0.052535
0.566341
0.064431
0.735726
0.901408
0.594827
0.667094
0.735726
0.658394
0.958545
0.974087
0.821730
0.350951
0.187953
0.135818
0.478214
0.897436
0.626544
0.947760
0.434080
0.589144
0.236593
0.867378
0.771705
0.119859
0.612135
0.557828
0.771705
0.187953
0.658394
0.880693
0.294528
0.020692
0.867378
0.860501
0.981075
0.821730
0.557828
0.580543
0.549354
0.002020
0.009822
0.255445
0.082732
0.104694
0.109849
0.649688
0.571972
0.382926
0.758020
0.787927
0.713075
0.580543
0.749684
0.841556
0.483494
0.173237
0.100580
0.340005
0.072465
0.470257
0.571972
0.901408
0.223587
0.940331
0.483494
0.421575
0.922090
0.513281
0.974087
0.735726
