0.940331
0.038094
0.483494
0.991213
0.223587
0.874110
0.290658
0.878466
0.027164
0.994555
0.056256
0.744157
0.483494
0.250182
0.103042
0.304435
0.749684
0.114294
0.836720
0.055312
0.375911
0.100580
0.044980
0.223587
0.421575
0.199280
0.112510
0.327120
0.589144
0.483494
0.771705
0.836720
0.194957
0.635244
0.549354
0.749684
0.382926
0.589144
0.947760
0.721628
0.000022
0.801128
0.499678
0.011640
0.505064
0.821730
0.483494
0.441715
0.557828
0.649688
0.049040
0.165605
0.867378
0.169385
0.127623
0.690166
0.626544
0.535389
0.735726
0.026438
0.074303
0.681504
0.098170
0.399498
0.981075
0.375911
0.907293
0.304435
0.721628
0.690166
0.434080
0.649688
0.364456
0.841556
0.878466
0.612135
0.617854
0.454542
0.704484
0.735726
0.177160
0.434080
0.505064
0.713075
0.022875
0.992594
0.344325
0.183833
0.626544
0.549354
0.173237
0.927324
0.215763
0.119859
0.771705
0.375911
0.434080
0.255445
0.260793
0.855893
0.429087
0.518727
0.867378
0.050328
0.962240
0.021859
0.612135
0.922090
0.962240
0.867378
0.967937
0.935597
0.787927
0.962240
0.580543
0.228410
0.273514
0.658394
0.179787
0.649688
0.603471
0.434080
0.994555
0.241635
0.727244
0.467559
0.580543
0.829282
0.758020
0.808960
0.735726
0.566341
0.589144
0.766291
0.841556
0.275424
0.635244
0.521553
0.215763
0.496903
0.713075
0.808960
0.947760
0.855893
0.250182
0.094284
0.626544
0.594827
0.053907
0.735726
0.446787
0.401971
0.006325
0.848789
0.727244
0.612135
0.306500
0.735726
0.821730
0.779856
0.808960
0.003559
0.124654
0.434080
0.836720
0.075538
0.808960
0.549354
0.649688
0.139014
0.434080
0.441715
0.236593
0.322949
0.079397
0.635244
0.658394
0.454542
0.658394
0.421575
0.434080
0.749684
0.922090
0.035500
0.362130
0.475494
0.557828
0.346575
0.965738
0.808960
0.829282
0.462365
0.643949
0.127623
0.211153
0.160731
0.735726
0.505064
0.922090
0.483494
0.766291
0.549354
0.137917
0.350951
0.340005
0.462365
0.364456
0.922090
0.744157
0.362130
0.855893
0.146673
0.223587
0.649688
0.350951
0.483494
0.735726
0.290658
0.421575
0.612135
0.470257
0.527033
0.288671
0.951979
0.991213
0.749684
0.275424
0.327120
0.491556
0.962240
0.967937
0.989675
0.088340
0.253642
0.543791
0.713075
0.962240
0.483494
0.290658
0.672823
0.735726
0.836720
0.658394
0.141156
0.394742
0.483494
0.958545
0.935597
0.695863
0.874110
0.005855
0.713075
0.597771
0.907293
0.681504
0.441715
0.787927
0.907293
0.333520
0.935597
0.284858
0.594827
0.981075
0.930673
0.884948
0.275424
0.841556
0.082732
0.446787
0.913005
0.681504
0.086192
0.991213
0.884948
0.483494
0.771705
0.269851
0.841556
0.855893
0.250182
0.273514
0.735726
0.434080
0.930673
0.855893
0.821730
0.166886
0.109849
0.045761
0.994555
0.667094
0.766291
0.035180
0.758020
0.735726
0.874110
0.333520
0.884948
0.967937
0.704484
0.382926
0.082732
0.421575
0.255445
0.513281
0.884948
0.643949
0.649688
0.236593
0.808960
0.470257
0.996919
0.758020
0.049040
0.713075
0.779856
0.513281
0.867378
0.434080
0.094284
0.150086
0.808960
0.233315
0.695863
0.935597
0.735726
0.322949
0.713075
0.727244
0.454542
0.787927
0.971109
0.003455
0.067775
0.518727
0.695863
0.414138
0.483494
0.744157
0.322949
0.057717
0.470257
0.766291
0.434080
0.483494
0.505064
0.940331
0.626544
0.535389
0.375911
0.721628
0.829282
0.169385
0.603471
0.735726
0.104694
0.643949
0.045761
0.907293
0.589144
0.329292
0.848789
0.206623
0.061772
0.935597
0.094284
0.109849
0.626544
0.744157
0.848789
0.867378
0.603471
0.046970
0.891273
0.535389
0.758020
0.787927
0.874110
0.017866
0.394742
0.801128
0.310521
0.137917
0.107244
0.454542
0.758020
0.891273
0.329292
0.801128
0.122729
0.080707
0.635244
0.387593
0.874110
0.884948
0.698805
0.098985
0.635244
0.557828
0.721628
0.401971
0.808960
0.375911
0.153566
0.483494
0.821730
0.441715
0.884948
0.829282
0.015409
0.779856
0.406779
0.513281
0.779856
0.860501
0.951979
0.513281
0.434080
0.022258
0.681504
0.483494
0.327120
0.935597
0.704484
0.194957
0.571972
0.119859
0.310521
0.241635
0.132684
0.527033
0.344325
0.094284
0.571972
0.368979
0.713075
0.947760
0.446787
0.166886
0.713075
0.231634
0.672823
0.649688
0.080707
0.135818
0.603471
0.787927
0.179787
0.758020
0.032199
0.635244
0.867378
0.346575
0.491556
0.690166
0.978604
0.053907
0.273514
0.414138
0.580543
0.357661
0.801128
0.449423
0.766291
0.922090
0.004728
0.264363
0.571972
0.362130
0.549354
0.005013
0.713075
0.269851
0.713075
0.005687
0.390021
0.333520
0.874110
0.387593
0.801128
0.007965
0.566341
0.557828
0.505064
0.382926
0.758020
0.907293
0.429087
0.989675
0.612135
0.241635
0.901408
0.275424
0.727244
0.241635
0.181158
0.658394
0.658394
0.594827
0.300471
0.375911
0.841556
0.535389
0.505064
0.026438
0.491556
0.406779
0.658394
0.901408
0.333520
0.721628
0.153566
0.540922
0.626544
0.962240
0.150086
0.907293
0.891273
0.695863
0.266225
0.375911
0.986757
0.092778
0.434080
0.035500
0.713075
0.228410
0.441715
0.409279
0.002567
0.105557
0.169385
0.288671
0.535389
0.513281
0.916674
0.364456
0.766291
0.771705
0.603471
0.758020
0.527033
0.643949
0.127623
0.617854
0.375911
0.173237
0.766291
0.077446
0.067775
0.626544
0.626544
0.603471
0.867378
0.013524
0.478214
0.109849
0.658394
0.922090
0.346575
0.119859
0.867378
0.300471
0.026438
0.718717
0.787927
0.382926
0.079397
0.409279
0.491556
0.421575
0.434080
0.483494
0.449423
0.901408
0.153566
