0.281082
0.907293
0.907293
0.855893
0.658394
0.139014
0.187953
0.867378
0.571972
0.163153
0.441715
0.173237
0.958545
0.940331
0.414138
0.529876
0.557828
0.505064
0.974087
0.294528
0.801128
0.535389
0.681504
0.744157
0.727244
0.594827
0.357661
0.540922
0.848789
0.991213
0.758020
0.787927
0.658394
0.513281
0.454542
0.999575
0.279144
0.652656
0.462365
0.617854
0.024596
0.891273
0.119859
0.940331
0.543791
0.092778
0.020692
0.735726
0.275424
0.284858
0.141156
0.421575
0.998868
0.690166
0.589144
0.860501
0.713075
0.434080
0.228410
0.848789
0.735726
0.855893
0.907293
0.695863
0.758020
0.141156
0.043818
0.981075
0.053907
0.681504
0.513281
0.382926
0.434080
0.441715
0.681504
0.340005
0.735726
0.922090
0.829282
0.470257
0.127623
0.891273
0.658394
0.557828
0.580543
0.704484
0.211153
0.649688
0.012317
0.203680
0.829282
0.951979
0.667094
0.223587
0.246759
0.667094
0.543791
0.426518
0.462365
0.187953
0.808960
0.874110
0.008847
0.574890
0.462365
0.340005
0.867378
0.491556
0.867378
0.848789
0.841556
0.816691
0.758020
0.215763
0.667094
0.690166
0.454542
0.821730
0.667094
0.491556
0.017866
0.649688
0.735726
0.681504
0.779856
0.580543
0.571972
0.557828
0.368979
0.119859
0.346575
0.884948
0.848789
0.409279
0.470257
0.146673
0.260793
0.023508
0.220452
0.026438
0.088340
0.884948
0.394742
0.589144
0.672823
0.735726
0.483494
0.749684
0.139014
0.233315
0.077446
0.421575
0.478214
0.855893
0.401971
0.535389
0.375911
0.766291
0.054829
0.322949
0.144460
0.223587
0.549354
0.019230
0.513281
0.962240
0.566341
0.779856
0.279144
0.681504
0.223587
0.290658
0.626544
0.947760
0.429087
0.580543
0.070668
0.704484
0.758020
0.264363
0.260793
0.690166
0.475494
0.841556
0.491556
0.801128
0.994555
0.603471
0.721628
0.251967
0.947760
0.513281
0.821730
0.996919
0.312615
0.727244
0.930673
0.841556
0.368979
0.557828
0.667094
0.690166
0.294528
0.557828
0.727244
0.916674
0.779856
0.735726
0.019230
0.566341
0.589144
0.250182
0.220452
0.320806
0.441715
0.580543
0.658394
0.681504
0.557828
0.181158
0.612135
0.836720
0.218844
0.603471
0.801128
0.462365
0.329292
0.557828
0.935597
0.300471
0.749684
0.695863
0.603471
0.801128
0.787927
0.612135
0.884948
0.713075
0.913005
0.357661
0.316692
0.441715
0.236593
0.346575
0.867378
0.163153
0.521553
0.491556
0.518727
0.758020
0.580543
0.821730
0.043818
0.491556
0.867378
0.037099
0.841556
0.064431
0.787927
0.901408
0.848789
0.344325
0.801128
0.727244
0.643949
0.090535
0.867378
0.114294
0.940331
0.183833
0.017063
0.414138
0.997586
0.112510
0.434080
0.535389
0.521553
0.620815
0.713075
0.434080
0.109849
0.658394
0.779856
0.344325
0.829282
0.187953
0.635244
0.947760
0.117048
0.626544
0.086919
0.927324
0.626544
0.951979
0.727244
0.704484
0.346575
0.867378
0.344325
0.112510
0.801128
0.421575
0.462365
0.300471
0.060217
0.470257
0.947760
0.177160
0.491556
0.041578
0.690166
0.626544
0.269851
0.947760
0.478214
0.316692
0.880693
0.163153
0.884948
0.139014
0.626544
0.329292
0.940331
0.571972
0.454542
0.518727
0.690166
0.457201
0.429087
0.658394
0.483494
0.041952
0.549354
0.163153
0.153566
0.721628
0.808960
0.499678
0.922090
0.103042
0.513281
0.250182
0.927324
0.626544
0.024596
0.951979
0.218844
0.067775
0.316692
0.681504
0.978604
0.658394
0.901408
0.096609
0.986757
0.589144
0.096609
0.037752
0.749684
0.000661
0.499678
0.713075
0.214182
0.947760
0.239907
0.681504
0.075538
0.814067
0.491556
0.322949
0.727244
0.867378
0.907293
0.496903
0.758020
0.290658
0.549354
0.228410
0.744157
0.103042
0.527033
0.478214
0.284858
0.281082
0.322949
0.475494
0.275424
0.971109
0.971109
0.364456
0.187953
0.735726
0.483494
0.626544
0.922090
0.974087
0.457201
0.170690
0.056256
0.552238
0.557828
0.744157
0.368979
0.037099
0.860501
0.518727
0.279144
0.333520
0.028409
0.589144
0.294528
0.787927
0.159490
0.841556
0.382926
0.092008
0.228410
0.735726
0.060217
0.978604
0.891273
0.139014
0.787927
0.090535
0.135818
0.829282
0.375911
0.329292
0.527033
0.513281
0.978604
0.535389
0.922090
0.649688
0.962240
0.401971
0.836720
0.867378
0.084092
0.166886
0.821730
0.994555
0.971109
0.521553
0.947760
0.364456
0.997586
0.119859
0.255445
0.998868
0.483494
0.421575
0.727244
0.421575
0.505064
0.246759
0.371333
0.434080
0.922090
0.758020
0.279144
0.513281
0.557828
0.649688
0.829282
0.801128
0.505064
0.357661
0.306500
0.290658
0.414138
0.672823
0.801128
0.470257
0.855893
0.801128
0.340005
0.947760
0.935597
0.974087
0.836720
0.801128
0.749684
0.758020
0.223587
0.236593
0.483494
0.667094
0.086919
0.874110
0.190711
0.521553
0.667094
0.793201
0.779856
0.296545
0.907293
0.223587
0.901408
0.907293
0.409279
0.571972
0.744157
0.173237
0.068911
0.829282
0.163153
0.401971
0.571972
0.300471
0.635244
0.421575
0.907293
0.375911
0.505064
0.255445
0.368979
0.010298
0.387593
0.626544
0.713075
0.626544
0.808960
0.801128
0.543791
0.612135
0.635244
0.483494
0.203680
0.808960
0.855893
0.594827
0.084092
0.462365
0.649688
0.144460
0.364456
0.322949
0.891273
0.194957
0.414138
0.766291
0.829282
0.340005
0.119859
0.421575
0.612135
0.787927
0.695863
0.470257
0.907293
0.109849
0.119859
0.658394
0.421575
0.206623
0.000294
0.930673
0.449423
0.626544
0.821730
0.215763
0.057717
0.029186
0.375911
0.535389
0.513281
0.470257
0.441715
0.643949
0.594827
0.589144
0.279144
0.867378
0.527033
0.557828
