0.793201
0.867378
0.284858
0.841556
0.867378
0.821730
0.496903
0.434080
0.848789
0.130653
0.150086
0.779856
0.041578
0.848789
0.758020
0.368979
0.505064
0.749684
0.758020
0.082732
0.012670
0.947760
0.620815
0.626544
0.971109
0.197797
0.848789
0.566341
0.718717
0.206623
0.350951
0.816691
0.127623
0.557828
0.153566
0.808960
0.421575
0.153566
0.421575
0.626544
0.649688
0.597771
0.989675
0.269851
0.758020
0.922090
0.580543
0.454542
0.096609
0.580543
0.787927
0.294528
0.462365
0.096609
0.947760
0.951979
0.658394
0.127623
0.793201
0.002808
0.206623
0.594827
0.727244
0.496903
0.005418
0.935597
0.135818
0.620815
0.658394
0.051194
0.454542
0.901408
0.713075
0.090535
0.566341
0.543791
0.801128
0.907293
0.935597
0.129613
0.971109
0.643949
0.907293
0.735726
0.626544
0.483494
0.927324
0.114294
0.346575
0.250182
0.132684
0.357661
0.991213
0.241635
0.264363
0.580543
0.382926
0.215763
0.907293
0.141156
0.947760
0.836720
0.462365
0.727244
0.829282
0.704484
0.399498
0.958545
0.951979
0.003629
0.513281
0.000063
0.146673
0.744157
0.758020
0.312615
0.051194
0.848789
0.521553
0.884948
0.897436
0.199280
0.084803
0.064431
0.795913
0.566341
0.470257
0.041952
0.727244
0.986757
0.284858
0.878466
0.441715
0.434080
0.290658
0.540922
0.667094
0.867378
0.635244
0.421575
0.758020
0.829282
0.260793
0.375911
0.821730
0.070668
0.117048
0.000002
0.344325
0.643949
0.505064
0.984769
0.034568
0.157114
0.535389
0.187953
0.022258
0.006637
0.290658
0.793201
0.000609
0.527033
0.454542
0.290658
0.626544
0.658394
0.177160
0.566341
0.695863
0.357661
0.981075
0.434080
0.749684
0.994555
0.681504
0.848789
0.649688
0.884948
0.025274
0.626544
0.566341
0.203680
0.557828
0.940331
0.749684
0.779856
0.074303
0.023508
0.350951
0.166886
0.801128
0.026438
0.867378
0.132684
0.808960
0.713075
0.727244
0.246759
0.047782
0.316692
0.114294
0.727244
0.241635
0.322949
0.329292
0.513281
0.129613
0.713075
0.606422
0.649688
0.505064
0.255445
0.098170
0.589144
0.346575
0.540922
0.007378
0.930673
0.855893
0.690166
0.971109
0.206623
0.499678
0.019768
0.322949
0.855893
0.322949
0.617854
0.535389
0.441715
0.009822
0.779856
0.401971
0.626544
0.916674
0.135818
0.766291
0.698805
0.535389
0.766291
0.228410
0.116102
0.015409
0.401971
0.971109
0.808960
0.333520
0.275424
0.042685
0.675784
0.306500
0.166886
0.557828
0.681504
0.991213
0.713075
0.181158
0.375911
0.000091
0.695863
0.907293
0.713075
0.316692
0.223587
0.821730
0.571972
0.192150
0.329292
0.787927
0.057717
0.394742
0.387593
0.153566
0.935597
0.231634
0.082732
0.695863
0.375911
0.449423
0.137917
0.690166
0.947760
0.344325
0.947760
0.169385
0.284858
0.758020
0.718717
0.462365
0.978604
0.808960
0.779856
0.947760
0.681504
0.981075
0.475494
0.414138
0.057717
0.000359
0.387593
0.549354
0.107244
0.082732
0.462365
0.951979
0.891273
0.841556
0.535389
0.199280
0.275424
0.951979
0.947760
0.580543
0.848789
0.470257
0.566341
0.333520
0.580543
0.907293
0.658394
0.215763
0.626544
0.169385
0.891273
0.223587
0.821730
0.557828
0.930673
0.199280
0.306500
0.275424
0.223587
0.499678
0.766291
0.891273
0.978604
0.255445
0.603471
0.940331
0.603471
0.137917
0.681504
0.836720
0.535389
0.922090
0.922090
0.144460
0.228410
0.958545
0.801128
0.721628
0.029186
0.571972
0.312615
0.079397
0.690166
0.406779
0.649688
0.801128
0.429087
0.884948
0.922090
0.758020
0.535389
0.922090
0.681504
0.808960
0.003738
0.387593
0.779856
0.177160
0.513281
0.704484
0.290658
0.057717
0.867378
0.971109
0.535389
0.704484
0.580543
0.940331
0.350951
0.135818
0.496903
0.793201
0.543791
0.940331
0.491556
0.057717
0.947760
0.462365
0.061772
0.758020
0.589144
0.643949
0.491556
0.713075
0.958545
0.340005
0.030798
0.103042
0.255445
0.521553
0.916674
0.103042
0.557828
0.816691
0.527033
0.612135
0.841556
0.713075
0.109849
0.727244
0.429087
0.132684
0.891273
0.589144
0.749684
0.951979
0.848789
0.566341
0.084803
0.735726
0.594827
0.521553
0.612135
0.255445
0.350951
0.382926
0.727244
0.470257
0.727244
0.841556
0.947760
0.874110
0.246759
0.340005
0.884948
0.421575
0.566341
0.787927
0.771705
0.787927
0.735726
0.821730
0.414138
0.597771
0.848789
0.681504
0.635244
0.721628
0.978604
0.535389
0.635244
0.250182
0.612135
0.589144
0.735726
0.141156
0.281082
0.483494
0.721628
0.316692
0.206623
0.228410
0.874110
0.907293
0.557828
0.574890
0.721628
0.039801
0.855893
0.793201
0.971109
0.658394
0.173237
0.434080
0.322949
0.801128
0.907293
0.848789
0.082732
0.491556
0.135818
0.635244
0.821730
0.874110
0.962240
0.022258
0.779856
0.429087
0.658394
0.793201
0.353229
0.704484
0.008436
0.617854
0.867378
0.513281
0.984769
0.907293
0.449423
0.721628
0.483494
0.727244
0.483494
0.891273
0.441715
0.051648
0.940331
0.704484
0.021268
0.951979
0.470257
0.462365
0.236593
0.667094
0.874110
0.571972
0.984769
0.658394
0.766291
0.382926
0.860501
0.962240
0.718717
0.991213
0.421575
0.758020
0.884948
0.721628
0.187953
0.228410
0.620815
0.491556
0.549354
0.050328
0.304435
0.496903
0.179787
0.635244
0.704484
0.104694
0.454542
0.735726
0.060217
0.958545
0.603471
0.096609
0.978604
0.346575
0.187953
0.658394
0.766291
0.434080
0.086192
0.771705
0.015695
0.626544
0.940331
0.390021
0.290658
0.549354
0.228410
0.457201
0.223587
0.978604
0.540922
0.986757
0.779856
0.735726
0.421575
0.998868
0.153566
0.994555
0.829282
