0.704484
0.787927
0.951979
0.327120
0.690166
0.429087
0.008597
0.612135
0.513281
0.364456
0.749684
0.867378
0.766291
0.907293
0.771705
0.375911
0.735726
0.940331
0.620815
0.241635
0.612135
0.535389
0.704484
0.867378
0.009546
0.052535
0.874110
0.255445
0.727244
0.643949
0.681504
0.499678
0.491556
0.571972
0.382926
0.836720
0.194957
0.884948
0.643949
0.779856
0.079397
0.082732
0.704484
0.043818
0.454542
0.434080
0.744157
0.233315
0.690166
0.635244
0.211153
0.771705
0.053907
0.013909
0.114294
0.483494
0.294528
0.981075
0.214182
0.981075
0.829282
0.039801
0.891273
0.312615
0.566341
0.043818
0.470257
0.061772
0.829282
0.808960
0.409279
0.300471
0.935597
0.131630
0.589144
0.891273
0.704484
0.513281
0.571972
0.096609
0.000411
0.891273
0.241635
0.513281
0.406779
0.713075
0.491556
0.310521
0.916674
0.867378
0.449423
0.841556
0.891273
0.978604
0.505064
0.057717
0.499678
0.340005
0.690166
0.169385
0.589144
0.867378
0.475494
0.513281
0.371333
0.462365
0.758020
0.260793
0.735726
0.462365
0.072465
0.640981
0.103042
0.758020
0.290658
0.316692
0.153566
0.704484
0.527033
0.470257
0.958545
0.779856
0.940331
0.117048
0.635244
0.626544
0.375911
0.589144
0.153566
0.947760
0.000125
0.563435
0.057717
0.084803
0.916674
0.727244
0.836720
0.667094
0.127623
0.401971
0.429087
0.612135
0.667094
0.044581
0.848789
0.014305
0.124654
0.000129
0.241635
0.617854
0.681504
0.766291
0.006447
0.329292
0.414138
0.935597
0.505064
0.589144
0.441715
0.681504
0.540922
0.836720
0.891273
0.306500
0.749684
0.421575
0.766291
0.357661
0.086919
0.223587
0.658394
0.758020
0.589144
0.836720
0.021268
0.163153
0.163153
0.010595
0.241635
0.766291
0.199280
0.470257
0.580543
0.836720
0.211153
0.829282
0.002443
0.179787
0.563435
0.535389
0.916674
0.011315
0.994555
0.713075
0.704484
0.394742
0.206623
0.122729
0.727244
0.255445
0.446787
0.103042
0.060217
0.829282
0.962240
0.082732
0.891273
0.103042
0.159490
0.375911
0.727244
0.787927
0.713075
0.962240
0.080707
0.322949
0.421575
0.088340
0.241635
0.375911
0.808960
0.441715
0.491556
0.362130
0.241635
0.094284
0.130653
0.766291
0.100580
0.255445
0.021268
0.681504
0.635244
0.067775
0.787927
0.989675
0.084803
0.371333
0.884948
0.231634
0.566341
0.130653
0.801128
0.163153
0.375911
0.491556
0.884948
0.017063
0.269851
0.449423
0.626544
0.571972
0.695863
0.144460
0.163153
0.187953
0.475494
0.350951
0.907293
0.974087
0.841556
0.787927
0.357661
0.026438
0.275424
0.223587
0.421575
0.429087
0.580543
0.836720
0.032771
0.163153
0.690166
0.258960
0.867378
0.727244
0.401971
0.236593
0.068911
0.867378
0.387593
0.690166
0.543791
0.801128
0.986757
0.658394
0.255445
0.079397
0.907293
0.421575
0.114294
0.505064
0.867378
0.032771
0.194957
0.505064
0.421575
0.329292
0.135818
0.414138
0.409279
0.316692
0.643949
0.704484
0.603471
0.787927
0.273514
0.735726
0.735726
0.401971
0.333520
0.855893
0.368979
0.064431
0.491556
0.727244
0.566341
0.357661
0.121744
0.848789
0.821730
0.821730
0.672823
0.387593
0.236593
0.029982
0.462365
0.635244
0.643949
0.390021
0.357661
0.698805
0.749684
0.109849
0.255445
0.253642
0.829282
0.891273
0.589144
0.749684
0.382926
0.029982
0.462365
0.986757
0.690166
0.117048
0.421575
0.758020
0.426518
0.907293
0.594827
0.401971
0.209600
0.603471
0.821730
0.100580
0.505064
0.429087
0.475494
0.300471
0.284858
0.192150
0.166886
0.566341
0.860501
0.449423
0.077446
0.021268
0.454542
0.956001
0.357661
0.007815
0.126604
0.535389
0.690166
0.004043
0.594827
0.275424
0.808960
0.357661
0.779856
0.375911
0.821730
0.594827
0.922090
0.801128
0.382926
0.874110
0.667094
0.049040
0.513281
0.695863
0.690166
0.836720
0.891273
0.989675
0.927324
0.322949
0.387593
0.215763
0.962240
0.848789
0.040864
0.505064
0.589144
0.758020
0.681504
0.907293
0.787927
0.132684
0.214182
0.250182
0.070668
0.771705
0.499678
0.112510
0.187953
0.260793
0.922090
0.072465
0.860501
0.713075
0.643949
0.429087
0.727244
0.681504
0.766291
0.951979
0.322949
0.758020
0.962240
0.375911
0.165605
0.340005
0.958545
0.483494
0.626544
0.971109
0.848789
0.226757
0.401971
0.571972
0.483494
0.266225
0.557828
0.049040
0.626544
0.690166
0.269851
0.617854
0.821730
0.829282
0.255445
0.758020
0.421575
0.557828
0.327120
0.543791
0.704484
0.169385
0.082732
0.132684
0.043818
0.061772
0.704484
0.535389
0.173237
0.322949
0.527033
0.690166
0.940331
0.429087
0.994555
0.718717
0.603471
0.951979
0.095811
0.226757
0.874110
0.387593
0.166886
0.779856
0.612135
0.077446
0.206623
0.535389
0.441715
0.169385
0.414138
0.821730
0.364456
0.891273
0.273514
0.867378
0.713075
0.727244
0.594827
0.771705
0.557828
0.329292
0.658394
0.947760
0.199280
0.658394
0.179787
0.935597
0.787927
0.290658
0.991213
0.744157
0.340005
0.749684
0.179787
0.901408
0.848789
0.801128
0.927324
0.316692
0.275424
0.681504
0.069506
0.535389
0.758020
0.329292
0.041578
0.316692
0.387593
0.971109
0.867378
0.061772
0.414138
0.434080
0.727244
0.681504
0.264363
0.721628
0.441715
0.801128
0.429087
0.829282
0.848789
0.566341
0.296545
0.421575
0.626544
0.829282
0.626544
0.364456
0.371333
0.681504
0.163153
0.986757
0.580543
0.897436
0.241635
0.801128
0.589144
0.075538
0.984769
0.346575
0.357661
0.695863
0.000390
0.766291
0.901408
0.011106
0.454542
0.483494
0.649688
0.758020
0.491556
0.290658
0.735726
0.020692
0.779856
0.454542
