0.713075
0.721628
0.294528
0.121744
0.163153
0.787927
0.916674
0.505064
0.429087
0.974087
0.233315
0.580543
0.841556
0.571972
0.020692
0.690166
0.771705
0.306500
0.940331
0.884948
0.620815
0.907293
0.635244
0.357661
0.704484
0.580543
0.571972
0.667094
0.735726
0.735726
0.535389
0.549354
0.758020
0.505064
0.166886
0.535389
0.787927
0.891273
0.462365
0.589144
0.394742
0.039801
0.449423
0.203680
0.333520
0.681504
0.998868
0.070668
0.382926
0.527033
0.112510
0.346575
0.364456
0.779856
0.617854
0.098985
0.350951
0.322949
0.766291
0.014043
0.394742
0.884948
0.375911
0.147829
0.129613
0.727244
0.375911
0.446787
0.399498
0.304435
0.848789
0.940331
0.279144
0.092778
0.092008
0.735726
0.075538
0.947760
0.350951
0.401971
0.296545
0.626544
0.394742
0.891273
0.603471
0.002491
0.867378
0.981075
0.436675
0.228410
0.421575
0.300471
0.215763
0.884948
0.874110
0.981075
0.300471
0.690166
0.260793
0.340005
0.505064
0.177160
0.635244
0.275424
0.320806
0.672823
0.735726
0.907293
0.589144
0.470257
0.429087
0.543791
0.075538
0.340005
0.483494
0.594827
0.801128
0.884948
0.127623
0.816691
0.620815
0.603471
0.557828
0.978604
0.454542
0.245003
0.017866
0.144460
0.927324
0.589144
0.962240
0.211153
0.880693
0.202171
0.874110
0.848789
0.580543
0.521553
0.635244
0.935597
0.284858
0.878466
0.016595
0.211153
0.658394
0.368979
0.549354
0.704484
0.535389
0.971109
0.901408
0.310521
0.007168
0.316692
0.626544
0.735726
0.603471
0.001465
0.907293
0.907293
0.667094
0.649688
0.290658
0.658394
0.491556
0.056256
0.535389
0.040864
0.245003
0.375911
0.126604
0.375911
0.382926
0.394742
0.649688
0.096609
0.088340
0.316692
0.255445
0.027652
0.340005
0.294528
0.003008
0.279144
0.891273
0.935597
0.340005
0.137917
0.841556
0.109849
0.250182
0.264363
0.571972
0.032199
0.907293
0.003850
0.848789
0.713075
0.518727
0.513281
0.475494
0.841556
0.681504
0.429087
0.003455
0.704484
0.000009
0.290658
0.166886
0.236593
0.069506
0.333520
0.597771
0.635244
0.300471
0.322949
0.836720
0.821730
0.505064
0.735726
0.434080
0.758020
0.779856
0.032199
0.981075
0.735726
0.574890
0.228410
0.971109
0.129613
0.414138
0.255445
0.801128
0.901408
0.713075
0.721628
0.475494
0.177160
0.027164
0.713075
0.891273
0.758020
0.690166
0.147829
0.183833
0.848789
0.228410
0.024596
0.394742
0.727244
0.394742
0.713075
0.814067
0.231634
0.441715
0.690166
0.951979
0.829282
0.643949
0.124654
0.072465
0.375911
0.109849
0.617854
0.414138
0.166886
0.612135
0.009277
0.557828
0.649688
0.183833
0.713075
0.483494
0.063362
0.306500
0.922090
0.940331
0.620815
0.589144
0.357661
0.901408
0.228410
0.557828
0.635244
0.829282
0.836720
0.860501
0.672823
0.163153
0.801128
0.996919
0.441715
0.421575
0.947760
0.884948
0.589144
0.617854
0.117048
0.527033
0.096609
0.988571
0.462365
0.449423
0.183833
0.771705
0.841556
0.414138
0.064431
0.971109
0.135818
0.848789
0.787927
0.713075
0.304435
0.009546
0.499678
0.187953
0.144460
0.589144
0.735726
0.860501
0.483494
0.580543
0.996919
0.094284
0.284858
0.535389
0.557828
0.346575
0.860501
0.027908
0.571972
0.441715
0.483494
0.109849
0.927324
0.057717
0.119859
0.004043
0.255445
0.967937
0.382926
0.194957
0.434080
0.829282
0.566341
0.414138
0.935597
0.795913
0.179787
0.758020
0.146673
0.281082
0.801128
0.333520
0.635244
0.394742
0.114294
0.535389
0.454542
0.144460
0.758020
0.241635
0.000696
0.922090
0.181158
0.860501
0.841556
0.173237
0.758020
0.094284
0.855893
0.414138
0.667094
0.901408
0.064431
0.727244
0.535389
0.094284
0.566341
0.543791
0.549354
0.744157
0.891273
0.001865
0.867378
0.735726
0.429087
0.848789
0.139014
0.228410
0.640981
0.672823
0.635244
0.035500
0.704484
0.626544
0.375911
0.056256
0.690166
0.000590
0.127623
0.649688
0.421575
0.829282
0.994555
0.173237
0.129613
0.246759
0.907293
0.808960
0.505064
0.037752
0.649688
0.951979
0.718717
0.779856
0.836720
0.981075
0.088340
0.713075
0.521553
0.891273
0.163153
0.462365
0.635244
0.549354
0.571972
0.808960
0.021859
0.597771
0.922090
0.434080
0.848789
0.667094
0.874110
0.236593
0.884948
0.129613
0.727244
0.994555
0.007168
0.635244
0.117048
0.971109
0.159490
0.157114
0.991213
0.779856
0.255445
0.935597
0.375911
0.401971
0.951979
0.658394
0.695863
0.658394
0.744157
0.557828
0.231634
0.681504
0.727244
0.766291
0.667094
0.069506
0.231634
0.884948
0.194957
0.907293
0.940331
0.779856
0.114294
0.344325
0.643949
0.394742
0.187953
0.353229
0.758020
0.672823
0.779856
0.549354
0.483494
0.816691
0.478214
0.023508
0.255445
0.414138
0.549354
0.387593
0.626544
0.290658
0.549354
0.916674
0.801128
0.496903
0.483494
0.821730
0.749684
0.056256
0.141156
0.771705
0.159490
0.421575
0.589144
0.821730
0.771705
0.916674
0.329292
0.223587
0.527033
0.821730
0.848789
0.353229
0.018368
0.056256
0.867378
0.236593
0.549354
0.362130
0.603471
0.758020
0.695863
0.891273
0.491556
0.421575
0.072465
0.163153
0.153566
0.053907
0.744157
0.543791
0.344325
0.206623
0.867378
0.735726
0.667094
0.996919
0.971109
0.758020
0.771705
0.441715
0.260793
0.787927
0.816691
0.597771
0.057717
0.597771
0.046970
0.744157
0.535389
0.300471
0.681504
0.322949
0.540922
0.543791
0.557828
0.021268
0.867378
0.255445
0.382926
0.491556
0.566341
0.704484
0.255445
0.994555
0.281082
0.971109
0.475494
0.766291
0.434080
0.275424
0.521553
0.470257
0.867378
0.441715
0.672823
