0.245003
0.333520
0.394742
0.649688
0.891273
0.187953
0.475494
0.681504
0.940331
0.855893
0.603471
0.364456
0.543791
0.346575
0.322949
0.475494
0.294528
0.626544
0.779856
0.867378
0.109849
0.364456
0.658394
0.266225
0.793201
0.003289
0.316692
0.947760
0.860501
0.787927
0.713075
0.306500
0.891273
0.025274
0.758020
0.935597
0.698805
0.329292
0.316692
0.429087
0.029982
0.543791
0.147829
0.518727
0.296545
0.053907
0.043429
0.901408
0.100580
0.215763
0.704484
0.310521
0.543791
0.735726
0.981075
0.922090
0.672823
0.927324
0.951979
0.874110
0.771705
0.421575
0.549354
0.901408
0.117048
0.643949
0.984769
0.951979
0.119859
0.901408
0.749684
0.922090
0.320806
0.795913
0.690166
0.793201
0.589144
0.907293
0.236593
0.429087
0.192150
0.062816
0.758020
0.836720
0.462365
0.867378
0.735726
0.540922
0.421575
0.135818
0.279144
0.589144
0.981075
0.462365
0.488801
0.300471
0.758020
0.612135
0.698805
0.571972
0.135818
0.878466
0.007739
0.543791
0.649688
0.462365
0.394742
0.344325
0.779856
0.735726
0.855893
0.350951
0.771705
0.758020
0.527033
0.491556
0.758020
0.535389
0.357661
0.580543
0.690166
0.721628
0.166886
0.082732
0.994555
0.612135
0.643949
0.141156
0.667094
0.183833
0.228410
0.867378
0.155897
0.527033
0.049040
0.153566
0.566341
0.275424
0.163153
0.041578
0.470257
0.981075
0.620815
0.441715
0.808960
0.241635
0.947760
0.603471
0.255445
0.951979
0.053907
0.766291
0.549354
0.978604
0.626544
0.132684
0.695863
0.735726
0.032199
0.387593
0.199280
0.003850
0.779856
0.566341
0.801128
0.571972
0.787927
0.766291
0.557828
0.255445
0.978604
0.991213
0.513281
0.409279
0.491556
0.228410
0.094284
0.364456
0.571972
0.793201
0.375911
0.947760
0.163153
0.984769
0.836720
0.836720
0.406779
0.290658
0.070668
0.867378
0.187953
0.721628
0.535389
0.829282
0.394742
0.643949
0.690166
0.698805
0.250182
0.735726
0.971109
0.470257
0.322949
0.153566
0.002255
0.947760
0.940331
0.779856
0.449423
0.401971
0.927324
0.169385
0.658394
0.269851
0.170690
0.290658
0.375911
0.649688
0.704484
0.867378
0.860501
0.557828
0.543791
0.821730
0.215763
0.426518
0.735726
0.681504
0.855893
0.441715
0.617854
0.891273
0.947760
0.874110
0.177160
0.829282
0.580543
0.513281
0.758020
0.867378
0.867378
0.300471
0.340005
0.300471
0.962240
0.491556
0.658394
0.096609
0.260793
0.475494
0.829282
0.483494
0.394742
0.150086
0.258960
0.322949
0.518727
0.340005
0.068911
0.364456
0.011106
0.513281
0.421575
0.721628
0.340005
0.441715
0.821730
0.927324
0.779856
0.173237
0.462365
0.589144
0.255445
0.922090
0.984769
0.483494
0.940331
0.414138
0.766291
0.092008
0.795913
0.306500
0.793201
0.215763
0.041578
0.521553
0.521553
0.891273
0.518727
0.848789
0.884948
0.589144
0.310521
0.294528
0.119859
0.499678
0.380525
0.927324
0.462365
0.829282
0.672823
0.462365
0.667094
0.658394
0.603471
0.124654
0.635244
0.867378
0.735726
0.115226
0.643949
0.006511
0.643949
0.713075
0.829282
0.215763
0.672823
0.793201
0.012317
0.371333
0.353229
0.635244
0.483494
0.322949
0.394742
0.429087
0.346575
0.015695
0.132684
0.836720
0.306500
0.557828
0.462365
0.124654
0.211153
0.421575
0.421575
0.034568
0.758020
0.401971
0.557828
0.649688
0.183833
0.580543
0.713075
0.079397
0.002808
0.449423
0.848789
0.483494
0.470257
0.513281
0.462365
0.499678
0.884948
0.901408
0.848789
0.199280
0.250182
0.245003
0.594827
0.626544
0.306500
0.329292
0.409279
0.008197
0.483494
0.157114
0.749684
0.749684
0.543791
0.589144
0.414138
0.250182
0.421575
0.147829
0.836720
0.211153
0.571972
0.177160
0.681504
0.841556
0.649688
0.269851
0.779856
0.978604
0.088340
0.284858
0.836720
0.446787
0.228410
0.483494
0.371333
0.848789
0.454542
0.808960
0.978604
0.758020
0.571972
0.891273
0.364456
0.580543
0.695863
0.916674
0.394742
0.364456
0.421575
0.068911
0.620815
0.375911
0.801128
0.350951
0.848789
0.922090
0.672823
0.030798
0.549354
0.446787
0.316692
0.821730
0.771705
0.603471
0.513281
0.907293
0.014985
0.364456
0.971109
0.965738
0.441715
0.986757
0.867378
0.808960
0.006832
0.449423
0.390021
0.043818
0.690166
0.571972
0.399498
0.635244
0.566341
0.322949
0.429087
0.449423
0.884948
0.187953
0.603471
0.580543
0.441715
0.333520
0.426518
0.603471
0.368979
0.346575
0.449423
0.816691
0.357661
0.787927
0.848789
0.594827
0.241635
0.626544
0.589144
0.364456
0.808960
0.626544
0.491556
0.672823
0.867378
0.779856
0.153566
0.779856
0.340005
0.695863
0.218844
0.589144
0.005968
0.779856
0.808960
0.082732
0.713075
0.194957
0.860501
0.077446
0.535389
0.566341
0.580543
0.867378
0.848789
0.306500
0.808960
0.382926
0.713075
0.513281
0.779856
0.446787
0.478214
0.406779
0.340005
0.612135
0.574890
0.721628
0.626544
0.117048
0.117048
0.505064
0.375911
0.735726
0.364456
0.496903
0.690166
0.279144
0.907293
0.475494
0.436675
0.922090
0.884948
0.390021
0.401971
0.284858
0.057215
0.874110
0.075538
0.446787
0.574890
0.640981
0.713075
0.082732
0.535389
0.549354
0.275424
0.357661
0.735726
0.940331
0.255445
0.962240
0.406779
0.787927
0.951979
0.177160
0.011106
0.129613
0.375911
0.104694
0.362130
0.549354
0.620815
0.241635
0.848789
0.109849
0.535389
0.173237
0.658394
0.018368
0.316692
0.971109
0.848789
0.518727
0.557828
0.421575
0.096609
0.922090
0.441715
0.713075
0.064431
0.264363
0.766291
0.139014
0.874110
0.535389
0.269851
0.848789
0.300471
0.713075
0.635244
0.779856
