0.470257
0.462365
0.215763
0.916674
0.414138
0.026438
0.061772
0.183833
0.316692
0.284858
0.045761
0.070668
0.540922
0.394742
0.690166
0.527033
0.704484
0.088340
0.266225
0.704484
0.563435
0.891273
0.808960
0.375911
0.284858
0.203680
0.046970
0.340005
0.505064
0.766291
0.470257
0.031348
0.375911
0.947760
0.368979
0.658394
0.357661
0.626544
0.233315
0.127623
0.394742
0.086192
0.401971
0.571972
0.130653
0.215763
0.836720
0.214182
0.290658
0.594827
0.092008
0.055312
0.294528
0.057717
0.322949
0.505064
0.394742
0.635244
0.779856
0.535389
0.160731
0.255445
0.978604
0.483494
0.580543
0.801128
0.105557
0.375911
0.901408
0.867378
0.643949
0.867378
0.713075
0.787927
0.735726
0.258960
0.350951
0.037099
0.414138
0.643949
0.549354
0.855893
0.013909
0.735726
0.821730
0.018368
0.626544
0.250182
0.758020
0.518727
0.557828
0.170690
0.749684
0.109849
0.147829
0.036127
0.971109
0.713075
0.649688
0.211153
0.681504
0.441715
0.978604
0.557828
0.245003
0.566341
0.163153
0.735726
0.867378
0.049040
0.000609
0.779856
0.527033
0.821730
0.163153
0.203680
0.375911
0.749684
0.340005
0.667094
0.713075
0.901408
0.566341
0.713075
0.549354
0.667094
0.045761
0.518727
0.566341
0.070668
0.059212
0.368979
0.312615
0.441715
0.005523
0.557828
0.801128
0.401971
0.051648
0.434080
0.927324
0.620815
0.527033
0.190711
0.867378
0.483494
0.935597
0.907293
0.658394
0.033659
0.704484
0.612135
0.721628
0.390021
0.414138
0.935597
0.310521
0.884948
0.867378
0.203680
0.836720
0.626544
0.808960
0.067775
0.897436
0.035500
0.549354
0.735726
0.088340
0.787927
0.848789
0.025731
0.364456
0.316692
0.808960
0.231634
0.294528
0.635244
0.779856
0.014711
0.713075
0.340005
0.086192
0.557828
0.543791
0.821730
0.801128
0.061772
0.049040
0.787927
0.986757
0.771705
0.698805
0.056256
0.698805
0.589144
0.521553
0.891273
0.434080
0.612135
0.758020
0.470257
0.223587
0.951979
0.470257
0.540922
0.735726
0.884948
0.735726
0.681504
0.066084
0.117048
0.855893
0.667094
0.841556
0.454542
0.860501
0.897436
0.462365
0.667094
0.002189
0.409279
0.867378
0.462365
0.635244
0.771705
0.580543
0.721628
0.505064
0.867378
0.521553
0.841556
0.362130
0.107244
0.566341
0.884948
0.713075
0.766291
0.787927
0.117048
0.793201
0.382926
0.304435
0.306500
0.470257
0.107244
0.181158
0.166886
0.771705
0.771705
0.860501
0.793201
0.006325
0.119859
0.306500
0.867378
0.907293
0.454542
0.394742
0.557828
0.269851
0.211153
0.166886
0.316692
0.907293
0.112510
0.962240
0.371333
0.744157
0.779856
0.132684
0.735726
0.441715
0.922090
0.766291
0.967937
0.713075
0.092778
0.713075
0.470257
0.612135
0.771705
0.119859
0.119859
0.223587
0.294528
0.947760
0.884948
0.241635
0.241635
0.713075
0.394742
0.380525
0.951979
0.100580
0.513281
0.421575
0.916674
0.322949
0.387593
0.821730
0.962240
0.779856
0.612135
0.801128
0.543791
0.310521
0.543791
0.284858
0.758020
0.300471
0.891273
0.612135
0.940331
0.228410
0.357661
0.454542
0.187953
0.951979
0.228410
0.962240
0.072465
0.779856
0.891273
0.496903
0.135818
0.543791
0.947760
0.132684
0.913005
0.236593
0.513281
0.350951
0.449423
0.346575
0.958545
0.470257
0.643949
0.160731
0.916674
0.787927
0.771705
0.082732
0.421575
0.429087
0.344325
0.228410
0.082732
0.766291
0.483494
0.042685
0.690166
0.067775
0.766291
0.713075
0.855893
0.713075
0.557828
0.589144
0.801128
0.382926
0.681504
0.603471
0.727244
0.916674
0.891273
0.787927
0.758020
0.470257
0.279144
0.107244
0.681504
0.449423
0.434080
0.375911
0.100580
0.617854
0.907293
0.129613
0.884948
0.571972
0.527033
0.612135
0.626544
0.922090
0.406779
0.713075
0.316692
0.620815
0.986757
0.681504
0.300471
0.382926
0.535389
0.907293
0.246759
0.215763
0.713075
0.375911
0.454542
0.667094
0.037099
0.312615
0.275424
0.364456
0.695863
0.901408
0.527033
0.704484
0.483494
0.867378
0.552238
0.566341
0.039801
0.635244
0.353229
0.658394
0.491556
0.300471
0.096609
0.821730
0.994555
0.098985
0.449423
0.658394
0.962240
0.867378
0.543791
0.758020
0.192150
0.658394
0.535389
0.649688
0.580543
0.496903
0.312615
0.758020
0.589144
0.974087
0.170690
0.735726
0.141156
0.951979
0.713075
0.033659
0.867378
0.426518
0.300471
0.527033
0.779856
0.007739
0.891273
0.649688
0.978604
0.173237
0.001865
0.766291
0.375911
0.735726
0.535389
0.300471
0.269851
0.121744
0.310521
0.387593
0.958545
0.580543
0.589144
0.667094
0.940331
0.897436
0.713075
0.236593
0.069506
0.690166
0.194957
0.713075
0.594827
0.947760
0.491556
0.177160
0.421575
0.284858
0.001687
0.228410
0.246759
0.907293
0.382926
0.744157
0.787927
0.741289
0.231634
0.421575
0.681504
0.713075
0.129613
0.513281
0.187953
0.165605
0.681504
0.816691
0.434080
0.978604
0.470257
0.163153
0.884948
0.375911
0.978604
0.681504
0.449423
0.199280
0.801128
0.264363
0.470257
0.064990
0.940331
0.449423
0.612135
0.245003
0.787927
0.183833
0.103042
0.121744
0.019230
0.867378
0.543791
0.848789
0.025731
0.049040
0.068911
0.758020
0.112510
0.023935
0.187953
0.962240
0.535389
0.290658
0.139014
0.253642
0.721628
0.258960
0.491556
0.409279
0.940331
0.021268
0.681504
0.421575
0.557828
0.958545
0.144460
0.245003
0.470257
0.829282
0.316692
0.316692
0.681504
0.002863
0.841556
0.441715
0.275424
0.681504
0.014305
0.312615
0.107244
0.612135
0.350951
0.744157
0.421575
0.421575
0.088340
0.727244
0.801128
0.891273
0.194957
0.984769
0.364456
