0.535389
0.449423
0.675784
0.491556
0.022258
0.017866
0.414138
0.787927
0.441715
0.505064
0.112510
0.346575
0.951979
0.749684
0.499678
0.421575
0.483494
0.965738
0.735726
0.053907
0.984769
0.727244
0.206623
0.329292
0.681504
0.698805
0.236593
0.891273
0.947760
0.771705
0.066084
0.766291
0.078727
0.069506
0.681504
0.589144
0.649688
0.735726
0.947760
0.114294
0.974087
0.626544
0.658394
0.322949
0.749684
0.543791
0.340005
0.084803
0.273514
0.496903
0.612135
0.109849
0.470257
0.114294
0.183833
0.105557
0.867378
0.535389
0.275424
0.166886
0.491556
0.387593
0.310521
0.228410
0.704484
0.787927
0.867378
0.449423
0.421575
0.829282
0.169385
0.414138
0.681504
0.197797
0.878466
0.327120
0.821730
0.236593
0.499678
0.643949
0.947760
0.974087
0.589144
0.594827
0.735726
0.483494
0.421575
0.290658
0.787927
0.836720
0.382926
0.505064
0.300471
0.470257
0.357661
0.643949
0.005523
0.860501
0.060217
0.901408
0.105557
0.368979
0.269851
0.406779
0.094284
0.635244
0.421575
0.223587
0.557828
0.401971
0.029186
0.312615
0.603471
0.771705
0.589144
0.375911
0.023935
0.549354
0.549354
0.187953
0.394742
0.612135
0.513281
0.658394
0.580543
0.255445
0.626544
0.978604
0.727244
0.527033
0.566341
0.801128
0.037099
0.109849
0.116102
0.779856
0.947760
0.947760
0.681504
0.429087
0.310521
0.429087
0.441715
0.994555
0.727244
0.808960
0.735726
0.009016
0.681504
0.867378
0.652656
0.177160
0.649688
0.127623
0.749684
0.540922
0.808960
0.513281
0.527033
0.177160
0.527033
0.749684
0.527033
0.779856
0.462365
0.041578
0.406779
0.766291
0.580543
0.429087
0.390021
0.758020
0.829282
0.848789
0.626544
0.829282
0.052535
0.617854
0.173237
0.446787
0.971109
0.033659
0.483494
0.002443
0.290658
0.974087
0.364456
0.000141
0.922090
0.672823
0.557828
0.130653
0.513281
0.003193
0.053907
0.958545
0.635244
0.513281
0.021268
0.103042
0.922090
0.704484
0.491556
0.907293
0.143326
0.947760
0.197797
0.228410
0.721628
0.096609
0.713075
0.375911
0.901408
0.758020
0.626544
0.829282
0.962240
0.409279
0.891273
0.971109
0.322949
0.223587
0.940331
0.094284
0.735726
0.978604
0.947760
0.816691
0.199280
0.735726
0.867378
0.566341
0.294528
0.086192
0.496903
0.284858
0.580543
0.971109
0.603471
0.421575
0.991213
0.446787
0.025274
0.901408
0.752533
0.612135
0.658394
0.236593
0.173237
0.357661
0.801128
0.380525
0.571972
0.155897
0.821730
0.681504
0.121744
0.421575
0.364456
0.033659
0.658394
0.316692
0.766291
0.557828
0.045761
0.350951
0.306500
0.414138
0.594827
0.006637
0.056256
0.571972
0.766291
0.183833
0.658394
0.566341
0.922090
0.986757
0.004637
0.208158
0.779856
0.848789
0.483494
0.421575
0.414138
0.194957
0.275424
0.801128
0.003039
0.144460
0.322949
0.808960
0.141156
0.867378
0.269851
0.543791
0.984769
0.848789
0.414138
0.867378
0.620815
0.571972
0.867378
0.449423
0.821730
0.603471
0.808960
0.043818
0.100580
0.187953
0.779856
0.727244
0.566341
0.306500
0.105557
0.045761
0.375911
0.617854
0.340005
0.962240
0.612135
0.713075
0.635244
0.758020
0.787927
0.907293
0.053907
0.649688
0.006144
0.801128
0.100580
0.414138
0.003193
0.273514
0.521553
0.228410
0.035180
0.566341
0.177160
0.357661
0.922090
0.801128
0.829282
0.884948
0.874110
0.947760
0.884948
0.635244
0.169385
0.681504
0.159490
0.543791
0.603471
0.867378
0.848789
0.681504
0.144460
0.130653
0.690166
0.626544
0.643949
0.793201
0.958545
0.735726
0.901408
0.962240
0.421575
0.884948
0.406779
0.971109
0.155897
0.002808
0.816691
0.094284
0.187953
0.006144
0.758020
0.704484
0.491556
0.672823
0.375911
0.206623
0.612135
0.401971
0.793201
0.884948
0.658394
0.012670
0.574890
0.491556
0.513281
0.144460
0.475494
0.935597
0.758020
0.147829
0.382926
0.958545
0.446787
0.821730
0.183833
0.947760
0.022875
0.658394
0.681504
0.695863
0.029186
0.549354
0.449423
0.891273
0.124654
0.795913
0.749684
0.505064
0.829282
0.241635
0.300471
0.795913
0.362130
0.808960
0.947760
0.181158
0.470257
0.836720
0.322949
0.421575
0.735726
0.364456
0.236593
0.211153
0.357661
0.535389
0.620815
0.643949
0.203680
0.704484
0.016595
0.758020
0.801128
0.557828
0.467559
0.801128
0.429087
0.557828
0.758020
0.462365
0.821730
0.974087
0.744157
0.658394
0.690166
0.749684
0.250182
0.478214
0.199280
0.449423
0.166886
0.658394
0.236593
0.978604
0.470257
0.626544
0.563435
0.202171
0.114294
0.008197
0.766291
0.690166
0.994555
0.290658
0.124654
0.434080
0.187953
0.735726
0.273514
0.074303
0.470257
0.181158
0.787927
0.913005
0.649688
0.208158
0.005855
0.206623
0.255445
0.199280
0.713075
0.884948
0.491556
0.884948
0.991213
0.557828
0.962240
0.211153
0.499678
0.483494
0.362130
0.039801
0.681504
0.916674
0.947760
0.589144
0.808960
0.382926
0.617854
0.014985
0.322949
0.518727
0.505064
0.316692
0.357661
0.713075
0.984769
0.157114
0.284858
0.160731
0.084803
0.462365
0.362130
0.478214
0.771705
0.571972
0.340005
0.829282
0.907293
0.491556
0.050328
0.940331
0.192150
0.962240
0.194957
0.589144
0.290658
0.203680
0.357661
0.124654
0.874110
0.104694
0.848789
0.041578
0.513281
0.434080
0.233315
0.114294
0.483494
0.735726
0.094284
0.211153
0.070668
0.821730
0.290658
0.991213
0.350951
0.387593
0.250182
0.635244
0.749684
0.114294
0.681504
0.436675
0.841556
0.020320
0.612135
0.070668
0.100580
0.056256
0.462365
0.841556
0.446787
0.199280
0.483494
0.580543
0.874110
0.935597
0.704484
0.001172
