0.020692
0.971109
0.992594
0.121744
0.141156
0.394742
0.364456
0.505064
0.749684
0.414138
0.513281
0.275424
0.967937
0.316692
0.215763
0.241635
0.316692
0.766291
0.907293
0.891273
0.449423
0.848789
0.357661
0.036127
0.626544
0.527033
0.103042
0.197797
0.527033
0.470257
0.527033
0.667094
0.771705
0.394742
0.041578
0.434080
0.758020
0.124654
0.103042
0.382926
0.848789
0.290658
0.300471
0.350951
0.203680
0.421575
0.094284
0.236593
0.841556
0.401971
0.364456
0.150086
0.589144
0.907293
0.681504
0.779856
0.527033
0.557828
0.211153
0.001351
0.013654
0.241635
0.007965
0.357661
0.947760
0.211153
0.535389
0.808960
0.695863
0.000337
0.801128
0.518727
0.496903
0.141156
0.543791
0.951979
0.801128
0.434080
0.913005
0.215763
0.414138
0.771705
0.017866
0.414138
0.211153
0.821730
0.441715
0.795913
0.513281
0.322949
0.535389
0.429087
0.758020
0.612135
0.306500
0.449423
0.513281
0.916674
0.322949
0.375911
0.821730
0.571972
0.658394
0.927324
0.571972
0.170690
0.241635
0.681504
0.897436
0.129613
0.002645
0.513281
0.787927
0.690166
0.594827
0.998868
0.312615
0.203680
0.288671
0.449423
0.549354
0.984769
0.100580
0.340005
0.758020
0.580543
0.901408
0.199280
0.194957
0.566341
0.681504
0.527033
0.566341
0.951979
0.566341
0.269851
0.018883
0.801128
0.672823
0.021268
0.233315
0.855893
0.401971
0.841556
0.371333
0.255445
0.801128
0.088340
0.491556
0.735726
0.801128
0.535389
0.310521
0.284858
0.421575
0.795913
0.935597
0.250182
0.192150
0.181158
0.290658
0.999575
0.513281
0.744157
0.357661
0.549354
0.867378
0.635244
0.735726
0.922090
0.557828
0.126604
0.203680
0.897436
0.163153
0.658394
0.491556
0.250182
0.951979
0.855893
0.821730
0.454542
0.045761
0.594827
0.288671
0.290658
0.867378
0.695863
0.038764
0.491556
0.836720
0.246759
0.735726
0.290658
0.284858
0.429087
0.580543
0.521553
0.922090
0.829282
0.821730
0.357661
0.483494
0.401971
0.340005
0.061772
0.475494
0.566341
0.951979
0.018883
0.275424
0.269851
0.698805
0.829282
0.364456
0.000872
0.049040
0.255445
0.434080
0.681504
0.808960
0.874110
0.779856
0.192150
0.571972
0.027164
0.127623
0.173237
0.848789
0.112510
0.441715
0.160731
0.855893
0.779856
0.401971
0.626544
0.414138
0.165605
0.535389
0.735726
0.978604
0.429087
0.513281
0.150086
0.589144
0.658394
0.329292
0.241635
0.965738
0.521553
0.779856
0.951979
0.922090
0.626544
0.658394
0.009546
0.758020
0.779856
0.816691
0.496903
0.978604
0.543791
0.241635
0.951979
0.672823
0.079397
0.421575
0.758020
0.535389
0.867378
0.130653
0.284858
0.098985
0.713075
0.681504
0.206623
0.401971
0.643949
0.449423
0.034568
0.340005
0.907293
0.079397
0.068911
0.801128
0.090535
0.036765
0.160731
0.062816
0.922090
0.901408
0.758020
0.643949
0.549354
0.793201
0.779856
0.986757
0.681504
0.518727
0.787927
0.855893
0.891273
0.978604
0.718717
0.649688
0.394742
0.922090
0.727244
0.357661
0.045761
0.290658
0.121744
0.997586
0.612135
0.821730
0.951979
0.801128
0.505064
0.491556
0.841556
0.329292
0.449423
0.620815
0.713075
0.808960
0.880693
0.454542
0.082732
0.057717
0.194957
0.779856
0.284858
0.346575
0.927324
0.505064
0.571972
0.603471
0.340005
0.290658
0.491556
0.594827
0.082732
0.362130
0.947760
0.855893
0.571972
0.713075
0.475494
0.735726
0.821730
0.535389
0.406779
0.499678
0.364456
0.916674
0.958545
0.947760
0.978604
0.104694
0.727244
0.275424
0.401971
0.681504
0.446787
0.958545
0.284858
0.727244
0.368979
0.958545
0.935597
0.848789
0.891273
0.735726
0.891273
0.375911
0.681504
0.543791
0.088340
0.580543
0.821730
0.127623
0.088340
0.284858
0.540922
0.658394
0.513281
0.401971
0.727244
0.170690
0.521553
0.300471
0.698805
0.483494
0.141156
0.169385
0.082732
0.024158
0.535389
0.429087
0.652656
0.333520
0.382926
0.394742
0.320806
0.067775
0.658394
0.922090
0.667094
0.401971
0.147829
0.028409
0.713075
0.004043
0.787927
0.340005
0.698805
0.901408
0.874110
0.296545
0.203680
0.779856
0.535389
0.144460
0.429087
0.901408
0.166886
0.974087
0.134742
0.380525
0.816691
0.787927
0.913005
0.296545
0.192150
0.612135
0.535389
0.070668
0.557828
0.364456
0.250182
0.626544
0.429087
0.103042
0.246759
0.088340
0.127623
0.603471
0.962240
0.981075
0.491556
0.821730
0.787927
0.306500
0.535389
0.612135
0.483494
0.340005
0.566341
0.594827
0.951979
0.401971
0.441715
0.821730
0.667094
0.779856
0.003850
0.821730
0.077446
0.375911
0.075538
0.357661
0.571972
0.421575
0.499678
0.704484
0.848789
0.940331
0.620815
0.096609
0.264363
0.658394
0.922090
0.848789
0.698805
0.947760
0.874110
0.329292
0.006832
0.037099
0.394742
0.620815
0.922090
0.294528
0.394742
0.462365
0.080707
0.527033
0.129613
0.470257
0.322949
0.821730
0.255445
0.667094
0.475494
0.867378
0.387593
0.635244
0.855893
0.139014
0.626544
0.758020
0.401971
0.958545
0.346575
0.991213
0.032771
0.965738
0.357661
0.801128
0.364456
0.829282
0.061772
0.434080
0.163153
0.597771
0.406779
0.603471
0.441715
0.580543
0.124654
0.771705
0.067775
0.483494
0.449423
0.322949
0.255445
0.704484
0.333520
0.312615
0.090535
0.414138
0.721628
0.841556
0.153566
0.801128
0.978604
0.529876
0.681504
0.141156
0.103042
0.867378
0.236593
0.612135
0.735726
0.441715
0.269851
0.580543
0.848789
0.119859
0.475494
0.713075
0.704484
0.414138
0.727244
0.357661
0.672823
0.672823
0.112510
0.829282
0.758020
0.144460
0.971109
0.462365
0.290658
0.527033
0.194957
