0.002645
0.527033
0.275424
0.000500
0.022466
0.070668
0.049040
0.907293
0.874110
0.672823
0.580543
0.322949
0.269851
0.079397
0.649688
0.907293
0.557828
0.401971
0.787927
0.513281
0.758020
0.991213
0.470257
0.166886
0.527033
0.829282
0.735726
0.027164
0.462365
0.535389
0.109849
0.483494
0.206623
0.557828
0.965738
0.907293
0.626544
0.971109
0.199280
0.322949
0.441715
0.124654
0.690166
0.571972
0.978604
0.129613
0.357661
0.935597
0.414138
0.867378
0.329292
0.129613
0.649688
0.874110
0.981075
0.281082
0.039801
0.749684
0.994555
0.327120
0.821730
0.891273
0.312615
0.580543
0.250182
0.597771
0.449423
0.072465
0.183833
0.635244
0.141156
0.978604
0.192150
0.146673
0.462365
0.884948
0.735726
0.620815
0.981075
0.951979
0.974087
0.658394
0.414138
0.589144
0.088340
0.016595
0.007965
0.967937
0.901408
0.139014
0.771705
0.779856
0.571972
0.030518
0.779856
0.690166
0.766291
0.441715
0.310521
0.527033
0.787927
0.194957
0.821730
0.350951
0.236593
0.649688
0.002324
0.658394
0.727244
0.971109
0.867378
0.449423
0.496903
0.962240
0.649688
0.505064
0.779856
0.735726
0.414138
0.031348
0.153566
0.322949
0.496903
0.006511
0.269851
0.580543
0.981075
0.891273
0.855893
0.848789
0.626544
0.999575
0.017543
0.228410
0.390021
0.907293
0.236593
0.771705
0.434080
0.236593
0.052535
0.580543
0.483494
0.496903
0.371333
0.394742
0.922090
0.387593
0.068911
0.779856
0.441715
0.951979
0.094284
0.220452
0.884948
0.940331
0.103042
0.333520
0.672823
0.340005
0.173237
0.294528
0.074303
0.255445
0.681504
0.589144
0.667094
0.557828
0.779856
0.543791
0.333520
0.935597
0.951979
0.962240
0.594827
0.766291
0.333520
0.626544
0.996919
0.597771
0.779856
0.821730
0.344325
0.491556
0.163153
0.414138
0.053907
0.549354
0.658394
0.801128
0.499678
0.667094
0.394742
0.884948
0.135818
0.704484
0.194957
0.967937
0.000475
0.535389
0.527033
0.855893
0.082732
0.549354
0.901408
0.704484
0.758020
0.035180
0.387593
0.635244
0.658394
0.927324
0.940331
0.996919
0.997586
0.505064
0.855893
0.127623
0.192150
0.901408
0.505064
0.246759
0.549354
0.414138
0.231634
0.848789
0.036127
0.771705
0.603471
0.557828
0.462365
0.173237
0.543791
0.557828
0.884948
0.173237
0.658394
0.072465
0.787927
0.535389
0.296545
0.505064
0.491556
0.513281
0.727244
0.139014
0.758020
0.505064
0.441715
0.275424
0.580543
0.033659
0.159490
0.649688
0.491556
0.594827
0.935597
0.000100
0.001721
0.070668
0.340005
0.006637
0.018368
0.721628
0.056256
0.821730
0.333520
0.312615
0.215763
0.808960
0.829282
0.535389
0.597771
0.275424
0.141156
0.867378
0.357661
0.571972
0.279144
0.821730
0.635244
0.984769
0.727244
0.002255
0.241635
0.535389
0.491556
0.394742
0.766291
0.077446
0.382926
0.131630
0.300471
0.779856
0.681504
0.603471
0.181158
0.801128
0.279144
0.038764
0.771705
0.891273
0.958545
0.441715
0.880693
0.177160
0.779856
0.117048
0.779856
0.978604
0.793201
0.038094
0.580543
0.821730
0.527033
0.327120
0.922090
0.513281
0.649688
0.566341
0.521553
0.203680
0.649688
0.011640
0.557828
0.505064
0.704484
0.695863
0.874110
0.124654
0.129613
0.187953
0.441715
0.357661
0.264363
0.597771
0.735726
0.571972
0.434080
0.612135
0.344325
0.127623
0.521553
0.667094
0.000119
0.758020
0.340005
0.992594
0.816691
0.855893
0.273514
0.958545
0.922090
0.930673
0.951979
0.000262
0.744157
0.848789
0.779856
0.901408
0.758020
0.241635
0.233315
0.603471
0.086919
0.441715
0.057717
0.322949
0.406779
0.612135
0.958545
0.518727
0.020692
0.105557
0.084803
0.735726
0.491556
0.766291
0.269851
0.306500
0.364456
0.787927
0.801128
0.744157
0.884948
0.727244
0.787927
0.306500
0.563435
0.829282
0.704484
0.153566
0.571972
0.159490
0.144460
0.135818
0.566341
0.787927
0.758020
0.098985
0.024596
0.394742
0.589144
0.829282
0.454542
0.014985
0.157114
0.672823
0.735726
0.891273
0.260793
0.375911
0.801128
0.454542
0.470257
0.935597
0.223587
0.808960
0.255445
0.186540
0.387593
0.901408
0.021268
0.643949
0.695863
0.362130
0.690166
0.499678
0.787927
0.771705
0.549354
0.766291
0.771705
0.944872
0.075538
0.626544
0.667094
0.713075
0.612135
0.935597
0.401971
0.978604
0.250182
0.441715
0.462365
0.978604
0.884948
0.695863
0.169385
0.215763
0.589144
0.279144
0.070668
0.540922
0.991213
0.001208
0.077446
0.084803
0.947760
0.995551
0.003926
0.626544
0.836720
0.084803
0.329292
0.698805
0.226757
0.121744
0.566341
0.290658
0.038094
0.211153
0.801128
0.281082
0.808960
0.978604
0.940331
0.749684
0.779856
0.055312
0.284858
0.010795
0.255445
0.916674
0.329292
0.107244
0.867378
0.004637
0.927324
0.580543
0.620815
0.294528
0.064431
0.527033
0.194957
0.758020
0.821730
0.119859
0.401971
0.821730
0.141156
0.935597
0.499678
0.779856
0.996919
0.409279
0.340005
0.935597
0.449423
0.284858
0.284858
0.218844
0.194957
0.891273
0.635244
0.119859
0.735726
0.491556
0.275424
0.273514
0.612135
0.901408
0.626544
0.513281
0.862861
0.801128
0.808960
0.310521
0.155897
0.626544
0.981075
0.300471
0.306500
0.940331
0.037099
0.603471
0.884948
0.357661
0.187953
0.269851
0.208158
0.053907
0.088340
0.470257
0.713075
0.183833
0.580543
0.527033
0.713075
0.117048
0.329292
0.312615
0.236593
0.695863
0.540922
0.808960
0.310521
0.829282
0.735726
0.260793
0.922090
0.306500
0.947760
0.907293
0.375911
0.245003
0.690166
0.940331
0.505064
0.357661
0.580543
0.344325
0.874110
0.935597
0.088340
0.549354
