0.855893
0.771705
0.462365
0.084803
0.012907
0.183833
0.735726
0.340005
0.821730
0.006447
0.513281
0.986757
0.829282
0.935597
0.771705
0.074303
0.962240
0.260793
0.483494
0.368979
0.264363
0.658394
0.884948
0.978604
0.816691
0.454542
0.187953
0.543791
0.808960
0.401971
0.505064
0.429087
0.821730
0.971109
0.597771
0.951979
0.364456
0.513281
0.571972
0.735726
0.211153
0.421575
0.483494
0.005418
0.801128
0.228410
0.713075
0.713075
0.922090
0.166886
0.589144
0.058699
0.999575
0.779856
0.527033
0.061772
0.829282
0.491556
0.991213
0.245003
0.394742
0.874110
0.672823
0.897436
0.010900
0.574890
0.441715
0.199280
0.527033
0.808960
0.406779
0.603471
0.382926
0.375911
0.884948
0.241635
0.250182
0.429087
0.901408
0.574890
0.557828
0.429087
0.028409
0.994555
0.779856
0.549354
0.643949
0.735726
0.236593
0.100580
0.434080
0.094284
0.971109
0.635244
0.082732
0.649688
0.771705
0.735726
0.401971
0.635244
0.527033
0.206623
0.549354
0.884948
0.375911
0.620815
0.350951
0.241635
0.478214
0.901408
0.749684
0.867378
0.454542
0.713075
0.019230
0.713075
0.626544
0.787927
0.658394
0.513281
0.269851
0.441715
0.821730
0.241635
0.421575
0.375911
0.999892
0.675784
0.187953
0.255445
0.521553
0.860501
0.306500
0.891273
0.211153
0.027908
0.713075
0.704484
0.793201
0.867378
0.333520
0.658394
0.401971
0.406779
0.401971
0.187953
0.566341
0.335721
0.855893
0.704484
0.115226
0.766291
0.310521
0.527033
0.421575
0.749684
0.382926
0.483494
0.127623
0.589144
0.758020
0.513281
0.350951
0.635244
0.771705
0.643949
0.986757
0.098170
0.635244
0.681504
0.626544
0.223587
0.841556
0.758020
0.006325
0.672823
0.192150
0.704484
0.589144
0.462365
0.290658
0.236593
0.357661
0.001588
0.159490
0.000043
0.779856
0.978604
0.652656
0.124654
0.795913
0.505064
0.735726
0.340005
0.848789
0.375911
0.084803
0.971109
0.971109
0.491556
0.279144
0.727244
0.635244
0.449423
0.496903
0.470257
0.088340
0.690166
0.236593
0.672823
0.787927
0.357661
0.766291
0.603471
0.194957
0.635244
0.462365
0.013524
0.735726
0.241635
0.467559
0.409279
0.194957
0.779856
0.935597
0.727244
0.907293
0.220452
0.429087
0.312615
0.658394
0.535389
0.808960
0.981075
0.713075
0.269851
0.329292
0.491556
0.199280
0.513281
0.103042
0.620815
0.135818
0.855893
0.836720
0.947760
0.821730
0.255445
0.635244
0.513281
0.202171
0.434080
0.499678
0.241635
0.727244
0.667094
0.513281
0.821730
0.735726
0.808960
0.808960
0.441715
0.916674
0.104694
0.003354
0.021268
0.141156
0.543791
0.005110
0.364456
0.681504
0.658394
0.114294
0.848789
0.690166
0.766291
0.194957
0.612135
0.958545
0.074303
0.119859
0.971109
0.462365
0.157114
0.821730
0.223587
0.874110
0.112510
0.658394
0.470257
0.735726
0.704484
0.978604
0.907293
0.557828
0.667094
0.698805
0.681504
0.150086
0.100580
0.434080
0.505064
0.300471
0.766291
0.704484
0.891273
0.284858
0.841556
0.535389
0.010009
0.121744
0.066084
0.300471
0.228410
0.264363
0.801128
0.462365
0.421575
0.801128
0.103042
0.698805
0.594827
0.855893
0.735726
0.897436
0.612135
0.884948
0.434080
0.589144
0.971109
0.658394
0.245003
0.467559
0.228410
0.009822
0.801128
0.401971
0.704484
0.382926
0.667094
0.527033
0.735726
0.735726
0.635244
0.681504
0.681504
0.017866
0.375911
0.698805
0.658394
0.527033
0.215763
0.003256
0.380525
0.758020
0.727244
0.848789
0.429087
0.375911
0.483494
0.574890
0.643949
0.848789
0.808960
0.635244
0.467559
0.658394
0.096609
0.535389
0.690166
0.958545
0.441715
0.801128
0.441715
0.713075
0.612135
0.250182
0.441715
0.771705
0.727244
0.603471
0.187953
0.496903
0.971109
0.672823
0.658394
0.211153
0.974087
0.496903
0.255445
0.557828
0.543791
0.147829
0.549354
0.117048
0.927324
0.166886
0.974087
0.927324
0.098170
0.907293
0.848789
0.132684
0.571972
0.177160
0.233315
0.867378
0.658394
0.441715
0.907293
0.215763
0.935597
0.884948
0.535389
0.667094
0.603471
0.884948
0.284858
0.527033
0.574890
0.513281
0.518727
0.727244
0.279144
0.362130
0.535389
0.075538
0.478214
0.589144
0.557828
0.344325
0.787927
0.062816
0.518727
0.891273
0.580543
0.713075
0.414138
0.300471
0.296545
0.907293
0.787927
0.758020
0.667094
0.787927
0.986757
0.566341
0.132684
0.821730
0.626544
0.013909
0.015409
0.821730
0.357661
0.001981
0.061772
0.177160
0.855893
0.735726
0.483494
0.104694
0.499678
0.114294
0.962240
0.758020
0.994555
0.166886
0.421575
0.978604
0.867378
0.543791
0.816691
0.681504
0.557828
0.974087
0.454542
0.340005
0.580543
0.527033
0.978604
0.478214
0.589144
0.535389
0.284858
0.891273
0.649688
0.907293
0.867378
0.446787
0.322949
0.173237
0.713075
0.808960
0.012548
0.144460
0.771705
0.658394
0.635244
0.829282
0.117048
0.505064
0.226757
0.612135
0.300471
0.821730
0.082732
0.054829
0.029982
0.236593
0.322949
0.643949
0.643949
0.513281
0.132684
0.603471
0.119859
0.690166
0.250182
0.016595
0.867378
0.658394
0.521553
0.296545
0.051648
0.246759
0.250182
0.681504
0.470257
0.467559
0.867378
0.574890
0.449423
0.874110
0.390021
0.836720
0.190711
0.727244
0.727244
0.350951
0.867378
0.013276
0.779856
0.368979
0.194957
0.269851
0.039801
0.269851
0.571972
0.375911
0.340005
0.557828
0.169385
0.275424
0.496903
0.053907
0.017063
0.808960
0.635244
0.891273
0.401971
0.841556
0.884948
0.401971
0.690166
0.658394
0.394742
0.462365
0.566341
0.322949
0.114294
0.470257
0.571972
0.030518
0.269851
0.199280
0.111596
