0.867378
0.848789
0.907293
0.300471
0.779856
0.901408
0.958545
0.316692
0.454542
0.821730
0.635244
0.603471
0.566341
0.462365
0.635244
0.019768
0.246759
0.995551
0.848789
0.040864
0.540922
0.002370
0.284858
0.744157
0.935597
0.505064
0.867378
0.003738
0.779856
0.855893
0.860501
0.535389
0.103042
0.521553
0.333520
0.340005
0.984769
0.758020
0.429087
0.681504
0.667094
0.681504
0.513281
0.603471
0.153566
0.231634
0.327120
0.228410
0.749684
0.779856
0.735726
0.735726
0.255445
0.635244
0.322949
0.681504
0.821730
0.069506
0.620815
0.589144
0.947760
0.589144
0.535389
0.535389
0.223587
0.401971
0.940331
0.316692
0.406779
0.836720
0.922090
0.836720
0.012317
0.874110
0.549354
0.223587
0.312615
0.290658
0.429087
0.735726
0.434080
0.316692
0.549354
0.965738
0.874110
0.491556
0.121744
0.401971
0.749684
0.672823
0.518727
0.457201
0.021268
0.597771
0.958545
0.284858
0.681504
0.913005
0.749684
0.329292
0.867378
0.053907
0.434080
0.535389
0.135818
0.475494
0.816691
0.981075
0.483494
0.713075
0.202171
0.187953
0.612135
0.779856
0.037099
0.236593
0.279144
0.884948
0.002324
0.801128
0.364456
0.793201
0.549354
0.907293
0.962240
0.690166
0.907293
0.549354
0.758020
0.580543
0.695863
0.891273
0.829282
0.387593
0.173237
0.284858
0.147829
0.002370
0.940331
0.177160
0.100580
0.084803
0.086192
0.841556
0.626544
0.672823
0.808960
0.251967
0.880693
0.884948
0.571972
0.513281
0.580543
0.371333
0.382926
0.183833
0.228410
0.350951
0.956001
0.557828
0.779856
0.499678
0.316692
0.273514
0.951979
0.557828
0.147829
0.901408
0.675784
0.927324
0.675784
0.713075
0.368979
0.658394
0.566341
0.124654
0.758020
0.346575
0.483494
0.766291
0.978604
0.322949
0.166886
0.549354
0.462365
0.597771
0.306500
0.077446
0.346575
0.698805
0.744157
0.357661
0.382926
0.901408
0.223587
0.996919
0.483494
0.935597
0.901408
0.001208
0.543791
0.329292
0.808960
0.557828
0.535389
0.829282
0.735726
0.667094
0.223587
0.449423
0.758020
0.043818
0.103042
0.077446
0.635244
0.177160
0.401971
0.635244
0.127623
0.535389
0.177160
0.901408
0.344325
0.962240
0.951979
0.084803
0.951979
0.860501
0.255445
0.681504
0.649688
0.082732
0.049040
0.971109
0.589144
0.375911
0.566341
0.891273
0.051648
0.441715
0.884948
0.580543
0.316692
0.801128
0.907293
0.300471
0.264363
0.449423
0.612135
0.060217
0.874110
0.626544
0.462365
0.053907
0.047782
0.690166
0.183833
0.603471
0.454542
0.848789
0.836720
0.098170
0.690166
0.316692
0.566341
0.779856
0.329292
0.571972
0.266225
0.787927
0.174566
0.978604
0.549354
0.124654
0.855893
0.681504
0.848789
0.884948
0.867378
0.901408
0.155897
0.521553
0.357661
0.779856
0.264363
0.434080
0.441715
0.571972
0.135818
0.626544
0.401971
0.310521
0.643949
0.005262
0.907293
0.779856
0.368979
0.284858
0.821730
0.589144
0.181158
0.841556
0.105557
0.394742
0.454542
0.513281
0.059212
0.901408
0.387593
0.571972
0.294528
0.181158
0.874110
0.713075
0.940331
0.735726
0.867378
0.735726
0.294528
0.821730
0.491556
0.962240
0.199280
0.557828
0.940331
0.011425
0.580543
0.620815
0.771705
0.008436
0.793201
0.704484
0.505064
0.779856
0.371333
0.681504
0.951979
0.117048
0.434080
0.003738
0.940331
0.375911
0.971109
0.088340
0.855893
0.483494
0.907293
0.211153
0.971109
0.032199
0.401971
0.521553
0.643949
0.855893
0.793201
0.215763
0.462365
0.603471
0.034568
0.901408
0.491556
0.612135
0.566341
0.043818
0.166886
0.667094
0.462365
0.475494
0.009727
0.426518
0.681504
0.340005
0.333520
0.470257
0.535389
0.549354
0.681504
0.179787
0.002863
0.316692
0.218844
0.246759
0.483494
0.231634
0.107244
0.483494
0.387593
0.241635
0.163153
0.649688
0.192150
0.735726
0.333520
0.744157
0.082732
0.891273
0.203680
0.951979
0.947760
0.922090
0.002567
0.867378
0.557828
0.002808
0.771705
0.667094
0.269851
0.984769
0.529876
0.496903
0.220452
0.841556
0.194957
0.181158
0.557828
0.441715
0.594827
0.505064
0.994555
0.681504
0.603471
0.223587
0.801128
0.020130
0.649688
0.026438
0.589144
0.346575
0.067775
0.322949
0.801128
0.965738
0.947760
0.192150
0.527033
0.704484
0.535389
0.557828
0.649688
0.346575
0.199280
0.974087
0.269851
0.704484
0.462365
0.535389
0.012317
0.758020
0.046970
0.414138
0.056256
0.721628
0.011425
0.141156
0.704484
0.505064
0.848789
0.475494
0.327120
0.275424
0.549354
0.603471
0.344325
0.521553
0.735726
0.626544
0.306500
0.077446
0.971109
0.958545
0.175815
0.035500
0.848789
0.322949
0.375911
0.829282
0.962240
0.535389
0.333520
0.132684
0.275424
0.322949
0.375911
0.916674
0.787927
0.681504
0.848789
0.974087
0.557828
0.571972
0.434080
0.513281
0.416665
0.429087
0.241635
0.848789
0.001393
0.245003
0.050328
0.829282
0.192150
0.483494
0.713075
0.597771
0.721628
0.401971
0.681504
0.036127
0.357661
0.913005
0.421575
0.962240
0.409279
0.441715
0.874110
0.981075
0.521553
0.322949
0.329292
0.163153
0.098170
0.594827
0.667094
0.231634
0.446787
0.173237
0.215763
0.446787
0.475494
0.316692
0.350951
0.884948
0.010009
0.059212
0.535389
0.166886
0.513281
0.916674
0.246759
0.333520
0.527033
0.165605
0.997586
0.409279
0.589144
0.350951
0.406779
0.290658
0.951979
0.787927
0.194957
0.713075
0.727244
0.543791
0.927324
0.215763
0.100580
0.867378
0.867378
0.779856
0.981075
0.535389
0.401971
0.672823
0.316692
0.626544
0.713075
0.275424
0.079397
0.667094
0.771705
0.922090
0.446787
0.735726
0.672823
0.177160
