0.491556
0.075538
0.574890
0.867378
0.350951
0.350951
0.643949
0.535389
0.603471
0.290658
0.206623
0.192150
0.177160
0.269851
0.375911
0.695863
0.535389
0.681504
0.758020
0.260793
0.475494
0.735726
0.284858
0.306500
0.589144
0.300471
0.801128
0.758020
0.236593
0.163153
0.060217
0.735726
0.704484
0.333520
0.245003
0.300471
0.841556
0.187953
0.346575
0.117048
0.808960
0.721628
0.758020
0.521553
0.290658
0.635244
0.266225
0.002779
0.855893
0.962240
0.068911
0.387593
0.211153
0.848789
0.698805
0.194957
0.284858
0.312615
0.557828
0.667094
0.713075
0.068911
0.580543
0.421575
0.758020
0.971109
0.901408
0.626544
0.758020
0.947760
0.829282
0.132684
0.626544
0.264363
0.187953
0.922090
0.353229
0.421575
0.981075
0.704484
0.121744
0.589144
0.535389
0.543791
0.658394
0.020320
0.483494
0.196422
0.947760
0.571972
0.589144
0.117048
0.749684
0.594827
0.580543
0.779856
0.357661
0.801128
0.159490
0.475494
0.141156
0.808960
0.470257
0.947760
0.414138
0.194957
0.218844
0.571972
0.401971
0.891273
0.316692
0.327120
0.749684
0.006703
0.046970
0.951979
0.300471
0.935597
0.269851
0.771705
0.078727
0.801128
0.306500
0.020130
0.003738
0.594827
0.821730
0.284858
0.829282
0.801128
0.025731
0.129613
0.749684
0.483494
0.681504
0.612135
0.300471
0.821730
0.643949
0.860501
0.333520
0.199280
0.505064
0.294528
0.704484
0.061772
0.620815
0.658394
0.848789
0.635244
0.434080
0.241635
0.907293
0.137917
0.294528
0.010595
0.103042
0.409279
0.491556
0.117048
0.848789
0.658394
0.962240
0.860501
0.260793
0.958545
0.635244
0.552238
0.749684
0.483494
0.513281
0.157114
0.848789
0.978604
0.640981
0.951979
0.962240
0.037099
0.284858
0.483494
0.580543
0.848789
0.033659
0.612135
0.891273
0.907293
0.114294
0.735726
0.220452
0.557828
0.744157
0.132684
0.727244
0.867378
0.446787
0.421575
0.848789
0.841556
0.344325
0.035500
0.589144
0.306500
0.300471
0.362130
0.105557
0.300471
0.409279
0.192150
0.821730
0.704484
0.478214
0.681504
0.211153
0.940331
0.300471
0.557828
0.571972
0.039801
0.179787
0.958545
0.250182
0.690166
0.491556
0.649688
0.951979
0.340005
0.183833
0.353229
0.042685
0.690166
0.312615
0.690166
0.155897
0.891273
0.069506
0.362130
0.821730
0.758020
0.658394
0.518727
0.535389
0.052535
0.821730
0.441715
0.698805
0.284858
0.187953
0.779856
0.704484
0.426518
0.421575
0.255445
0.012317
0.940331
0.056256
0.535389
0.867378
0.064431
0.294528
0.603471
0.841556
0.215763
0.836720
0.848789
0.483494
0.157114
0.566341
0.306500
0.735726
0.749684
0.749684
0.203680
0.441715
0.821730
0.084803
0.884948
0.394742
0.704484
0.177160
0.951979
0.713075
0.658394
0.841556
0.718717
0.626544
0.187953
0.535389
0.236593
0.011425
0.441715
0.758020
0.006637
0.978604
0.130653
0.312615
0.094284
0.194957
0.203680
0.043818
0.513281
0.996919
0.094284
0.483494
0.727244
0.346575
0.884948
0.543791
0.713075
0.203680
0.414138
0.026438
0.215763
0.127623
0.329292
0.566341
0.704484
0.991213
0.758020
0.146673
0.024596
0.821730
0.478214
0.382926
0.206623
0.984769
0.891273
0.194957
0.836720
0.808960
0.897436
0.617854
0.549354
0.571972
0.922090
0.667094
0.446787
0.513281
0.300471
0.223587
0.183833
0.491556
0.181158
0.279144
0.364456
0.057717
0.594827
0.779856
0.070668
0.962240
0.220452
0.971109
0.884948
0.190711
0.603471
0.620815
0.795913
0.375911
0.962240
0.454542
0.996919
0.635244
0.499678
0.112510
0.771705
0.141156
0.658394
0.801128
0.566341
0.704484
0.878466
0.848789
0.996919
0.713075
0.310521
0.848789
0.922090
0.496903
0.821730
0.260793
0.848789
0.250182
0.580543
0.978604
0.649688
0.927324
0.333520
0.951979
0.991213
0.704484
0.513281
0.981075
0.658394
0.986757
0.429087
0.421575
0.228410
0.521553
0.821730
0.357661
0.098170
0.801128
0.194957
0.040864
0.922090
0.139014
0.557828
0.107244
0.801128
0.612135
0.228410
0.269851
0.284858
0.897436
0.907293
0.223587
0.913005
0.014711
0.260793
0.667094
0.829282
0.001809
0.368979
0.449423
0.681504
0.801128
0.901408
0.177160
0.041578
0.658394
0.316692
0.821730
0.470257
0.462365
0.316692
0.344325
0.612135
0.603471
0.072465
0.643949
0.958545
0.316692
0.151265
0.491556
0.019768
0.727244
0.228410
0.626544
0.557828
0.808960
0.279144
0.000271
0.891273
0.635244
0.364456
0.612135
0.603471
0.927324
0.527033
0.141156
0.808960
0.951979
0.382926
0.483494
0.594827
0.549354
0.454542
0.181158
0.901408
0.255445
0.454542
0.884948
0.901408
0.527033
0.421575
0.658394
0.132684
0.643949
0.643949
0.978604
0.002491
0.000976
0.891273
0.971109
0.793201
0.801128
0.010298
0.003256
0.922090
0.916674
0.867378
0.927324
0.620815
0.357661
0.758020
0.690166
0.808960
0.067775
0.434080
0.147829
0.935597
0.163153
0.643949
0.626544
0.971109
0.672823
0.421575
0.649688
0.749684
0.779856
0.713075
0.375911
0.580543
0.387593
0.836720
0.264363
0.535389
0.124654
0.127623
0.196422
0.649688
0.002370
0.269851
0.306500
0.749684
0.387593
0.848789
0.236593
0.483494
0.971109
0.135818
0.557828
0.033659
0.971109
0.045761
0.841556
0.947760
0.922090
0.974087
0.557828
0.340005
0.649688
0.749684
0.088340
0.441715
0.306500
0.375911
0.681504
0.527033
0.109849
0.483494
0.137917
0.394742
0.667094
0.390021
0.105557
0.951979
0.255445
0.927324
0.779856
0.072465
0.462365
0.801128
0.478214
0.518727
0.808960
0.690166
0.962240
0.841556
0.006028
0.300471
0.441715
0.144460
0.907293
0.927324
0.836720
0.580543
