0.333520
0.994555
0.209600
0.016595
0.935597
0.643949
0.449423
0.086192
0.109849
0.549354
0.867378
0.375911
0.527033
0.681504
0.117048
0.771705
0.947760
0.505064
0.901408
0.290658
0.557828
0.690166
0.971109
0.766291
0.907293
0.375911
0.001774
0.368979
0.649688
0.050328
0.947760
0.505064
0.346575
0.300471
0.462365
0.169385
0.557828
0.236593
0.006832
0.779856
0.004503
0.816691
0.951979
0.821730
0.808960
0.203680
0.971109
0.454542
0.841556
0.086192
0.024596
0.300471
0.922090
0.626544
0.491556
0.199280
0.454542
0.269851
0.735726
0.421575
0.112510
0.375911
0.971109
0.821730
0.801128
0.340005
0.549354
0.364456
0.250182
0.394742
0.672823
0.867378
0.316692
0.462365
0.163153
0.681504
0.057717
0.194957
0.414138
0.004868
0.535389
0.658394
0.394742
0.829282
0.340005
0.695863
0.080707
0.675784
0.499678
0.045761
0.505064
0.907293
0.643949
0.891273
0.018706
0.891273
0.907293
0.779856
0.394742
0.529876
0.749684
0.749684
0.643949
0.112510
0.273514
0.681504
0.721628
0.947760
0.246759
0.513281
0.721628
0.667094
0.984769
0.228410
0.496903
0.998868
0.589144
0.594827
0.779856
0.401971
0.264363
0.399498
0.907293
0.371333
0.139014
0.779856
0.549354
0.382926
0.223587
0.758020
0.829282
0.491556
0.543791
0.713075
0.316692
0.340005
0.658394
0.527033
0.527033
0.816691
0.986757
0.978604
0.907293
0.129613
0.597771
0.505064
0.801128
0.109849
0.801128
0.947760
0.821730
0.829282
0.350951
0.513281
0.916674
0.035180
0.414138
0.884948
0.196422
0.192150
0.483494
0.801128
0.690166
0.258960
0.203680
0.236593
0.836720
0.626544
0.114294
0.940331
0.984769
0.927324
0.801128
0.787927
0.603471
0.046970
0.357661
0.426518
0.329292
0.535389
0.483494
0.848789
0.848789
0.566341
0.491556
0.801128
0.704484
0.704484
0.574890
0.884948
0.449423
0.758020
0.169385
0.649688
0.127623
0.260793
0.505064
0.449423
0.612135
0.557828
0.496903
0.300471
0.357661
0.024596
0.284858
0.984769
0.491556
0.483494
0.566341
0.635244
0.829282
0.264363
0.787927
0.462365
0.153566
0.735726
0.922090
0.744157
0.382926
0.658394
0.635244
0.096609
0.173237
0.157114
0.704484
0.144460
0.382926
0.141156
0.462365
0.603471
0.006703
0.795913
0.173237
0.421575
0.491556
0.951979
0.375911
0.394742
0.462365
0.190711
0.690166
0.483494
0.867378
0.951979
0.090535
0.907293
0.930673
0.801128
0.704484
0.346575
0.801128
0.713075
0.958545
0.580543
0.557828
0.947760
0.121744
0.300471
0.059212
0.566341
0.907293
0.821730
0.951979
0.357661
0.527033
0.491556
0.505064
0.434080
0.958545
0.848789
0.766291
0.848789
0.758020
0.829282
0.808960
0.491556
0.169385
0.808960
0.907293
0.056256
0.057717
0.994555
0.421575
0.177160
0.727244
0.150086
0.672823
0.478214
0.135818
0.698805
0.306500
0.364456
0.771705
0.626544
0.163153
0.801128
0.082732
0.749684
0.667094
0.290658
0.808960
0.499678
0.294528
0.749684
0.940331
0.626544
0.109849
0.273514
0.901408
0.978604
0.107244
0.082732
0.991213
0.675784
0.855893
0.153566
0.006963
0.241635
0.962240
0.475494
0.527033
0.364456
0.421575
0.129613
0.462365
0.735726
0.467559
0.771705
0.117048
0.340005
0.793201
0.965738
0.124654
0.228410
0.681504
0.801128
0.766291
0.215763
0.279144
0.264363
0.649688
0.333520
0.829282
0.704484
0.300471
0.264363
0.269851
0.571972
0.766291
0.935597
0.801128
0.626544
0.855893
0.401971
0.401971
0.626544
0.808960
0.454542
0.290658
0.549354
0.816691
0.009546
0.940331
0.841556
0.119859
0.084803
0.580543
0.153566
0.951979
0.971109
0.681504
0.462365
0.681504
0.241635
0.322949
0.053907
0.535389
0.483494
0.279144
0.306500
0.073672
0.346575
0.300471
0.394742
0.808960
0.251967
0.549354
0.535389
0.290658
0.793201
0.429087
0.350951
0.426518
0.260793
0.640981
0.749684
0.284858
0.801128
0.306500
0.947760
0.549354
0.333520
0.135818
0.320806
0.997586
0.557828
0.603471
0.672823
0.098170
0.552238
0.187953
0.713075
0.260793
0.052535
0.951979
0.974087
0.340005
0.086192
0.994555
0.672823
0.535389
0.681504
0.281082
0.340005
0.264363
0.907293
0.543791
0.245003
0.475494
0.848789
0.454542
0.617854
0.000249
0.127623
0.454542
0.329292
0.012907
0.273514
0.258960
0.704484
0.580543
0.787927
0.340005
0.127623
0.667094
0.061772
0.981075
0.382926
0.153566
0.589144
0.401971
0.441715
0.245003
0.255445
0.050328
0.401971
0.829282
0.727244
0.421575
0.382926
0.891273
0.527033
0.147829
0.951979
0.958545
0.190711
0.672823
0.704484
0.518727
0.612135
0.394742
0.571972
0.540922
0.518727
0.735726
0.322949
0.603471
0.574890
0.829282
0.127623
0.029982
0.401971
0.072465
0.855893
0.672823
0.951979
0.901408
0.006832
0.034568
0.935597
0.940331
0.375911
0.580543
0.505064
0.891273
0.635244
0.153566
0.808960
0.441715
0.867378
0.228410
0.922090
0.005262
0.187953
0.340005
0.874110
0.112510
0.557828
0.521553
0.681504
0.421575
0.626544
0.698805
0.658394
0.104694
0.322949
0.139014
0.364456
0.557828
0.109849
0.766291
0.014985
0.011640
0.884948
0.557828
0.758020
0.527033
0.441715
0.658394
0.513281
0.350951
0.329292
0.727244
0.027908
0.139014
0.695863
0.228410
0.483494
0.951979
0.264363
0.594827
0.695863
0.649688
0.927324
0.821730
0.821730
0.612135
0.114294
0.549354
0.322949
0.718717
0.241635
0.557828
0.681504
0.681504
0.658394
0.704484
0.787927
0.787927
0.215763
0.681504
0.483494
0.787927
0.535389
0.867378
0.421575
0.496903
0.144460
0.491556
0.758020
0.117048
0.744157
0.199280
0.173237
0.475494
0.658394
