0.735726
0.264363
0.449423
0.884948
0.867378
0.566341
0.454542
0.300471
0.681504
0.829282
0.033659
0.255445
0.070668
0.046970
0.513281
0.010009
0.967937
0.382926
0.090535
0.192150
0.535389
0.223587
0.617854
0.758020
0.704484
0.718717
0.612135
0.808960
0.088340
0.483494
0.177160
0.327120
0.122729
0.340005
0.603471
0.300471
0.072465
0.635244
0.612135
0.034568
0.042685
0.589144
0.672823
0.350951
0.434080
0.105557
0.199280
0.535389
0.151265
0.470257
0.401971
0.571972
0.758020
0.597771
0.855893
0.841556
0.170690
0.927324
0.033659
0.821730
0.891273
0.119859
0.981075
0.635244
0.626544
0.922090
0.005687
0.540922
0.026438
0.194957
0.816691
0.947760
0.513281
0.426518
0.652656
0.300471
0.643949
0.927324
0.063362
0.194957
0.635244
0.787927
0.159490
0.649688
0.580543
0.273514
0.690166
0.749684
0.382926
0.704484
0.333520
0.787927
0.364456
0.681504
0.681504
0.549354
0.375911
0.808960
0.146673
0.603471
0.470257
0.779856
0.491556
0.150086
0.206623
0.643949
0.126604
0.049040
0.571972
0.626544
0.981075
0.505064
0.218844
0.375911
0.077446
0.004246
0.935597
0.529876
0.626544
0.228410
0.947760
0.848789
0.867378
0.441715
0.771705
0.147829
0.429087
0.907293
0.103042
0.713075
0.744157
0.681504
0.947760
0.801128
0.449423
0.787927
0.771705
0.231634
0.766291
0.643949
0.387593
0.672823
0.884948
0.695863
0.713075
0.513281
0.483494
0.922090
0.264363
0.667094
0.951979
0.749684
0.986757
0.589144
0.000003
0.922090
0.279144
0.727244
0.779856
0.157114
0.749684
0.245003
0.681504
0.907293
0.884948
0.394742
0.421575
0.340005
0.203680
0.787927
0.891273
0.552238
0.141156
0.470257
0.535389
0.749684
0.643949
0.935597
0.698805
0.064990
0.855893
0.557828
0.958545
0.801128
0.594827
0.721628
0.039801
0.304435
0.322949
0.749684
0.187953
0.658394
0.467559
0.901408
0.617854
0.375911
0.304435
0.394742
0.333520
0.922090
0.916674
0.801128
0.192150
0.267971
0.947760
0.571972
0.947760
0.375911
0.203680
0.322949
0.978604
0.821730
0.635244
0.821730
0.690166
0.251967
0.223587
0.513281
0.144460
0.801128
0.429087
0.470257
0.362130
0.333520
0.225222
0.612135
0.698805
0.597771
0.940331
0.329292
0.527033
0.860501
0.891273
0.177160
0.891273
0.635244
0.848789
0.036127
0.580543
0.758020
0.867378
0.557828
0.053435
0.003811
0.862861
0.211153
0.643949
0.986757
0.218844
0.375911
0.841556
0.704484
0.566341
0.077446
0.594827
0.491556
0.223587
0.907293
0.521553
0.340005
0.491556
0.206623
0.958545
0.124654
0.727244
0.441715
0.441715
0.421575
0.891273
0.704484
0.594827
0.704484
0.930673
0.744157
0.727244
0.848789
0.012317
0.406779
0.421575
0.434080
0.841556
0.023935
0.681504
0.491556
0.958545
0.340005
0.166886
0.069506
0.658394
0.316692
0.101413
0.978604
0.549354
0.848789
0.779856
0.183833
0.429087
0.698805
0.735726
0.927324
0.821730
0.935597
0.566341
0.241635
0.483494
0.867378
0.808960
0.907293
0.300471
0.589144
0.727244
0.340005
0.774492
0.346575
0.704484
0.215763
0.390021
0.681504
0.006832
0.044581
0.357661
0.935597
0.170690
0.183833
0.867378
0.787927
0.808960
0.255445
0.316692
0.580543
0.382926
0.350951
0.549354
0.821730
0.801128
0.713075
0.231634
0.884948
0.727244
0.470257
0.867378
0.107244
0.612135
0.462365
0.491556
0.462365
0.161896
0.053907
0.011106
0.357661
0.771705
0.357661
0.088340
0.916674
0.521553
0.672823
0.063362
0.951979
0.057717
0.521553
0.491556
0.978604
0.713075
0.880693
0.038764
0.549354
0.603471
0.829282
0.603471
0.527033
0.766291
0.940331
0.032771
0.364456
0.829282
0.327120
0.269851
0.199280
0.394742
0.543791
0.322949
0.284858
0.984769
0.867378
0.279144
0.449423
0.713075
0.061772
0.658394
0.557828
0.884948
0.166886
0.704484
0.056256
0.758020
0.713075
0.658394
0.907293
0.698805
0.462365
0.194957
0.935597
0.758020
0.690166
0.141156
0.695863
0.535389
0.589144
0.721628
0.513281
0.119859
0.144460
0.874110
0.808960
0.231634
0.580543
0.543791
0.382926
0.695863
0.421575
0.535389
0.808960
0.223587
0.203680
0.483494
0.727244
0.483494
0.340005
0.382926
0.947760
0.978604
0.749684
0.429087
0.620815
0.491556
0.612135
0.829282
0.986757
0.333520
0.787927
0.535389
0.801128
0.649688
0.758020
0.649688
0.177160
0.000001
0.907293
0.603471
0.704484
0.779856
0.557828
0.394742
0.658394
0.997586
0.808960
0.226757
0.429087
0.867378
0.454542
0.589144
0.821730
0.333520
0.521553
0.935597
0.913005
0.241635
0.414138
0.580543
0.260793
0.449423
0.829282
0.916674
0.603471
0.518727
0.557828
0.867378
0.690166
0.557828
0.496903
0.721628
0.441715
0.735726
0.021268
0.801128
0.884948
0.808960
0.241635
0.350951
0.922090
0.958545
0.192150
0.483494
0.340005
0.483494
0.294528
0.436675
0.135818
0.695863
0.505064
0.109849
0.566341
0.935597
0.672823
0.821730
0.034568
0.441715
0.649688
0.505064
0.771705
0.779856
0.997586
0.766291
0.026438
0.327120
0.808960
0.594827
0.340005
0.008597
0.984769
0.246759
0.704484
0.549354
0.273514
0.387593
0.255445
0.368979
0.974087
0.922090
0.499678
0.153566
0.401971
0.704484
0.039801
0.801128
0.787927
0.350951
0.667094
0.368979
0.589144
0.414138
0.998463
0.187953
0.947760
0.223587
0.322949
0.620815
0.082732
0.816691
0.414138
0.364456
0.704484
0.816691
0.401971
0.649688
0.050328
0.312615
0.382926
0.787927
0.273514
0.421575
0.306500
0.543791
0.079397
0.306500
0.713075
0.649688
0.241635
0.114294
0.597771
0.589144
0.153566
0.901408
0.290658
0.088340
0.079397
