0.986757
0.603471
0.690166
0.284858
0.231634
0.986757
0.177160
0.801128
0.449423
0.566341
0.153566
0.940331
0.194957
0.513281
0.603471
0.535389
0.571972
0.749684
0.290658
0.170690
0.649688
0.491556
0.022466
0.841556
0.841556
0.429087
0.801128
0.771705
0.006637
0.130653
0.589144
0.414138
0.505064
0.855893
0.855893
0.626544
0.166886
0.022258
0.612135
0.109849
0.364456
0.808960
0.063362
0.749684
0.067775
0.183833
0.279144
0.930673
0.580543
0.449423
0.446787
0.594827
0.375911
0.855893
0.211153
0.867378
0.135818
0.177160
0.483494
0.005262
0.491556
0.951979
0.441715
0.357661
0.672823
0.566341
0.690166
0.375911
0.958545
0.434080
0.414138
0.513281
0.462365
0.867378
0.114294
0.505064
0.441715
0.107244
0.009016
0.603471
0.971109
0.127623
0.279144
0.329292
0.984769
0.470257
0.891273
0.991213
0.340005
0.264363
0.695863
0.449423
0.034568
0.375911
0.010298
0.727244
0.643949
0.045761
0.612135
0.874110
0.211153
0.860501
0.390021
0.935597
0.491556
0.401971
0.491556
0.527033
0.841556
0.884948
0.057717
0.704484
0.306500
0.821730
0.635244
0.749684
0.580543
0.364456
0.855893
0.967937
0.513281
0.801128
0.727244
0.735726
0.350951
0.275424
0.603471
0.300471
0.626544
0.491556
0.962240
0.290658
0.620815
0.364456
0.057717
0.814067
0.056256
0.874110
0.766291
0.124654
0.594827
0.169385
0.867378
0.735726
0.884948
0.958545
0.218844
0.947760
0.098985
0.543791
0.521553
0.491556
0.727244
0.329292
0.228410
0.275424
0.535389
0.612135
0.713075
0.787927
0.603471
0.072465
0.269851
0.269851
0.192150
0.387593
0.626544
0.117048
0.574890
0.019768
0.721628
0.215763
0.499678
0.891273
0.296545
0.215763
0.241635
0.816691
0.434080
0.901408
0.340005
0.139014
0.127623
0.922090
0.163153
0.571972
0.371333
0.867378
0.649688
0.340005
0.051194
0.241635
0.011106
0.681504
0.916674
0.357661
0.935597
0.273514
0.025274
0.300471
0.090535
0.211153
0.236593
0.072465
0.566341
0.000176
0.192150
0.874110
0.029982
0.557828
0.038764
0.505064
0.901408
0.223587
0.119859
0.603471
0.652656
0.829282
0.288671
0.177160
0.698805
0.626544
0.275424
0.260793
0.971109
0.779856
0.401971
0.475494
0.518727
0.690166
0.449423
0.907293
0.223587
0.867378
0.357661
0.727244
0.294528
0.594827
0.935597
0.039801
0.491556
0.735726
0.836720
0.300471
0.047782
0.891273
0.394742
0.241635
0.821730
0.951979
0.635244
0.635244
0.557828
0.557828
0.483494
0.421575
0.223587
0.368979
0.848789
0.357661
0.713075
0.052535
0.390021
0.306500
0.294528
0.475494
0.667094
0.672823
0.787927
0.421575
0.470257
0.255445
0.426518
0.867378
0.681504
0.199280
0.951979
0.507859
0.658394
0.589144
0.874110
0.951979
0.974087
0.801128
0.571972
0.364456
0.878466
0.132684
0.774492
0.891273
0.771705
0.382926
0.454542
0.166886
0.018368
0.649688
0.269851
0.375911
0.713075
0.141156
0.031906
0.144460
0.300471
0.713075
0.580543
0.727244
0.690166
0.275424
0.231634
0.652656
0.855893
0.766291
0.940331
0.922090
0.974087
0.100580
0.713075
0.744157
0.429087
0.557828
0.478214
0.829282
0.617854
0.003099
0.527033
0.273514
0.635244
0.971109
0.166886
0.462365
0.228410
0.971109
0.390021
0.829282
0.031348
0.290658
0.346575
0.002082
0.266225
0.241635
0.855893
0.549354
0.860501
0.521553
0.704484
0.612135
0.042685
0.874110
0.566341
0.557828
0.566341
0.658394
0.199280
0.603471
0.589144
0.758020
0.735726
0.199280
0.032199
0.658394
0.223587
0.199280
0.735726
0.153566
0.375911
0.046554
0.046970
0.940331
0.829282
0.549354
0.005855
0.597771
0.050328
0.566341
0.749684
0.382926
0.891273
0.279144
0.063362
0.008847
0.681504
0.322949
0.867378
0.855893
0.727244
0.841556
0.836720
0.549354
0.401971
0.549354
0.002779
0.046970
0.491556
0.867378
0.470257
0.986757
0.626544
0.357661
0.766291
0.658394
0.566341
0.364456
0.867378
0.612135
0.401971
0.096609
0.320806
0.067775
0.269851
0.574890
0.109849
0.566341
0.836720
0.713075
0.434080
0.006637
0.527033
0.144460
0.801128
0.518727
0.727244
0.090535
0.527033
0.241635
0.874110
0.994555
0.117048
0.935597
0.940331
0.100580
0.346575
0.735726
0.535389
0.727244
0.513281
0.758020
0.672823
0.462365
0.475494
0.816691
0.535389
0.951979
0.986757
0.187953
0.135818
0.421575
0.054829
0.264363
0.020320
0.891273
0.821730
0.132684
0.394742
0.250182
0.153566
0.080707
0.989675
0.063362
0.779856
0.704484
0.316692
0.829282
0.260793
0.132684
0.801128
0.382926
0.357661
0.916674
0.779856
0.236593
0.025970
0.527033
0.114294
0.874110
0.020320
0.884948
0.185229
0.557828
0.357661
0.098170
0.695863
0.848789
0.513281
0.312615
0.594827
0.340005
0.735726
0.513281
0.020320
0.758020
0.635244
0.449423
0.275424
0.721628
0.829282
0.867378
0.527033
0.357661
0.002863
0.612135
0.603471
0.597771
0.163153
0.986757
0.513281
0.088340
0.290658
0.310521
0.589144
0.462365
0.758020
0.233315
0.127623
0.913005
0.436675
0.245003
0.829282
0.658394
0.594827
0.940331
0.199280
0.922090
0.023935
0.187953
0.290658
0.211153
0.364456
0.855893
0.521553
0.704484
0.574890
0.300471
0.147829
0.695863
0.483494
0.891273
0.441715
0.779856
0.589144
0.749684
0.021859
0.470257
0.566341
0.275424
0.199280
0.284858
0.603471
0.735726
0.681504
0.681504
0.549354
0.294528
0.787927
0.681504
0.884948
0.513281
0.758020
0.821730
0.350951
0.571972
0.426518
0.829282
0.603471
0.187953
0.250182
0.801128
0.109849
0.429087
0.848789
0.713075
0.667094
0.340005
0.228410
0.294528
0.109849
0.996919
