0.808960
0.971109
0.414138
0.787927
0.535389
0.779856
0.275424
0.329292
0.735726
0.300471
0.986757
0.695863
0.735726
0.434080
0.196422
0.008597
0.011425
0.667094
0.264363
0.758020
0.008197
0.401971
0.749684
0.935597
0.241635
0.965738
0.033659
0.246759
0.922090
0.434080
0.203680
0.867378
0.612135
0.626544
0.316692
0.364456
0.454542
0.704484
0.157114
0.675784
0.766291
0.023508
0.535389
0.594827
0.704484
0.787927
0.535389
0.635244
0.228410
0.643949
0.612135
0.667094
0.787927
0.821730
0.166886
0.735726
0.505064
0.115226
0.390021
0.841556
0.346575
0.163153
0.779856
0.421575
0.483494
0.821730
0.935597
0.552238
0.557828
0.580543
0.971109
0.333520
0.978604
0.566341
0.441715
0.681504
0.053907
0.183833
0.364456
0.922090
0.346575
0.137917
0.808960
0.958545
0.867378
0.580543
0.108126
0.025274
0.962240
0.529876
0.787927
0.141156
0.635244
0.571972
0.971109
0.421575
0.382926
0.549354
0.316692
0.543791
0.658394
0.814067
0.000141
0.927324
0.505064
0.704484
0.860501
0.916674
0.652656
0.394742
0.779856
0.549354
0.935597
0.749684
0.907293
0.187953
0.177160
0.727244
0.658394
0.329292
0.735726
0.681504
0.394742
0.499678
0.713075
0.306500
0.649688
0.505064
0.681504
0.652656
0.357661
0.603471
0.340005
0.612135
0.535389
0.206623
0.275424
0.206623
0.177160
0.771705
0.013909
0.821730
0.829282
0.055312
0.821730
0.322949
0.153566
0.841556
0.350951
0.527033
0.137917
0.357661
0.016293
0.566341
0.816691
0.580543
0.971109
0.333520
0.130653
0.173237
0.041578
0.072465
0.203680
0.107244
0.390021
0.033659
0.300471
0.867378
0.462365
0.907293
0.357661
0.527033
0.483494
0.766291
0.741289
0.344325
0.891273
0.046970
0.513281
0.357661
0.275424
0.264363
0.127623
0.829282
0.153566
0.874110
0.124654
0.426518
0.821730
0.215763
0.690166
0.236593
0.704484
0.046970
0.255445
0.867378
0.557828
0.260793
0.009016
0.483494
0.971109
0.127623
0.340005
0.322949
0.978604
0.449423
0.935597
0.016595
0.649688
0.855893
0.304435
0.643949
0.223587
0.862861
0.250182
0.978604
0.223587
0.072465
0.681504
0.250182
0.233315
0.441715
0.922090
0.077446
0.194957
0.744157
0.187953
0.505064
0.580543
0.421575
0.704484
0.475494
0.681504
0.275424
0.382926
0.527033
0.513281
0.322949
0.401971
0.454542
0.620815
0.031348
0.543791
0.658394
0.045761
0.549354
0.884948
0.040864
0.874110
0.535389
0.119859
0.922090
0.787927
0.357661
0.375911
0.779856
0.078727
0.173237
0.491556
0.527033
0.735726
0.612135
0.294528
0.971109
0.643949
0.310521
0.640981
0.571972
0.483494
0.173237
0.521553
0.543791
0.421575
0.340005
0.032199
0.821730
0.994555
0.344325
0.779856
0.001208
0.884948
0.483494
0.064990
0.549354
0.022875
0.505064
0.364456
0.535389
0.971109
0.626544
0.566341
0.860501
0.364456
0.505064
0.991213
0.629509
0.635244
0.540922
0.821730
0.698805
0.394742
0.057717
0.643949
0.713075
0.013524
0.580543
0.779856
0.496903
0.047782
0.421575
0.821730
0.306500
0.727244
0.449423
0.211153
0.829282
0.735726
0.935597
0.901408
0.094284
0.166886
0.077446
0.874110
0.246759
0.901408
0.829282
0.848789
0.333520
0.086192
0.340005
0.077446
0.005162
0.713075
0.441715
0.848789
0.787927
0.467559
0.364456
0.059212
0.612135
0.690166
0.084803
0.848789
0.880693
0.042685
0.951979
0.022258
0.075538
0.626544
0.513281
0.974087
0.284858
0.667094
0.766291
0.744157
0.258960
0.681504
0.635244
0.211153
0.264363
0.626544
0.698805
0.626544
0.658394
0.041578
0.727244
0.681504
0.867378
0.133745
0.177160
0.194957
0.721628
0.491556
0.721628
0.056256
0.735726
0.017378
0.681504
0.658394
0.132684
0.387593
0.075538
0.672823
0.994555
0.940331
0.194957
0.749684
0.947760
0.940331
0.192150
0.015845
0.589144
0.023508
0.967937
0.535389
0.658394
0.744157
0.019768
0.557828
0.808960
0.549354
0.322949
0.104694
0.821730
0.801128
0.848789
0.454542
0.557828
0.690166
0.836720
0.947760
0.173237
0.004728
0.049040
0.580543
0.821730
0.382926
0.996919
0.672823
0.150086
0.401971
0.150086
0.039801
0.821730
0.848789
0.001310
0.658394
0.390021
0.414138
0.727244
0.836720
0.322949
0.612135
0.527033
0.454542
0.603471
0.382926
0.801128
0.897436
0.153566
0.491556
0.907293
0.821730
0.860501
0.589144
0.681504
0.382926
0.821730
0.951979
0.549354
0.962240
0.513281
0.922090
0.672823
0.713075
0.144460
0.211153
0.357661
0.513281
0.635244
0.947760
0.848789
0.907293
0.513281
0.406779
0.774492
0.333520
0.978604
0.543791
0.491556
0.475494
0.901408
0.557828
0.901408
0.848789
0.816691
0.491556
0.836720
0.735726
0.612135
0.144460
0.312615
0.535389
0.269851
0.758020
0.867378
0.401971
0.058699
0.340005
0.667094
0.612135
0.269851
0.387593
0.322949
0.580543
0.891273
0.144460
0.603471
0.380525
0.801128
0.441715
0.867378
0.867378
0.409279
0.024158
0.884948
0.535389
0.449423
0.758020
0.704484
0.027164
0.735726
0.855893
0.981075
0.927324
0.626544
0.884948
0.727244
0.169385
0.808960
0.483494
0.312615
0.984769
0.329292
0.387593
0.766291
0.907293
0.758020
0.241635
0.241635
0.549354
0.074303
0.612135
0.989675
0.346575
0.704484
0.998868
0.057717
0.935597
0.574890
0.518727
0.727244
0.001922
0.062816
0.050328
0.848789
0.357661
0.935597
0.589144
0.483494
0.744157
0.118894
0.951979
0.072465
0.744157
0.589144
0.704484
0.557828
0.727244
0.462365
0.801128
0.141156
0.088340
0.816691
0.566341
0.406779
0.603471
0.505064
0.749684
0.294528
0.527033
0.316692
0.454542
0.096609
0.241635
0.132684
