0.801128
0.821730
0.867378
0.971109
0.064431
0.695863
0.194957
0.194957
0.958545
0.241635
0.375911
0.667094
0.429087
0.211153
0.021268
0.735726
0.848789
0.801128
0.462365
0.612135
0.008847
0.620815
0.974087
0.884948
0.434080
0.478214
0.971109
0.004288
0.529876
0.333520
0.549354
0.013654
0.000872
0.841556
0.940331
0.001865
0.735726
0.002300
0.897436
0.063362
0.672823
0.821730
0.414138
0.984769
0.260793
0.947760
0.499678
0.075538
0.727244
0.491556
0.475494
0.008197
0.867378
0.421575
0.855893
0.860501
0.907293
0.626544
0.505064
0.414138
0.170690
0.100580
0.521553
0.962240
0.034568
0.457201
0.884948
0.322949
0.974087
0.612135
0.157114
0.603471
0.183833
0.135818
0.026438
0.344325
0.375911
0.250182
0.449423
0.549354
0.855893
0.727244
0.306500
0.891273
0.829282
0.658394
0.727244
0.698805
0.454542
0.829282
0.187953
0.281082
0.441715
0.580543
0.735726
0.284858
0.434080
0.067775
0.667094
0.394742
0.329292
0.978604
0.795913
0.603471
0.375911
0.306500
0.449423
0.540922
0.571972
0.070668
0.288671
0.907293
0.698805
0.713075
0.867378
0.329292
0.163153
0.535389
0.157114
0.848789
0.132684
0.250182
0.787927
0.454542
0.470257
0.603471
0.597771
0.901408
0.626544
0.713075
0.836720
0.535389
0.046970
0.166886
0.258960
0.236593
0.571972
0.580543
0.940331
0.179787
0.829282
0.505064
0.667094
0.300471
0.434080
0.457201
0.821730
0.766291
0.441715
0.346575
0.690166
0.940331
0.681504
0.260793
0.375911
0.543791
0.375911
0.483494
0.059212
0.483494
0.187953
0.620815
0.357661
0.779856
0.958545
0.470257
0.821730
0.713075
0.998463
0.704484
0.589144
0.535389
0.414138
0.449423
0.735726
0.187953
0.264363
0.974087
0.793201
0.589144
0.183833
0.808960
0.557828
0.829282
0.808960
0.290658
0.727244
0.927324
0.681504
0.241635
0.543791
0.594827
0.016595
0.163153
0.891273
0.867378
0.401971
0.958545
0.557828
0.922090
0.470257
0.177160
0.735726
0.549354
0.713075
0.884948
0.096609
0.060217
0.801128
0.848789
0.073672
0.787927
0.758020
0.947760
0.540922
0.066084
0.667094
0.375911
0.867378
0.758020
0.930673
0.414138
0.829282
0.279144
0.194957
0.672823
0.535389
0.808960
0.962240
0.801128
0.421575
0.527033
0.255445
0.935597
0.589144
0.496903
0.589144
0.543791
0.320806
0.922090
0.907293
0.382926
0.084803
0.153566
0.958545
0.382926
0.223587
0.594827
0.079397
0.549354
0.535389
0.070668
0.382926
0.901408
0.394742
0.007965
0.848789
0.589144
0.766291
0.462365
0.406779
0.245003
0.434080
0.535389
0.787927
0.713075
0.787927
0.787927
0.177160
0.387593
0.612135
0.199280
0.907293
0.475494
0.735726
0.867378
0.518727
0.891273
0.901408
0.841556
0.841556
0.092778
0.801128
0.255445
0.096609
0.357661
0.483494
0.721628
0.744157
0.462365
0.357661
0.916674
0.884948
0.821730
0.329292
0.713075
0.357661
0.310521
0.978604
0.571972
0.566341
0.913005
0.306500
0.816691
0.173237
0.695863
0.294528
0.836720
0.994555
0.421575
0.718717
0.441715
0.173237
0.269851
0.316692
0.543791
0.549354
0.727244
0.836720
0.042685
0.059212
0.073672
0.333520
0.681504
0.787927
0.043818
0.978604
0.434080
0.446787
0.454542
0.891273
0.848789
0.098985
0.394742
0.658394
0.855893
0.766291
0.749684
0.884948
0.658394
0.735726
0.681504
0.483494
0.132684
0.557828
0.163153
0.779856
0.206623
0.371333
0.735726
0.241635
0.236593
0.434080
0.713075
0.589144
0.454542
0.779856
0.357661
0.426518
0.681504
0.241635
0.779856
0.357661
0.462365
0.441715
0.612135
0.333520
0.749684
0.612135
0.211153
0.971109
0.505064
0.779856
0.401971
0.153566
0.735726
0.735726
0.617854
0.275424
0.441715
0.483494
0.236593
0.779856
0.401971
0.635244
0.017866
0.499678
0.114294
0.690166
0.935597
0.012548
0.991213
0.771705
0.758020
0.978604
0.744157
0.549354
0.211153
0.681504
0.891273
0.322949
0.483494
0.169385
0.744157
0.589144
0.449423
0.491556
0.004503
0.557828
0.467559
0.462365
0.821730
0.940331
0.434080
0.543791
0.072465
0.006325
0.821730
0.962240
0.387593
0.394742
0.867378
0.947760
0.141156
0.635244
0.322949
0.470257
0.446787
0.421575
0.250182
0.135818
0.310521
0.829282
0.801128
0.462365
0.695863
0.284858
0.571972
0.015845
0.527033
0.310521
0.779856
0.848789
0.001421
0.758020
0.027164
0.597771
0.117048
0.986757
0.704484
0.223587
0.597771
0.329292
0.357661
0.672823
0.735726
0.211153
0.681504
0.589144
0.457201
0.300471
0.727244
0.260793
0.603471
0.421575
0.681504
0.250182
0.867378
0.040864
0.041952
0.749684
0.143326
0.829282
0.907293
0.109849
0.159490
0.011106
0.130653
0.971109
0.290658
0.090535
0.704484
0.382926
0.322949
0.801128
0.808960
0.574890
0.454542
0.580543
0.047782
0.434080
0.612135
0.441715
0.179787
0.344325
0.470257
0.543791
0.394742
0.891273
0.250182
0.841556
0.580543
0.023508
0.635244
0.002324
0.801128
0.206623
0.414138
0.255445
0.077446
0.029982
0.153566
0.667094
0.434080
0.166886
0.922090
0.454542
0.727244
0.808960
0.589144
0.735726
0.112510
0.978604
0.922090
0.603471
0.470257
0.340005
0.962240
0.543791
0.329292
0.735726
0.275424
0.306500
0.867378
0.962240
0.612135
0.735726
0.597771
0.808960
0.981075
0.382926
0.513281
0.801128
0.704484
0.994555
0.441715
0.194957
0.187953
0.082732
0.375911
0.491556
0.695863
0.322949
0.649688
0.137917
0.958545
0.571972
0.206623
0.127623
0.535389
0.907293
0.135818
0.766291
0.841556
0.346575
0.841556
0.643949
0.518727
0.771705
0.327120
0.119859
0.441715
0.010009
0.007593
0.294528
0.855893
