0.290658
0.322949
0.491556
0.997586
0.916674
0.518727
0.658394
0.475494
0.043429
0.165605
0.978604
0.848789
0.658394
0.727244
0.434080
0.103042
0.874110
0.316692
0.294528
0.848789
0.279144
0.543791
0.003629
0.421575
0.166886
0.867378
0.003008
0.109849
0.462365
0.878466
0.848789
0.771705
0.449423
0.667094
0.971109
0.557828
0.907293
0.075538
0.169385
0.269851
0.483494
0.848789
0.449423
0.735726
0.527033
0.649688
0.855893
0.000661
0.967937
0.401971
0.441715
0.821730
0.635244
0.250182
0.401971
0.346575
0.643949
0.401971
0.279144
0.589144
0.721628
0.535389
0.589144
0.749684
0.735726
0.000001
0.421575
0.300471
0.589144
0.401971
0.090535
0.029186
0.940331
0.483494
0.672823
0.940331
0.549354
0.535389
0.855893
0.483494
0.829282
0.801128
0.344325
0.935597
0.787927
0.897436
0.426518
0.088340
0.704484
0.793201
0.394742
0.848789
0.409279
0.119859
0.603471
0.658394
0.643949
0.322949
0.306500
0.836720
0.223587
0.327120
0.119859
0.239907
0.003850
0.635244
0.901408
0.967937
0.841556
0.300471
0.150086
0.855893
0.187953
0.771705
0.836720
0.441715
0.821730
0.518727
0.713075
0.962240
0.382926
0.496903
0.513281
0.690166
0.867378
0.758020
0.916674
0.612135
0.294528
0.801128
0.997586
0.241635
0.124654
0.801128
0.698805
0.394742
0.163153
0.053907
0.014985
0.884948
0.535389
0.978604
0.848789
0.658394
0.390021
0.375911
0.549354
0.927324
0.436675
0.667094
0.470257
0.013654
0.594827
0.371333
0.029186
0.749684
0.801128
0.290658
0.935597
0.513281
0.241635
0.695863
0.333520
0.483494
0.612135
0.215763
0.836720
0.333520
0.771705
0.704484
0.218844
0.922090
0.518727
0.284858
0.901408
0.478214
0.543791
0.255445
0.829282
0.157114
0.801128
0.194957
0.947760
0.718717
0.758020
0.589144
0.421575
0.105557
0.300471
0.658394
0.527033
0.557828
0.000572
0.998868
0.310521
0.695863
0.344325
0.667094
0.211153
0.848789
0.043818
0.449423
0.449423
0.841556
0.535389
0.333520
0.290658
0.009546
0.009104
0.829282
0.368979
0.250182
0.157114
0.867378
0.612135
0.382926
0.003455
0.491556
0.589144
0.340005
0.042685
0.801128
0.496903
0.327120
0.026438
0.199280
0.390021
0.496903
0.808960
0.535389
0.901408
0.192150
0.808960
0.727244
0.346575
0.429087
0.527033
0.935597
0.013276
0.690166
0.766291
0.462365
0.727244
0.454542
0.061772
0.749684
0.169385
0.080707
0.449423
0.092008
0.499678
0.571972
0.535389
0.971109
0.884948
0.322949
0.005855
0.580543
0.721628
0.603471
0.250182
0.643949
0.713075
0.010009
0.758020
0.231634
0.891273
0.470257
0.766291
0.566341
0.414138
0.382926
0.394742
0.801128
0.275424
0.704484
0.491556
0.829282
0.557828
0.984769
0.223587
0.841556
0.394742
0.713075
0.620815
0.874110
0.620815
0.704484
0.947760
0.129613
0.829282
0.848789
0.364456
0.884948
0.855893
0.704484
0.357661
0.566341
0.190711
0.891273
0.275424
0.535389
0.048208
0.956001
0.787927
0.478214
0.421575
0.414138
0.681504
0.333520
0.166886
0.306500
0.357661
0.922090
0.380525
0.978604
0.014711
0.971109
0.549354
0.350951
0.727244
0.340005
0.884948
0.848789
0.841556
0.779856
0.549354
0.096609
0.441715
0.891273
0.102197
0.406779
0.612135
0.891273
0.620815
0.557828
0.067775
0.658394
0.382926
0.649688
0.109849
0.527033
0.566341
0.094284
0.907293
0.704484
0.132684
0.032771
0.513281
0.907293
0.079397
0.055312
0.566341
0.527033
0.571972
0.057717
0.300471
0.779856
0.643949
0.603471
0.241635
0.758020
0.014985
0.082732
0.795913
0.211153
0.040864
0.867378
0.382926
0.891273
0.513281
0.250182
0.829282
0.681504
0.603471
0.090535
0.543791
0.681504
0.150086
0.357661
0.215763
0.052535
0.986757
0.978604
0.635244
0.421575
0.922090
0.183833
0.462365
0.157114
0.513281
0.135818
0.483494
0.727244
0.649688
0.626544
0.255445
0.884948
0.462365
0.935597
0.829282
0.499678
0.002232
0.744157
0.543791
0.470257
0.891273
0.951979
0.406779
0.962240
0.375911
0.580543
0.100580
0.264363
0.808960
0.787927
0.496903
0.382926
0.947760
0.848789
0.667094
0.211153
0.735726
0.470257
0.527033
0.829282
0.141156
0.658394
0.039115
0.483494
0.779856
0.758020
0.841556
0.059212
0.635244
0.571972
0.316692
0.441715
0.144460
0.913005
0.571972
0.947760
0.971109
0.266225
0.978604
0.294528
0.181158
0.808960
0.779856
0.557828
0.571972
0.074303
0.124654
0.499678
0.540922
0.841556
0.901408
0.771705
0.540922
0.357661
0.907293
0.867378
0.771705
0.667094
0.557828
0.867378
0.470257
0.951979
0.114294
0.984769
0.704484
0.589144
0.549354
0.808960
0.994555
0.135818
0.907293
0.758020
0.580543
0.649688
0.505064
0.192150
0.056256
0.475494
0.446787
0.043818
0.860501
0.704484
0.199280
0.454542
0.187953
0.808960
0.043818
0.758020
0.766291
0.002645
0.884948
0.658394
0.454542
0.603471
0.940331
0.190711
0.096609
0.187953
0.081393
0.260793
0.426518
0.801128
0.557828
0.421575
0.067775
0.429087
0.672823
0.617854
0.971109
0.284858
0.962240
0.028409
0.011753
0.327120
0.649688
0.571972
0.527033
0.907293
0.635244
0.258960
0.543791
0.848789
0.994555
0.505064
0.891273
0.940331
0.730141
0.907293
0.306500
0.223587
0.779856
0.727244
0.082732
0.549354
0.364456
0.505064
0.836720
0.808960
0.672823
0.749684
0.513281
0.088340
0.860501
0.241635
0.499678
0.557828
0.907293
0.350951
0.891273
0.340005
0.394742
0.571972
0.245003
0.808960
0.187953
0.901408
0.346575
0.848789
0.935597
0.434080
0.124654
0.589144
0.215763
0.552238
0.540922
0.658394
0.279144
0.848789
0.848789
0.667094
