0.603471
0.766291
0.241635
0.306500
0.513281
0.183833
0.787927
0.414138
0.848789
0.421575
0.147829
0.107244
0.658394
0.470257
0.855893
0.829282
0.350951
0.891273
0.518727
0.829282
0.566341
0.316692
0.874110
0.836720
0.107244
0.829282
0.241635
0.153566
0.986757
0.935597
0.513281
0.446787
0.382926
0.002863
0.801128
0.491556
0.779856
0.016595
0.294528
0.658394
0.449423
0.327120
0.000182
0.382926
0.310521
0.667094
0.066084
0.907293
0.454542
0.306500
0.290658
0.364456
0.860501
0.499678
0.203680
0.505064
0.612135
0.394742
0.163153
0.787927
0.023935
0.841556
0.446787
0.077446
0.275424
0.135818
0.357661
0.055312
0.316692
0.449423
0.603471
0.043818
0.758020
0.177160
0.658394
0.401971
0.075538
0.025970
0.067775
0.258960
0.117048
0.150086
0.690166
0.681504
0.566341
0.704484
0.589144
0.382926
0.022258
0.008847
0.958545
0.681504
0.713075
0.667094
0.300471
0.612135
0.874110
0.612135
0.956001
0.535389
0.518727
0.250182
0.380525
0.194957
0.557828
0.103042
0.552238
0.766291
0.690166
0.626544
0.821730
0.139014
0.513281
0.467559
0.779856
0.434080
0.962240
0.667094
0.874110
0.072465
0.357661
0.867378
0.557828
0.290658
0.275424
0.991213
0.681504
0.084803
0.549354
0.922090
0.153566
0.766291
0.878466
0.766291
0.635244
0.735726
0.543791
0.848789
0.704484
0.901408
0.935597
0.086192
0.549354
0.362130
0.300471
0.375911
0.749684
0.199280
0.735726
0.958545
0.766291
0.284858
0.245003
0.483494
0.215763
0.025274
0.891273
0.549354
0.808960
0.580543
0.771705
0.793201
0.907293
0.109849
0.454542
0.329292
0.713075
0.152372
0.927324
0.368979
0.996919
0.907293
0.935597
0.192150
0.333520
0.967937
0.704484
0.698805
0.421575
0.529876
0.350951
0.114294
0.884948
0.704484
0.350951
0.521553
0.246759
0.801128
0.001310
0.070668
0.231634
0.014711
0.958545
0.922090
0.206623
0.001865
0.421575
0.971109
0.491556
0.704484
0.049040
0.159490
0.549354
0.470257
0.620815
0.690166
0.594827
0.163153
0.059212
0.233315
0.713075
0.617854
0.077446
0.146673
0.513281
0.414138
0.713075
0.695863
0.681504
0.801128
0.779856
0.848789
0.513281
0.033659
0.612135
0.529876
0.505064
0.000946
0.513281
0.011974
0.284858
0.855893
0.190711
0.801128
0.139014
0.105557
0.357661
0.855893
0.958545
0.273514
0.491556
0.364456
0.991213
0.157114
0.153566
0.070668
0.190711
0.766291
0.672823
0.014305
0.635244
0.218844
0.801128
0.589144
0.005968
0.022466
0.041952
0.521553
0.053907
0.055312
0.364456
0.233315
0.984769
0.984769
0.177160
0.284858
0.617854
0.387593
0.009822
0.571972
0.766291
0.150086
0.300471
0.635244
0.264363
0.312615
0.947760
0.483494
0.105557
0.965738
0.098985
0.255445
0.829282
0.394742
0.350951
0.429087
0.454542
0.658394
0.183833
0.713075
0.808960
0.690166
0.935597
0.449423
0.626544
0.406779
0.002324
0.496903
0.187953
0.897436
0.603471
0.744157
0.603471
0.704484
0.704484
0.735726
0.241635
0.449423
0.273514
0.496903
0.135818
0.681504
0.306500
0.589144
0.434080
0.103042
0.434080
0.454542
0.658394
0.211153
0.475494
0.080707
0.922090
0.214182
0.080707
0.580543
0.082732
0.306500
0.766291
0.382926
0.549354
0.218844
0.505064
0.260793
0.848789
0.246759
0.913005
0.649688
0.727244
0.284858
0.269851
0.491556
0.566341
0.787927
0.049886
0.211153
0.333520
0.505064
0.779856
0.626544
0.922090
0.160731
0.375911
0.930673
0.913005
0.013654
0.681504
0.658394
0.891273
0.718717
0.153566
0.612135
0.617854
0.978604
0.414138
0.571972
0.821730
0.457201
0.312615
0.322949
0.549354
0.231634
0.649688
0.821730
0.779856
0.181158
0.713075
0.144460
0.540922
0.848789
0.483494
0.620815
0.275424
0.971109
0.069506
0.109849
0.787927
0.557828
0.053907
0.649688
0.060217
0.535389
0.829282
0.449423
0.540922
0.535389
0.350951
0.927324
0.296545
0.446787
0.971109
0.012907
0.916674
0.749684
0.316692
0.527033
0.255445
0.649688
0.958545
0.571972
0.907293
0.603471
0.951979
0.037099
0.329292
0.462365
0.316692
0.829282
0.626544
0.867378
0.571972
0.867378
0.483494
0.241635
0.434080
0.999575
0.340005
0.294528
0.000191
0.994555
0.446787
0.022875
0.421575
0.821730
0.635244
0.153566
0.690166
0.340005
0.333520
0.475494
0.695863
0.922090
0.429087
0.821730
0.704484
0.056256
0.181158
0.735726
0.986757
0.594827
0.635244
0.848789
0.401971
0.275424
0.109849
0.589144
0.951979
0.357661
0.771705
0.626544
0.848789
0.808960
0.695863
0.096609
0.382926
0.713075
0.183833
0.922090
0.426518
0.513281
0.779856
0.375911
0.454542
0.884948
0.491556
0.014305
0.394742
0.962240
0.713075
0.096609
0.518727
0.109849
0.795913
0.557828
0.681504
0.779856
0.320806
0.860501
0.064431
0.566341
0.603471
0.901408
0.082732
0.535389
0.521553
0.375911
0.658394
0.721628
0.104694
0.620815
0.535389
0.470257
0.394742
0.566341
0.375911
0.867378
0.829282
0.357661
0.483494
0.891273
0.574890
0.499678
0.801128
0.535389
0.874110
0.250182
0.884948
0.288671
0.821730
0.079397
0.758020
0.594827
0.236593
0.927324
0.483494
0.170690
0.284858
0.735726
0.667094
0.947760
0.478214
0.557828
0.014711
0.690166
0.801128
0.004503
0.758020
0.589144
0.916674
0.040864
0.310521
0.441715
0.991213
0.483494
0.197797
0.994555
0.454542
0.029186
0.491556
0.139014
0.401971
0.130653
0.589144
0.177160
0.974087
0.014305
0.690166
0.626544
0.779856
0.258960
0.340005
0.004868
0.069506
0.829282
0.124654
0.649688
0.399498
0.029186
0.382926
0.157114
0.467559
0.658394
0.821730
0.947760
0.821730
0.649688
