0.626544
0.713075
0.132684
0.698805
0.306500
0.387593
0.566341
0.549354
0.446787
0.841556
0.394742
0.375911
0.947760
0.057717
0.735726
0.922090
0.157114
0.962240
0.713075
0.891273
0.491556
0.269851
0.364456
0.727244
0.527033
0.294528
0.046554
0.603471
0.695863
0.704484
0.084803
0.951979
0.649688
0.010795
0.017866
0.771705
0.658394
0.735726
0.643949
0.940331
0.082732
0.290658
0.713075
0.505064
0.223587
0.557828
0.589144
0.690166
0.129613
0.499678
0.215763
0.094284
0.874110
0.901408
0.922090
0.727244
0.549354
0.206623
0.580543
0.203680
0.891273
0.449423
0.713075
0.779856
0.841556
0.808960
0.758020
0.771705
0.414138
0.281082
0.580543
0.749684
0.986757
0.735726
0.401971
0.986757
0.658394
0.704484
0.795913
0.698805
0.603471
0.681504
0.513281
0.223587
0.658394
0.749684
0.681504
0.907293
0.603471
0.986757
0.566341
0.808960
0.704484
0.735726
0.721628
0.300471
0.353229
0.183833
0.255445
0.350951
0.808960
0.357661
0.978604
0.505064
0.284858
0.779856
0.329292
0.505064
0.491556
0.300471
0.401971
0.346575
0.535389
0.096609
0.387593
0.580543
0.166886
0.449423
0.327120
0.491556
0.483494
0.173237
0.475494
0.194957
0.340005
0.891273
0.025274
0.340005
0.580543
0.031348
0.206623
0.223587
0.721628
0.199280
0.735726
0.513281
0.208158
0.901408
0.134742
0.105557
0.416665
0.535389
0.735726
0.801128
0.233315
0.269851
0.290658
0.269851
0.787927
0.202171
0.727244
0.922090
0.571972
0.109849
0.273514
0.913005
0.371333
0.250182
0.922090
0.713075
0.421575
0.681504
0.223587
0.787927
0.521553
0.907293
0.884948
0.022258
0.147829
0.681504
0.441715
0.557828
0.340005
0.114294
0.394742
0.135818
0.470257
0.255445
0.557828
0.462365
0.901408
0.884948
0.012907
0.199280
0.521553
0.935597
0.255445
0.594827
0.580543
0.496903
0.958545
0.597771
0.922090
0.077446
0.801128
0.913005
0.681504
0.346575
0.766291
0.346575
0.841556
0.727244
0.594827
0.986757
0.681504
0.141156
0.041578
0.808960
0.475494
0.063362
0.409279
0.574890
0.927324
0.690166
0.947760
0.275424
0.187953
0.808960
0.927324
0.901408
0.441715
0.255445
0.300471
0.758020
0.044581
0.787927
0.681504
0.121744
0.223587
0.429087
0.704484
0.074303
0.312615
0.499678
0.421575
0.907293
0.434080
0.549354
0.004728
0.713075
0.643949
0.907293
0.322949
0.144460
0.821730
0.808960
0.735726
0.667094
0.867378
0.192150
0.801128
0.713075
0.300471
0.231634
0.848789
0.088340
0.496903
0.713075
0.513281
0.901408
0.199280
0.215763
0.300471
0.414138
0.951979
0.855893
0.991213
0.241635
0.874110
0.848789
0.382926
0.787927
0.079397
0.971109
0.735726
0.841556
0.153566
0.643949
0.841556
0.077446
0.916674
0.574890
0.713075
0.329292
0.368979
0.589144
0.994555
0.203680
0.294528
0.228410
0.557828
0.294528
0.779856
0.380525
0.793201
0.527033
0.821730
0.749684
0.475494
0.027164
0.962240
0.103042
0.841556
0.821730
0.675784
0.394742
0.916674
0.971109
0.658394
0.060217
0.082732
0.001114
0.962240
0.340005
0.617854
0.967937
0.429087
0.848789
0.001271
0.199280
0.177160
0.449423
0.758020
0.075538
0.421575
0.735726
0.571972
0.735726
0.004503
0.052535
0.901408
0.470257
0.612135
0.146673
0.874110
0.667094
0.129613
0.787927
0.978604
0.848789
0.617854
0.012317
0.808960
0.735726
0.306500
0.727244
0.901408
0.527033
0.521553
0.350951
0.357661
0.617854
0.177160
0.346575
0.690166
0.635244
0.340005
0.848789
0.434080
0.635244
0.109849
0.177160
0.727244
0.518727
0.841556
0.306500
0.635244
0.223587
0.202171
0.940331
0.368979
0.543791
0.375911
0.535389
0.612135
0.884948
0.795913
0.927324
0.991213
0.441715
0.233315
0.127623
0.557828
0.527033
0.066084
0.580543
0.713075
0.704484
0.801128
0.401971
0.787927
0.003926
0.695863
0.580543
0.206623
0.589144
0.416665
0.801128
0.986757
0.037099
0.056256
0.744157
0.223587
0.978604
0.103042
0.658394
0.848789
0.681504
0.306500
0.429087
0.296545
0.557828
0.891273
0.513281
0.096609
0.043818
0.867378
0.543791
0.117048
0.951979
0.635244
0.821730
0.735726
0.199280
0.916674
0.144460
0.922090
0.062816
0.467559
0.922090
0.901408
0.994555
0.543791
0.275424
0.704484
0.626544
0.147829
0.535389
0.874110
0.681504
0.290658
0.357661
0.006144
0.004164
0.236593
0.147829
0.620815
0.951979
0.612135
0.177160
0.848789
0.620815
0.758020
0.749684
0.713075
0.005968
0.082732
0.203680
0.749684
0.296545
0.013909
0.245003
0.571972
0.144460
0.589144
0.203680
0.394742
0.199280
0.589144
0.658394
0.874110
0.758020
0.103042
0.220452
0.695863
0.848789
0.011106
0.690166
0.829282
0.483494
0.316692
0.947760
0.075538
0.357661
0.032771
0.735726
0.290658
0.000918
0.901408
0.580543
0.108126
0.194957
0.454542
0.264363
0.279144
0.157114
0.635244
0.667094
0.157114
0.031348
0.304435
0.779856
0.260793
0.540922
0.483494
0.922090
0.735726
0.951979
0.808960
0.589144
0.518727
0.006637
0.626544
0.157114
0.199280
0.382926
0.855893
0.329292
0.375911
0.080707
0.190711
0.470257
0.414138
0.346575
0.043818
0.475494
0.635244
0.414138
0.333520
0.236593
0.649688
0.401971
0.635244
0.147829
0.483494
0.612135
0.250182
0.589144
0.199280
0.513281
0.199280
0.296545
0.801128
0.051648
0.077446
0.155897
0.855893
0.571972
0.513281
0.013276
0.635244
0.855893
0.658394
0.580543
0.801128
0.275424
0.867378
0.713075
0.153566
0.088340
0.690166
0.681504
0.518727
0.793201
0.841556
0.727244
0.310521
0.557828
0.114294
0.617854
0.088340
0.580543
0.003455
0.462365
0.771705
0.505064
