0.000198
0.491556
0.228410
0.014305
0.255445
0.241635
0.005110
0.704484
0.884948
0.496903
0.001721
0.612135
0.117048
0.922090
0.382926
0.891273
0.821730
0.922090
0.690166
0.218844
0.808960
0.787927
0.758020
0.284858
0.571972
0.527033
0.986757
0.589144
0.527033
0.589144
0.012317
0.667094
0.867378
0.978604
0.055312
0.704484
0.672823
0.535389
0.092008
0.294528
0.927324
0.049040
0.535389
0.380525
0.231634
0.518727
0.597771
0.382926
0.218844
0.589144
0.801128
0.779856
0.513281
0.436675
0.574890
0.552238
0.055312
0.421575
0.421575
0.947760
0.718717
0.855893
0.874110
0.704484
0.218844
0.255445
0.394742
0.139014
0.922090
0.441715
0.135818
0.958545
0.704484
0.695863
0.771705
0.994555
0.375911
0.055312
0.037099
0.991213
0.014711
0.357661
0.454542
0.897436
0.984769
0.675784
0.016139
0.543791
0.658394
0.652656
0.901408
0.821730
0.362130
0.340005
0.758020
0.279144
0.491556
0.505064
0.681504
0.446787
0.787927
0.255445
0.279144
0.612135
0.199280
0.406779
0.074303
0.603471
0.874110
0.884948
0.129613
0.103042
0.672823
0.446787
0.704484
0.874110
0.978604
0.475494
0.571972
0.246759
0.713075
0.284858
0.695863
0.017063
0.718717
0.721628
0.626544
0.505064
0.441715
0.801128
0.557828
0.695863
0.290658
0.215763
0.913005
0.821730
0.105557
0.316692
0.855893
0.153566
0.758020
0.848789
0.030518
0.491556
0.499678
0.255445
0.612135
0.434080
0.527033
0.771705
0.255445
0.947760
0.836720
0.046970
0.107244
0.698805
0.848789
0.255445
0.269851
0.635244
0.557828
0.758020
0.667094
0.151265
0.635244
0.429087
0.867378
0.867378
0.841556
0.848789
0.991213
0.557828
0.535389
0.589144
0.223587
0.322949
0.801128
0.971109
0.394742
0.704484
0.704484
0.612135
0.483494
0.401971
0.891273
0.690166
0.667094
0.771705
0.194957
0.218844
0.841556
0.491556
0.029186
0.557828
0.357661
0.984769
0.535389
0.801128
0.022466
0.255445
0.429087
0.002255
0.513281
0.255445
0.483494
0.891273
0.300471
0.002189
0.223587
0.306500
0.375911
0.713075
0.340005
0.808960
0.462365
0.284858
0.766291
0.015845
0.187953
0.475494
0.612135
0.535389
0.051194
0.958545
0.421575
0.566341
0.521553
0.958545
0.505064
0.015845
0.589144
0.284858
0.543791
0.808960
0.612135
0.109849
0.580543
0.117048
0.177160
0.612135
0.002808
0.387593
0.478214
0.449423
0.649688
0.300471
0.483494
0.860501
0.771705
0.357661
0.329292
0.549354
0.626544
0.103042
0.989675
0.958545
0.483494
0.005262
0.015845
0.092008
0.056256
0.082732
0.758020
0.067775
0.612135
0.350951
0.300471
0.215763
0.025274
0.649688
0.884948
0.045761
0.394742
0.612135
0.375911
0.454542
0.491556
0.483494
0.086192
0.094284
0.429087
0.549354
0.779856
0.130653
0.012907
0.079397
0.333520
0.449423
0.296545
0.144460
0.144460
0.626544
0.409279
0.801128
0.735726
0.483494
0.139014
0.449423
0.350951
0.008197
0.387593
0.290658
0.690166
0.061772
0.364456
0.032771
0.713075
0.322949
0.117048
0.867378
0.114294
0.166886
0.357661
0.749684
0.012199
0.288671
0.306500
0.241635
0.603471
0.483494
0.867378
0.409279
0.375911
0.603471
0.808960
0.483494
0.947760
0.996919
0.727244
0.829282
0.107244
0.626544
0.306500
0.658394
0.766291
0.300471
0.491556
0.848789
0.039801
0.974087
0.153566
0.483494
0.566341
0.713075
0.580543
0.375911
0.103042
0.836720
0.998868
0.421575
0.333520
0.986757
0.527033
0.672823
0.421575
0.000424
0.147829
0.927324
0.978604
0.124654
0.922090
0.449423
0.735726
0.250182
0.105557
0.681504
0.082732
0.930673
0.916674
0.808960
0.090535
0.801128
0.013149
0.075538
0.449423
0.215763
0.059212
0.029186
0.414138
0.223587
0.713075
0.635244
0.375911
0.808960
0.901408
0.779856
0.090535
0.241635
0.475494
0.922090
0.557828
0.015845
0.021268
0.350951
0.042685
0.357661
0.907293
0.612135
0.735726
0.779856
0.000348
0.612135
0.612135
0.245003
0.994555
0.144460
0.927324
0.916674
0.808960
0.667094
0.675784
0.878466
0.978604
0.279144
0.580543
0.246759
0.649688
0.401971
0.521553
0.264363
0.681504
0.269851
0.557828
0.916674
0.635244
0.571972
0.589144
0.974087
0.867378
0.848789
0.640981
0.223587
0.681504
0.067775
0.766291
0.535389
0.580543
0.079397
0.000872
0.808960
0.907293
0.801128
0.713075
0.340005
0.549354
0.940331
0.350951
0.434080
0.414138
0.667094
0.001636
0.922090
0.891273
0.421575
0.829282
0.088340
0.246759
0.996919
0.491556
0.735726
0.218844
0.070668
0.098985
0.090535
0.401971
0.014711
0.947760
0.163153
0.462365
0.290658
0.001027
0.104694
0.394742
0.290658
0.035180
0.907293
0.874110
0.617854
0.978604
0.698805
0.462365
0.626544
0.951979
0.922090
0.441715
0.119859
0.375911
0.000779
0.055312
0.922090
0.836720
0.406779
0.279144
0.571972
0.350951
0.127623
0.821730
0.513281
0.867378
0.300471
0.848789
0.672823
0.597771
0.649688
0.758020
0.185229
0.749684
0.505064
0.855893
0.401971
0.779856
0.758020
0.695863
0.470257
0.183833
0.401971
0.829282
0.713075
0.364456
0.183833
0.749684
0.387593
0.491556
0.543791
0.157114
0.312615
0.758020
0.518727
0.357661
0.884948
0.698805
0.801128
0.462365
0.513281
0.007378
0.483494
0.394742
0.891273
0.329292
0.060217
0.491556
0.566341
0.543791
0.084803
0.163153
0.002370
0.382926
0.044581
0.258960
0.580543
0.153566
0.449423
0.801128
0.649688
0.841556
0.808960
0.350951
0.070668
0.062816
0.483494
0.984769
0.275424
0.801128
0.695863
0.069506
0.368979
0.589144
0.978604
0.690166
0.589144
0.793201
0.867378
0.913005
0.727244
0.913005
0.658394
