0.557828
0.958545
0.019230
0.409279
0.681504
0.496903
0.491556
0.375911
0.483494
0.951979
0.884948
0.991213
0.940331
0.441715
0.284858
0.449423
0.779856
0.658394
0.603471
0.690166
0.144460
0.816691
0.690166
0.535389
0.922090
0.951979
0.080707
0.357661
0.449423
0.704484
0.206623
0.557828
0.007032
0.981075
0.891273
0.000918
0.000075
0.001421
0.735726
0.027908
0.264363
0.571972
0.704484
0.594827
0.848789
0.927324
0.766291
0.333520
0.974087
0.322949
0.475494
0.346575
0.922090
0.080707
0.215763
0.681504
0.513281
0.505064
0.704484
0.749684
0.032199
0.571972
0.117048
0.735726
0.543791
0.580543
0.340005
0.375911
0.357661
0.483494
0.132684
0.033659
0.690166
0.001208
0.357661
0.962240
0.557828
0.571972
0.867378
0.907293
0.160731
0.612135
0.061772
0.816691
0.771705
0.981075
0.681504
0.779856
0.044581
0.940331
0.787927
0.300471
0.306500
0.749684
0.241635
0.994555
0.603471
0.491556
0.382926
0.816691
0.848789
0.350951
0.574890
0.114294
0.643949
0.513281
0.735726
0.695863
0.454542
0.094284
0.316692
0.549354
0.698805
0.649688
0.848789
0.521553
0.589144
0.150086
0.203680
0.891273
0.075538
0.107244
0.672823
0.749684
0.039801
0.375911
0.884948
0.357661
0.727244
0.971109
0.543791
0.312615
0.457201
0.255445
0.446787
0.187953
0.971109
0.962240
0.027908
0.483494
0.922090
0.203680
0.371333
0.801128
0.316692
0.667094
0.718717
0.441715
0.727244
0.255445
0.658394
0.233315
0.907293
0.335721
0.082732
0.357661
0.758020
0.543791
0.991213
0.387593
0.672823
0.557828
0.441715
0.855893
0.986757
0.119859
0.867378
0.100580
0.901408
0.603471
0.690166
0.557828
0.527033
0.449423
0.771705
0.891273
0.589144
0.774492
0.848789
0.139014
0.779856
0.594827
0.681504
0.236593
0.999575
0.787927
0.483494
0.667094
0.971109
0.721628
0.375911
0.962240
0.580543
0.072465
0.483494
0.771705
0.867378
0.620815
0.801128
0.527033
0.566341
0.749684
0.793201
0.801128
0.470257
0.947760
0.401971
0.580543
0.589144
0.951979
0.462365
0.566341
0.513281
0.183833
0.155897
0.491556
0.306500
0.566341
0.727244
0.566341
0.704484
0.394742
0.039115
0.496903
0.527033
0.758020
0.891273
0.860501
0.612135
0.841556
0.841556
0.475494
0.037752
0.340005
0.635244
0.350951
0.306500
0.340005
0.300471
0.927324
0.518727
0.603471
0.874110
0.951979
0.026438
0.001246
0.255445
0.704484
0.499678
0.327120
0.390021
0.841556
0.035180
0.901408
0.971109
0.043818
0.429087
0.749684
0.935597
0.535389
0.907293
0.114294
0.758020
0.233315
0.549354
0.357661
0.441715
0.635244
0.808960
0.649688
0.867378
0.016595
0.721628
0.649688
0.603471
0.434080
0.549354
0.557828
0.704484
0.449423
0.211153
0.752533
0.841556
0.483494
0.199280
0.816691
0.038764
0.434080
0.749684
0.233315
0.821730
0.658394
0.454542
0.860501
0.296545
0.744157
0.038764
0.421575
0.681504
0.505064
0.390021
0.713075
0.390021
0.020320
0.557828
0.901408
0.382926
0.312615
0.787927
0.521553
0.603471
0.505064
0.387593
0.401971
0.126604
0.499678
0.421575
0.518727
0.046970
0.236593
0.513281
0.535389
0.771705
0.612135
0.231634
0.223587
0.535389
0.727244
0.327120
0.434080
0.462365
0.543791
0.891273
0.589144
0.996919
0.991213
0.766291
0.496903
0.580543
0.808960
0.884948
0.540922
0.177160
0.462365
0.867378
0.658394
0.462365
0.047782
0.940331
0.566341
0.117048
0.566341
0.571972
0.927324
0.991213
0.387593
0.947760
0.543791
0.735726
0.958545
0.848789
0.922090
0.357661
0.758020
0.000756
0.922090
0.681504
0.771705
0.211153
0.658394
0.026438
0.375911
0.153566
0.704484
0.150086
0.527033
0.891273
0.199280
0.956001
0.704484
0.141156
0.801128
0.695863
0.589144
0.795913
0.612135
0.231634
0.758020
0.130653
0.901408
0.368979
0.255445
0.672823
0.375911
0.860501
0.429087
0.462365
0.194957
0.713075
0.513281
0.108126
0.505064
0.300471
0.513281
0.829282
0.290658
0.036127
0.927324
0.250182
0.421575
0.704484
0.658394
0.364456
0.612135
0.300471
0.063362
0.874110
0.867378
0.346575
0.589144
0.163153
0.535389
0.429087
0.913005
0.935597
0.971109
0.033659
0.566341
0.025970
0.187953
0.779856
0.589144
0.744157
0.971109
0.727244
0.250182
0.173237
0.434080
0.643949
0.681504
0.406779
0.513281
0.855893
0.041952
0.808960
0.580543
0.884948
0.475494
0.913005
0.045761
0.144460
0.241635
0.266225
0.580543
0.681504
0.084803
0.978604
0.821730
0.143326
0.203680
0.557828
0.758020
0.667094
0.127623
0.215763
0.357661
0.421575
0.718717
0.353229
0.163153
0.505064
0.414138
0.612135
0.505064
0.721628
0.667094
0.177160
0.667094
0.884948
0.907293
0.236593
0.041578
0.566341
0.121744
0.695863
0.620815
0.766291
0.236593
0.907293
0.735726
0.649688
0.860501
0.589144
0.801128
0.947760
0.079397
0.215763
0.549354
0.589144
0.571972
0.935597
0.597771
0.713075
0.557828
0.009104
0.922090
0.603471
0.867378
0.884948
0.053907
0.005418
0.470257
0.211153
0.072465
0.088340
0.401971
0.058699
0.727244
0.965738
0.250182
0.672823
0.874110
0.364456
0.211153
0.421575
0.704484
0.364456
0.821730
0.744157
0.306500
0.991213
0.112510
0.620815
0.855893
0.199280
0.387593
0.690166
0.306500
0.935597
0.749684
0.698805
0.922090
0.269851
0.713075
0.421575
0.996919
0.658394
0.981075
0.505064
0.350951
0.316692
0.704484
0.713075
0.549354
0.940331
0.612135
0.446787
0.505064
0.681504
0.132684
0.344325
0.907293
0.390021
0.681504
0.994555
0.771705
0.177160
0.483494
0.667094
0.727244
0.880693
0.829282
0.340005
0.333520
0.749684
0.275424
