0.626544
0.169385
0.535389
0.962240
0.434080
0.603471
0.246759
0.194957
0.518727
0.264363
0.454542
0.340005
0.829282
0.290658
0.284858
0.580543
0.070668
0.884948
0.713075
0.364456
0.901408
0.947760
0.290658
0.758020
0.749684
0.635244
0.566341
0.940331
0.971109
0.681504
0.626544
0.401971
0.603471
0.061772
0.704484
0.649688
0.260793
0.704484
0.940331
0.874110
0.296545
0.589144
0.335721
0.713075
0.643949
0.535389
0.981075
0.316692
0.829282
0.045761
0.771705
0.916674
0.241635
0.649688
0.246759
0.434080
0.735726
0.543791
0.159490
0.855893
0.527033
0.801128
0.316692
0.649688
0.841556
0.643949
0.984769
0.187953
0.441715
0.758020
0.626544
0.075538
0.891273
0.793201
0.290658
0.375911
0.357661
0.922090
0.038764
0.300471
0.211153
0.390021
0.867378
0.034568
0.333520
0.406779
0.357661
0.626544
0.635244
0.333520
0.713075
0.571972
0.612135
0.779856
0.597771
0.589144
0.429087
0.449423
0.649688
0.681504
0.626544
0.617854
0.005418
0.521553
0.617854
0.527033
0.535389
0.194957
0.916674
0.096609
0.505064
0.735726
0.032199
0.848789
0.566341
0.779856
0.038094
0.549354
0.382926
0.177160
0.429087
0.241635
0.250182
0.215763
0.250182
0.098170
0.211153
0.112510
0.735726
0.557828
0.505064
0.394742
0.829282
0.727244
0.513281
0.173237
0.186540
0.808960
0.434080
0.153566
0.290658
0.329292
0.518727
0.001378
0.015409
0.727244
0.867378
0.947760
0.454542
0.779856
0.867378
0.787927
0.891273
0.357661
0.704484
0.215763
0.421575
0.194957
0.808960
0.816691
0.704484
0.013276
0.580543
0.690166
0.409279
0.713075
0.279144
0.155897
0.350951
0.499678
0.306500
0.220452
0.457201
0.808960
0.744157
0.387593
0.620815
0.681504
0.643949
0.199280
0.005968
0.007593
0.173237
0.867378
0.057717
0.394742
0.333520
0.132684
0.681504
0.841556
0.867378
0.626544
0.037099
0.635244
0.346575
0.543791
0.884948
0.406779
0.043818
0.032199
0.368979
0.513281
0.848789
0.025274
0.795913
0.681504
0.017543
0.074303
0.290658
0.999575
0.499678
0.658394
0.878466
0.901408
0.441715
0.557828
0.187953
0.008354
0.223587
0.690166
0.981075
0.310521
0.808960
0.153566
0.635244
0.571972
0.322949
0.667094
0.727244
0.088340
0.713075
0.470257
0.779856
0.779856
0.231634
0.079397
0.394742
0.051648
0.153566
0.333520
0.681504
0.557828
0.066084
0.557828
0.557828
0.127623
0.294528
0.273514
0.462365
0.223587
0.478214
0.758020
0.821730
0.387593
0.681504
0.505064
0.617854
0.357661
0.284858
0.935597
0.375911
0.721628
0.132684
0.535389
0.626544
0.991213
0.891273
0.368979
0.718717
0.470257
0.771705
0.779856
0.571972
0.718717
0.566341
0.304435
0.867378
0.589144
0.667094
0.499678
0.836720
0.228410
0.245003
0.897436
0.194957
0.971109
0.368979
0.446787
0.836720
0.132684
0.758020
0.470257
0.147829
0.727244
0.364456
0.269851
0.891273
0.527033
0.421575
0.005418
0.441715
0.758020
0.357661
0.978604
0.316692
0.951979
0.079397
0.119859
0.867378
0.159490
0.681504
0.836720
0.816691
0.667094
0.690166
0.076791
0.649688
0.375911
0.491556
0.571972
0.322949
0.744157
0.603471
0.801128
0.150086
0.594827
0.758020
0.935597
0.935597
0.771705
0.088340
0.589144
0.082732
0.127623
0.434080
0.672823
0.667094
0.017543
0.713075
0.841556
0.350951
0.387593
0.991213
0.557828
0.557828
0.364456
0.053907
0.375911
0.940331
0.552238
0.421575
0.735726
0.375911
0.269851
0.135818
0.681504
0.144460
0.589144
0.994555
0.787927
0.255445
0.032199
0.375911
0.401971
0.401971
0.009016
0.112510
0.667094
0.580543
0.808960
0.357661
0.166886
0.690166
0.119859
0.535389
0.721628
0.884948
0.901408
0.211153
0.965738
0.704484
0.199280
0.312615
0.991213
0.779856
0.867378
0.884948
0.727244
0.620815
0.922090
0.390021
0.364456
0.117048
0.612135
0.245003
0.617854
0.098170
0.649688
0.066084
0.749684
0.382926
0.718717
0.855893
0.475494
0.626544
0.884948
0.155897
0.749684
0.513281
0.907293
0.867378
0.394742
0.971109
0.580543
0.436675
0.758020
0.829282
0.867378
0.540922
0.793201
0.368979
0.470257
0.672823
0.713075
0.713075
0.620815
0.064431
0.841556
0.394742
0.228410
0.457201
0.884948
0.079397
0.667094
0.841556
0.401971
0.039801
0.848789
0.475494
0.612135
0.449423
0.891273
0.589144
0.211153
0.787927
0.626544
0.594827
0.855893
0.836720
0.505064
0.984769
0.841556
0.017543
0.194957
0.580543
0.322949
0.841556
0.421575
0.346575
0.727244
0.177160
0.005687
0.333520
0.589144
0.580543
0.672823
0.878466
0.860501
0.787927
0.808960
0.290658
0.294528
0.414138
0.808960
0.275424
0.603471
0.580543
0.245003
0.181158
0.052535
0.589144
0.434080
0.999575
0.808960
0.718717
0.107244
0.867378
0.735726
0.119859
0.874110
0.505064
0.005855
0.300471
0.927324
0.119859
0.144460
0.580543
0.994555
0.333520
0.223587
0.071276
0.962240
0.758020
0.808960
0.571972
0.166886
0.681504
0.779856
0.758020
0.094284
0.658394
0.617854
0.986757
0.589144
0.836720
0.821730
0.275424
0.483494
0.357661
0.470257
0.978604
0.779856
0.250182
0.721628
0.779856
0.967937
0.907293
0.491556
0.916674
0.462365
0.727244
0.603471
0.449423
0.491556
0.483494
0.795913
0.241635
0.135818
0.281082
0.236593
0.462365
0.704484
0.589144
0.612135
0.114294
0.874110
0.300471
0.250182
0.956001
0.475494
0.414138
0.658394
0.449423
0.566341
0.589144
0.580543
0.758020
0.991213
0.333520
0.690166
0.967937
0.580543
0.300471
0.187953
0.829282
0.470257
0.206623
0.505064
0.626544
0.947760
0.594827
0.023508
0.589144
0.236593
0.362130
0.505064
