0.658394
0.483494
0.144460
0.166886
0.001246
0.603471
0.749684
0.406779
0.603471
0.223587
0.306500
0.718717
0.571972
0.690166
0.350951
0.228410
0.144460
0.603471
0.643949
0.470257
0.203680
0.808960
0.401971
0.658394
0.016595
0.535389
0.187953
0.704484
0.672823
0.848789
0.704484
0.698805
0.306500
0.029982
0.390021
0.077446
0.867378
0.727244
0.566341
0.513281
0.129613
0.357661
0.139014
0.704484
0.836720
0.549354
0.535389
0.505064
0.884948
0.744157
0.250182
0.513281
0.907293
0.766291
0.891273
0.947760
0.382926
0.194957
0.672823
0.566341
0.974087
0.246759
0.643949
0.744157
0.884948
0.808960
0.449423
0.535389
0.603471
0.223587
0.284858
0.100580
0.735726
0.940331
0.958545
0.978604
0.744157
0.462365
0.658394
0.808960
0.483494
0.421575
0.681504
0.635244
0.612135
0.382926
0.029186
0.329292
0.649688
0.434080
0.935597
0.874110
0.037752
0.187953
0.855893
0.151265
0.203680
0.364456
0.829282
0.940331
0.281082
0.483494
0.143326
0.880693
0.088340
0.183833
0.721628
0.029982
0.675784
0.147829
0.527033
0.401971
0.457201
0.300471
0.241635
0.829282
0.241635
0.543791
0.441715
0.401971
0.901408
0.779856
0.255445
0.491556
0.779856
0.135818
0.667094
0.597771
0.589144
0.947760
0.995551
0.690166
0.635244
0.727244
0.808960
0.535389
0.681504
0.808960
0.368979
0.821730
0.808960
0.086192
0.749684
0.667094
0.429087
0.357661
0.884948
0.067775
0.658394
0.144460
0.364456
0.962240
0.787927
0.643949
0.597771
0.580543
0.801128
0.626544
0.155897
0.744157
0.967937
0.848789
0.269851
0.203680
0.119859
0.913005
0.589144
0.808960
0.974087
0.066084
0.927324
0.695863
0.841556
0.891273
0.922090
0.821730
0.848789
0.279144
0.340005
0.594827
0.491556
0.005855
0.821730
0.053907
0.187953
0.475494
0.681504
0.874110
0.907293
0.956001
0.836720
0.543791
0.290658
0.727244
0.088340
0.718717
0.322949
0.119859
0.357661
0.721628
0.375911
0.884948
0.884948
0.718717
0.901408
0.080707
0.483494
0.626544
0.643949
0.667094
0.187953
0.057717
0.690166
0.236593
0.228410
0.995551
0.281082
0.658394
0.735726
0.713075
0.310521
0.046970
0.557828
0.279144
0.141156
0.163153
0.884948
0.771705
0.612135
0.228410
0.891273
0.643949
0.312615
0.867378
0.749684
0.264363
0.951979
0.612135
0.401971
0.779856
0.513281
0.129613
0.434080
0.233315
0.310521
0.264363
0.316692
0.390021
0.681504
0.220452
0.421575
0.346575
0.119859
0.275424
0.513281
0.350951
0.362130
0.635244
0.042685
0.735726
0.375911
0.333520
0.927324
0.978604
0.513281
0.557828
0.169385
0.667094
0.727244
0.860501
0.475494
0.643949
0.144460
0.603471
0.364456
0.017866
0.927324
0.704484
0.322949
0.414138
0.429087
0.211153
0.475494
0.082732
0.329292
0.250182
0.135818
0.735726
0.727244
0.749684
0.829282
0.368979
0.241635
0.994555
0.779856
0.163153
0.779856
0.306500
0.643949
0.897436
0.147829
0.612135
0.749684
0.935597
0.053907
0.401971
0.658394
0.571972
0.690166
0.626544
0.727244
0.940331
0.173237
0.681504
0.119859
0.848789
0.196422
0.808960
0.066084
0.253642
0.649688
0.766291
0.913005
0.951979
0.758020
0.681504
0.096609
0.236593
0.462365
0.387593
0.273514
0.316692
0.594827
0.329292
0.874110
0.643949
0.300471
0.462365
0.421575
0.316692
0.470257
0.043818
0.241635
0.704484
0.491556
0.758020
0.787927
0.867378
0.245003
0.667094
0.681504
0.535389
0.667094
0.013276
0.589144
0.183833
0.787927
0.153566
0.505064
0.758020
0.557828
0.082732
0.848789
0.223587
0.382926
0.752533
0.672823
0.228410
0.681504
0.758020
0.294528
0.721628
0.060217
0.571972
0.441715
0.187953
0.758020
0.735726
0.059212
0.006832
0.406779
0.306500
0.855893
0.300471
0.801128
0.166886
0.681504
0.294528
0.513281
0.801128
0.122729
0.787927
0.672823
0.787927
0.394742
0.978604
0.749684
0.241635
0.836720
0.543791
0.092008
0.867378
0.758020
0.163153
0.491556
0.787927
0.643949
0.470257
0.695863
0.375911
0.163153
0.681504
0.749684
0.766291
0.907293
0.505064
0.681504
0.513281
0.223587
0.350951
0.874110
0.891273
0.617854
0.695863
0.891273
0.004372
0.808960
0.672823
0.681504
0.462365
0.394742
0.357661
0.658394
0.119859
0.681504
0.580543
0.658394
0.956001
0.735726
0.513281
0.141156
0.549354
0.901408
0.713075
0.192150
0.183833
0.269851
0.010298
0.935597
0.139014
0.090535
0.115226
0.312615
0.947760
0.020320
0.144460
0.635244
0.364456
0.603471
0.470257
0.649688
0.841556
0.462365
0.626544
0.907293
0.513281
0.603471
0.505064
0.535389
0.513281
0.475494
0.626544
0.135818
0.233315
0.758020
0.991213
0.211153
0.867378
0.183833
0.848789
0.329292
0.612135
0.907293
0.007739
0.194957
0.951979
0.470257
0.635244
0.173237
0.801128
0.462365
0.848789
0.009546
0.046970
0.306500
0.597771
0.907293
0.594827
0.483494
0.884948
0.821730
0.035180
0.215763
0.255445
0.092778
0.006963
0.978604
0.003559
0.147829
0.024596
0.658394
0.160731
0.067775
0.612135
0.394742
0.505064
0.194957
0.978604
0.019230
0.681504
0.340005
0.658394
0.340005
0.077446
0.829282
0.194957
0.491556
0.860501
0.901408
0.947760
0.779856
0.672823
0.513281
0.215763
0.589144
0.375911
0.139014
0.922090
0.986757
0.617854
0.421575
0.658394
0.340005
0.667094
0.821730
0.698805
0.787927
0.470257
0.333520
0.211153
0.478214
0.258960
0.787927
0.025274
0.801128
0.658394
0.580543
0.874110
0.571972
0.025274
0.901408
0.635244
0.635244
0.612135
0.901408
0.727244
0.333520
0.483494
0.658394
0.144460
0.063362
0.499678
0.658394
0.375911
0.787927
0.643949
