0.571972
0.535389
0.681504
0.260793
0.166886
0.236593
0.884948
0.241635
0.549354
0.635244
0.907293
0.368979
0.066084
0.499678
0.181158
0.269851
0.499678
0.884948
0.535389
0.766291
0.021268
0.031348
0.940331
0.340005
0.039801
0.080707
0.829282
0.144460
0.267971
0.901408
0.491556
0.139014
0.986757
0.635244
0.183833
0.704484
0.290658
0.658394
0.808960
0.187953
0.658394
0.589144
0.690166
0.002950
0.462365
0.848789
0.991213
0.000069
0.060743
0.181158
0.603471
0.470257
0.269851
0.649688
0.105557
0.829282
0.340005
0.884948
0.527033
0.643949
0.414138
0.284858
0.940331
0.264363
0.848789
0.266225
0.203680
0.549354
0.744157
0.368979
0.350951
0.449423
0.107244
0.951979
0.215763
0.658394
0.098985
0.658394
0.901408
0.194957
0.183833
0.527033
0.223587
0.340005
0.766291
0.901408
0.250182
0.589144
0.441715
0.177160
0.991213
0.978604
0.153566
0.635244
0.409279
0.187953
0.981075
0.836720
0.713075
0.441715
0.698805
0.006832
0.316692
0.290658
0.735726
0.801128
0.364456
0.478214
0.907293
0.001922
0.441715
0.787927
0.441715
0.891273
0.462365
0.549354
0.681504
0.306500
0.643949
0.566341
0.483494
0.829282
0.594827
0.841556
0.362130
0.147829
0.007593
0.549354
0.635244
0.690166
0.454542
0.951979
0.077446
0.829282
0.306500
0.414138
0.063362
0.566341
0.994555
0.033659
0.672823
0.076791
0.030518
0.269851
0.935597
0.986757
0.867378
0.801128
0.429087
0.382926
0.816691
0.749684
0.901408
0.907293
0.505064
0.409279
0.821730
0.779856
0.527033
0.620815
0.808960
0.779856
0.223587
0.306500
0.787927
0.183833
0.228410
0.549354
0.199280
0.589144
0.513281
0.986757
0.183833
0.721628
0.589144
0.543791
0.927324
0.032199
0.139014
0.505064
0.153566
0.067775
0.891273
0.580543
0.434080
0.211153
0.787927
0.535389
0.513281
0.072465
0.035180
0.513281
0.744157
0.441715
0.589144
0.557828
0.183833
0.255445
0.984769
0.364456
0.357661
0.132684
0.124654
0.273514
0.111596
0.163153
0.082732
0.127623
0.658394
0.096609
0.947760
0.122729
0.020130
0.580543
0.357661
0.998868
0.475494
0.951979
0.951979
0.580543
0.186540
0.475494
0.958545
0.713075
0.848789
0.027164
0.401971
0.916674
0.255445
0.206623
0.340005
0.735726
0.735726
0.279144
0.612135
0.801128
0.203680
0.971109
0.727244
0.027164
0.612135
0.867378
0.036127
0.991213
0.368979
0.690166
0.787927
0.667094
0.566341
0.203680
0.589144
0.057717
0.681504
0.457201
0.787927
0.808960
0.300471
0.836720
0.009546
0.449423
0.496903
0.935597
0.121744
0.111596
0.163153
0.470257
0.808960
0.053907
0.139014
0.681504
0.758020
0.758020
0.011106
0.620815
0.860501
0.090535
0.787927
0.612135
0.704484
0.771705
0.855893
0.109849
0.998868
0.327120
0.322949
0.557828
0.891273
0.255445
0.449423
0.429087
0.068911
0.940331
0.994555
0.821730
0.958545
0.255445
0.228410
0.695863
0.543791
0.935597
0.127623
0.505064
0.535389
0.994555
0.163153
0.574890
0.808960
0.947760
0.984769
0.635244
0.829282
0.829282
0.848789
0.690166
0.196422
0.829282
0.000071
0.211153
0.250182
0.475494
0.394742
0.907293
0.848789
0.758020
0.713075
0.505064
0.580543
0.269851
0.901408
0.884948
0.264363
0.006144
0.231634
0.766291
0.329292
0.371333
0.241635
0.635244
0.704484
0.958545
0.273514
0.000000
0.891273
0.901408
0.821730
0.713075
0.874110
0.927324
0.749684
0.557828
0.414138
0.079397
0.327120
0.935597
0.779856
0.483494
0.935597
0.735726
0.626544
0.594827
0.284858
0.829282
0.704484
0.635244
0.027164
0.821730
0.626544
0.643949
0.496903
0.829282
0.801128
0.470257
0.787927
0.884948
0.566341
0.199280
0.821730
0.056256
0.922090
0.357661
0.848789
0.066084
0.434080
0.897436
0.580543
0.340005
0.177160
0.695863
0.033659
0.771705
0.296545
0.801128
0.821730
0.643949
0.470257
0.971109
0.612135
0.096609
0.449423
0.848789
0.947760
0.449423
0.922090
0.220452
0.414138
0.187953
0.421575
0.779856
0.368979
0.649688
0.100580
0.557828
0.749684
0.940331
0.978604
0.667094
0.956001
0.580543
0.166886
0.935597
0.228410
0.382926
0.441715
0.935597
0.390021
0.672823
0.362130
0.496903
0.540922
0.294528
0.626544
0.264363
0.855893
0.375911
0.518727
0.401971
0.231634
0.829282
0.589144
0.690166
0.557828
0.124654
0.214182
0.044581
0.300471
0.649688
0.169385
0.454542
0.749684
0.223587
0.462365
0.153566
0.620815
0.462365
0.059212
0.340005
0.779856
0.236593
0.566341
0.380525
0.153566
0.543791
0.462365
0.001080
0.103042
0.589144
0.758020
0.580543
0.958545
0.462365
0.848789
0.808960
0.951979
0.166886
0.042685
0.552238
0.816691
0.841556
0.061772
0.462365
0.000446
0.194957
0.096609
0.284858
0.031348
0.727244
0.084092
0.867378
0.157114
0.867378
0.340005
0.426518
0.855893
0.848789
0.675784
0.260793
0.901408
0.132684
0.241635
0.901408
0.704484
0.901408
0.346575
0.414138
0.394742
0.735726
0.808960
0.401971
0.021268
0.649688
0.499678
0.275424
0.086192
0.350951
0.658394
0.667094
0.462365
0.364456
0.675784
0.749684
0.112510
0.441715
0.991213
0.612135
0.067775
0.884948
0.779856
0.626544
0.681504
0.829282
0.269851
0.612135
0.848789
0.141156
0.294528
0.042685
0.971109
0.958545
0.681504
0.667094
0.333520
0.513281
0.279144
0.795913
0.159490
0.483494
0.658394
0.998868
0.496903
0.951979
0.006447
0.836720
0.612135
0.470257
0.401971
0.589144
0.220452
0.758020
0.787927
0.322949
0.434080
0.103042
0.766291
0.626544
0.015409
0.153566
0.848789
0.406779
0.758020
0.042685
0.801128
0.704484
0.704484
0.024596
0.012907
0.177160
