0.025731
0.667094
0.574890
0.032771
0.194957
0.940331
0.434080
0.779856
0.543791
0.808960
0.290658
0.658394
0.406779
0.787927
0.187953
0.462365
0.713075
0.414138
0.801128
0.036127
0.157114
0.179787
0.441715
0.005210
0.020320
0.157114
0.491556
0.779856
0.744157
0.434080
0.421575
0.658394
0.935597
0.529876
0.744157
0.543791
0.409279
0.758020
0.681504
0.135818
0.994555
0.264363
0.166886
0.735726
0.462365
0.462365
0.727244
0.122729
0.333520
0.658394
0.223587
0.074303
0.446787
0.052535
0.454542
0.735726
0.801128
0.779856
0.475494
0.135818
0.749684
0.002324
0.454542
0.483494
0.117048
0.580543
0.884948
0.421575
0.090535
0.603471
0.429087
0.070668
0.580543
0.635244
0.808960
0.566341
0.571972
0.187953
0.672823
0.496903
0.935597
0.003039
0.346575
0.557828
0.069506
0.368979
0.913005
0.255445
0.552238
0.962240
0.766291
0.855893
0.940331
0.357661
0.779856
0.597771
0.462365
0.253642
0.635244
0.927324
0.603471
0.771705
0.446787
0.264363
0.741289
0.848789
0.187953
0.467559
0.727244
0.816691
0.947760
0.940331
0.211153
0.589144
0.039801
0.779856
0.991213
0.635244
0.580543
0.901408
0.371333
0.527033
0.429087
0.090535
0.499678
0.015845
0.018706
0.735726
0.971109
0.848789
0.194957
0.382926
0.446787
0.566341
0.672823
0.187953
0.971109
0.758020
0.557828
0.930673
0.779856
0.294528
0.017866
0.956001
0.901408
0.233315
0.808960
0.269851
0.518727
0.421575
0.211153
0.135818
0.211153
0.147829
0.114294
0.505064
0.566341
0.306500
0.033659
0.855893
0.109849
0.612135
0.457201
0.626544
0.758020
0.246759
0.927324
0.971109
0.300471
0.713075
0.163153
0.821730
0.394742
0.478214
0.884948
0.008597
0.127623
0.771705
0.144460
0.867378
0.758020
0.907293
0.505064
0.681504
0.787927
0.211153
0.603471
0.704484
0.808960
0.082732
0.557828
0.626544
0.681504
0.617854
0.150086
0.543791
0.122729
0.940331
0.103042
0.821730
0.421575
0.109849
0.041578
0.264363
0.203680
0.713075
0.829282
0.340005
0.357661
0.787927
0.965738
0.357661
0.155897
0.727244
0.027164
0.505064
0.153566
0.667094
0.991213
0.787927
0.704484
0.329292
0.429087
0.159490
0.878466
0.215763
0.166886
0.119859
0.848789
0.306500
0.141156
0.012907
0.371333
0.141156
0.166886
0.652656
0.399498
0.057717
0.713075
0.667094
0.951979
0.462365
0.454542
0.580543
0.231634
0.986757
0.758020
0.470257
0.082732
0.713075
0.848789
0.836720
0.874110
0.891273
0.589144
0.513281
0.100580
0.340005
0.867378
0.382926
0.505064
0.462365
0.535389
0.163153
0.635244
0.829282
0.441715
0.255445
0.496903
0.322949
0.462365
0.483494
0.855893
0.470257
0.620815
0.231634
0.589144
0.713075
0.978604
0.612135
0.535389
0.758020
0.074303
0.603471
0.580543
0.994555
0.346575
0.557828
0.192150
0.467559
0.454542
0.100580
0.884948
0.013654
0.571972
0.801128
0.364456
0.612135
0.434080
0.470257
0.907293
0.766291
0.421575
0.951979
0.574890
0.721628
0.927324
0.940331
0.000320
0.744157
0.690166
0.649688
0.279144
0.241635
0.612135
0.690166
0.779856
0.836720
0.153566
0.967937
0.036127
0.166886
0.068911
0.690166
0.927324
0.727244
0.322949
0.255445
0.752533
0.927324
0.279144
0.036127
0.779856
0.589144
0.035180
0.014711
0.166886
0.462365
0.801128
0.421575
0.927324
0.375911
0.958545
0.874110
0.011425
0.535389
0.571972
0.543791
0.935597
0.974087
0.146673
0.153566
0.935597
0.281082
0.061772
0.589144
0.072465
0.141156
0.322949
0.557828
0.695863
0.940331
0.874110
0.100580
0.829282
0.974087
0.206623
0.300471
0.316692
0.571972
0.241635
0.727244
0.947760
0.801128
0.981075
0.808960
0.406779
0.160731
0.749684
0.649688
0.698805
0.183833
0.635244
0.841556
0.971109
0.626544
0.387593
0.192150
0.157114
0.434080
0.050328
0.658394
0.821730
0.173237
0.329292
0.916674
0.658394
0.119859
0.540922
0.429087
0.333520
0.574890
0.294528
0.779856
0.434080
0.421575
0.333520
0.483494
0.787927
0.001027
0.211153
0.901408
0.038764
0.787927
0.375911
0.066084
0.612135
0.690166
0.203680
0.681504
0.177160
0.848789
0.380525
0.063362
0.535389
0.075538
0.177160
0.186540
0.048208
0.300471
0.357661
0.357661
0.771705
0.594827
0.681504
0.884948
0.401971
0.382926
0.535389
0.141156
0.470257
0.316692
0.640981
0.626544
0.513281
0.061772
0.974087
0.589144
0.375911
0.971109
0.082732
0.333520
0.571972
0.371333
0.667094
0.275424
0.557828
0.160731
0.951979
0.808960
0.021859
0.897436
0.557828
0.491556
0.350951
0.103042
0.027164
0.916674
0.841556
0.927324
0.088340
0.874110
0.521553
0.513281
0.312615
0.808960
0.036765
0.566341
0.913005
0.177160
0.150086
0.375911
0.814067
0.027164
0.144460
0.414138
0.016595
0.462365
0.357661
0.801128
0.228410
0.290658
0.867378
0.922090
0.704484
0.549354
0.612135
0.867378
0.891273
0.713075
0.491556
0.521553
0.144460
0.940331
0.672823
0.594827
0.233315
0.965738
0.787927
0.549354
0.535389
0.801128
0.394742
0.744157
0.629509
0.199280
0.483494
0.483494
0.571972
0.907293
0.211153
0.543791
0.801128
0.429087
0.984769
0.316692
0.290658
0.470257
0.535389
0.935597
0.667094
0.727244
0.429087
0.098985
0.540922
0.499678
0.658394
0.340005
0.192150
0.744157
0.667094
0.965738
0.947760
0.454542
0.470257
0.681504
0.441715
0.173237
0.557828
0.246759
0.421575
0.848789
0.603471
0.103042
0.421575
0.253642
0.557828
0.273514
0.066084
0.491556
0.121744
0.829282
0.446787
0.421575
0.104694
0.962240
0.675784
0.300471
0.640981
0.907293
0.589144
0.513281
0.269851
0.603471
0.643949
0.612135
