0.603471
0.513281
0.199280
0.589144
0.867378
0.434080
0.779856
0.009822
0.357661
0.771705
0.010298
0.004164
0.848789
0.821730
0.951979
0.880693
0.571972
0.039801
0.749684
0.543791
0.727244
0.848789
0.434080
0.626544
0.922090
0.801128
0.037099
0.704484
0.000009
0.922090
0.441715
0.713075
0.470257
0.535389
0.704484
0.744157
0.029186
0.346575
0.306500
0.072465
0.897436
0.141156
0.922090
0.446787
0.124654
0.690166
0.030518
0.499678
0.139014
0.462365
0.160731
0.658394
0.258960
0.449423
0.441715
0.749684
0.004503
0.505064
0.626544
0.808960
0.935597
0.891273
0.698805
0.001494
0.930673
0.483494
0.535389
0.672823
0.681504
0.390021
0.974087
0.704484
0.874110
0.104694
0.053907
0.150086
0.597771
0.658394
0.441715
0.036127
0.713075
0.499678
0.011640
0.821730
0.643949
0.192150
0.146673
0.704484
0.841556
0.690166
0.643949
0.916674
0.658394
0.867378
0.141156
0.947760
0.947760
0.157114
0.199280
0.829282
0.603471
0.327120
0.401971
0.681504
0.394742
0.215763
0.649688
0.255445
0.603471
0.841556
0.603471
0.141156
0.649688
0.027164
0.147829
0.215763
0.300471
0.211153
0.749684
0.478214
0.787927
0.935597
0.505064
0.779856
0.658394
0.491556
0.635244
0.643949
0.649688
0.695863
0.801128
0.183833
0.749684
0.962240
0.387593
0.589144
0.333520
0.855893
0.002020
0.294528
0.346575
0.449423
0.658394
0.589144
0.010298
0.935597
0.124654
0.264363
0.907293
0.080707
0.434080
0.036127
0.246759
0.401971
0.021859
0.401971
0.394742
0.146673
0.860501
0.060217
0.962240
0.255445
0.246759
0.860501
0.808960
0.713075
0.421575
0.008436
0.290658
0.233315
0.094284
0.414138
0.421575
0.779856
0.454542
0.173237
0.808960
0.382926
0.713075
0.329292
0.981075
0.129613
0.962240
0.215763
0.821730
0.901408
0.735726
0.011425
0.079397
0.241635
0.357661
0.166886
0.681504
0.951979
0.557828
0.103042
0.658394
0.735726
0.766291
0.867378
0.867378
0.649688
0.891273
0.206623
0.658394
0.922090
0.841556
0.527033
0.713075
0.141156
0.626544
0.549354
0.401971
0.766291
0.862861
0.808960
0.848789
0.306500
0.758020
0.368979
0.557828
0.758020
0.771705
0.695863
0.057717
0.475494
0.571972
0.002443
0.901408
0.181158
0.535389
0.008354
0.045761
0.922090
0.045761
0.681504
0.275424
0.075538
0.226757
0.202171
0.927324
0.535389
0.159490
0.058699
0.414138
0.713075
0.829282
0.884948
0.300471
0.462365
0.571972
0.713075
0.061772
0.223587
0.535389
0.203680
0.848789
0.107244
0.296545
0.127623
0.901408
0.434080
0.967937
0.916674
0.758020
0.382926
0.566341
0.704484
0.841556
0.758020
0.916674
0.681504
0.947760
0.535389
0.829282
0.505064
0.246759
0.357661
0.821730
0.449423
0.635244
0.306500
0.612135
0.821730
0.758020
0.981075
0.787927
0.020886
0.841556
0.758020
0.031348
0.105557
0.620815
0.626544
0.241635
0.984769
0.284858
0.635244
0.008197
0.130653
0.612135
0.429087
0.549354
0.127623
0.566341
0.580543
0.275424
0.635244
0.529876
0.617854
0.275424
0.901408
0.090535
0.266225
0.007965
0.901408
0.848789
0.787927
0.927324
0.758020
0.603471
0.294528
0.513281
0.119859
0.269851
0.211153
0.429087
0.940331
0.231634
0.971109
0.916674
0.375911
0.801128
0.241635
0.316692
0.505064
0.626544
0.316692
0.991213
0.223587
0.290658
0.368979
0.457201
0.874110
0.594827
0.449423
0.860501
0.382926
0.874110
0.462365
0.421575
0.527033
0.643949
0.672823
0.449423
0.667094
0.206623
0.620815
0.041578
0.051648
0.245003
0.635244
0.884948
0.927324
0.166886
0.771705
0.513281
0.727244
0.380525
0.808960
0.059212
0.005855
0.454542
0.294528
0.758020
0.672823
0.681504
0.620815
0.744157
0.649688
0.916674
0.735726
0.304435
0.779856
0.406779
0.704484
0.580543
0.357661
0.206623
0.884948
0.496903
0.103042
0.635244
0.580543
0.449423
0.491556
0.967937
0.364456
0.181158
0.518727
0.649688
0.612135
0.667094
0.787927
0.000112
0.635244
0.808960
0.951979
0.580543
0.626544
0.994555
0.020130
0.441715
0.612135
0.312615
0.635244
0.658394
0.779856
0.951979
0.245003
0.163153
0.771705
0.907293
0.535389
0.927324
0.236593
0.364456
0.543791
0.470257
0.758020
0.467559
0.322949
0.787927
0.999575
0.429087
0.449423
0.441715
0.801128
0.635244
0.535389
0.098170
0.475494
0.382926
0.401971
0.571972
0.401971
0.951979
0.029982
0.112510
0.867378
0.368979
0.635244
0.296545
0.978604
0.300471
0.589144
0.160731
0.124654
0.991213
0.007965
0.848789
0.649688
0.535389
0.603471
0.667094
0.241635
0.867378
0.215763
0.429087
0.698805
0.483494
0.401971
0.766291
0.962240
0.333520
0.962240
0.922090
0.808960
0.409279
0.264363
0.518727
0.046970
0.306500
0.002863
0.848789
0.163153
0.368979
0.166886
0.421575
0.749684
0.380525
0.346575
0.836720
0.884948
0.620815
0.002950
0.269851
0.951979
0.008597
0.057717
0.316692
0.867378
0.199280
0.984769
0.658394
0.194957
0.795913
0.566341
0.462365
0.727244
0.513281
0.535389
0.951979
0.135818
0.951979
0.801128
0.947760
0.635244
0.014985
0.025274
0.971109
0.215763
0.801128
0.860501
0.088340
0.916674
0.922090
0.801128
0.571972
0.401971
0.449423
0.978604
0.758020
0.322949
0.364456
0.245003
0.382926
0.333520
0.672823
0.127623
0.626544
0.527033
0.978604
0.264363
0.491556
0.132684
0.002020
0.187953
0.801128
0.594827
0.421575
0.382926
0.203680
0.635244
0.362130
0.074303
0.713075
0.147829
0.322949
0.626544
0.294528
0.816691
0.962240
0.681504
0.382926
0.713075
0.962240
0.382926
0.016139
0.787927
0.695863
0.350951
0.867378
0.735726
0.394742
0.130653
