0.009822
0.829282
0.340005
0.901408
0.096609
0.112510
0.491556
0.735726
0.173237
0.096609
0.549354
0.454542
0.535389
0.744157
0.368979
0.371333
0.594827
0.935597
0.603471
0.236593
0.922090
0.787927
0.801128
0.566341
0.241635
0.814067
0.350951
0.793201
0.848789
0.721628
0.441715
0.907293
0.491556
0.394742
0.848789
0.566341
0.860501
0.052535
0.098170
0.288671
0.470257
0.643949
0.557828
0.025970
0.483494
0.421575
0.228410
0.491556
0.658394
0.130653
0.194957
0.758020
0.364456
0.112510
0.612135
0.513281
0.028409
0.449423
0.483494
0.841556
0.958545
0.927324
0.658394
0.848789
0.589144
0.003523
0.346575
0.499678
0.874110
0.787927
0.368979
0.075538
0.434080
0.454542
0.462365
0.940331
0.513281
0.327120
0.535389
0.281082
0.296545
0.082732
0.406779
0.643949
0.821730
0.681504
0.364456
0.114294
0.421575
0.491556
0.713075
0.801128
0.127623
0.038094
0.971109
0.681504
0.429087
0.801128
0.667094
0.658394
0.874110
0.848789
0.635244
0.225222
0.667094
0.758020
0.031348
0.836720
0.505064
0.294528
0.867378
0.984769
0.829282
0.170690
0.394742
0.649688
0.310521
0.635244
0.250182
0.183833
0.181158
0.571972
0.462365
0.202171
0.566341
0.681504
0.344325
0.727244
0.483494
0.441715
0.713075
0.771705
0.322949
0.478214
0.971109
0.549354
0.010595
0.284858
0.044980
0.018368
0.329292
0.787927
0.557828
0.795913
0.672823
0.429087
0.382926
0.808960
0.434080
0.306500
0.000112
0.255445
0.855893
0.269851
0.340005
0.194957
0.505064
0.112510
0.426518
0.096609
0.658394
0.241635
0.483494
0.264363
0.612135
0.312615
0.521553
0.316692
0.375911
0.808960
0.962240
0.350951
0.940331
0.114294
0.449423
0.350951
0.199280
0.231634
0.518727
0.626544
0.971109
0.557828
0.505064
0.884948
0.462365
0.999575
0.284858
0.187953
0.566341
0.026684
0.962240
0.787927
0.695863
0.681504
0.549354
0.672823
0.971109
0.695863
0.549354
0.690166
0.801128
0.971109
0.640981
0.735726
0.434080
0.535389
0.273514
0.462365
0.322949
0.183833
0.727244
0.255445
0.535389
0.841556
0.228410
0.841556
0.513281
0.549354
0.187953
0.013909
0.187953
0.884948
0.965738
0.672823
0.681504
0.962240
0.667094
0.239907
0.151265
0.735726
0.014985
0.649688
0.580543
0.241635
0.401971
0.505064
0.340005
0.103042
0.421575
0.860501
0.462365
0.580543
0.543791
0.927324
0.860501
0.421575
0.612135
0.643949
0.527033
0.535389
0.421575
0.491556
0.401971
0.940331
0.749684
0.090535
0.962240
0.121744
0.187953
0.758020
0.758020
0.771705
0.829282
0.704484
0.275424
0.518727
0.320806
0.681504
0.930673
0.620815
0.127623
0.626544
0.086919
0.300471
0.357661
0.940331
0.375911
0.829282
0.357661
0.279144
0.454542
0.749684
0.327120
0.540922
0.935597
0.496903
0.316692
0.306500
0.401971
0.681504
0.978604
0.535389
0.771705
0.266225
0.801128
0.749684
0.255445
0.643949
0.603471
0.027164
0.557828
0.566341
0.540922
0.316692
0.505064
0.181158
0.357661
0.940331
0.787927
0.006832
0.913005
0.978604
0.713075
0.718717
0.215763
0.056256
0.643949
0.801128
0.695863
0.907293
0.758020
0.139014
0.735726
0.704484
0.978604
0.426518
0.681504
0.535389
0.543791
0.727244
0.821730
0.521553
0.935597
0.001494
0.483494
0.667094
0.649688
0.690166
0.884948
0.513281
0.643949
0.704484
0.672823
0.735726
0.441715
0.346575
0.527033
0.947760
0.704484
0.043818
0.617854
0.333520
0.860501
0.117048
0.192150
0.483494
0.236593
0.255445
0.236593
0.046970
0.994555
0.535389
0.344325
0.867378
0.475494
0.958545
0.603471
0.907293
0.994555
0.033659
0.848789
0.449423
0.199280
0.958545
0.290658
0.836720
0.848789
0.001393
0.296545
0.141156
0.549354
0.566341
0.269851
0.816691
0.340005
0.713075
0.566341
0.940331
0.382926
0.658394
0.884948
0.521553
0.206623
0.549354
0.962240
0.005523
0.005687
0.233315
0.304435
0.635244
0.357661
0.340005
0.571972
0.848789
0.483494
0.947760
0.350951
0.793201
0.005262
0.620815
0.571972
0.159490
0.215763
0.793201
0.535389
0.094284
0.704484
0.690166
0.612135
0.727244
0.094284
0.382926
0.867378
0.371333
0.063362
0.357661
0.150086
0.306500
0.080707
0.357661
0.364456
0.316692
0.848789
0.306500
0.667094
0.316692
0.098985
0.521553
0.159490
0.368979
0.394742
0.848789
0.635244
0.874110
0.951979
0.153566
0.163153
0.084803
0.535389
0.612135
0.387593
0.841556
0.521553
0.626544
0.901408
0.284858
0.735726
0.245003
0.690166
0.658394
0.643949
0.735726
0.246759
0.549354
0.036127
0.617854
0.901408
0.279144
0.107244
0.340005
0.721628
0.643949
0.566341
0.749684
0.312615
0.749684
0.044581
0.255445
0.269851
0.329292
0.566341
0.704484
0.333520
0.557828
0.986757
0.075538
0.434080
0.011106
0.580543
0.255445
0.491556
0.063362
0.255445
0.901408
0.483494
0.001184
0.543791
0.841556
0.749684
0.114294
0.643949
0.549354
0.344325
0.758020
0.014985
0.907293
0.744157
0.681504
0.891273
0.340005
0.483494
0.173237
0.779856
0.758020
0.801128
0.107244
0.344325
0.401971
0.779856
0.626544
0.681504
0.667094
0.223587
0.860501
0.535389
0.199280
0.112510
0.155897
0.557828
0.449423
0.771705
0.304435
0.146673
0.557828
0.566341
0.017063
0.658394
0.594827
0.766291
0.989675
0.735726
0.003629
0.041952
0.626544
0.269851
0.183833
0.549354
0.808960
0.491556
0.951979
0.951979
0.549354
0.390021
0.124654
0.147829
0.333520
0.002725
0.382926
0.998868
0.368979
0.695863
0.626544
0.535389
0.135818
0.690166
0.192150
0.159490
0.462365
0.930673
0.088340
0.518727
0.096609
0.884948
0.421575
0.173237
0.667094
