0.300471
0.333520
0.589144
0.409279
0.434080
0.187953
0.322949
0.499678
0.344325
0.566341
0.505064
0.357661
0.223587
0.181158
0.063362
0.177160
0.574890
0.275424
0.916674
0.626544
0.169385
0.727244
0.072465
0.867378
0.063362
0.735726
0.620815
0.907293
0.749684
0.713075
0.721628
0.375911
0.940331
0.375911
0.930673
0.557828
0.269851
0.264363
0.139014
0.340005
0.535389
0.483494
0.024596
0.779856
0.409279
0.779856
0.218844
0.521553
0.612135
0.884948
0.011640
0.181158
0.978604
0.981075
0.483494
0.513281
0.290658
0.922090
0.735726
0.382926
0.801128
0.236593
0.998868
0.127623
0.927324
0.603471
0.056256
0.603471
0.004503
0.215763
0.000641
0.346575
0.429087
0.019768
0.566341
0.434080
0.690166
0.004868
0.290658
0.329292
0.635244
0.300471
0.597771
0.215763
0.535389
0.735726
0.566341
0.462365
0.255445
0.667094
0.589144
0.695863
0.003629
0.264363
0.947760
0.603471
0.284858
0.991213
0.462365
0.211153
0.269851
0.667094
0.884948
0.086192
0.841556
0.603471
0.995551
0.557828
0.603471
0.635244
0.735726
0.049040
0.483494
0.549354
0.034568
0.161896
0.808960
0.475494
0.060743
0.228410
0.704484
0.236593
0.496903
0.306500
0.940331
0.499678
0.557828
0.901408
0.236593
0.290658
0.394742
0.874110
0.907293
0.421575
0.793201
0.801128
0.478214
0.284858
0.340005
0.935597
0.102197
0.793201
0.855893
0.681504
0.821730
0.589144
0.258960
0.470257
0.752533
0.241635
0.922090
0.658394
0.269851
0.505064
0.901408
0.808960
0.713075
0.626544
0.057717
0.978604
0.322949
0.967937
0.505064
0.681504
0.884948
0.264363
0.612135
0.690166
0.658394
0.000141
0.119859
0.566341
0.848789
0.290658
0.962240
0.255445
0.255445
0.081393
0.513281
0.231634
0.566341
0.675784
0.478214
0.787927
0.350951
0.947760
0.907293
0.429087
0.382926
0.855893
0.801128
0.913005
0.170690
0.557828
0.951979
0.991213
0.421575
0.446787
0.111596
0.557828
0.958545
0.007965
0.037099
0.758020
0.721628
0.001540
0.483494
0.329292
0.884948
0.771705
0.603471
0.163153
0.635244
0.441715
0.735726
0.704484
0.462365
0.394742
0.470257
0.057717
0.821730
0.597771
0.000063
0.429087
0.758020
0.690166
0.409279
0.190711
0.649688
0.841556
0.449423
0.935597
0.046970
0.340005
0.056256
0.199280
0.974087
0.340005
0.848789
0.971109
0.922090
0.874110
0.159490
0.978604
0.057717
0.368979
0.190711
0.223587
0.958545
0.658394
0.211153
0.612135
0.434080
0.144460
0.991213
0.897436
0.612135
0.603471
0.971109
0.571972
0.535389
0.635244
0.220452
0.300471
0.086192
0.658394
0.491556
0.566341
0.704484
0.206623
0.127623
0.771705
0.884948
0.119859
0.672823
0.735726
0.713075
0.535389
0.475494
0.855893
0.594827
0.749684
0.658394
0.549354
0.129613
0.594827
0.801128
0.594827
0.744157
0.357661
0.612135
0.589144
0.774492
0.275424
0.821730
0.535389
0.735726
0.038094
0.617854
0.713075
0.984769
0.340005
0.130653
0.566341
0.901408
0.157114
0.203680
0.884948
0.300471
0.190711
0.206623
0.829282
0.927324
0.787927
0.672823
0.042685
0.375911
0.986757
0.236593
0.306500
0.713075
0.808960
0.160731
0.275424
0.816691
0.203680
0.808960
0.557828
0.112510
0.958545
0.617854
0.462365
0.316692
0.758020
0.991213
0.127623
0.141156
0.264363
0.996919
0.649688
0.901408
0.635244
0.350951
0.153566
0.220452
0.127623
0.491556
0.096609
0.557828
0.233315
0.721628
0.940331
0.735726
0.082732
0.901408
0.974087
0.000696
0.566341
0.322949
0.441715
0.387593
0.375911
0.215763
0.322949
0.166886
0.951979
0.771705
0.414138
0.436675
0.535389
0.801128
0.766291
0.236593
0.353229
0.434080
0.434080
0.935597
0.426518
0.617854
0.329292
0.513281
0.589144
0.681504
0.046554
0.306500
0.836720
0.505064
0.735726
0.040864
0.434080
0.312615
0.749684
0.971109
0.698805
0.940331
0.848789
0.667094
0.421575
0.935597
0.505064
0.603471
0.300471
0.316692
0.020320
0.434080
0.141156
0.401971
0.491556
0.848789
0.884948
0.557828
0.860501
0.821730
0.462365
0.421575
0.991213
0.401971
0.878466
0.491556
0.518727
0.557828
0.135818
0.475494
0.690166
0.978604
0.727244
0.449423
0.727244
0.860501
0.124654
0.364456
0.766291
0.956001
0.340005
0.962240
0.157114
0.223587
0.031348
0.095811
0.690166
0.787927
0.375911
0.874110
0.695863
0.612135
0.169385
0.848789
0.594827
0.206623
0.749684
0.867378
0.368979
0.589144
0.527033
0.117048
0.322949
0.829282
0.231634
0.549354
0.603471
0.426518
0.984769
0.177160
0.491556
0.626544
0.690166
0.233315
0.626544
0.258960
0.848789
0.841556
0.529876
0.084803
0.727244
0.829282
0.967937
0.922090
0.275424
0.704484
0.916674
0.329292
0.000002
0.758020
0.744157
0.147829
0.060217
0.380525
0.922090
0.362130
0.364456
0.079397
0.848789
0.855893
0.848789
0.574890
0.907293
0.371333
0.434080
0.675784
0.096609
0.841556
0.401971
0.470257
0.597771
0.199280
0.215763
0.690166
0.749684
0.962240
0.241635
0.891273
0.978604
0.951979
0.965738
0.704484
0.329292
0.000067
0.867378
0.855893
0.340005
0.112510
0.312615
0.119859
0.223587
0.626544
0.821730
0.991213
0.787927
0.320806
0.527033
0.571972
0.375911
0.014305
0.589144
0.132684
0.704484
0.306500
0.787927
0.414138
0.141156
0.527033
0.496903
0.491556
0.454542
0.612135
0.446787
0.672823
0.779856
0.571972
0.940331
0.958545
0.375911
0.626544
0.023508
0.434080
0.521553
0.421575
0.947760
0.275424
0.211153
0.406779
0.077446
0.589144
0.518727
0.449423
0.340005
0.449423
0.441715
0.290658
0.462365
0.421575
0.841556
0.793201
0.951979
0.211153
0.749684
