0.821730
0.340005
0.935597
0.771705
0.991213
0.267971
0.713075
0.187953
0.695863
0.457201
0.322949
0.401971
0.855893
0.029982
0.589144
0.695863
0.357661
0.718717
0.779856
0.441715
0.000176
0.543791
0.907293
0.901408
0.735726
0.499678
0.884948
0.981075
0.795913
0.098170
0.713075
0.535389
0.021859
0.758020
0.690166
0.951979
0.028409
0.096609
0.994555
0.721628
0.571972
0.891273
0.658394
0.527033
0.935597
0.956001
0.891273
0.394742
0.916674
0.991213
0.695863
0.066084
0.304435
0.580543
0.897436
0.382926
0.483494
0.594827
0.053907
0.874110
0.766291
0.357661
0.063362
0.505064
0.077446
0.986757
0.475494
0.643949
0.907293
0.690166
0.163153
0.603471
0.580543
0.557828
0.327120
0.475494
0.362130
0.793201
0.667094
0.643949
0.279144
0.801128
0.658394
0.067775
0.981075
0.241635
0.848789
0.153566
0.103042
0.658394
0.382926
0.023508
0.012907
0.749684
0.557828
0.643949
0.183833
0.177160
0.157114
0.527033
0.922090
0.580543
0.192150
0.916674
0.300471
0.681504
0.382926
0.264363
0.695863
0.922090
0.518727
0.735726
0.006703
0.566341
0.462365
0.766291
0.316692
0.429087
0.079397
0.467559
0.589144
0.250182
0.829282
0.779856
0.364456
0.228410
0.153566
0.649688
0.658394
0.052535
0.429087
0.061772
0.848789
0.521553
0.527033
0.346575
0.434080
0.382926
0.513281
0.223587
0.470257
0.549354
0.829282
0.704484
0.998463
0.713075
0.874110
0.927324
0.867378
0.922090
0.891273
0.449423
0.147829
0.429087
0.294528
0.053907
0.635244
0.329292
0.027908
0.441715
0.836720
0.255445
0.050328
0.635244
0.063362
0.199280
0.518727
0.808960
0.916674
0.829282
0.194957
0.165605
0.194957
0.499678
0.275424
0.357661
0.771705
0.971109
0.571972
0.421575
0.382926
0.401971
0.589144
0.735726
0.306500
0.255445
0.779856
0.808960
0.117048
0.066084
0.024596
0.571972
0.513281
0.284858
0.787927
0.535389
0.505064
0.727244
0.052535
0.612135
0.744157
0.991213
0.749684
0.951979
0.001149
0.300471
0.166886
0.114294
0.787927
0.891273
0.183833
0.779856
0.758020
0.013276
0.617854
0.779856
0.816691
0.290658
0.364456
0.306500
0.727244
0.978604
0.801128
0.258960
0.580543
0.223587
0.316692
0.589144
0.841556
0.841556
0.589144
0.241635
0.067775
0.340005
0.944872
0.549354
0.132684
0.098985
0.223587
0.612135
0.718717
0.758020
0.758020
0.513281
0.947760
0.836720
0.513281
0.695863
0.312615
0.401971
0.535389
0.173237
0.462365
0.571972
0.060743
0.505064
0.704484
0.050328
0.441715
0.543791
0.771705
0.505064
0.580543
0.049040
0.081393
0.483494
0.390021
0.496903
0.203680
0.505064
0.635244
0.414138
0.147829
0.649688
0.855893
0.147829
0.549354
0.505064
0.735726
0.640981
0.580543
0.016293
0.779856
0.144460
0.203680
0.848789
0.848789
0.177160
0.371333
0.626544
0.962240
0.571972
0.695863
0.958545
0.067775
0.025731
0.891273
0.103042
0.721628
0.603471
0.449423
0.698805
0.658394
0.884948
0.211153
0.109849
0.749684
0.346575
0.667094
0.787927
0.024158
0.958545
0.821730
0.306500
0.951979
0.434080
0.681504
0.713075
0.163153
0.429087
0.296545
0.580543
0.860501
0.913005
0.183833
0.173237
0.658394
0.344325
0.626544
0.922090
0.735726
0.505064
0.409279
0.223587
0.255445
0.907293
0.997586
0.901408
0.594827
0.255445
0.441715
0.580543
0.779856
0.603471
0.159490
0.821730
0.496903
0.316692
0.643949
0.346575
0.039801
0.589144
0.571972
0.021859
0.183833
0.984769
0.951979
0.194957
0.496903
0.672823
0.025274
0.594827
0.029186
0.965738
0.203680
0.658394
0.350951
0.836720
0.436675
0.310521
0.690166
0.735726
0.907293
0.211153
0.620815
0.612135
0.491556
0.695863
0.986757
0.735726
0.922090
0.874110
0.986757
0.884948
0.177160
0.008354
0.735726
0.821730
0.994555
0.269851
0.589144
0.527033
0.829282
0.401971
0.580543
0.255445
0.114294
0.981075
0.916674
0.296545
0.681504
0.163153
0.829282
0.269851
0.721628
0.043818
0.211153
0.441715
0.808960
0.518727
0.159490
0.779856
0.984769
0.779856
0.589144
0.449423
0.181158
0.390021
0.626544
0.672823
0.387593
0.779856
0.375911
0.557828
0.264363
0.848789
0.675784
0.626544
0.300471
0.580543
0.401971
0.350951
0.922090
0.935597
0.589144
0.626544
0.414138
0.211153
0.233315
0.406779
0.340005
0.727244
0.779856
0.387593
0.505064
0.735726
0.907293
0.075538
0.429087
0.821730
0.658394
0.002020
0.166886
0.540922
0.907293
0.816691
0.269851
0.566341
0.302517
0.144460
0.215763
0.704484
0.956001
0.518727
0.228410
0.003099
0.518727
0.549354
0.055312
0.033071
0.841556
0.821730
0.269851
0.070668
0.008197
0.368979
0.922090
0.429087
0.426518
0.470257
0.499678
0.177160
0.589144
0.231634
0.521553
0.357661
0.375911
0.884948
0.166886
0.066084
0.088340
0.612135
0.913005
0.513281
0.749684
0.643949
0.290658
0.867378
0.529876
0.434080
0.310521
0.066084
0.589144
0.255445
0.005162
0.626544
0.841556
0.032199
0.177160
0.758020
0.988571
0.250182
0.183833
0.513281
0.675784
0.496903
0.527033
0.483494
0.231634
0.166886
0.491556
0.891273
0.612135
0.940331
0.368979
0.269851
0.491556
0.951979
0.829282
0.329292
0.744157
0.620815
0.658394
0.916674
0.758020
0.046970
0.483494
0.566341
0.478214
0.658394
0.626544
0.096609
0.958545
0.211153
0.121744
0.294528
0.499678
0.441715
0.566341
0.194957
0.039801
0.635244
0.478214
0.836720
0.947760
0.930673
0.594827
0.658394
0.117048
0.483494
0.951979
0.543791
0.580543
0.749684
0.098985
0.626544
0.821730
0.075538
0.258960
0.290658
0.203680
0.940331
0.072465
0.284858
0.787927
0.635244
