0.166886
0.088340
0.787927
0.426518
0.951979
0.470257
0.499678
0.036127
0.571972
0.594827
0.076183
0.758020
0.829282
0.002725
0.771705
0.513281
0.801128
0.521553
0.233315
0.749684
0.012548
0.571972
0.867378
0.549354
0.394742
0.357661
0.088340
0.406779
0.441715
0.801128
0.580543
0.749684
0.795913
0.364456
0.626544
0.913005
0.681504
0.574890
0.589144
0.449423
0.984769
0.695863
0.035500
0.557828
0.316692
0.483494
0.543791
0.829282
0.580543
0.901408
0.177160
0.594827
0.829282
0.521553
0.126604
0.153566
0.449423
0.922090
0.394742
0.127623
0.721628
0.346575
0.603471
0.635244
0.874110
0.362130
0.284858
0.935597
0.007032
0.986757
0.029186
0.223587
0.907293
0.749684
0.491556
0.658394
0.779856
0.821730
0.801128
0.535389
0.603471
0.211153
0.475494
0.183833
0.935597
0.382926
0.329292
0.727244
0.199280
0.603471
0.187953
0.727244
0.031348
0.375911
0.470257
0.612135
0.000696
0.094284
0.215763
0.421575
0.074303
0.236593
0.483494
0.072465
0.470257
0.357661
0.010795
0.557828
0.848789
0.223587
0.718717
0.771705
0.535389
0.147829
0.475494
0.821730
0.199280
0.897436
0.951979
0.245003
0.704484
0.387593
0.557828
0.449423
0.681504
0.681504
0.860501
0.499678
0.421575
0.401971
0.215763
0.951979
0.505064
0.441715
0.787927
0.658394
0.801128
0.006144
0.580543
0.978604
0.935597
0.935597
0.505064
0.867378
0.478214
0.787927
0.310521
0.199280
0.566341
0.986757
0.841556
0.643949
0.055312
0.735726
0.808960
0.801128
0.681504
0.255445
0.483494
0.749684
0.028409
0.658394
0.333520
0.483494
0.449423
0.951979
0.048208
0.357661
0.296545
0.067775
0.787927
0.557828
0.527033
0.264363
0.612135
0.612135
0.848789
0.557828
0.364456
0.771705
0.649688
0.206623
0.008197
0.075538
0.255445
0.704484
0.580543
0.153566
0.072465
0.003965
0.735726
0.223587
0.658394
0.571972
0.333520
0.821730
0.808960
0.039801
0.867378
0.935597
0.183833
0.978604
0.704484
0.364456
0.557828
0.594827
0.986757
0.867378
0.021268
0.231634
0.063362
0.947760
0.228410
0.132684
0.414138
0.185229
0.157114
0.749684
0.704484
0.713075
0.132684
0.735726
0.475494
0.014985
0.527033
0.557828
0.421575
0.690166
0.907293
0.829282
0.771705
0.927324
0.312615
0.841556
0.771705
0.203680
0.284858
0.014985
0.535389
0.264363
0.855893
0.003850
0.695863
0.082732
0.571972
0.543791
0.991213
0.414138
0.571972
0.505064
0.675784
0.074303
0.255445
0.620815
0.223587
0.513281
0.223587
0.284858
0.153566
0.375911
0.375911
0.841556
0.027908
0.704484
0.626544
0.414138
0.947760
0.935597
0.013524
0.681504
0.580543
0.735726
0.749684
0.049040
0.855893
0.758020
0.848789
0.046970
0.079397
0.434080
0.727244
0.690166
0.867378
0.086192
0.808960
0.787927
0.690166
0.635244
0.658394
0.860501
0.079397
0.916674
0.635244
0.597771
0.513281
0.589144
0.421575
0.098170
0.749684
0.441715
0.157114
0.821730
0.922090
0.758020
0.350951
0.916674
0.066084
0.434080
0.557828
0.024596
0.860501
0.173237
0.620815
0.984769
0.867378
0.597771
0.233315
0.574890
0.922090
0.557828
0.681504
0.394742
0.457201
0.052535
0.215763
0.002124
0.808960
0.462365
0.375911
0.907293
0.779856
0.571972
0.173237
0.275424
0.155897
0.157114
0.462365
0.836720
0.236593
0.867378
0.043818
0.766291
0.735726
0.434080
0.364456
0.236593
0.446787
0.816691
0.927324
0.228410
0.994555
0.003738
0.401971
0.449423
0.951979
0.357661
0.499678
0.986757
0.816691
0.322949
0.241635
0.017866
0.129613
0.421575
0.940331
0.241635
0.449423
0.177160
0.744157
0.340005
0.258960
0.401971
0.218844
0.829282
0.808960
0.470257
0.978604
0.260793
0.483494
0.735726
0.414138
0.139014
0.527033
0.603471
0.643949
0.187953
0.603471
0.462365
0.922090
0.127623
0.053907
0.199280
0.884948
0.141156
0.713075
0.940331
0.375911
0.300471
0.124654
0.535389
0.011425
0.357661
0.496903
0.658394
0.626544
0.434080
0.462365
0.935597
0.104694
0.284858
0.649688
0.441715
0.779856
0.454542
0.535389
0.829282
0.580543
0.166886
0.421575
0.821730
0.603471
0.962240
0.927324
0.462365
0.787927
0.874110
0.667094
0.082732
0.454542
0.357661
0.454542
0.557828
0.483494
0.211153
0.018368
0.018368
0.758020
0.566341
0.300471
0.211153
0.505064
0.907293
0.891273
0.935597
0.129613
0.166886
0.441715
0.004288
0.159490
0.022875
0.779856
0.130653
0.658394
0.462365
0.667094
0.735726
0.667094
0.483494
0.104694
0.375911
0.984769
0.771705
0.135818
0.841556
0.552238
0.441715
0.375911
0.907293
0.727244
0.505064
0.841556
0.951979
0.300471
0.808960
0.603471
0.749684
0.258960
0.801128
0.557828
0.787927
0.758020
0.028409
0.401971
0.008197
0.306500
0.527033
0.499678
0.513281
0.901408
0.050328
0.557828
0.449423
0.260793
0.801128
0.566341
0.246759
0.947760
0.860501
0.640981
0.779856
0.362130
0.571972
0.275424
0.907293
0.220452
0.057717
0.401971
0.017866
0.527033
0.681504
0.848789
0.119859
0.658394
0.269851
0.521553
0.874110
0.159490
0.300471
0.690166
0.153566
0.557828
0.940331
0.589144
0.015845
0.855893
0.718717
0.290658
0.199280
0.735726
0.922090
0.744157
0.099752
0.916674
0.499678
0.070668
0.808960
0.779856
0.566341
0.981075
0.771705
0.290658
0.038764
0.478214
0.698805
0.635244
0.020692
0.017063
0.109849
0.766291
0.462365
0.046970
0.916674
0.603471
0.090535
0.434080
0.150086
0.153566
0.426518
0.612135
0.375911
0.958545
0.401971
0.290658
0.597771
0.434080
0.218844
0.947760
0.441715
0.635244
0.867378
0.344325
0.275424
0.211153
0.681504
0.075538
0.513281
