0.704484
0.535389
0.580543
0.016595
0.211153
0.394742
0.891273
0.340005
0.527033
0.340005
0.429087
0.357661
0.867378
0.333520
0.971109
0.429087
0.483494
0.006325
0.947760
0.505064
0.603471
0.414138
0.901408
0.735726
0.626544
0.306500
0.589144
0.421575
0.901408
0.552238
0.137917
0.901408
0.758020
0.080707
0.255445
0.603471
0.951979
0.294528
0.241635
0.004372
0.132684
0.394742
0.401971
0.340005
0.203680
0.594827
0.246759
0.049476
0.269851
0.589144
0.499678
0.543791
0.132684
0.264363
0.199280
0.549354
0.513281
0.187953
0.958545
0.867378
0.535389
0.132684
0.316692
0.050328
0.766291
0.462365
0.434080
0.535389
0.758020
0.867378
0.031348
0.353229
0.462365
0.153566
0.208158
0.499678
0.704484
0.070668
0.956001
0.867378
0.962240
0.958545
0.327120
0.603471
0.387593
0.478214
0.594827
0.978604
0.787927
0.483494
0.024596
0.505064
0.612135
0.513281
0.543791
0.867378
0.057717
0.891273
0.836720
0.566341
0.841556
0.801128
0.364456
0.589144
0.002324
0.457201
0.749684
0.045761
0.779856
0.074303
0.076791
0.855893
0.580543
0.144460
0.127623
0.457201
0.449423
0.735726
0.901408
0.603471
0.749684
0.070668
0.316692
0.394742
0.855893
0.667094
0.617854
0.279144
0.891273
0.994555
0.801128
0.241635
0.304435
0.173237
0.675784
0.589144
0.024596
0.557828
0.695863
0.971109
0.157114
0.848789
0.974087
0.329292
0.051648
0.434080
0.841556
0.181158
0.907293
0.922090
0.119859
0.119859
0.771705
0.008597
0.421575
0.727244
0.735726
0.698805
0.916674
0.787927
0.159490
0.940331
0.620815
0.527033
0.821730
0.105557
0.163153
0.059212
0.449423
0.521553
0.364456
0.414138
0.713075
0.749684
0.901408
0.329292
0.401971
0.078727
0.935597
0.735726
0.735726
0.316692
0.635244
0.940331
0.006637
0.387593
0.793201
0.874110
0.916674
0.848789
0.382926
0.483494
0.357661
0.672823
0.401971
0.640981
0.470257
0.079397
0.951979
0.735726
0.382926
0.935597
0.132684
0.940331
0.124654
0.394742
0.690166
0.527033
0.483494
0.505064
0.922090
0.269851
0.956001
0.704484
0.958545
0.284858
0.067775
0.884948
0.735726
0.758020
0.275424
0.368979
0.635244
0.394742
0.658394
0.141156
0.667094
0.414138
0.566341
0.612135
0.779856
0.364456
0.449423
0.037099
0.626544
0.368979
0.491556
0.816691
0.841556
0.269851
0.891273
0.250182
0.104694
0.194957
0.346575
0.635244
0.513281
0.449423
0.024158
0.166886
0.194957
0.007739
0.594827
0.735726
0.795913
0.275424
0.580543
0.475494
0.901408
0.704484
0.635244
0.203680
0.491556
0.505064
0.821730
0.779856
0.841556
0.801128
0.513281
0.571972
0.821730
0.884948
0.061772
0.457201
0.505064
0.958545
0.848789
0.690166
0.173237
0.441715
0.011974
0.603471
0.848789
0.535389
0.589144
0.635244
0.513281
0.749684
0.718717
0.454542
0.643949
0.951979
0.991213
0.344325
0.279144
0.566341
0.681504
0.364456
0.401971
0.038764
0.010595
0.103042
0.499678
0.727244
0.082732
0.658394
0.713075
0.119859
0.218844
0.273514
0.483494
0.874110
0.429087
0.779856
0.496903
0.860501
0.340005
0.245003
0.947760
0.255445
0.867378
0.264363
0.269851
0.269851
0.821730
0.300471
0.594827
0.986757
0.521553
0.971109
0.117048
0.153566
0.557828
0.340005
0.441715
0.695863
0.667094
0.322949
0.978604
0.505064
0.173237
0.922090
0.215763
0.284858
0.884948
0.901408
0.787927
0.626544
0.907293
0.658394
0.127623
0.940331
0.771705
0.002808
0.075538
0.382926
0.690166
0.620815
0.046970
0.322949
0.821730
0.735726
0.808960
0.901408
0.483494
0.005523
0.543791
0.344325
0.580543
0.491556
0.016595
0.070668
0.766291
0.107244
0.333520
0.340005
0.306500
0.394742
0.821730
0.749684
0.589144
0.223587
0.704484
0.144460
0.891273
0.150086
0.344325
0.061772
0.901408
0.971109
0.649688
0.597771
0.364456
0.571972
0.758020
0.704484
0.749684
0.594827
0.978604
0.808960
0.626544
0.153566
0.006144
0.203680
0.951979
0.300471
0.371333
0.223587
0.414138
0.306500
0.749684
0.721628
0.681504
0.867378
0.821730
0.032771
0.061772
0.735726
0.166886
0.727244
0.635244
0.951979
0.421575
0.690166
0.491556
0.821730
0.821730
0.183833
0.884948
0.394742
0.779856
0.029186
0.841556
0.681504
0.940331
0.012907
0.073672
0.241635
0.836720
0.690166
0.649688
0.667094
0.916674
0.008436
0.940331
0.294528
0.350951
0.401971
0.441715
0.015409
0.779856
0.220452
0.986757
0.132684
0.264363
0.346575
0.566341
0.394742
0.394742
0.037099
0.557828
0.255445
0.241635
0.039801
0.173237
0.589144
0.735726
0.211153
0.713075
0.203680
0.735726
0.766291
0.907293
0.891273
0.549354
0.454542
0.121744
0.527033
0.371333
0.635244
0.571972
0.382926
0.429087
0.518727
0.382926
0.003099
0.082732
0.913005
0.721628
0.984769
0.758020
0.119859
0.033071
0.015845
0.139014
0.153566
0.971109
0.940331
0.907293
0.434080
0.713075
0.475494
0.382926
0.749684
0.057717
0.075538
0.978604
0.056256
0.971109
0.057717
0.364456
0.231634
0.333520
0.735726
0.704484
0.978604
0.505064
0.340005
0.003559
0.027652
0.626544
0.329292
0.114294
0.031348
0.340005
0.294528
0.255445
0.779856
0.626544
0.053907
0.245003
0.316692
0.112510
0.727244
0.658394
0.045761
0.006963
0.612135
0.157114
0.930673
0.067775
0.357661
0.250182
0.841556
0.040864
0.922090
0.496903
0.897436
0.801128
0.991213
0.241635
0.454542
0.279144
0.333520
0.758020
0.146673
0.387593
0.962240
0.144460
0.821730
0.187953
0.527033
0.821730
0.821730
0.589144
0.549354
0.557828
0.088340
0.306500
0.758020
0.922090
0.255445
0.505064
0.255445
0.690166
0.801128
