0.294528
0.491556
0.922090
0.005418
0.015409
0.478214
0.063362
0.260793
0.566341
0.467559
0.808960
0.867378
0.012317
0.801128
0.635244
0.147829
0.801128
0.505064
0.401971
0.132684
0.758020
0.513281
0.020320
0.153566
0.340005
0.735726
0.203680
0.012548
0.350951
0.333520
0.658394
0.658394
0.462365
0.848789
0.566341
0.203680
0.994555
0.015409
0.223587
0.141156
0.215763
0.981075
0.695863
0.368979
0.779856
0.267971
0.735726
0.127623
0.166886
0.626544
0.594827
0.513281
0.255445
0.491556
0.059212
0.916674
0.681504
0.787927
0.111596
0.333520
0.867378
0.978604
0.329292
0.401971
0.505064
0.290658
0.695863
0.390021
0.766291
0.053907
0.181158
0.549354
0.744157
0.434080
0.019768
0.749684
0.357661
0.429087
0.907293
0.907293
0.690166
0.483494
0.855893
0.022875
0.364456
0.127623
0.281082
0.004728
0.064990
0.698805
0.340005
0.394742
0.916674
0.340005
0.744157
0.978604
0.749684
0.884948
0.867378
0.947760
0.231634
0.758020
0.088340
0.766291
0.749684
0.795913
0.620815
0.727244
0.294528
0.258960
0.253642
0.603471
0.209600
0.549354
0.681504
0.874110
0.821730
0.382926
0.382926
0.357661
0.540922
0.649688
0.974087
0.153566
0.441715
0.316692
0.690166
0.713075
0.421575
0.543791
0.612135
0.922090
0.580543
0.867378
0.635244
0.143326
0.390021
0.758020
0.441715
0.333520
0.187953
0.187953
0.181158
0.063362
0.994555
0.350951
0.907293
0.387593
0.255445
0.658394
0.566341
0.535389
0.549354
0.199280
0.612135
0.187953
0.457201
0.327120
0.449423
0.340005
0.327120
0.947760
0.181158
0.612135
0.907293
0.821730
0.589144
0.962240
0.382926
0.322949
0.603471
0.310521
0.758020
0.187953
0.901408
0.649688
0.409279
0.003559
0.727244
0.322949
0.063362
0.470257
0.801128
0.434080
0.535389
0.612135
0.649688
0.922090
0.643949
0.841556
0.927324
0.521553
0.000899
0.867378
0.260793
0.483494
0.147829
0.643949
0.505064
0.758020
0.612135
0.333520
0.690166
0.603471
0.580543
0.211153
0.470257
0.951979
0.084803
0.513281
0.612135
0.269851
0.132684
0.090535
0.626544
0.860501
0.758020
0.255445
0.829282
0.603471
0.022258
0.907293
0.744157
0.255445
0.935597
0.357661
0.470257
0.735726
0.144460
0.947760
0.457201
0.727244
0.014305
0.940331
0.901408
0.771705
0.603471
0.779856
0.236593
0.483494
0.306500
0.951979
0.566341
0.667094
0.279144
0.231634
0.836720
0.704484
0.658394
0.649688
0.008847
0.316692
0.260793
0.793201
0.357661
0.907293
0.907293
0.441715
0.867378
0.626544
0.496903
0.713075
0.874110
0.394742
0.394742
0.649688
0.340005
0.269851
0.250182
0.173237
0.848789
0.364456
0.462365
0.603471
0.626544
0.681504
0.795913
0.617854
0.557828
0.139014
0.150086
0.735726
0.727244
0.505064
0.986757
0.867378
0.884948
0.836720
0.513281
0.147829
0.766291
0.690166
0.841556
0.194957
0.491556
0.105557
0.535389
0.727244
0.965738
0.491556
0.884948
0.521553
0.766291
0.001588
0.414138
0.269851
0.787927
0.603471
0.014305
0.264363
0.049040
0.401971
0.053907
0.491556
0.147829
0.002567
0.695863
0.855893
0.571972
0.907293
0.187953
0.793201
0.021268
0.316692
0.300471
0.848789
0.322949
0.951979
0.513281
0.626544
0.264363
0.808960
0.215763
0.867378
0.793201
0.612135
0.414138
0.626544
0.891273
0.144460
0.346575
0.816691
0.727244
0.147829
0.153566
0.401971
0.290658
0.999575
0.727244
0.491556
0.535389
0.821730
0.867378
0.518727
0.884948
0.346575
0.635244
0.829282
0.749684
0.971109
0.884948
0.658394
0.322949
0.153566
0.535389
0.401971
0.704484
0.771705
0.589144
0.681504
0.962240
0.690166
0.491556
0.580543
0.441715
0.044581
0.971109
0.695863
0.935597
0.132684
0.429087
0.891273
0.449423
0.095811
0.658394
0.279144
0.978604
0.382926
0.362130
0.364456
0.721628
0.991213
0.713075
0.727244
0.364456
0.491556
0.557828
0.130653
0.816691
0.246759
0.300471
0.848789
0.310521
0.986757
0.996919
0.612135
0.667094
0.727244
0.874110
0.211153
0.245003
0.241635
0.540922
0.986757
0.958545
0.704484
0.999892
0.962240
0.543791
0.029708
0.279144
0.203680
0.022875
0.441715
0.916674
0.749684
0.901408
0.652656
0.935597
0.913005
0.974087
0.013654
0.978604
0.971109
0.947760
0.166886
0.643949
0.109849
0.241635
0.962240
0.841556
0.170690
0.672823
0.414138
0.704484
0.312615
0.996919
0.122729
0.808960
0.394742
0.449423
0.557828
0.241635
0.094284
0.978604
0.266225
0.690166
0.916674
0.543791
0.695863
0.557828
0.986757
0.035500
0.203680
0.681504
0.867378
0.505064
0.635244
0.821730
0.063362
0.109849
0.132684
0.718717
0.449423
0.153566
0.329292
0.127623
0.294528
0.841556
0.884948
0.962240
0.496903
0.390021
0.362130
0.187953
0.787927
0.290658
0.667094
0.956001
0.535389
0.787927
0.462365
0.991213
0.527033
0.401971
0.250182
0.470257
0.024596
0.801128
0.971109
0.496903
0.017866
0.228410
0.322949
0.290658
0.589144
0.727244
0.513281
0.793201
0.589144
0.727244
0.499678
0.996919
0.329292
0.612135
0.580543
0.074303
0.483494
0.566341
0.913005
0.667094
0.441715
0.241635
0.245003
0.884948
0.713075
0.094284
0.690166
0.612135
0.406779
0.635244
0.718717
0.077446
0.557828
0.357661
0.094284
0.019768
0.521553
0.589144
0.414138
0.080707
0.962240
0.808960
0.382926
0.454542
0.290658
0.841556
0.470257
0.199280
0.491556
0.821730
0.103042
0.626544
0.340005
0.080707
0.096609
0.269851
0.620815
0.557828
0.394742
0.704484
0.749684
0.916674
0.483494
0.028672
0.643949
0.030798
0.635244
0.984769
0.449423
0.681504
0.535389
0.535389
0.626544
0.223587
0.127623
