0.635244
0.079397
0.394742
0.635244
0.758020
0.698805
0.907293
0.874110
0.603471
0.681504
0.150086
0.891273
0.346575
0.787927
0.470257
0.527033
0.793201
0.580543
0.860501
0.681504
0.059212
0.357661
0.401971
0.829282
0.808960
0.513281
0.166886
0.316692
0.994555
0.350951
0.192150
0.735726
0.947760
0.499678
0.454542
0.409279
0.394742
0.922090
0.211153
0.612135
0.821730
0.153566
0.787927
0.052535
0.620815
0.735726
0.434080
0.557828
0.744157
0.779856
0.635244
0.935597
0.779856
0.867378
0.027652
0.401971
0.241635
0.144460
0.580543
0.010298
0.860501
0.735726
0.462365
0.357661
0.470257
0.401971
0.626544
0.801128
0.787927
0.951979
0.496903
0.808960
0.994555
0.139014
0.779856
0.771705
0.749684
0.958545
0.426518
0.006028
0.284858
0.441715
0.290658
0.088340
0.848789
0.117048
0.721628
0.499678
0.690166
0.441715
0.787927
0.449423
0.704484
0.916674
0.001465
0.441715
0.231634
0.620815
0.203680
0.208158
0.891273
0.041952
0.721628
0.350951
0.284858
0.878466
0.698805
0.994555
0.951979
0.064431
0.414138
0.787927
0.626544
0.597771
0.947760
0.766291
0.855893
0.260793
0.009546
0.698805
0.535389
0.478214
0.441715
0.153566
0.958545
0.635244
0.290658
0.766291
0.808960
0.801128
0.421575
0.967937
0.891273
0.771705
0.984769
0.273514
0.971109
0.322949
0.974087
0.758020
0.829282
0.223587
0.658394
0.971109
0.401971
0.690166
0.589144
0.382926
0.454542
0.001774
0.421575
0.557828
0.008597
0.441715
0.294528
0.758020
0.462365
0.027908
0.907293
0.951979
0.589144
0.467559
0.978604
0.041578
0.076183
0.462365
0.518727
0.077446
0.357661
0.690166
0.300471
0.063362
0.505064
0.024596
0.667094
0.901408
0.690166
0.353229
0.951979
0.589144
0.681504
0.635244
0.241635
0.518727
0.117048
0.147829
0.744157
0.000446
0.061772
0.475494
0.006325
0.749684
0.109849
0.727244
0.382926
0.218844
0.035500
0.100580
0.766291
0.566341
0.766291
0.658394
0.129613
0.394742
0.021268
0.527033
0.491556
0.513281
0.566341
0.735726
0.014305
0.483494
0.766291
0.816691
0.103042
0.874110
0.787927
0.012548
0.350951
0.566341
0.000077
0.566341
0.704484
0.478214
0.848789
0.658394
0.735726
0.478214
0.816691
0.000946
0.620815
0.626544
0.965738
0.801128
0.713075
0.589144
0.594827
0.340005
0.103042
0.170690
0.137917
0.721628
0.139014
0.801128
0.084803
0.462365
0.513281
0.779856
0.589144
0.364456
0.304435
0.848789
0.744157
0.940331
0.829282
0.068911
0.421575
0.991213
0.117048
0.505064
0.098170
0.907293
0.991213
0.779856
0.571972
0.462365
0.269851
0.643949
0.340005
0.901408
0.808960
0.223587
0.603471
0.907293
0.364456
0.185229
0.998868
0.672823
0.478214
0.063362
0.758020
0.505064
0.414138
0.667094
0.255445
0.829282
0.612135
0.984769
0.269851
0.580543
0.735726
0.612135
0.907293
0.026438
0.951979
0.535389
0.971109
0.681504
0.513281
0.368979
0.713075
0.947760
0.462365
0.294528
0.329292
0.940331
0.681504
0.046554
0.518727
0.275424
0.166886
0.441715
0.300471
0.829282
0.346575
0.978604
0.375911
0.375911
0.535389
0.612135
0.927324
0.635244
0.958545
0.535389
0.580543
0.808960
0.681504
0.117048
0.316692
0.141156
0.612135
0.635244
0.426518
0.667094
0.505064
0.406779
0.589144
0.766291
0.603471
0.901408
0.867378
0.571972
0.681504
0.735726
0.284858
0.434080
0.206623
0.181158
0.549354
0.597771
0.603471
0.082732
0.122729
0.434080
0.483494
0.681504
0.329292
0.793201
0.999988
0.119859
0.848789
0.187953
0.279144
0.175815
0.962240
0.429087
0.421575
0.357661
0.971109
0.147829
0.187953
0.589144
0.916674
0.163153
0.192150
0.375911
0.617854
0.421575
0.814067
0.589144
0.891273
0.475494
0.867378
0.951979
0.727244
0.667094
0.064990
0.050328
0.626544
0.170690
0.758020
0.421575
0.649688
0.527033
0.658394
0.255445
0.727244
0.978604
0.322949
0.779856
0.199280
0.848789
0.841556
0.901408
0.658394
0.478214
0.535389
0.364456
0.003926
0.462365
0.771705
0.401971
0.390021
0.884948
0.821730
0.449423
0.735726
0.147829
0.821730
0.061772
0.801128
0.891273
0.505064
0.779856
0.470257
0.241635
0.549354
0.028409
0.991213
0.967937
0.215763
0.771705
0.535389
0.327120
0.758020
0.704484
0.382926
0.829282
0.758020
0.808960
0.414138
0.306500
0.030798
0.681504
0.117048
0.527033
0.080707
0.649688
0.549354
0.382926
0.635244
0.306500
0.159490
0.574890
0.557828
0.192150
0.557828
0.228410
0.072465
0.211153
0.672823
0.421575
0.135818
0.749684
0.978604
0.735726
0.940331
0.181158
0.681504
0.617854
0.246759
0.991213
0.269851
0.658394
0.566341
0.801128
0.144460
0.635244
0.808960
0.491556
0.635244
0.681504
0.612135
0.076183
0.233315
0.109849
0.194957
0.549354
0.649688
0.891273
0.907293
0.042685
0.557828
0.978604
0.940331
0.704484
0.046970
0.215763
0.649688
0.681504
0.787927
0.951979
0.947760
0.535389
0.727244
0.038764
0.635244
0.935597
0.454542
0.901408
0.406779
0.535389
0.310521
0.620815
0.801128
0.672823
0.713075
0.322949
0.183833
0.300471
0.758020
0.574890
0.153566
0.727244
0.306500
0.580543
0.855893
0.855893
0.620815
0.779856
0.499678
0.758020
0.088340
0.273514
0.290658
0.483494
0.194957
0.421575
0.922090
0.457201
0.848789
0.382926
0.211153
0.096609
0.787927
0.382926
0.758020
0.930673
0.166886
0.157114
0.580543
0.891273
0.470257
0.288671
0.978604
0.434080
0.316692
0.540922
0.535389
0.580543
0.848789
0.635244
0.535389
0.635244
0.947760
0.962240
0.848789
0.279144
0.744157
0.829282
0.462365
0.589144
0.088340
0.346575
0.015128
0.735726
