0.264363
0.808960
0.187953
0.535389
0.626544
0.491556
0.090535
0.649688
0.549354
0.922090
0.617854
0.829282
0.543791
0.603471
0.060217
0.357661
0.626544
0.470257
0.414138
0.203680
0.007378
0.704484
0.375911
0.032199
0.884948
0.540922
0.617854
0.146673
0.350951
0.496903
0.208158
0.841556
0.333520
0.758020
0.169385
0.002645
0.704484
0.382926
0.721628
0.104694
0.951979
0.179787
0.848789
0.916674
0.821730
0.006637
0.566341
0.414138
0.704484
0.310521
0.649688
0.735726
0.269851
0.264363
0.499678
0.084803
0.401971
0.884948
0.163153
0.997586
0.801128
0.375911
0.758020
0.698805
0.127623
0.649688
0.801128
0.897436
0.429087
0.787927
0.667094
0.922090
0.597771
0.014305
0.173237
0.306500
0.779856
0.891273
0.535389
0.491556
0.350951
0.836720
0.132684
0.713075
0.255445
0.329292
0.153566
0.294528
0.951979
0.922090
0.771705
0.037099
0.922090
0.891273
0.971109
0.368979
0.552238
0.124654
0.096609
0.139014
0.580543
0.836720
0.535389
0.264363
0.109849
0.626544
0.527033
0.658394
0.801128
0.357661
0.255445
0.935597
0.667094
0.070668
0.022875
0.816691
0.927324
0.166886
0.163153
0.557828
0.013654
0.727244
0.681504
0.681504
0.135818
0.470257
0.053907
0.203680
0.483494
0.406779
0.718717
0.681504
0.077446
0.617854
0.414138
0.454542
0.063362
0.414138
0.042685
0.535389
0.589144
0.421575
0.779856
0.589144
0.867378
0.250182
0.132684
0.364456
0.735726
0.177160
0.947760
0.713075
0.031348
0.003559
0.658394
0.333520
0.066084
0.475494
0.032199
0.580543
0.044980
0.626544
0.695863
0.867378
0.015695
0.962240
0.401971
0.635244
0.698805
0.735726
0.986757
0.971109
0.032771
0.991213
0.304435
0.535389
0.808960
0.013909
0.681504
0.163153
0.127623
0.004372
0.039801
0.228410
0.441715
0.867378
0.535389
0.421575
0.100580
0.169385
0.036127
0.603471
0.153566
0.951979
0.173237
0.612135
0.375911
0.144460
0.306500
0.991213
0.801128
0.698805
0.406779
0.603471
0.704484
0.521553
0.513281
0.821730
0.350951
0.984769
0.255445
0.549354
0.758020
0.223587
0.557828
0.891273
0.880693
0.098170
0.935597
0.589144
0.801128
0.470257
0.927324
0.246759
0.117048
0.603471
0.223587
0.649688
0.967937
0.183833
0.409279
0.322949
0.940331
0.821730
0.635244
0.884948
0.626544
0.462365
0.470257
0.589144
0.350951
0.626544
0.021268
0.649688
0.549354
0.236593
0.434080
0.848789
0.518727
0.147829
0.340005
0.177160
0.891273
0.061772
0.626544
0.017378
0.350951
0.836720
0.681504
0.801128
0.475494
0.260793
0.635244
0.855893
0.414138
0.258960
0.907293
0.603471
0.927324
0.394742
0.250182
0.294528
0.012317
0.414138
0.513281
0.635244
0.635244
0.300471
0.284858
0.735726
0.294528
0.787927
0.594827
0.284858
0.449423
0.667094
0.275424
0.672823
0.223587
0.034568
0.795913
0.718717
0.258960
0.094284
0.916674
0.571972
0.527033
0.981075
0.557828
0.067775
0.649688
0.023508
0.203680
0.513281
0.574890
0.996919
0.808960
0.557828
0.612135
0.867378
0.250182
0.704484
0.951979
0.667094
0.350951
0.098170
0.382926
0.713075
0.483494
0.505064
0.414138
0.434080
0.672823
0.462365
0.144460
0.241635
0.141156
0.749684
0.787927
0.962240
0.793201
0.005418
0.930673
0.735726
0.860501
0.505064
0.223587
0.557828
0.735726
0.401971
0.269851
0.467559
0.635244
0.874110
0.327120
0.681504
0.947760
0.718717
0.462365
0.735726
0.284858
0.364456
0.061772
0.940331
0.340005
0.543791
0.958545
0.103042
0.518727
0.801128
0.672823
0.173237
0.214182
0.566341
0.867378
0.105557
0.580543
0.169385
0.549354
0.290658
0.306500
0.947760
0.300471
0.667094
0.346575
0.557828
0.364456
0.462365
0.626544
0.095811
0.907293
0.962240
0.557828
0.787927
0.491556
0.672823
0.771705
0.144460
0.535389
0.891273
0.108955
0.312615
0.406779
0.801128
0.749684
0.836720
0.867378
0.549354
0.322949
0.808960
0.672823
0.316692
0.557828
0.066084
0.483494
0.527033
0.218844
0.194957
0.549354
0.626544
0.211153
0.727244
0.891273
0.340005
0.119859
0.855893
0.401971
0.901408
0.779856
0.996919
0.867378
0.046970
0.406779
0.535389
0.829282
0.690166
0.029982
0.690166
0.951979
0.236593
0.012317
0.829282
0.218844
0.135818
0.787927
0.962240
0.147829
0.112510
0.350951
0.429087
0.008197
0.580543
0.758020
0.658394
0.414138
0.704484
0.434080
0.549354
0.491556
0.166886
0.681504
0.535389
0.658394
0.771705
0.698805
0.597771
0.571972
0.927324
0.681504
0.105557
0.329292
0.649688
0.940331
0.658394
0.163153
0.718717
0.907293
0.713075
0.203680
0.335721
0.470257
0.907293
0.727244
0.771705
0.322949
0.505064
0.951979
0.241635
0.375911
0.119859
0.346575
0.077446
0.958545
0.978604
0.499678
0.169385
0.275424
0.470257
0.429087
0.557828
0.922090
0.816691
0.557828
0.421575
0.446787
0.153566
0.329292
0.735726
0.001721
0.346575
0.922090
0.704484
0.940331
0.829282
0.589144
0.322949
0.713075
0.103042
0.543791
0.032199
0.058699
0.223587
0.922090
0.016595
0.144460
0.566341
0.096609
0.421575
0.658394
0.821730
0.421575
0.333520
0.470257
0.907293
0.357661
0.399498
0.434080
0.090535
0.505064
0.306500
0.206623
0.612135
0.998868
0.119859
0.779856
0.340005
0.774492
0.681504
0.421575
0.690166
0.658394
0.612135
0.033659
0.406779
0.505064
0.675784
0.758020
0.064431
0.620815
0.821730
0.187953
0.340005
0.557828
0.491556
0.401971
0.626544
0.867378
0.144460
0.449423
0.620815
0.279144
0.947760
0.434080
0.808960
0.643949
0.001208
0.744157
0.594827
0.643949
0.672823
0.907293
0.690166
0.114294
0.779856
0.064431
0.884948
