0.027164
0.557828
0.467559
0.821730
0.357661
0.841556
0.841556
0.139014
0.290658
0.406779
0.394742
0.935597
0.543791
0.449423
0.704484
0.340005
0.721628
0.043818
0.930673
0.535389
0.316692
0.947760
0.580543
0.649688
0.457201
0.449423
0.269851
0.382926
0.192150
0.382926
0.658394
0.848789
0.667094
0.187953
0.891273
0.922090
0.951979
0.667094
0.470257
0.103042
0.387593
0.434080
0.808960
0.008847
0.011974
0.667094
0.996919
0.620815
0.499678
0.441715
0.250182
0.901408
0.589144
0.681504
0.935597
0.667094
0.922090
0.290658
0.000590
0.150086
0.454542
0.841556
0.269851
0.056256
0.513281
0.749684
0.527033
0.779856
0.231634
0.667094
0.003008
0.153566
0.375911
0.527033
0.357661
0.543791
0.340005
0.441715
0.971109
0.841556
0.907293
0.704484
0.571972
0.635244
0.974087
0.382926
0.580543
0.690166
0.986757
0.527033
0.322949
0.821730
0.821730
0.478214
0.867378
0.029186
0.173237
0.566341
0.557828
0.483494
0.571972
0.421575
0.092778
0.626544
0.462365
0.922090
0.779856
0.690166
0.181158
0.183833
0.891273
0.841556
0.470257
0.829282
0.735726
0.713075
0.194957
0.535389
0.801128
0.080707
0.173237
0.836720
0.203680
0.127623
0.135818
0.505064
0.951979
0.667094
0.589144
0.658394
0.947760
0.695863
0.681504
0.816691
0.557828
0.357661
0.916674
0.766291
0.735726
0.454542
0.001172
0.470257
0.971109
0.353229
0.848789
0.860501
0.199280
0.901408
0.011106
0.000172
0.589144
0.166886
0.749684
0.075538
0.246759
0.063362
0.187953
0.735726
0.901408
0.981075
0.215763
0.971109
0.170690
0.255445
0.704484
0.984769
0.070668
0.935597
0.940331
0.713075
0.718717
0.069506
0.246759
0.429087
0.704484
0.306500
0.382926
0.535389
0.841556
0.346575
0.594827
0.735726
0.766291
0.535389
0.127623
0.848789
0.421575
0.635244
0.127623
0.640981
0.626544
0.681504
0.643949
0.454542
0.749684
0.421575
0.779856
0.316692
0.429087
0.449423
0.043818
0.829282
0.891273
0.681504
0.727244
0.019768
0.114294
0.801128
0.401971
0.177160
0.617854
0.061772
0.491556
0.214182
0.170690
0.264363
0.891273
0.211153
0.362130
0.290658
0.626544
0.557828
0.620815
0.333520
0.735726
0.787927
0.124654
0.901408
0.947760
0.072465
0.758020
0.695863
0.603471
0.513281
0.855893
0.667094
0.829282
0.241635
0.913005
0.401971
0.000946
0.236593
0.690166
0.557828
0.971109
0.667094
0.612135
0.758020
0.984769
0.704484
0.971109
0.505064
0.255445
0.137917
0.236593
0.304435
0.057717
0.434080
0.766291
0.141156
0.787927
0.483494
0.994555
0.779856
0.667094
0.005162
0.566341
0.695863
0.144460
0.735726
0.197797
0.018368
0.821730
0.109849
0.107244
0.406779
0.994555
0.557828
0.951979
0.766291
0.290658
0.735726
0.037752
0.117048
0.860501
0.808960
0.951979
0.626544
0.269851
0.077446
0.808960
0.766291
0.951979
0.434080
0.986757
0.801128
0.620815
0.787927
0.499678
0.549354
0.848789
0.704484
0.672823
0.505064
0.848789
0.922090
0.808960
0.170690
0.228410
0.681504
0.821730
0.505064
0.132684
0.409279
0.462365
0.658394
0.434080
0.037099
0.211153
0.580543
0.375911
0.059212
0.848789
0.594827
0.801128
0.801128
0.620815
0.284858
0.801128
0.084803
0.935597
0.414138
0.312615
0.119859
0.284858
0.566341
0.441715
0.157114
0.100580
0.513281
0.658394
0.771705
0.571972
0.721628
0.897436
0.535389
0.010009
0.264363
0.132684
0.306500
0.867378
0.141156
0.603471
0.491556
0.290658
0.032771
0.566341
0.505064
0.153566
0.079397
0.109849
0.787927
0.387593
0.603471
0.704484
0.749684
0.643949
0.478214
0.255445
0.329292
0.414138
0.681504
0.744157
0.829282
0.695863
0.061772
0.758020
0.316692
0.387593
0.997586
0.053907
0.735726
0.246759
0.306500
0.499678
0.346575
0.744157
0.340005
0.491556
0.074303
0.649688
0.013276
0.922090
0.322949
0.667094
0.199280
0.758020
0.103042
0.978604
0.574890
0.690166
0.074303
0.848789
0.672823
0.658394
0.718717
0.241635
0.874110
0.749684
0.974087
0.994555
0.409279
0.841556
0.236593
0.549354
0.681504
0.103042
0.884948
0.836720
0.346575
0.821730
0.681504
0.475494
0.269851
0.241635
0.333520
0.513281
0.958545
0.092778
0.891273
0.612135
0.749684
0.001027
0.382926
0.499678
0.215763
0.978604
0.084803
0.036127
0.008436
0.848789
0.603471
0.848789
0.749684
0.667094
0.612135
0.771705
0.518727
0.907293
0.672823
0.927324
0.808960
0.779856
0.173237
0.107244
0.626544
0.163153
0.454542
0.316692
0.620815
0.290658
0.690166
0.350951
0.346575
0.829282
0.935597
0.981075
0.612135
0.177160
0.505064
0.801128
0.771705
0.346575
0.130653
0.441715
0.658394
0.681504
0.758020
0.758020
0.901408
0.821730
0.109849
0.681504
0.231634
0.996919
0.187953
0.023508
0.035500
0.612135
0.394742
0.744157
0.434080
0.250182
0.449423
0.984769
0.829282
0.681504
0.122729
0.965738
0.626544
0.690166
0.429087
0.603471
0.749684
0.713075
0.612135
0.989675
0.183833
0.462365
0.039801
0.084092
0.557828
0.897436
0.672823
0.071848
0.978604
0.571972
0.340005
0.255445
0.967937
0.971109
0.300471
0.121744
0.635244
0.713075
0.967937
0.735726
0.179787
0.340005
0.387593
0.704484
0.681504
0.300471
0.483494
0.414138
0.874110
0.173237
0.231634
0.387593
0.758020
0.727244
0.940331
0.617854
0.421575
0.901408
0.013909
0.312615
0.475494
0.088340
0.368979
0.999575
0.793201
0.183833
0.571972
0.513281
0.246759
0.779856
0.241635
0.375911
0.357661
0.727244
0.421575
0.829282
0.406779
0.269851
0.018706
0.766291
0.014305
0.658394
0.173237
0.215763
0.829282
0.958545
0.612135
0.082732
0.119859
