0.434080
0.557828
0.527033
0.801128
0.072465
0.978604
0.329292
0.884948
0.399498
0.907293
0.958545
0.066084
0.429087
0.208158
0.521553
0.848789
0.713075
0.612135
0.394742
0.275424
0.144460
0.146673
0.829282
0.766291
0.223587
0.667094
0.000191
0.922090
0.626544
0.194957
0.255445
0.454542
0.535389
0.322949
0.907293
0.557828
0.690166
0.927324
0.030798
0.801128
0.566341
0.713075
0.518727
0.166886
0.867378
0.836720
0.025970
0.183833
0.499678
0.033659
0.353229
0.891273
0.135818
0.269851
0.927324
0.640981
0.409279
0.940331
0.626544
0.996919
0.077446
0.491556
0.779856
0.901408
0.382926
0.571972
0.580543
0.267971
0.260793
0.279144
0.721628
0.025274
0.698805
0.535389
0.003039
0.901408
0.475494
0.935597
0.566341
0.557828
0.223587
0.535389
0.098985
0.808960
0.483494
0.874110
0.874110
0.801128
0.449423
0.758020
0.483494
0.766291
0.874110
0.951979
0.981075
0.375911
0.173237
0.766291
0.727244
0.333520
0.940331
0.429087
0.290658
0.042685
0.022258
0.962240
0.543791
0.597771
0.704484
0.124654
0.096609
0.841556
0.007739
0.867378
0.223587
0.499678
0.333520
0.574890
0.173237
0.580543
0.603471
0.897436
0.962240
0.483494
0.635244
0.115226
0.848789
0.735726
0.713075
0.841556
0.867378
0.766291
0.496903
0.690166
0.170690
0.998868
0.269851
0.368979
0.649688
0.051194
0.250182
0.549354
0.077446
0.163153
0.215763
0.245003
0.022258
0.103042
0.406779
0.907293
0.816691
0.626544
0.029982
0.779856
0.040864
0.771705
0.368979
0.264363
0.635244
0.052535
0.891273
0.382926
0.390021
0.421575
0.426518
0.749684
0.874110
0.867378
0.735726
0.470257
0.150086
0.891273
0.105557
0.478214
0.022466
0.535389
0.771705
0.727244
0.505064
0.907293
0.771705
0.704484
0.690166
0.441715
0.236593
0.505064
0.527033
0.320806
0.821730
0.202171
0.635244
0.962240
0.841556
0.927324
0.183833
0.434080
0.382926
0.884948
0.935597
0.535389
0.005262
0.848789
0.429087
0.617854
0.241635
0.187953
0.681504
0.053435
0.096609
0.250182
0.491556
0.025274
0.245003
0.350951
0.194957
0.603471
0.535389
0.626544
0.713075
0.971109
0.008597
0.848789
0.779856
0.860501
0.000899
0.727244
0.874110
0.836720
0.535389
0.981075
0.340005
0.930673
0.505064
0.127623
0.187953
0.003738
0.749684
0.793201
0.821730
0.727244
0.758020
0.346575
0.540922
0.394742
0.429087
0.713075
0.163153
0.874110
0.025274
0.357661
0.414138
0.907293
0.518727
0.505064
0.260793
0.491556
0.429087
0.996919
0.067775
0.483494
0.159490
0.215763
0.312615
0.112510
0.067775
0.821730
0.284858
0.462365
0.333520
0.951979
0.320806
0.264363
0.658394
0.758020
0.024596
0.874110
0.681504
0.749684
0.017063
0.454542
0.179787
0.206623
0.009822
0.612135
0.860501
0.535389
0.535389
0.821730
0.947760
0.867378
0.092778
0.907293
0.841556
0.260793
0.306500
0.429087
0.612135
0.535389
0.215763
0.735726
0.241635
0.766291
0.306500
0.749684
0.690166
0.901408
0.557828
0.409279
0.449423
0.848789
0.829282
0.045761
0.749684
0.505064
0.626544
0.779856
0.421575
0.211153
0.069506
0.984769
0.758020
0.335721
0.744157
0.117048
0.046970
0.322949
0.808960
0.971109
0.855893
0.704484
0.096609
0.962240
0.971109
0.994555
0.672823
0.681504
0.947760
0.758020
0.907293
0.626544
0.958545
0.364456
0.543791
0.357661
0.098170
0.758020
0.197797
0.704484
0.483494
0.194957
0.667094
0.312615
0.848789
0.795913
0.102197
0.571972
0.329292
0.434080
0.681504
0.721628
0.127623
0.527033
0.255445
0.874110
0.294528
0.375911
0.681504
0.901408
0.074303
0.779856
0.690166
0.927324
0.000718
0.681504
0.991213
0.907293
0.074303
0.779856
0.891273
0.690166
0.068911
0.255445
0.855893
0.829282
0.346575
0.874110
0.891273
0.203680
0.713075
0.329292
0.107244
0.215763
0.031348
0.051194
0.284858
0.513281
0.681504
0.940331
0.836720
0.401971
0.146673
0.103042
0.284858
0.580543
0.713075
0.098170
0.483494
0.580543
0.766291
0.643949
0.088340
0.159490
0.597771
0.962240
0.779856
0.749684
0.478214
0.382926
0.340005
0.927324
0.077446
0.005262
0.580543
0.454542
0.211153
0.779856
0.310521
0.749684
0.779856
0.574890
0.527033
0.470257
0.394742
0.414138
0.749684
0.214182
0.294528
0.603471
0.294528
0.603471
0.505064
0.951979
0.462365
0.130653
0.727244
0.375911
0.449423
0.874110
0.406779
0.935597
0.848789
0.771705
0.194957
0.841556
0.901408
0.801128
0.891273
0.144460
0.681504
0.681504
0.470257
0.119859
0.061772
0.275424
0.935597
0.690166
0.907293
0.441715
0.496903
0.721628
0.597771
0.169385
0.880693
0.132684
0.771705
0.589144
0.841556
0.255445
0.940331
0.808960
0.255445
0.228410
0.019230
0.922090
0.557828
0.223587
0.316692
0.713075
0.549354
0.984769
0.190711
0.597771
0.206623
0.951979
0.589144
0.462365
0.037099
0.350951
0.766291
0.801128
0.064431
0.042685
0.884948
0.620815
0.241635
0.045761
0.296545
0.718717
0.672823
0.571972
0.333520
0.449423
0.603471
0.132684
0.594827
0.681504
0.626544
0.681504
0.329292
0.173237
0.147829
0.236593
0.635244
0.549354
0.535389
0.132684
0.003523
0.749684
0.713075
0.891273
0.441715
0.387593
0.371333
0.787927
0.429087
0.603471
0.681504
0.557828
0.589144
0.574890
0.457201
0.329292
0.199280
0.951979
0.978604
0.052535
0.199280
0.429087
0.050328
0.000234
0.470257
0.387593
0.922090
0.808960
0.241635
0.264363
0.855893
0.518727
0.580543
0.146673
0.566341
0.316692
0.704484
0.160731
0.187953
0.491556
0.387593
0.434080
0.357661
0.981075
0.713075
0.017866
0.253642
0.962240
0.357661
0.566341
