0.949536
0.441306
0.066920
0.499514
0.374306
0.159044
0.159044
0.374306
0.439868
0.159044
0.441306
0.499514
0.713852
0.157494
0.212245
0.949536
0.439868
0.648387
0.713852
0.330688
0.153190
0.587007
0.587007
0.648387
0.713852
0.439868
0.713852
0.949536
0.157494
0.499514
0.862457
0.441306
0.374306
0.203766
0.587007
0.039717
0.862457
0.949536
0.648387
0.439868
0.713852
0.039717
0.949536
0.374306
0.499514
0.439868
0.374306
0.374306
0.066920
0.157494
0.374306
0.587007
0.330688
0.374306
0.587007
0.949536
0.862457
0.037210
0.157494
0.125969
0.374306
0.648387
0.330688
0.159044
0.374306
0.159044
0.499514
0.374306
0.374306
0.159044
0.441306
0.862457
0.499514
0.159044
0.499514
0.648387
0.439868
0.374306
0.037210
0.014014
0.862457
0.159044
0.159044
0.125969
0.039717
0.330688
0.439868
0.441306
0.022669
0.499514
0.441306
0.159044
0.499514
0.374306
0.949536
0.203766
0.949536
0.949536
0.330688
0.439868
0.439868
0.020590
0.374306
0.499514
0.862457
0.439868
0.203766
0.949536
0.159044
0.374306
0.713852
0.374306
0.374306
0.159044
0.587007
0.015229
0.094702
0.157494
0.713852
0.949536
0.862457
0.159044
0.648387
0.499514
0.499514
0.374306
0.648387
0.439868
0.949536
0.499514
0.648387
0.212245
0.587007
0.159044
0.157494
0.648387
0.499514
0.862457
0.157494
0.441306
0.862457
0.862457
0.862457
0.949536
0.949536
0.862457
0.949536
0.499514
0.499514
0.648387
0.153190
0.499514
0.499514
0.374306
0.153190
0.159044
0.499514
0.441306
0.587007
0.330688
0.439868
0.862457
0.713852
0.159044
0.157494
0.713852
0.499514
0.157494
0.212245
0.374306
0.862457
0.374306
0.862457
0.648387
0.862457
0.587007
0.499514
0.010501
0.713852
0.949536
0.713852
0.094702
0.862457
0.949536
0.441306
0.949536
0.212245
0.949536
0.587007
0.374306
0.037210
0.441306
0.212245
0.587007
0.439868
0.862457
0.499514
0.499514
0.499514
0.157494
0.949536
0.374306
0.713852
0.499514
0.949536
0.374306
0.374306
0.949536
0.949536
0.374306
0.499514
0.157494
0.648387
0.713852
0.499514
0.439868
0.949536
0.587007
0.212245
0.441306
0.203766
0.648387
0.441306
0.439868
0.014014
0.648387
0.648387
0.212245
0.374306
0.374306
0.374306
0.439868
0.648387
0.862457
0.587007
0.949536
0.212245
0.157494
0.862457
0.330688
0.862457
0.949536
0.157494
0.499514
0.713852
0.157494
0.441306
0.949536
0.499514
0.862457
0.499514
0.022669
0.022669
0.862457
0.330688
0.157494
0.713852
0.153190
0.499514
0.159044
0.949536
0.587007
0.862457
0.374306
0.648387
0.713852
0.374306
0.713852
0.949536
0.949536
0.713852
0.374306
0.374306
0.949536
0.713852
0.713852
0.949536
0.499514
0.949536
0.439868
0.648387
0.713852
0.374306
0.374306
0.203766
0.037210
0.648387
0.713852
0.066920
0.203766
0.949536
0.713852
0.862457
0.441306
0.022669
0.212245
0.439868
0.587007
0.374306
0.499514
0.374306
0.648387
0.212245
0.374306
0.949536
0.648387
0.153190
0.439868
0.587007
0.441306
0.648387
0.157494
0.022669
0.039717
0.439868
0.713852
0.157494
0.374306
0.441306
0.374306
0.862457
0.066920
0.330688
0.949536
0.862457
0.203766
0.037210
0.439868
0.066920
0.159044
0.648387
0.862457
0.648387
0.159044
0.587007
0.374306
0.949536
0.648387
0.862457
0.949536
0.949536
0.499514
0.862457
0.020590
0.374306
0.949536
0.949536
0.862457
0.066920
0.713852
0.648387
0.203766
0.439868
0.330688
0.862457
0.441306
0.015229
0.374306
0.949536
0.862457
0.203766
0.441306
0.374306
0.713852
0.949536
0.439868
0.862457
0.066920
0.713852
0.374306
0.439868
0.374306
0.157494
0.648387
0.713852
0.374306
0.862457
0.330688
0.499514
0.862457
0.330688
0.203766
0.862457
0.949536
0.949536
0.499514
0.499514
0.499514
0.949536
0.374306
0.374306
0.862457
0.441306
0.648387
0.330688
0.002098
0.441306
0.949536
0.949536
0.949536
0.203766
0.862457
0.862457
0.374306
0.157494
0.713852
0.330688
0.020590
0.159044
0.203766
0.439868
0.037210
0.713852
0.374306
0.374306
0.949536
0.862457
0.713852
0.439868
0.374306
0.439868
0.648387
0.374306
0.713852
0.374306
0.862457
0.159044
0.949536
0.439868
0.713852
0.374306
0.499514
0.499514
0.374306
0.157494
0.153190
0.157494
0.157494
0.157494
0.153190
0.648387
0.587007
0.862457
0.066920
0.374306
0.374306
0.212245
0.499514
0.374306
0.862457
0.587007
0.203766
0.648387
0.374306
0.713852
0.039717
0.713852
0.949536
0.713852
0.157494
0.949536
0.949536
0.862457
0.212245
0.094702
0.157494
0.949536
0.499514
0.862457
0.713852
0.004347
0.374306
0.862457
0.212245
0.862457
0.648387
0.499514
0.587007
0.499514
0.862457
0.862457
0.212245
0.159044
0.949536
0.374306
0.037210
0.499514
0.374306
0.648387
0.648387
0.157494
0.648387
0.374306
0.587007
0.374306
0.157494
0.648387
0.374306
0.713852
0.862457
0.499514
0.862457
0.203766
0.159044
0.374306
0.439868
0.648387
0.499514
0.374306
0.648387
0.066920
0.066920
0.949536
0.862457
0.330688
0.713852
0.000368
0.862457
0.441306
0.374306
0.066920
0.330688
0.157494
0.125969
0.439868
0.157494
0.004936
0.015229
0.157494
0.374306
0.648387
0.949536
0.862457
0.862457
0.648387
0.648387
0.374306
0.374306
0.125969
0.499514
0.020590
0.862457
0.587007
0.203766
0.374306
0.862457
0.949536
0.066920
0.648387
0.713852
0.439868
0.159044
0.374306
0.862457
0.159044
0.949536
0.441306
0.862457
0.439868
0.499514
0.330688
0.648387
0.159044
0.094702
0.157494
0.157494
0.648387
0.374306
0.949536
0.441306
0.949536
0.374306
0.862457
0.499514
0.587007
0.648387
