0.624588
0.097173
0.609180
0.072200
0.951974
0.193786
0.278239
0.730993
0.421478
0.096201
0.723449
0.479477
0.652329
0.797932
0.509209
0.117272
0.078861
0.450079
0.520831
0.834528
0.578669
0.453279
0.092375
0.632970
0.318529
0.121480
0.839618
0.610771
0.993049
0.178455
0.873533
0.344672
0.850271
0.178609
0.066161
0.179898
0.630670
0.598975
0.791837
0.795090
0.772304
0.596606
0.713490
0.400593
0.852214
0.962566
0.122369
0.487206
0.826953
0.872636
0.990101
0.261789
0.167673
0.402567
0.484554
0.389738
0.206896
0.562921
0.337134
0.843010
0.124333
0.047837
0.017698
0.656527
0.610817
0.254291
0.441852
0.122590
0.467931
0.519103
0.894865
0.301629
0.211312
0.299919
0.568336
0.896503
0.688978
0.349017
0.394744
0.471786
0.218829
0.816969
0.716883
0.645288
0.111680
0.075284
0.919404
0.236327
0.533254
0.882654
0.123103
0.577819
0.311186
0.077440
0.872316
0.669769
0.560678
0.397110
0.253386
0.259628
0.292712
0.626868
0.931927
0.136724
0.628576
0.700523
0.551768
0.544684
0.332195
0.658331
0.991215
0.377796
0.682536
0.199176
0.924960
0.860359
0.156386
0.002334
0.881591
0.063837
0.996274
0.700522
0.694411
0.341085
0.022530
0.225128
0.183813
0.049885
0.545319
0.516217
0.606658
0.048889
0.499412
0.111276
0.924170
0.237252
0.892715
0.558616
0.868373
0.600556
0.444040
0.173406
0.152759
0.192010
0.754867
0.279727
0.271376
0.894352
0.059574
0.055314
0.902761
0.464153
0.736099
0.168570
0.772056
0.051603
0.596854
0.170729
0.658842
0.005719
0.339986
0.640056
0.810851
0.455569
0.264363
0.094936
0.005018
0.299910
0.267695
0.464005
0.086900
0.306842
0.373953
0.727006
0.621914
0.508503
0.236761
0.954337
0.443918
0.189120
0.758422
0.749140
0.655644
0.265737
0.420320
0.448190
0.925115
0.242606
0.899262
0.430651
0.459474
0.116240
0.659532
0.889731
0.762242
0.904236
0.429142
0.403011
0.138625
0.443440
0.370458
0.305643
0.513278
0.323195
0.642614
0.746018
0.852907
0.509974
0.635428
0.176886
0.092186
0.276119
0.031929
0.768220
0.099830
0.337386
0.684417
0.932131
0.542067
0.210472
0.996192
0.446949
0.687420
0.406748
0.341860
0.248898
0.459206
0.158368
0.483312
0.054172
0.726140
0.226850
0.776140
0.239136
0.030978
0.633487
0.903154
0.914872
0.342981
0.832256
0.005251
0.930595
0.246472
0.350536
0.165514
0.889124
0.823910
0.025629
0.009564
0.539199
0.468013
0.313074
0.072738
0.927392
0.008472
0.841081
0.817387
0.570750
0.101626
0.965499
0.350856
0.286230
0.787975
0.643618
0.764368
0.513908
0.519367
0.064629
0.831817
0.570617
0.503971
0.289591
0.026796
0.728966
0.096109
0.282511
0.198467
0.226703
0.624523
0.811134
0.686204
0.328560
0.773760
0.648369
0.757738
0.527784
0.909661
0.386116
0.872803
0.650609
0.362157
0.284838
0.018310
0.662725
0.399245
0.986510
0.774775
0.547811
0.584923
0.568568
0.543379
0.786043
0.697337
0.951425
0.602831
0.574250
0.418125
0.208628
0.126767
0.738776
0.619114
0.448739
0.398197
0.666907
0.657968
0.976184
0.686439
0.007848
0.528979
0.924433
0.251541
0.905521
0.469176
0.767468
0.422663
0.317250
0.550069
0.927275
0.829289
0.582016
0.844914
0.349486
0.732195
0.502042
0.121932
0.138248
0.467327
0.011501
0.231107
0.143156
0.108824
0.428801
0.893919
0.703758
0.945219
0.275647
0.682365
0.571010
0.367578
0.732171
0.744100
0.458587
0.353341
0.800274
0.267442
0.204776
0.488647
0.274987
0.087279
0.724540
0.037960
0.047467
0.533165
0.040503
0.086790
0.384126
0.022854
0.366955
0.234160
0.080700
0.097944
0.301724
0.585686
0.150467
0.337337
0.114254
0.987907
0.037384
0.517844
0.113050
0.043727
0.744013
0.588874
0.194814
0.834560
0.356325
0.256038
0.264489
0.207488
0.949563
0.191176
0.841060
0.180557
0.921866
0.506780
0.269149
0.904864
0.124993
0.622235
0.475558
0.538063
0.775146
0.290335
0.523804
0.838598
0.453363
0.663113
0.704734
0.865123
0.745966
0.308001
0.683956
0.869306
0.032345
0.721075
0.200237
0.257735
0.864629
0.585509
0.805422
0.974957
0.772234
0.306693
0.852697
0.647583
0.398041
0.739627
0.493577
0.661620
0.087107
0.538061
0.946566
0.400915
0.757378
0.720287
0.881896
0.724319
0.176680
0.984658
0.831008
0.025056
0.037215
0.831828
0.365906
0.789770
0.040830
0.175236
0.305770
0.028654
0.203863
0.285581
0.803116
0.020205
0.105345
0.386693
0.798139
0.029757
0.155612
0.800913
0.912541
0.905688
0.036693
0.254928
0.204318
0.470959
0.846895
0.928928
0.985237
0.665979
0.321985
0.836958
0.304996
0.310781
0.092860
0.561140
0.302182
0.925717
0.171027
0.696721
0.608808
0.489999
0.817335
0.185007
0.565709
0.024343
0.044296
0.233045
0.011944
0.919404
0.190732
0.969761
0.639165
0.931268
0.723243
0.442906
0.978363
0.630416
0.602245
0.734460
0.884714
0.745008
0.697361
0.459481
0.923258
0.028947
0.836579
0.663023
0.337744
0.513873
0.434499
0.324816
0.871037
0.256286
0.193825
0.271718
0.913442
0.120344
0.191621
0.945187
0.419191
0.740369
0.428069
0.530114
0.444520
0.480374
0.945178
0.124635
0.507635
0.377027
0.082704
0.447573
0.647315
0.245380
0.937815
0.858258
0.830397
0.752763
0.555856
0.948245
0.785229
0.754119
0.955133
0.226162
0.784949
0.558826
0.019063
0.319402
0.569471
0.325737
0.451606
0.993944
0.669546
0.180432
0.742106
0.288307
0.107019
0.581892
0.030479
0.730834
0.732163
0.689529
0.843170
0.308667
0.438224
0.062138
0.801558
0.548637
0.094047
0.712341
0.515910
0.963130
0.570953
0.388850
0.429224
0.000105
0.406299
