0.267971
0.258960
0.399498
0.672823
0.727244
0.062816
0.171915
0.221961
0.475494
0.116102
0.467559
0.518727
0.860501
0.320806
0.152372
0.878466
0.695863
0.467559
0.454542
0.209600
0.344325
0.099752
0.253642
0.426518
0.901408
0.860501
0.394742
0.239907
0.718717
0.958545
0.434080
0.063876
0.362130
0.540922
0.350951
0.250182
0.808960
0.704484
0.518727
0.327120
0.218844
0.540922
0.186540
0.362130
0.841556
0.344325
0.426518
0.549354
0.749684
0.860501
0.779856
0.907293
0.801128
0.704484
0.294528
0.380525
0.978604
0.310521
0.454542
0.695863
0.362130
0.165605
0.860501
0.475494
0.505064
0.116102
0.362130
0.226757
0.793201
0.454542
0.454542
0.801128
0.327120
0.640981
0.380525
0.860501
0.513281
0.426518
0.841556
0.327120
0.571972
0.197797
0.749684
0.344325
0.749684
0.344325
0.540922
0.672823
0.727244
0.357661
0.860501
0.617854
0.594827
0.540922
0.344325
0.310521
0.197797
0.821730
0.446787
0.984769
0.202171
0.258960
0.099752
0.475494
0.426518
0.221961
0.357661
0.766291
0.664129
0.052535
0.617854
0.996919
0.426518
0.640981
0.206623
0.681504
0.454542
0.123655
0.098170
0.540922
0.571972
0.434080
0.226757
0.540922
0.375911
0.727244
0.288671
0.253642
0.518727
0.209600
0.467559
0.549354
0.594827
0.197797
0.884948
0.140045
0.169385
0.362130
0.426518
0.446787
0.362130
0.518727
0.617854
0.275424
0.814067
0.171915
0.344325
0.399498
0.695863
0.399498
0.380525
0.209600
0.594827
0.190711
0.860501
0.446787
0.337784
0.718717
0.518727
0.380525
0.063876
0.540922
0.085471
0.718717
0.617854
0.380525
0.320806
0.496903
0.264363
0.681504
0.829282
0.658394
0.649688
0.672823
0.179787
0.362130
0.667094
0.947760
0.557828
0.626544
0.571972
0.984769
0.594827
0.505064
0.626544
0.446787
0.141156
0.695863
0.527033
0.159490
0.695863
0.779856
0.267971
0.171915
0.749684
0.540922
0.793201
0.253642
0.099752
0.540922
0.267971
0.253642
0.454542
0.253642
0.155897
0.426518
0.344325
0.446787
0.814067
0.467559
0.267971
0.267971
0.239907
0.288671
0.496903
0.304435
0.273514
0.793201
0.549354
0.884948
0.841556
0.787927
0.273514
0.362130
0.106369
0.884948
0.197797
0.426518
0.821730
0.310521
0.350951
0.406779
0.131630
0.793201
0.253642
0.467559
0.801128
0.626544
0.362130
0.035802
0.672823
0.161896
0.380525
0.320806
0.749684
0.771705
0.197797
0.518727
0.076791
0.571972
0.221961
0.106369
0.793201
0.098170
0.793201
0.362130
0.380525
0.518727
0.161896
0.143326
0.190711
0.320806
0.916674
0.253642
0.594827
0.771705
0.446787
0.718717
0.202171
0.704484
0.640981
0.320806
0.475494
0.118894
0.540922
0.039445
0.821730
0.333520
0.264363
0.727244
0.787927
0.672823
0.183833
0.540922
0.214182
0.231634
0.793201
0.434080
0.387593
0.540922
0.571972
0.649688
0.143326
0.462365
0.304435
0.320806
0.617854
0.594827
0.288671
0.672823
0.594827
0.161896
0.779856
0.640981
0.540922
0.884948
0.197797
0.527033
0.704484
0.253642
0.571972
0.793201
0.467559
0.947760
0.327120
0.399498
0.695863
0.878466
0.209600
0.571972
0.344325
0.253642
0.540922
0.594827
0.116102
0.821730
0.667094
0.155897
0.681504
0.801128
0.171915
0.549354
0.190711
0.505064
0.320806
0.867378
0.704484
0.099752
0.860501
0.640981
0.333520
0.916674
0.426518
0.467559
0.801128
0.362130
0.209600
0.649688
0.626544
0.640981
0.771705
0.658394
0.426518
0.344325
0.496903
0.483494
0.426518
0.540922
0.267971
0.571972
0.320806
0.518727
0.771705
0.695863
0.320806
0.123655
0.549354
0.085471
0.362130
0.273514
0.161896
0.209600
0.446787
0.394742
0.617854
0.155897
0.304435
0.304435
0.071848
0.209600
0.540922
0.050745
0.226757
0.267971
0.267971
0.267971
0.165605
0.467559
0.320806
0.399498
0.612135
0.186540
0.140045
0.362130
0.304435
0.771705
0.344325
0.337784
0.446787
0.161896
0.380525
0.344325
0.793201
0.672823
0.264363
0.085471
0.209600
0.771705
0.718717
0.140045
0.362130
0.221961
0.649688
0.221961
0.549354
0.695863
0.467559
0.549354
0.368979
0.368979
0.967937
0.467559
0.197797
0.640981
0.171915
0.226757
0.253642
0.362130
0.327120
0.446787
0.571972
0.258960
0.357661
0.594827
0.563435
0.867378
0.793201
0.518727
0.718717
0.718717
0.891273
0.350951
0.368979
0.594827
0.300471
0.603471
0.779856
0.749684
0.563435
0.399498
0.649688
0.626544
0.426518
0.406779
0.664129
0.137917
0.695863
0.209600
0.387593
0.171915
0.518727
0.557828
0.727244
0.197797
0.245003
0.467559
0.821730
0.344325
0.518727
0.695863
0.793201
0.426518
0.121744
0.617854
0.267971
0.594827
0.540922
0.496903
0.916674
0.304435
0.253642
0.446787
0.258960
0.901408
0.695863
0.226757
0.245003
0.320806
0.253642
0.617854
0.344325
0.649688
0.253642
0.304435
0.793201
0.475494
0.454542
0.749684
0.076791
0.387593
0.518727
0.123655
0.267971
0.406779
0.571972
0.273514
0.793201
0.580543
0.214182
0.050745
0.059696
0.267971
0.496903
0.320806
0.304435
0.505064
0.727244
0.099752
0.380525
0.062816
0.771705
0.253642
0.467559
0.143326
0.380525
0.140045
0.718717
0.475494
0.996919
0.540922
0.310521
0.483494
0.294528
0.695863
0.571972
0.239907
0.132684
0.362130
0.841556
0.190711
0.771705
0.626544
0.362130
0.749684
0.640981
0.399498
0.571972
0.087602
0.771705
0.793201
0.226757
0.239907
0.793201
0.141156
0.617854
0.399498
0.907293
0.454542
0.695863
0.161896
0.649688
0.215763
0.304435
0.387593
0.727244
0.143326
0.362130
0.626544
0.594827
0.070668
0.152372
0.131630
0.320806
0.161896
0.344325
0.406779
