0.801128
0.749684
0.124654
0.779856
0.690166
0.589144
0.357661
0.779856
0.612135
0.038094
0.223587
0.051648
0.971109
0.758020
0.130653
0.978604
0.020886
0.246759
0.848789
0.173237
0.998463
0.549354
0.814067
0.557828
0.496903
0.698805
0.874110
0.013276
0.867378
0.279144
0.056256
0.658394
0.907293
0.527033
0.344325
0.009277
0.589144
0.913005
0.695863
0.390021
0.163153
0.499678
0.333520
0.704484
0.513281
0.135818
0.192150
0.300471
0.329292
0.901408
0.387593
0.513281
0.735726
0.269851
0.704484
0.836720
0.241635
0.801128
0.940331
0.681504
0.986757
0.047782
0.483494
0.449423
0.166886
0.521553
0.000378
0.643949
0.766291
0.958545
0.713075
0.166886
0.421575
0.603471
0.414138
0.667094
0.052535
0.597771
0.713075
0.735726
0.196422
0.449423
0.241635
0.721628
0.130653
0.007378
0.978604
0.429087
0.290658
0.535389
0.223587
0.075538
0.836720
0.981075
0.470257
0.518727
0.206623
0.626544
0.008197
0.848789
0.194957
0.215763
0.603471
0.848789
0.115226
0.749684
0.848789
0.394742
0.135818
0.255445
0.072465
0.215763
0.006832
0.626544
0.329292
0.713075
0.690166
0.744157
0.962240
0.166886
0.521553
0.984769
0.260793
0.199280
0.075538
0.758020
0.123655
0.024596
0.375911
0.284858
0.441715
0.135818
0.927324
0.527033
0.643949
0.667094
0.713075
0.935597
0.151265
0.643949
0.901408
0.635244
0.039801
0.580543
0.735726
0.033071
0.241635
0.206623
0.258960
0.096609
0.312615
0.571972
0.821730
0.735726
0.008847
0.092778
0.922090
0.429087
0.169385
0.612135
0.704484
0.758020
0.603471
0.409279
0.744157
0.037099
0.552238
0.239907
0.758020
0.713075
0.986757
0.035500
0.758020
0.543791
0.462365
0.041578
0.215763
0.183833
0.357661
0.589144
0.667094
0.228410
0.571972
0.821730
0.011425
0.215763
0.681504
0.454542
0.922090
0.874110
0.951979
0.269851
0.880693
0.603471
0.848789
0.974087
0.649688
0.821730
0.394742
0.070668
0.441715
0.580543
0.112510
0.294528
0.275424
0.350951
0.907293
0.940331
0.220452
0.698805
0.103042
0.049040
0.658394
0.032199
0.446787
0.704484
0.566341
0.927324
0.199280
0.215763
0.255445
0.414138
0.441715
0.727244
0.505064
0.758020
0.713075
0.927324
0.275424
0.496903
0.612135
0.880693
0.183833
0.457201
0.294528
0.409279
0.434080
0.496903
0.527033
0.658394
0.552238
0.096609
0.070668
0.597771
0.491556
0.829282
0.139014
0.735726
0.913005
0.935597
0.066084
0.483494
0.130653
0.038094
0.081393
0.255445
0.690166
0.649688
0.150086
0.246759
0.255445
0.100580
0.713075
0.612135
0.848789
0.114294
0.513281
0.649688
0.808960
0.821730
0.046970
0.643949
0.521553
0.103042
0.284858
0.571972
0.901408
0.878466
0.566341
0.483494
0.340005
0.228410
0.603471
0.848789
0.246759
0.617854
0.022875
0.916674
0.462365
0.382926
0.801128
0.580543
0.535389
0.001080
0.236593
0.096609
0.394742
0.626544
0.042685
0.787927
0.698805
0.014711
0.211153
0.236593
0.322949
0.346575
0.011106
0.094284
0.626544
0.557828
0.801128
0.821730
0.382926
0.003926
0.874110
0.190711
0.203680
0.414138
0.132684
0.233315
0.779856
0.130653
0.236593
0.816691
0.867378
0.275424
0.394742
0.024596
0.891273
0.491556
0.147829
0.429087
0.000249
0.409279
0.013276
0.429087
0.211153
0.021268
0.173237
0.236593
0.170690
0.153566
0.357661
0.269851
0.735726
0.667094
0.681504
0.401971
0.643949
0.704484
0.409279
0.829282
0.935597
0.007168
0.681504
0.860501
0.766291
0.829282
0.350951
0.962240
0.322949
0.441715
0.127623
0.513281
0.322949
0.704484
0.203680
0.962240
0.620815
0.475494
0.681504
0.744157
0.658394
0.105557
0.327120
0.635244
0.016595
0.521553
0.727244
0.821730
0.543791
0.580543
0.681504
0.971109
0.779856
0.978604
0.681504
0.758020
0.117048
0.052535
0.681504
0.643949
0.462365
0.429087
0.499678
0.836720
0.434080
0.527033
0.218844
0.658394
0.020320
0.290658
0.658394
0.228410
0.284858
0.077446
0.962240
0.821730
0.981075
0.037099
0.658394
0.735726
0.119859
0.045761
0.022875
0.735726
0.513281
0.907293
0.749684
0.306500
0.316692
0.543791
0.264363
0.269851
0.290658
0.994555
0.340005
0.269851
0.018883
0.170690
0.513281
0.454542
0.735726
0.000411
0.672823
0.635244
0.749684
0.462365
0.580543
0.574890
0.414138
0.382926
0.681504
0.958545
0.981075
0.414138
0.580543
0.787927
0.513281
0.744157
0.483494
0.672823
0.521553
0.940331
0.478214
0.690166
0.059212
0.735726
0.316692
0.284858
0.574890
0.704484
0.414138
0.475494
0.269851
0.241635
0.036127
0.214182
0.779856
0.279144
0.441715
0.513281
0.829282
0.300471
0.713075
0.612135
0.394742
0.829282
0.727244
0.462365
0.139014
0.727244
0.690166
0.434080
0.449423
0.704484
0.003455
0.612135
0.535389
0.635244
0.414138
0.163153
0.306500
0.658394
0.612135
0.513281
0.040864
0.816691
0.884948
0.107244
0.535389
0.290658
0.884948
0.057717
0.350951
0.907293
0.996919
0.589144
0.727244
0.194957
0.353229
0.228410
0.290658
0.449423
0.173237
0.080707
0.848789
0.589144
0.394742
0.935597
0.387593
0.375911
0.681504
0.922090
0.951979
0.380525
0.681504
0.335721
0.441715
0.310521
0.735726
0.667094
0.594827
0.279144
0.387593
0.177160
0.357661
0.421575
0.038764
0.603471
0.758020
0.513281
0.884948
0.329292
0.744157
0.766291
0.322949
0.779856
0.612135
0.187953
0.211153
0.907293
0.414138
0.580543
0.766291
0.779856
0.236593
0.470257
0.566341
0.100580
0.033659
0.787927
0.535389
0.327120
0.557828
0.021268
0.771705
0.566341
0.580543
0.612135
0.166886
0.713075
0.340005
0.848789
0.922090
0.042685
