0.496903
0.467559
0.793201
0.617854
0.580543
0.454542
0.171915
0.202171
0.496903
0.123655
0.727244
0.209600
0.304435
0.221961
0.152372
0.540922
0.171915
0.131630
0.496903
0.362130
0.901408
0.209600
0.288671
0.446787
0.171915
0.310521
0.540922
0.399498
0.860501
0.320806
0.406779
0.426518
0.821730
0.771705
0.446787
0.126604
0.496903
0.496903
0.304435
0.171915
0.571972
0.771705
0.617854
0.085471
0.540922
0.267971
0.085471
0.518727
0.434080
0.695863
0.749684
0.713075
0.901408
0.695863
0.375911
0.695863
0.821730
0.454542
0.350951
0.306500
0.467559
0.518727
0.446787
0.316692
0.406779
0.253642
0.518727
0.779856
0.344325
0.549354
0.658394
0.821730
0.821730
0.594827
0.171915
0.406779
0.350951
0.771705
0.049886
0.143326
0.467559
0.221961
0.779856
0.380525
0.320806
0.304435
0.467559
0.106369
0.695863
0.467559
0.209600
0.337784
0.617854
0.226757
0.387593
0.793201
0.793201
0.226757
0.406779
0.626544
0.505064
0.267971
0.557828
0.226757
0.695863
0.947760
0.380525
0.667094
0.387593
0.095811
0.718717
0.304435
0.549354
0.387593
0.446787
0.434080
0.496903
0.749684
0.387593
0.496903
0.446787
0.727244
0.467559
0.221961
0.594827
0.190711
0.387593
0.454542
0.672823
0.399498
0.102197
0.245003
0.362130
0.603471
0.155897
0.209600
0.134742
0.958545
0.467559
0.704484
0.672823
0.197797
0.273514
0.197797
0.344325
0.288671
0.320806
0.221961
0.518727
0.380525
0.161896
0.161896
0.288671
0.171915
0.171915
0.718717
0.131630
0.518727
0.253642
0.253642
0.518727
0.518727
0.209600
0.106369
0.063876
0.171915
0.518727
0.085471
0.571972
0.304435
0.867378
0.549354
0.626544
0.901408
0.491556
0.434080
0.357661
0.718717
0.672823
0.594827
0.704484
0.496903
0.279144
0.617854
0.913005
0.771705
0.126604
0.394742
0.771705
0.727244
0.310521
0.594827
0.320806
0.362130
0.467559
0.718717
0.617854
0.344325
0.446787
0.041207
0.123655
0.496903
0.320806
0.867378
0.496903
0.171915
0.387593
0.037413
0.916674
0.695863
0.267971
0.540922
0.209600
0.171915
0.518727
0.320806
0.197797
0.505064
0.695863
0.362130
0.426518
0.771705
0.594827
0.380525
0.085471
0.793201
0.603471
0.540922
0.695863
0.801128
0.320806
0.209600
0.218844
0.140045
0.380525
0.540922
0.571972
0.884948
0.594827
0.368979
0.916674
0.197797
0.496903
0.106369
0.718717
0.406779
0.197797
0.085471
0.239907
0.527033
0.171915
0.197797
0.399498
0.186540
0.426518
0.399498
0.617854
0.617854
0.695863
0.304435
0.085471
0.123655
0.226757
0.267971
0.718717
0.672823
0.571972
0.518727
0.518727
0.441715
0.446787
0.617854
0.603471
0.658394
0.821730
0.563435
0.288671
0.695863
0.518727
0.426518
0.186540
0.518727
0.161896
0.718717
0.062816
0.294528
0.426518
0.518727
0.771705
0.496903
0.375911
0.540922
0.617854
0.171915
0.695863
0.935597
0.821730
0.421575
0.214182
0.483494
0.202171
0.626544
0.758020
0.014571
0.594827
0.901408
0.771705
0.475494
0.380525
0.571972
0.540922
0.446787
0.496903
0.496903
0.304435
0.467559
0.749684
0.380525
0.749684
0.406779
0.087602
0.380525
0.475494
0.617854
0.316692
0.426518
0.540922
0.197797
0.617854
0.399498
0.821730
0.294528
0.258960
0.304435
0.209600
0.190711
0.878466
0.617854
0.104694
0.496903
0.821730
0.467559
0.226757
0.171915
0.704484
0.362130
0.131630
0.672823
0.206623
0.179787
0.380525
0.496903
0.563435
0.209600
0.106369
0.434080
0.841556
0.518727
0.446787
0.462365
0.050745
0.426518
0.214182
0.672823
0.304435
0.380525
0.029437
0.171915
0.253642
0.267971
0.380525
0.171915
0.197797
0.186540
0.267971
0.930673
0.594827
0.540922
0.140045
0.253642
0.267971
0.140045
0.320806
0.362130
0.099752
0.221961
0.074897
0.320806
0.267971
0.253642
0.186540
0.320806
0.741289
0.131630
0.718717
0.518727
0.099752
0.074897
0.106369
0.123655
0.221961
0.221961
0.106369
0.197797
0.209600
0.171915
0.540922
0.344325
0.793201
0.304435
0.695863
0.288671
0.467559
0.320806
0.617854
0.106369
0.267971
0.718717
0.467559
0.123655
0.327120
0.143326
0.221961
0.344325
0.179787
0.695863
0.209600
0.540922
0.704484
0.267971
0.362130
0.171915
0.221961
0.571972
0.202171
0.821730
0.344325
0.380525
0.143326
0.771705
0.580543
0.239907
0.171915
0.446787
0.718717
0.140045
0.549354
0.749684
0.916674
0.089781
0.143326
0.304435
0.344325
0.617854
0.294528
0.626544
0.226757
0.085471
0.617854
0.640981
0.406779
0.253642
0.399498
0.467559
0.617854
0.267971
0.048608
0.446787
0.518727
0.540922
0.821730
0.140045
0.320806
0.475494
0.175815
0.518727
0.239907
0.594827
0.267971
0.695863
0.063876
0.362130
0.253642
0.540922
0.540922
0.793201
0.273514
0.446787
0.446787
0.603471
0.294528
0.718717
0.221961
0.304435
0.617854
0.467559
0.496903
0.304435
0.518727
0.704484
0.320806
0.253642
0.186540
0.399498
0.123655
0.267971
0.143326
0.074897
0.718717
0.320806
0.197797
0.467559
0.165605
0.793201
0.563435
0.617854
0.984769
0.116102
0.320806
0.327120
0.245003
0.571972
0.860501
0.085471
0.387593
0.171915
0.617854
0.399498
0.362130
0.143326
0.658394
0.304435
0.116102
0.380525
0.186540
0.106369
0.118894
0.155897
0.518727
0.362130
0.273514
0.935597
0.221961
0.406779
0.082037
0.518727
0.140045
0.123655
0.087602
0.399498
0.304435
0.288671
0.617854
0.446787
0.649688
0.649688
0.580543
0.594827
0.749684
0.704484
0.226757
0.406779
0.426518
0.496903
0.841556
0.496903
0.462365
0.387593
0.340005
0.387593
0.475494
0.518727
0.649688
0.197797
0.060217
0.735726
