0.884948
0.635244
0.727244
0.518727
0.589144
0.000696
0.543791
0.041578
0.449423
0.333520
0.620815
0.387593
0.951979
0.962240
0.580543
0.513281
0.758020
0.296545
0.766291
0.177160
0.848789
0.394742
0.744157
0.269851
0.951979
0.713075
0.483494
0.991213
0.382926
0.483494
0.006144
0.986757
0.891273
0.848789
0.821730
0.382926
0.057717
0.401971
0.787927
0.766291
0.052535
0.594827
0.127623
0.279144
0.206623
0.829282
0.713075
0.836720
0.166886
0.821730
0.978604
0.658394
0.462365
0.779856
0.916674
0.913005
0.211153
0.028409
0.350951
0.137917
0.223587
0.206623
0.994555
0.771705
0.681504
0.475494
0.284858
0.312615
0.170690
0.304435
0.891273
0.429087
0.220452
0.907293
0.346575
0.194957
0.829282
0.999575
0.019230
0.735726
0.109849
0.075538
0.491556
0.250182
0.998868
0.202171
0.672823
0.603471
0.057717
0.239907
0.467559
0.007593
0.855893
0.841556
0.848789
0.127623
0.017063
0.414138
0.658394
0.860501
0.667094
0.046970
0.947760
0.612135
0.094284
0.566341
0.228410
0.649688
0.962240
0.758020
0.907293
0.449423
0.808960
0.978604
0.153566
0.357661
0.935597
0.997586
0.015845
0.808960
0.718717
0.951979
0.333520
0.236593
0.527033
0.223587
0.612135
0.594827
0.163153
0.223587
0.597771
0.134742
0.589144
0.922090
0.394742
0.000081
0.513281
0.446787
0.346575
0.821730
0.947760
0.612135
0.626544
0.096609
0.907293
0.916674
0.496903
0.779856
0.758020
0.735726
0.119859
0.821730
0.675784
0.571972
0.971109
0.612135
0.072465
0.695863
0.061772
0.808960
0.049040
0.935597
0.771705
0.429087
0.672823
0.045355
0.371333
0.829282
0.713075
0.353229
0.462365
0.589144
0.527033
0.021268
0.690166
0.884948
0.571972
0.092778
0.353229
0.340005
0.045761
0.066084
0.779856
0.117048
0.284858
0.643949
0.279144
0.884948
0.390021
0.041578
0.414138
0.173237
0.375911
0.535389
0.382926
0.721628
0.566341
0.991213
0.735726
0.681504
0.177160
0.557828
0.094284
0.211153
0.333520
0.470257
0.462365
0.018368
0.735726
0.434080
0.690166
0.597771
0.060217
0.264363
0.320806
0.981075
0.617854
0.206623
0.635244
0.612135
0.077446
0.300471
0.549354
0.589144
0.454542
0.250182
0.306500
0.513281
0.527033
0.974087
0.704484
0.978604
0.543791
0.907293
0.380525
0.057717
0.793201
0.681504
0.801128
0.275424
0.505064
0.327120
0.672823
0.965738
0.907293
0.421575
0.127623
0.658394
0.962240
0.589144
0.467559
0.470257
0.626544
0.749684
0.557828
0.603471
0.329292
0.557828
0.884948
0.971109
0.211153
0.589144
0.704484
0.346575
0.346575
0.269851
0.446787
0.346575
0.626544
0.617854
0.119859
0.635244
0.566341
0.658394
0.100580
0.080707
0.620815
0.119859
0.246759
0.566341
0.874110
0.589144
0.718717
0.557828
0.294528
0.279144
0.329292
0.971109
0.787927
0.290658
0.603471
0.557828
0.357661
0.658394
0.801128
0.829282
0.009277
0.053907
0.414138
0.681504
0.821730
0.867378
0.199280
0.643949
0.312615
0.159490
0.535389
0.004288
0.535389
0.228410
0.001510
0.774492
0.399498
0.787927
0.626544
0.096609
0.658394
0.236593
0.891273
0.884948
0.749684
0.223587
0.350951
0.382926
0.057717
0.375911
0.177160
0.557828
0.855893
0.787927
0.250182
0.100580
0.999575
0.306500
0.821730
0.962240
0.580543
0.897436
0.203680
0.038764
0.940331
0.999575
0.346575
0.735726
0.387593
0.462365
0.891273
0.867378
0.050328
0.907293
0.499678
0.971109
0.119859
0.821730
0.290658
0.322949
0.787927
0.454542
0.735726
0.011425
0.848789
0.194957
0.236593
0.557828
0.284858
0.039115
0.612135
0.421575
0.513281
0.401971
0.288671
0.557828
0.375911
0.978604
0.787927
0.090535
0.758020
0.250182
0.758020
0.821730
0.681504
0.779856
0.067775
0.112510
0.626544
0.513281
0.829282
0.649688
0.350951
0.927324
0.557828
0.635244
0.922090
0.199280
0.100580
0.758020
0.491556
0.821730
0.801128
0.279144
0.006832
0.150086
0.026438
0.841556
0.434080
0.127623
0.368979
0.135818
0.454542
0.333520
0.127623
0.075538
0.275424
0.022875
0.016293
0.884948
0.109849
0.801128
0.236593
0.787927
0.557828
0.260793
0.620815
0.658394
0.401971
0.004503
0.901408
0.364456
0.401971
0.061772
0.064431
0.401971
0.173237
0.014305
0.566341
0.394742
0.375911
0.499678
0.052535
0.612135
0.483494
0.491556
0.535389
0.037752
0.121744
0.340005
0.329292
0.667094
0.006447
0.891273
0.333520
0.066084
0.183833
0.322949
0.179787
0.855893
0.143326
0.620815
0.735726
0.566341
0.375911
0.368979
0.496903
0.867378
0.635244
0.163153
0.316692
0.836720
0.867378
0.808960
0.157114
0.727244
0.394742
0.483494
0.026438
0.284858
0.434080
0.681504
0.421575
0.371333
0.025274
0.513281
0.449423
0.855893
0.543791
0.260793
0.557828
0.057717
0.635244
0.279144
0.203680
0.357661
0.848789
0.357661
0.557828
0.202171
0.157114
0.518727
0.535389
0.808960
0.549354
0.390021
0.016293
0.368979
0.316692
0.300471
0.163153
0.300471
0.901408
0.050328
0.275424
0.713075
0.499678
0.021268
0.521553
0.179787
0.421575
0.211153
0.375911
0.401971
0.704484
0.829282
0.704484
0.580543
0.245003
0.727244
0.672823
0.580543
0.084803
0.409279
0.032771
0.072465
0.449423
0.672823
0.922090
0.132684
0.816691
0.000079
0.808960
0.177160
0.727244
0.434080
0.535389
0.758020
0.141156
0.064990
0.350951
0.107244
0.808960
0.557828
0.649688
0.566341
0.978604
0.296545
0.916674
0.258960
0.260793
0.264363
0.462365
0.441715
0.357661
0.535389
0.004728
0.855893
0.491556
0.421575
0.333520
0.177160
0.119859
0.183833
0.695863
0.620815
0.290658
0.070668
0.215763
0.194957
