0.350951
0.848789
0.958545
0.594827
0.241635
0.007378
0.203680
0.228410
0.884948
0.535389
0.951979
0.057717
0.557828
0.030798
0.758020
0.821730
0.357661
0.916674
0.215763
0.513281
0.603471
0.916674
0.626544
0.652656
0.284858
0.483494
0.434080
0.901408
0.441715
0.749684
0.434080
0.371333
0.194957
0.177160
0.984769
0.801128
0.491556
0.357661
0.808960
0.223587
0.123655
0.269851
0.848789
0.483494
0.727244
0.057717
0.116102
0.713075
0.574890
0.521553
0.255445
0.658394
0.441715
0.922090
0.357661
0.049040
0.429087
0.124654
0.364456
0.067775
0.808960
0.434080
0.141156
0.231634
0.704484
0.505064
0.735726
0.475494
0.713075
0.603471
0.462365
0.626544
0.704484
0.930673
0.406779
0.884948
0.884948
0.505064
0.779856
0.006832
0.382926
0.971109
0.535389
0.231634
0.429087
0.735726
0.571972
0.635244
0.169385
0.801128
0.327120
0.416665
0.808960
0.380525
0.016902
0.364456
0.735726
0.974087
0.107244
0.808960
0.681504
0.226757
0.194957
0.368979
0.749684
0.672823
0.594827
0.667094
0.867378
0.907293
0.690166
0.236593
0.787927
0.922090
0.294528
0.505064
0.275424
0.749684
0.758020
0.589144
0.801128
0.922090
0.808960
0.124654
0.382926
0.294528
0.829282
0.284858
0.658394
0.571972
0.375911
0.907293
0.658394
0.032771
0.984769
0.841556
0.022258
0.571972
0.721628
0.111596
0.713075
0.841556
0.015409
0.173237
0.527033
0.672823
0.727244
0.023508
0.310521
0.179787
0.491556
0.727244
0.518727
0.107244
0.527033
0.940331
0.779856
0.269851
0.727244
0.801128
0.527033
0.735726
0.273514
0.626544
0.064431
0.258960
0.704484
0.626544
0.137917
0.220452
0.269851
0.364456
0.922090
0.260793
0.357661
0.848789
0.513281
0.779856
0.399498
0.236593
0.375911
0.787927
0.264363
0.441715
0.035500
0.401971
0.039801
0.521553
0.344325
0.681504
0.867378
0.316692
0.771705
0.300471
0.475494
0.758020
0.940331
0.322949
0.793201
0.394742
0.304435
0.362130
0.971109
0.203680
0.557828
0.255445
0.971109
0.173237
0.779856
0.704484
0.884948
0.294528
0.907293
0.527033
0.860501
0.394742
0.103042
0.658394
0.860501
0.340005
0.429087
0.658394
0.658394
0.855893
0.907293
0.223587
0.132684
0.137917
0.566341
0.228410
0.067775
0.255445
0.327120
0.658394
0.749684
0.000039
0.279144
0.571972
0.626544
0.072465
0.563435
0.462365
0.505064
0.069506
0.006447
0.704484
0.121744
0.860501
0.947760
0.721628
0.294528
0.874110
0.141156
0.491556
0.635244
0.901408
0.681504
0.056256
0.527033
0.841556
0.049040
0.901408
0.446787
0.306500
0.371333
0.808960
0.382926
0.603471
0.124654
0.557828
0.566341
0.037099
0.080707
0.434080
0.603471
0.029708
0.434080
0.267971
0.566341
0.357661
0.978604
0.032199
0.483494
0.228410
0.008847
0.053907
0.626544
0.589144
0.124654
0.922090
0.094284
0.075538
0.518727
0.884948
0.771705
0.821730
0.346575
0.329292
0.527033
0.527033
0.603471
0.984769
0.434080
0.589144
0.072465
0.063362
0.779856
0.124654
0.478214
0.329292
0.635244
0.771705
0.620815
0.124654
0.139014
0.144460
0.394742
0.024596
0.406779
0.231634
0.978604
0.672823
0.758020
0.874110
0.245003
0.793201
0.793201
0.483494
0.735726
0.626544
0.306500
0.310521
0.414138
0.467559
0.362130
0.543791
0.079397
0.848789
0.294528
0.141156
0.681504
0.635244
0.744157
0.540922
0.337784
0.441715
0.978604
0.462365
0.333520
0.223587
0.580543
0.153566
0.022258
0.401971
0.073672
0.543791
0.571972
0.566341
0.901408
0.571972
0.695863
0.414138
0.704484
0.023935
0.340005
0.316692
0.007739
0.496903
0.836720
0.704484
0.612135
0.462365
0.690166
0.793201
0.695863
0.557828
0.566341
0.157114
0.475494
0.211153
0.681504
0.025731
0.141156
0.475494
0.735726
0.119859
0.594827
0.814067
0.016595
0.744157
0.197797
0.434080
0.088340
0.617854
0.015845
0.434080
0.779856
0.446787
0.867378
0.779856
0.766291
0.340005
0.316692
0.771705
0.841556
0.962240
0.951979
0.052535
0.571972
0.922090
0.981075
0.462365
0.505064
0.635244
0.841556
0.050328
0.004043
0.421575
0.612135
0.658394
0.814067
0.727244
0.192150
0.491556
0.127623
0.163153
0.390021
0.364456
0.557828
0.848789
0.821730
0.891273
0.907293
0.935597
0.109849
0.241635
0.187953
0.067775
0.897436
0.226757
0.409279
0.414138
0.109849
0.658394
0.727244
0.971109
0.380525
0.275424
0.333520
0.801128
0.571972
0.580543
0.704484
0.284858
0.462365
0.194957
0.521553
0.626544
0.470257
0.991213
0.626544
0.821730
0.681504
0.454542
0.649688
0.672823
0.626544
0.002370
0.848789
0.612135
0.141156
0.340005
0.801128
0.557828
0.801128
0.446787
0.505064
0.727244
0.518727
0.144460
0.552238
0.101413
0.496903
0.223587
0.067775
0.978604
0.380525
0.580543
0.462365
0.749684
0.015409
0.096609
0.206623
0.626544
0.958545
0.951979
0.566341
0.107244
0.916674
0.940331
0.491556
0.779856
0.079397
0.141156
0.626544
0.695863
0.157114
0.399498
0.449423
0.119859
0.836720
0.667094
0.829282
0.294528
0.867378
0.038764
0.947760
0.371333
0.401971
0.122729
0.635244
0.758020
0.190711
0.901408
0.829282
0.958545
0.695863
0.475494
0.643949
0.793201
0.612135
0.801128
0.527033
0.491556
0.310521
0.527033
0.075538
0.766291
0.068911
0.612135
0.382926
0.107244
0.218844
0.028409
0.643949
0.077446
0.020692
0.878466
0.874110
0.916674
0.449423
0.350951
0.236593
0.462365
0.000804
0.306500
0.132684
0.368979
0.088340
0.327120
0.275424
0.749684
0.375911
0.841556
0.300471
0.518727
0.368979
0.364456
0.103042
0.527033
0.320806
0.947760
0.100580
0.475494
0.513281
0.015409
