0.626544
0.052074
0.467559
0.258960
0.399498
0.446787
0.267971
0.337784
0.426518
0.214182
0.197797
0.540922
0.695863
0.267971
0.540922
0.380525
0.140045
0.467559
0.916674
0.540922
0.304435
0.209600
0.320806
0.681504
0.304435
0.320806
0.040498
0.134742
0.571972
0.253642
0.518727
0.518727
0.320806
0.320806
0.518727
0.571972
0.801128
0.467559
0.749684
0.467559
0.197797
0.617854
0.580543
0.226757
0.727244
0.131630
0.426518
0.518727
0.406779
0.672823
0.279144
0.131630
0.603471
0.062816
0.549354
0.214182
0.327120
0.718717
0.406779
0.483494
0.891273
0.179787
0.594827
0.814067
0.114294
0.884948
0.672823
0.771705
0.163153
0.197797
0.540922
0.399498
0.540922
0.640981
0.841556
0.829282
0.841556
0.214182
0.821730
0.171915
0.454542
0.085471
0.779856
0.446787
0.426518
0.245003
0.399498
0.362130
0.475494
0.549354
0.640981
0.617854
0.695863
0.253642
0.672823
0.304435
0.793201
0.901408
0.860501
0.571972
0.766291
0.454542
0.327120
0.362130
0.169385
0.267971
0.901408
0.344325
0.462365
0.649688
0.727244
0.304435
0.320806
0.394742
0.320806
0.190711
0.713075
0.146673
0.258960
0.118894
0.467559
0.935597
0.253642
0.344325
0.426518
0.426518
0.368979
0.179787
0.401971
0.518727
0.320806
0.454542
0.226757
0.695863
0.104694
0.239907
0.279144
0.106369
0.399498
0.099752
0.267971
0.496903
0.267971
0.171915
0.387593
0.380525
0.337784
0.099752
0.267971
0.884948
0.617854
0.399498
0.375911
0.106369
0.867378
0.186540
0.320806
0.099752
0.718717
0.518727
0.253642
0.267971
0.106369
0.171915
0.640981
0.171915
0.171915
0.518727
0.771705
0.749684
0.310521
0.467559
0.483494
0.304435
0.454542
0.245003
0.727244
0.060217
0.483494
0.399498
0.491556
0.672823
0.801128
0.076791
0.126604
0.121744
0.031906
0.202171
0.146673
0.121744
0.118894
0.253642
0.626544
0.821730
0.032771
0.672823
0.186540
0.387593
0.362130
0.488801
0.320806
0.801128
0.140045
0.527033
0.304435
0.099752
0.380525
0.695863
0.672823
0.197797
0.304435
0.467559
0.288671
0.304435
0.140045
0.267971
0.603471
0.106369
0.884948
0.814067
0.300471
0.727244
0.462365
0.505064
0.380525
0.518727
0.727244
0.640981
0.695863
0.253642
0.380525
0.226757
0.603471
0.640981
0.199280
0.672823
0.672823
0.649688
0.344325
0.563435
0.640981
0.221961
0.426518
0.161896
0.718717
0.406779
0.226757
0.123655
0.454542
0.070065
0.935597
0.197797
0.171915
0.594827
0.475494
0.320806
0.161896
0.380525
0.273514
0.161896
0.171915
0.273514
0.106369
0.446787
0.475494
0.267971
0.387593
0.264363
0.226757
0.304435
0.446787
0.320806
0.527033
0.239907
0.344325
0.467559
0.626544
0.273514
0.681504
0.967937
0.102197
0.104694
0.594827
0.475494
0.771705
0.150086
0.380525
0.649688
0.294528
0.771705
0.718717
0.540922
0.121744
0.267971
0.771705
0.380525
0.672823
0.695863
0.099752
0.571972
0.496903
0.253642
0.821730
0.190711
0.226757
0.594827
0.496903
0.320806
0.649688
0.253642
0.186540
0.304435
0.793201
0.695863
0.841556
0.074897
0.535389
0.617854
0.704484
0.197797
0.236593
0.594827
0.344325
0.672823
0.958545
0.884948
0.467559
0.197797
0.197797
0.171915
0.273514
0.253642
0.245003
0.304435
0.771705
0.563435
0.617854
0.221961
0.380525
0.958545
0.787927
0.467559
0.221961
0.658394
0.368979
0.695863
0.253642
0.061772
0.426518
0.467559
0.467559
0.267971
0.563435
0.368979
0.821730
0.527033
0.901408
0.226757
0.197797
0.294528
0.814067
0.454542
0.304435
0.518727
0.475494
0.344325
0.131630
0.380525
0.304435
0.387593
0.563435
0.518727
0.171915
0.640981
0.209600
0.171915
0.197797
0.131630
0.362130
0.171915
0.540922
0.123655
0.304435
0.171915
0.380525
0.446787
0.594827
0.518727
0.253642
0.695863
0.209600
0.446787
0.446787
0.267971
0.518727
0.209600
0.727244
0.426518
0.362130
0.267971
0.123655
0.718717
0.380525
0.488801
0.171915
0.426518
0.209600
0.061238
0.063876
0.672823
0.320806
0.267971
0.426518
0.226757
0.640981
0.171915
0.793201
0.467559
0.467559
0.362130
0.771705
0.467559
0.171915
0.209600
0.267971
0.380525
0.304435
0.267971
0.304435
0.399498
0.446787
0.426518
0.771705
0.171915
0.337784
0.540922
0.793201
0.649688
0.475494
0.236593
0.426518
0.951979
0.571972
0.197797
0.446787
0.695863
0.540922
0.617854
0.594827
0.771705
0.446787
0.171915
0.727244
0.603471
0.540922
0.041578
0.209600
0.540922
0.793201
0.171915
0.143326
0.681504
0.998463
0.197797
0.362130
0.640981
0.540922
0.362130
0.916674
0.672823
0.304435
0.080027
0.226757
0.380525
0.197797
0.672823
0.304435
0.518727
0.362130
0.197797
0.540922
0.801128
0.947760
0.221961
0.695863
0.814067
0.446787
0.209600
0.549354
0.672823
0.087602
0.658394
0.218844
0.695863
0.749684
0.626544
0.749684
0.426518
0.540922
0.454542
0.446787
0.571972
0.527033
0.406779
0.626544
0.161896
0.571972
0.860501
0.320806
0.406779
0.304435
0.253642
0.594827
0.947760
0.718717
0.143326
0.617854
0.695863
0.749684
0.362130
0.603471
0.202171
0.695863
0.399498
0.340005
0.304435
0.549354
0.741289
0.171915
0.320806
0.171915
0.672823
0.571972
0.380525
0.649688
0.406779
0.140045
0.143326
0.540922
0.454542
0.304435
0.771705
0.426518
0.467559
0.380525
0.454542
0.380525
0.406779
0.288671
0.253642
0.140045
0.426518
0.327120
0.304435
0.134742
0.860501
0.626544
0.505064
0.603471
0.426518
0.658394
0.681504
0.161896
0.103042
0.288671
0.571972
0.175815
0.749684
0.749684
0.434080
0.563435
0.102197
0.226757
0.344325
0.327120
0.116102
