0.704484
0.771705
0.978604
0.884948
0.766291
0.279144
0.375911
0.984769
0.580543
0.475494
0.626544
0.067775
0.698805
0.603471
0.649688
0.735726
0.884948
0.594827
0.848789
0.337784
0.867378
0.658394
0.801128
0.549354
0.758020
0.462365
0.901408
0.580543
0.744157
0.766291
0.727244
0.658394
0.612135
0.940331
0.016595
0.163153
0.867378
0.446787
0.513281
0.401971
0.000048
0.070668
0.947760
0.766291
0.401971
0.749684
0.901408
0.816691
0.978604
0.571972
0.518727
0.540922
0.884948
0.891273
0.173237
0.848789
0.947760
0.037099
0.454542
0.713075
0.173237
0.649688
0.333520
0.441715
0.704484
0.082732
0.884948
0.991213
0.935597
0.255445
0.310521
0.241635
0.801128
0.543791
0.491556
0.521553
0.947760
0.713075
0.206623
0.549354
0.543791
0.187953
0.059212
0.394742
0.001080
0.173237
0.884948
0.475494
0.109849
0.758020
0.901408
0.935597
0.580543
0.527033
0.150086
0.962240
0.735726
0.951979
0.015845
0.749684
0.371333
0.038764
0.658394
0.930673
0.727244
0.829282
0.060217
0.984769
0.127623
0.518727
0.787927
0.808960
0.322949
0.626544
0.884948
0.505064
0.649688
0.284858
0.667094
0.617854
0.901408
0.718717
0.320806
0.821730
0.978604
0.144460
0.470257
0.221961
0.009727
0.421575
0.380525
0.394742
0.658394
0.316692
0.841556
0.974087
0.589144
0.434080
0.935597
0.841556
0.841556
0.134742
0.236593
0.082732
0.594827
0.594827
0.362130
0.549354
0.496903
0.704484
0.617854
0.250182
0.549354
0.848789
0.758020
0.454542
0.848789
0.989675
0.344325
0.322949
0.505064
0.245003
0.540922
0.771705
0.808960
0.758020
0.041578
0.779856
0.434080
0.907293
0.958545
0.749684
0.758020
0.566341
0.779856
0.571972
0.721628
0.000041
0.496903
0.571972
0.046554
0.228410
0.483494
0.947760
0.505064
0.808960
0.735726
0.535389
0.829282
0.771705
0.077446
0.758020
0.152372
0.387593
0.426518
0.223587
0.795913
0.004868
0.421575
0.967937
0.223587
0.658394
0.322949
0.874110
0.690166
0.649688
0.758020
0.375911
0.387593
0.401971
0.169385
0.640981
0.901408
0.626544
0.290658
0.518727
0.566341
0.483494
0.549354
0.470257
0.316692
0.141156
0.718717
0.094284
0.215763
0.635244
0.513281
0.841556
0.449423
0.518727
0.981075
0.513281
0.971109
0.197797
0.387593
0.462365
0.816691
0.649688
0.316692
0.901408
0.901408
0.829282
0.015409
0.958545
0.603471
0.735726
0.649688
0.649688
0.841556
0.971109
0.841556
0.681504
0.940331
0.513281
0.401971
0.829282
0.801128
0.667094
0.446787
0.635244
0.518727
0.434080
0.821730
0.749684
0.535389
0.094284
0.766291
0.681504
0.159490
0.505064
0.749684
0.727244
0.962240
0.382926
0.571972
0.667094
0.449423
0.294528
0.841556
0.735726
0.505064
0.867378
0.475494
0.165605
0.829282
0.713075
0.513281
0.841556
0.518727
0.421575
0.380525
0.454542
0.801128
0.002950
0.434080
0.117048
0.978604
0.483494
0.159490
0.549354
0.566341
0.640981
0.658394
0.322949
0.357661
0.483494
0.190711
0.146673
0.626544
0.821730
0.513281
0.039801
0.649688
0.475494
0.414138
0.414138
0.513281
0.111596
0.771705
0.841556
0.735726
0.626544
0.399498
0.713075
0.521553
0.758020
0.907293
0.042685
0.557828
0.808960
0.704484
0.310521
0.061772
0.658394
0.008197
0.848789
0.793201
0.470257
0.557828
0.449423
0.612135
0.086192
0.718717
0.107244
0.658394
0.380525
0.241635
0.874110
0.962240
0.580543
0.033071
0.540922
0.183833
0.940331
0.617854
0.426518
0.801128
0.434080
0.375911
0.695863
0.958545
0.429087
0.535389
0.984769
0.927324
0.491556
0.045761
0.496903
0.112510
0.749684
0.713075
0.223587
0.159490
0.223587
0.557828
0.434080
0.841556
0.169385
0.206623
0.749684
0.124654
0.153566
0.571972
0.505064
0.364456
0.951979
0.250182
0.603471
0.681504
0.273514
0.947760
0.387593
0.771705
0.727244
0.704484
0.401971
0.821730
0.771705
0.483494
0.884948
0.829282
0.350951
0.681504
0.901408
0.626544
0.571972
0.913005
0.787927
0.327120
0.735726
0.758020
0.118894
0.380525
0.245003
0.255445
0.036765
0.841556
0.061772
0.891273
0.681504
0.658394
0.580543
0.704484
0.197797
0.704484
0.320806
0.907293
0.690166
0.667094
0.566341
0.549354
0.130653
0.795913
0.594827
0.658394
0.316692
0.897436
0.220452
0.269851
0.695863
0.704484
0.901408
0.930673
0.390021
0.016139
0.269851
0.109849
0.727244
0.132684
0.171915
0.399498
0.483494
0.626544
0.681504
0.695863
0.449423
0.951979
0.033659
0.165605
0.841556
0.462365
0.100580
0.475494
0.916674
0.513281
0.848789
0.978604
0.672823
0.841556
0.718717
0.951979
0.713075
0.387593
0.426518
0.836720
0.649688
0.434080
0.984769
0.316692
0.698805
0.999892
0.821730
0.922090
0.496903
0.429087
0.414138
0.518727
0.527033
0.549354
0.316692
0.357661
0.808960
0.475494
0.322949
0.626544
0.316692
0.496903
0.441715
0.527033
0.962240
0.012907
0.821730
0.236593
0.965738
0.649688
0.462365
0.603471
0.860501
0.426518
0.226757
0.643949
0.153566
0.981075
0.867378
0.571972
0.574890
0.566341
0.518727
0.986757
0.406779
0.068911
0.406779
0.626544
0.088340
0.626544
0.357661
0.231634
0.304435
0.364456
0.681504
0.617854
0.306500
0.848789
0.997586
0.793201
0.947760
0.916674
0.549354
0.603471
0.971109
0.947760
0.044581
0.394742
0.808960
0.462365
0.357661
0.505064
0.947760
0.019768
0.187953
0.821730
0.429087
0.771705
0.098985
0.557828
0.260793
0.626544
0.096609
0.421575
0.771705
0.672823
0.779856
0.316692
0.092008
0.426518
0.183833
0.658394
0.735726
0.981075
0.744157
0.884948
0.749684
0.470257
0.635244
0.779856
0.571972
