0.518727
0.841556
0.505064
0.658394
0.228410
0.020320
0.527033
0.434080
0.010795
0.597771
0.387593
0.681504
0.930673
0.603471
0.527033
0.635244
0.718717
0.364456
0.681504
0.387593
0.304435
0.304435
0.258960
0.446787
0.891273
0.540922
0.279144
0.927324
0.808960
0.513281
0.421575
0.518727
0.574890
0.401971
0.454542
0.643949
0.841556
0.183833
0.165605
0.580543
0.190711
0.322949
0.907293
0.848789
0.387593
0.057717
0.814067
0.300471
0.114294
0.808960
0.527033
0.594827
0.036127
0.635244
0.594827
0.695863
0.643949
0.735726
0.306500
0.446787
0.749684
0.721628
0.571972
0.907293
0.766291
0.758020
0.713075
0.617854
0.771705
0.672823
0.779856
0.787927
0.878466
0.150086
0.758020
0.901408
0.281082
0.984769
0.505064
0.290658
0.279144
0.096609
0.368979
0.434080
0.173237
0.269851
0.940331
0.989675
0.375911
0.658394
0.300471
0.766291
0.635244
0.320806
0.513281
0.855893
0.672823
0.947760
0.713075
0.829282
0.434080
0.470257
0.421575
0.589144
0.429087
0.173237
0.088340
0.695863
0.681504
0.874110
0.566341
0.483494
0.255445
0.426518
0.721628
0.836720
0.173237
0.483494
0.304435
0.916674
0.860501
0.947760
0.771705
0.771705
0.779856
0.441715
0.672823
0.434080
0.801128
0.275424
0.603471
0.829282
0.518727
0.518727
0.211153
0.891273
0.884948
0.470257
0.273514
0.226757
0.406779
0.771705
0.483494
0.884948
0.681504
0.475494
0.080707
0.971109
0.140045
0.470257
0.658394
0.214182
0.194957
0.571972
0.617854
0.329292
0.557828
0.984769
0.771705
0.947760
0.787927
0.527033
0.695863
0.034568
0.626544
0.527033
0.635244
0.563435
0.649688
0.649688
0.571972
0.027908
0.808960
0.727244
0.589144
0.350951
0.496903
0.483494
0.327120
0.483494
0.434080
0.704484
0.543791
0.294528
0.787927
0.294528
0.594827
0.735726
0.406779
0.771705
0.749684
0.848789
0.535389
0.264363
0.540922
0.626544
0.327120
0.571972
0.304435
0.841556
0.179787
0.947760
0.829282
0.884948
0.109849
0.144460
0.163153
0.672823
0.038764
0.535389
0.241635
0.672823
0.549354
0.580543
0.467559
0.527033
0.829282
0.848789
0.058699
0.044581
0.848789
0.744157
0.841556
0.749684
0.072465
0.571972
0.589144
0.947760
0.971109
0.491556
0.718717
0.169385
0.333520
0.557828
0.690166
0.907293
0.086192
0.695863
0.867378
0.787927
0.735726
0.211153
0.446787
0.994555
0.344325
0.884948
0.947760
0.300471
0.681504
0.821730
0.318816
0.901408
0.535389
0.681504
0.771705
0.226757
0.603471
0.841556
0.841556
0.241635
0.382926
0.394742
0.771705
0.958545
0.441715
0.241635
0.867378
0.250182
0.951979
0.643949
0.735726
0.867378
0.589144
0.421575
0.758020
0.779856
0.491556
0.177160
0.333520
0.103042
0.132684
0.672823
0.695863
0.727244
0.394742
0.258960
0.681504
0.867378
0.801128
0.580543
0.075538
0.406779
0.787927
0.049040
0.241635
0.496903
0.253642
0.192150
0.994555
0.779856
0.749684
0.300471
0.057717
0.749684
0.535389
0.414138
0.749684
0.441715
0.264363
0.667094
0.357661
0.727244
0.617854
0.350951
0.580543
0.658394
0.543791
0.375911
0.290658
0.962240
0.589144
0.787927
0.808960
0.758020
0.329292
0.848789
0.454542
0.103042
0.475494
0.340005
0.540922
0.107244
0.967937
0.077446
0.505064
0.935597
0.454542
0.049040
0.535389
0.829282
0.649688
0.649688
0.310521
0.350951
0.223587
0.310521
0.171915
0.713075
0.462365
0.667094
0.088340
0.310521
0.735726
0.306500
0.971109
0.549354
0.421575
0.749684
0.375911
0.571972
0.867378
0.527033
0.414138
0.079397
0.014305
0.916674
0.100580
0.649688
0.179787
0.505064
0.454542
0.626544
0.236593
0.667094
0.571972
0.658394
0.994555
0.907293
0.617854
0.527033
0.695863
0.580543
0.275424
0.667094
0.978604
0.344325
0.744157
0.884948
0.816691
0.387593
0.239907
0.470257
0.771705
0.362130
0.426518
0.223587
0.026438
0.132684
0.454542
0.808960
0.603471
0.713075
0.505064
0.114294
0.962240
0.978604
0.571972
0.978604
0.340005
0.288671
0.974087
0.394742
0.566341
0.153566
0.483494
0.380525
0.255445
0.245003
0.032771
0.617854
0.779856
0.513281
0.808960
0.808960
0.626544
0.275424
0.414138
0.033659
0.549354
0.848789
0.441715
0.245003
0.527033
0.429087
0.260793
0.082732
0.496903
0.901408
0.758020
0.727244
0.884948
0.049040
0.044581
0.566341
0.080707
0.202171
0.333520
0.603471
0.275424
0.967937
0.962240
0.124654
0.635244
0.214182
0.643949
0.401971
0.258960
0.190711
0.681504
0.320806
0.935597
0.947760
0.594827
0.310521
0.039801
0.704484
0.771705
0.695863
0.821730
0.304435
0.594827
0.013909
0.327120
0.749684
0.362130
0.566341
0.454542
0.549354
0.316692
0.049040
0.306500
0.513281
0.333520
0.557828
0.129613
0.454542
0.927324
0.821730
0.491556
0.387593
0.173237
0.223587
0.793201
0.571972
0.344325
0.801128
0.557828
0.771705
0.571972
0.171915
0.029186
0.658394
0.841556
0.121744
0.848789
0.446787
0.310521
0.368979
0.375911
0.971109
0.848789
0.635244
0.704484
0.901408
0.884948
0.860501
0.617854
0.496903
0.104694
0.023935
0.672823
0.294528
0.179787
0.649688
0.041578
0.446787
0.998868
0.223587
0.749684
0.749684
0.821730
0.557828
0.226757
0.140045
0.867378
0.681504
0.312615
0.626544
0.255445
0.874110
0.829282
0.766291
0.344325
0.901408
0.713075
0.434080
0.922090
0.068911
0.047782
0.787927
0.758020
0.744157
0.978604
0.643949
0.226757
0.727244
0.022875
0.787927
0.658394
0.860501
0.109849
0.947760
0.350951
0.394742
0.049040
0.409279
0.841556
0.483494
0.612135
0.971109
0.236593
0.935597
0.166886
0.454542
0.649688
0.491556
