0.000037
0.051648
0.141156
0.275424
0.003289
0.000008
0.000000
0.003193
0.056750
0.340005
0.000015
0.076183
0.000145
0.312615
0.000018
0.000279
0.000003
0.013276
0.051648
0.001687
0.000257
0.019768
0.000016
0.000004
0.000097
0.004164
0.014043
0.681504
0.233315
0.044980
0.612135
0.009104
0.296545
0.000027
0.153566
0.151265
0.196422
0.000005
0.002395
0.543791
0.721628
0.001184
0.022875
0.721628
0.009546
0.166886
0.021859
0.000516
0.001246
0.081393
0.000073
0.000000
0.927324
0.066084
0.000027
0.028672
0.513281
0.557828
0.390021
0.029186
0.704484
0.051648
0.203680
0.000000
0.010595
0.151265
0.816691
0.046970
0.855893
0.001149
0.000109
0.153566
0.000271
0.021859
0.000899
0.003559
0.007239
0.635244
0.101413
0.000229
0.072465
0.046970
0.000000
0.721628
0.357661
0.557828
0.667094
0.543791
0.067775
0.015128
0.064990
0.196422
0.055312
0.001636
0.997586
0.005578
0.192150
0.009104
0.958545
0.067775
0.375911
0.122729
0.170690
0.491556
0.079397
0.187953
0.109849
0.080707
0.006028
0.013909
0.000918
0.275424
0.079397
0.457201
0.429087
0.009822
0.394742
0.000026
0.001092
0.643949
0.014043
0.060217
0.000000
0.000005
0.000002
0.166886
0.220452
0.039801
0.092778
0.084803
0.233315
0.002645
0.187953
0.266225
0.346575
0.000058
0.000294
0.000193
0.836720
0.589144
0.002593
0.001246
0.000000
0.589144
0.021859
0.000034
0.147829
0.000134
0.322949
0.173237
0.000005
0.000461
0.000005
0.927324
0.000000
0.000138
0.003850
0.005578
0.000000
0.055312
0.000015
0.000002
0.000000
0.000304
0.795913
0.421575
0.000163
0.000000
0.033071
0.499678
0.010009
0.816691
0.306500
0.130653
0.007032
0.457201
0.962240
0.364456
0.322949
0.000000
0.088340
0.749684
0.002146
0.329292
0.003455
0.033659
0.867378
0.032199
0.635244
0.721628
0.357661
0.112510
0.000011
0.956001
0.005262
0.574890
0.499678
0.836720
0.211153
0.005013
0.000004
0.000004
0.000005
0.007378
0.409279
0.027908
0.000320
0.009822
0.046970
0.721628
0.039801
0.000313
0.000002
0.000002
0.000000
0.001184
0.174566
0.069506
0.153566
0.015557
0.057717
0.064990
0.142275
0.029982
0.105557
0.147829
0.043818
0.557828
0.462365
0.233315
0.122729
0.049040
0.255445
0.829282
0.033071
0.000071
0.203680
0.228410
0.003738
0.019768
0.382926
0.035500
0.371333
0.057717
0.000187
0.014711
0.246759
0.296545
0.011753
0.009546
0.115226
0.215763
0.057717
0.151265
0.010595
0.010900
0.891273
0.001284
0.000461
0.005578
0.005418
0.000703
0.000031
0.008436
0.021859
0.000025
0.836720
0.007593
0.055312
0.557828
0.024825
0.951979
0.170690
0.115226
0.130653
0.046970
0.170690
0.000000
0.187953
0.000294
0.002255
0.000437
0.015128
0.589144
0.566341
0.033071
0.000424
0.698805
0.001114
0.003039
0.000002
0.029982
0.275424
0.429087
0.043818
0.371333
0.394742
0.000024
0.051648
0.008682
0.092778
0.000001
0.744157
0.119859
0.000193
0.335721
0.003455
0.000163
0.499678
0.000006
0.000017
0.816691
0.027908
0.187953
0.233315
0.002892
0.353229
0.030798
0.181158
0.001465
0.007378
0.275424
0.220452
0.779856
0.023508
0.499678
0.001636
0.371333
0.086919
0.074303
0.000204
0.000000
0.017543
0.009822
0.024158
0.000058
0.255445
0.005013
0.409279
0.112510
0.758020
0.015845
0.020320
0.000703
0.000532
0.335721
0.675784
0.000071
0.024158
0.275424
0.000402
0.000024
0.025274
0.000150
0.030798
0.000040
0.208158
0.001393
0.051648
0.211153
0.006511
0.228410
0.010900
0.704484
0.266225
0.000682
0.005262
0.039801
0.166886
0.000134
0.390021
0.007815
0.000002
0.000082
0.059212
0.025970
0.855893
0.000003
0.181158
0.672823
0.115226
0.001246
0.170690
0.003850
0.000014
0.000003
0.027908
0.017543
0.029186
0.018883
0.808960
0.069506
0.018368
0.000000
0.021268
0.322949
0.000872
0.000109
0.000011
0.306500
0.000004
0.329292
0.001149
0.382926
0.146673
0.023508
0.007032
0.000056
0.735726
0.000187
0.000004
0.000000
0.008847
0.000200
0.000129
0.521553
0.346575
0.001284
0.470257
0.000229
0.000082
0.000661
0.000001
0.056750
0.028409
0.004637
0.029186
0.008197
0.181158
0.059212
0.000069
0.421575
0.436675
0.017543
0.166886
0.080707
0.077446
0.013032
0.003666
0.001284
0.035500
0.000193
0.855893
0.096609
0.033659
0.072465
0.829282
0.000020
0.001351
0.086919
0.266225
0.142275
0.007815
0.005262
0.874110
0.986757
0.031348
0.241635
0.000031
0.004637
0.003193
0.024158
0.302517
0.013654
0.275424
0.018883
0.000000
0.000001
0.001556
0.048208
0.001393
0.028672
0.429087
0.000820
0.002517
0.449423
0.007239
0.027908
0.215763
0.002395
0.130653
0.122729
0.449423
0.025970
0.001092
0.260793
0.721628
0.000018
0.470257
0.135818
0.409279
0.122729
0.821730
0.044980
0.038094
0.787927
0.020886
0.000009
0.000082
0.029982
0.086919
0.000109
0.000000
0.003666
0.192150
0.015128
0.006205
0.079397
0.024158
0.030798
0.000158
0.000069
0.010106
0.416665
0.000067
0.470257
0.002395
0.135818
0.000005
0.000002
0.000001
0.086919
0.241635
0.000000
0.000000
0.001006
0.513281
0.643949
0.002593
0.000000
0.001114
0.001510
0.329292
0.228410
0.090535
0.000153
0.215763
0.105557
0.005418
0.001092
0.499678
0.072465
0.177160
0.000009
0.478214
0.000000
0.021268
0.044581
0.018883
0.449423
0.978604
0.000071
0.416665
0.000009
0.000019
0.000249
0.000000
0.119859
0.001828
0.064990
0.000009
0.233315
0.008847
0.000976
0.008847
0.000010
0.000532
0.012670
0.005013
0.027164
0.017063
0.281082
0.620815
0.003193
0.635244
0.907293
