0.626544
0.185229
0.037752
0.333520
0.255445
0.884948
0.070668
0.077446
0.672823
0.150086
0.357661
0.499678
0.704484
0.594827
0.333520
0.935597
0.491556
0.255445
0.617854
0.399498
0.758020
0.226757
0.038764
0.322949
0.808960
0.141156
0.589144
0.322949
0.735726
0.704484
0.462365
0.169385
0.672823
0.409279
0.566341
0.907293
0.173237
0.269851
0.935597
0.563435
0.821730
0.771705
0.070668
0.304435
0.571972
0.649688
0.549354
0.117048
0.527033
0.984769
0.088340
0.704484
0.075538
0.231634
0.907293
0.079397
0.183833
0.874110
0.021268
0.884948
0.727244
0.117048
0.513281
0.978604
0.626544
0.874110
0.848789
0.603471
0.250182
0.640981
0.735726
0.821730
0.713075
0.012907
0.713075
0.681504
0.483494
0.971109
0.787927
0.513281
0.695863
0.549354
0.681504
0.901408
0.269851
0.787927
0.375911
0.787927
0.255445
0.996919
0.107244
0.821730
0.470257
0.100580
0.322949
0.597771
0.580543
0.635244
0.801128
0.951979
0.483494
0.054829
0.169385
0.284858
0.496903
0.527033
0.312615
0.749684
0.884948
0.922090
0.947760
0.080707
0.414138
0.038764
0.860501
0.064431
0.462365
0.192150
0.535389
0.375911
0.152372
0.333520
0.223587
0.635244
0.322949
0.279144
0.681504
0.100580
0.231634
0.690166
0.475494
0.698805
0.475494
0.589144
0.821730
0.860501
0.935597
0.947760
0.658394
0.821730
0.119859
0.626544
0.505064
0.059212
0.808960
0.594827
0.749684
0.454542
0.603471
0.771705
0.779856
0.580543
0.978604
0.406779
0.505064
0.258960
0.617854
0.414138
0.467559
0.549354
0.867378
0.984769
0.126604
0.855893
0.704484
0.718717
0.727244
0.169385
0.082732
0.426518
0.300471
0.535389
0.735726
0.787927
0.681504
0.226757
0.643949
0.635244
0.563435
0.279144
0.787927
0.446787
0.971109
0.704484
0.429087
0.194957
0.836720
0.713075
0.620815
0.667094
0.749684
0.306500
0.228410
0.695863
0.518727
0.658394
0.766291
0.535389
0.749684
0.735726
0.594827
0.643949
0.787927
0.401971
0.713075
0.758020
0.718717
0.462365
0.228410
0.211153
0.801128
0.016595
0.132684
0.808960
0.620815
0.269851
0.290658
0.327120
0.958545
0.527033
0.406779
0.589144
0.357661
0.589144
0.681504
0.867378
0.088340
0.821730
0.357661
0.718717
0.074303
0.329292
0.350951
0.344325
0.891273
0.220452
0.603471
0.194957
0.978604
0.848789
0.245003
0.446787
0.713075
0.793201
0.967937
0.907293
0.848789
0.704484
0.771705
0.913005
0.971109
0.496903
0.294528
0.758020
0.327120
0.300471
0.635244
0.505064
0.704484
0.821730
0.848789
0.306500
0.157114
0.406779
0.758020
0.007378
0.981075
0.273514
0.223587
0.414138
0.580543
0.557828
0.245003
0.996919
0.727244
0.549354
0.153566
0.215763
0.109849
0.127623
0.483494
0.901408
0.357661
0.884948
0.735726
0.758020
0.626544
0.329292
0.603471
0.401971
0.146673
0.284858
0.996919
0.589144
0.821730
0.127623
0.394742
0.951979
0.344325
0.350951
0.215763
0.064431
0.626544
0.491556
0.603471
0.690166
0.434080
0.306500
0.505064
0.290658
0.549354
0.084092
0.635244
0.727244
0.454542
0.454542
0.801128
0.829282
0.300471
0.483494
0.571972
0.958545
0.672823
0.695863
0.350951
0.626544
0.446787
0.275424
0.913005
0.421575
0.449423
0.649688
0.269851
0.907293
0.414138
0.916674
0.206623
0.233315
0.316692
0.543791
0.414138
0.057717
0.499678
0.414138
0.713075
0.020320
0.543791
0.867378
0.310521
0.603471
0.475494
0.327120
0.304435
0.092008
0.971109
0.589144
0.947760
0.109849
0.322949
0.758020
0.462365
0.106369
0.787927
0.884948
0.111596
0.327120
0.049886
0.129613
0.821730
0.300471
0.462365
0.681504
0.011753
0.891273
0.779856
0.713075
0.901408
0.382926
0.155897
0.421575
0.735726
0.741289
0.375911
0.470257
0.306500
0.137917
0.483494
0.320806
0.821730
0.574890
0.563435
0.821730
0.264363
0.250182
0.829282
0.907293
0.749684
0.214182
0.406779
0.998868
0.620815
0.704484
0.496903
0.557828
0.940331
0.951979
0.640981
0.787927
0.357661
0.340005
0.496903
0.103042
0.300471
0.874110
0.704484
0.306500
0.704484
0.635244
0.088340
0.922090
0.310521
0.462365
0.766291
0.141156
0.566341
0.658394
0.999892
0.177160
0.401971
0.771705
0.721628
0.603471
0.535389
0.014169
0.603471
0.808960
0.147829
0.394742
0.658394
0.935597
0.543791
0.457201
0.884948
0.901408
0.496903
0.704484
0.713075
0.090535
0.695863
0.082732
0.603471
0.294528
0.024158
0.467559
0.421575
0.406779
0.387593
0.505064
0.084092
0.223587
0.470257
0.527033
0.527033
0.454542
0.084092
0.155897
0.962240
0.787927
0.793201
0.044581
0.612135
0.626544
0.793201
0.273514
0.566341
0.483494
0.157114
0.571972
0.527033
0.300471
0.446787
0.107244
0.496903
0.231634
0.801128
0.557828
0.916674
0.713075
0.735726
0.454542
0.304435
0.382926
0.779856
0.322949
0.098170
0.011106
0.055312
0.414138
0.394742
0.322949
0.000210
0.612135
0.029186
0.930673
0.153566
0.735726
0.250182
0.704484
0.199280
0.667094
0.935597
0.223587
0.735726
0.891273
0.749684
0.681504
0.557828
0.649688
0.940331
0.375911
0.223587
0.009822
0.362130
0.713075
0.049040
0.801128
0.727244
0.635244
0.557828
0.681504
0.603471
0.580543
0.496903
0.401971
0.704484
0.594827
0.310521
0.255445
0.874110
0.223587
0.135818
0.006637
0.475494
0.779856
0.387593
0.535389
0.117048
0.294528
0.357661
0.518727
0.947760
0.150086
0.375911
0.848789
0.056256
0.971109
0.001721
0.617854
0.340005
0.867378
0.829282
0.294528
0.681504
0.635244
0.357661
0.340005
0.994555
0.643949
0.375911
0.626544
0.594827
0.947760
0.527033
0.901408
0.153566
0.150086
