0.626544
0.749684
0.848789
0.640981
0.279144
0.549354
0.108955
0.300471
0.580543
0.907293
0.626544
0.357661
0.446787
0.399498
0.867378
0.264363
0.681504
0.426518
0.209600
0.640981
0.922090
0.771705
0.146673
0.426518
0.672823
0.549354
0.793201
0.867378
0.141156
0.441715
0.018706
0.672823
0.649688
0.891273
0.518727
0.808960
0.566341
0.436675
0.155897
0.241635
0.090535
0.916674
0.580543
0.491556
0.922090
0.008761
0.406779
0.901408
0.375911
0.991213
0.951979
0.779856
0.505064
0.100580
0.916674
0.316692
0.056256
0.124654
0.344325
0.364456
0.649688
0.362130
0.901408
0.649688
0.049040
0.414138
0.681504
0.808960
0.483494
0.434080
0.505064
0.475494
0.114294
0.159490
0.535389
0.137917
0.147829
0.922090
0.695863
0.594827
0.771705
0.475494
0.947760
0.454542
0.068911
0.860501
0.104694
0.446787
0.922090
0.475494
0.594827
0.496903
0.947760
0.557828
0.394742
0.801128
0.735726
0.860501
0.505064
0.821730
0.245003
0.306500
0.387593
0.658394
0.758020
0.649688
0.462365
0.940331
0.672823
0.446787
0.414138
0.320806
0.727244
0.571972
0.779856
0.275424
0.109849
0.387593
0.935597
0.467559
0.793201
0.049040
0.749684
0.672823
0.821730
0.821730
0.340005
0.690166
0.814067
0.426518
0.996919
0.475494
0.695863
0.718717
0.612135
0.878466
0.016595
0.672823
0.672823
0.922090
0.310521
0.718717
0.226757
0.901408
0.446787
0.446787
0.327120
0.549354
0.626544
0.801128
0.226757
0.672823
0.137917
0.930673
0.727244
0.967937
0.294528
0.380525
0.518727
0.518727
0.134742
0.380525
0.467559
0.749684
0.978604
0.446787
0.603471
0.380525
0.023291
0.284858
0.015845
0.344325
0.446787
0.808960
0.346575
0.375911
0.527033
0.841556
0.236593
0.695863
0.935597
0.223587
0.394742
0.441715
0.649688
0.549354
0.414138
0.199280
0.612135
0.829282
0.594827
0.027164
0.209600
0.884948
0.681504
0.394742
0.787927
0.884948
0.635244
0.320806
0.649688
0.527033
0.947760
0.462365
0.540922
0.571972
0.690166
0.658394
0.672823
0.758020
0.157114
0.549354
0.779856
0.406779
0.695863
0.935597
0.718717
0.603471
0.617854
0.316692
0.215763
0.916674
0.368979
0.426518
0.718717
0.589144
0.250182
0.848789
0.958545
0.206623
0.884948
0.320806
0.255445
0.022466
0.414138
0.698805
0.626544
0.357661
0.884948
0.557828
0.535389
0.350951
0.793201
0.304435
0.496903
0.320806
0.344325
0.496903
0.580543
0.288671
0.194957
0.169385
0.626544
0.209600
0.029186
0.368979
0.672823
0.426518
0.310521
0.580543
0.475494
0.273514
0.916674
0.727244
0.557828
0.173237
0.727244
0.462365
0.521553
0.112510
0.571972
0.563435
0.549354
0.649688
0.132684
0.264363
0.121744
0.505064
0.704484
0.681504
0.991213
0.166886
0.380525
0.241635
0.169385
0.406779
0.426518
0.617854
0.640981
0.086192
0.026438
0.829282
0.491556
0.594827
0.603471
0.226757
0.380525
0.635244
0.406779
0.821730
0.146673
0.406779
0.121744
0.801128
0.958545
0.190711
0.672823
0.779856
0.462365
0.320806
0.640981
0.535389
0.426518
0.848789
0.380525
0.617854
0.401971
0.867378
0.290658
0.996919
0.080707
0.169385
0.571972
0.589144
0.114294
0.467559
0.758020
0.496903
0.612135
0.978604
0.214182
0.704484
0.658394
0.153566
0.989675
0.771705
0.245003
0.380525
0.322949
0.049886
0.202171
0.779856
0.414138
0.362130
0.549354
0.143326
0.218844
0.387593
0.771705
0.787927
0.527033
0.749684
0.161896
0.483494
0.940331
0.787927
0.860501
0.414138
0.626544
0.322949
0.320806
0.362130
0.540922
0.454542
0.146673
0.362130
0.483494
0.549354
0.867378
0.518727
0.175815
0.070065
0.337784
0.829282
0.226757
0.333520
0.681504
0.571972
0.399498
0.434080
0.434080
0.108955
0.258960
0.462365
0.327120
0.106369
0.304435
0.095811
0.183833
0.841556
0.848789
0.467559
0.549354
0.718717
0.549354
0.935597
0.245003
0.426518
0.399498
0.467559
0.922090
0.571972
0.253642
0.907293
0.540922
0.594827
0.211153
0.344325
0.333520
0.475494
0.496903
0.821730
0.527033
0.143326
0.496903
0.571972
0.735726
0.594827
0.288671
0.446787
0.617854
0.841556
0.951979
0.935597
0.173237
0.580543
0.038764
0.186540
0.978604
0.190711
0.681504
0.236593
0.114294
0.441715
0.153566
0.927324
0.727244
0.901408
0.935597
0.594827
0.505064
0.626544
0.333520
0.713075
0.821730
0.320806
0.483494
0.640981
0.462365
0.594827
0.284858
0.236593
0.793201
0.446787
0.333520
0.958545
0.779856
0.327120
0.333520
0.704484
0.884948
0.829282
0.306500
0.860501
0.344325
0.258960
0.626544
0.603471
0.626544
0.998868
0.143326
0.727244
0.214182
0.264363
0.467559
0.269851
0.749684
0.186540
0.165605
0.535389
0.211153
0.821730
0.907293
0.340005
0.304435
0.518727
0.771705
0.273514
0.801128
0.635244
0.580543
0.935597
0.290658
0.260793
0.841556
0.505064
0.475494
0.626544
0.333520
0.143326
0.901408
0.380525
0.209600
0.401971
0.300471
0.414138
0.518727
0.735726
0.141156
0.106369
0.617854
0.617854
0.475494
0.304435
0.829282
0.333520
0.672823
0.518727
0.082037
0.414138
0.294528
0.821730
0.635244
0.320806
0.117048
0.594827
0.672823
0.589144
0.518727
0.057215
0.513281
0.053907
0.667094
0.821730
0.758020
0.320806
0.236593
0.190711
0.368979
0.922090
0.401971
0.387593
0.801128
0.658394
0.713075
0.496903
0.076791
0.713075
0.626544
0.821730
0.454542
0.841556
0.617854
0.327120
0.518727
0.088340
0.848789
0.603471
0.771705
0.518727
0.727244
0.695863
0.414138
0.771705
0.829282
0.640981
0.704484
0.640981
0.194957
0.518727
0.672823
0.935597
0.026438
0.350951
0.962240
0.543791
