0.087602
0.175815
0.518727
0.197797
0.821730
0.563435
0.202171
0.540922
0.350951
0.267971
0.320806
0.406779
0.304435
0.085471
0.727244
0.399498
0.106369
0.344325
0.617854
0.426518
0.406779
0.380525
0.253642
0.867378
0.344325
0.475494
0.695863
0.206623
0.467559
0.518727
0.434080
0.527033
0.380525
0.462365
0.258960
0.518727
0.380525
0.320806
0.766291
0.446787
0.131630
0.867378
0.253642
0.971109
0.310521
0.540922
0.304435
0.467559
0.841556
0.337784
0.771705
0.749684
0.718717
0.901408
0.571972
0.771705
0.649688
0.258960
0.362130
0.603471
0.434080
0.518727
0.221961
0.571972
0.766291
0.467559
0.202171
0.288671
0.483494
0.718717
0.197797
0.690166
0.640981
0.169385
0.467559
0.076791
0.108955
0.320806
0.829282
0.549354
0.279144
0.241635
0.518727
0.617854
0.958545
0.320806
0.540922
0.603471
0.640981
0.380525
0.337784
0.046554
0.801128
0.496903
0.279144
0.518727
0.549354
0.518727
0.462365
0.062816
0.589144
0.414138
0.994555
0.947760
0.612135
0.406779
0.535389
0.727244
0.557828
0.401971
0.035180
0.958545
0.527033
0.421575
0.320806
0.401971
0.571972
0.475494
0.045355
0.333520
0.640981
0.092008
0.350951
0.626544
0.749684
0.255445
0.930673
0.695863
0.496903
0.793201
0.518727
0.821730
0.549354
0.571972
0.406779
0.727244
0.350951
0.571972
0.387593
0.771705
0.626544
0.245003
0.672823
0.380525
0.126604
0.901408
0.821730
0.221961
0.362130
0.518727
0.749684
0.050745
0.518727
0.488801
0.930673
0.380525
0.626544
0.253642
0.140045
0.958545
0.304435
0.496903
0.399498
0.380525
0.131630
0.221961
0.267971
0.152372
0.841556
0.589144
0.387593
0.549354
0.540922
0.073672
0.454542
0.626544
0.901408
0.441715
0.253642
0.241635
0.836720
0.236593
0.978604
0.258960
0.350951
0.860501
0.580543
0.475494
0.974087
0.658394
0.922090
0.916674
0.273514
0.039445
0.368979
0.594827
0.197797
0.368979
0.273514
0.253642
0.681504
0.658394
0.446787
0.273514
0.594827
0.344325
0.267971
0.821730
0.454542
0.179787
0.649688
0.304435
0.704484
0.467559
0.106369
0.793201
0.727244
0.801128
0.594827
0.549354
0.132684
0.681504
0.801128
0.380525
0.704484
0.617854
0.649688
0.505064
0.617854
0.394742
0.446787
0.808960
0.518727
0.134742
0.884948
0.518727
0.958545
0.061238
0.549354
0.467559
0.626544
0.267971
0.380525
0.406779
0.916674
0.264363
0.209600
0.320806
0.106369
0.640981
0.344325
0.340005
0.414138
0.901408
0.540922
0.304435
0.344325
0.171915
0.727244
0.594827
0.320806
0.320806
0.267971
0.771705
0.571972
0.571972
0.580543
0.333520
0.475494
0.155897
0.695863
0.454542
0.626544
0.884948
0.467559
0.695863
0.801128
0.320806
0.434080
0.649688
0.117048
0.617854
0.194957
0.111596
0.793201
0.294528
0.718717
0.922090
0.704484
0.221961
0.446787
0.426518
0.414138
0.594827
0.054829
0.518727
0.549354
0.362130
0.518727
0.362130
0.337784
0.018196
0.106369
0.867378
0.907293
0.884948
0.518727
0.380525
0.380525
0.749684
0.300471
0.841556
0.649688
0.695863
0.394742
0.414138
0.695863
0.226757
0.399498
0.496903
0.580543
0.821730
0.989675
0.320806
0.626544
0.245003
0.727244
0.344325
0.681504
0.288671
0.848789
0.399498
0.640981
0.190711
0.446787
0.387593
0.304435
0.058699
0.197797
0.626544
0.626544
0.239907
0.304435
0.535389
0.111596
0.013909
0.434080
0.121744
0.727244
0.214182
0.758020
0.801128
0.860501
0.749684
0.571972
0.884948
0.304435
0.935597
0.214182
0.161896
0.171915
0.771705
0.197797
0.446787
0.617854
0.084092
0.320806
0.540922
0.467559
0.380525
0.617854
0.294528
0.518727
0.126604
0.672823
0.221961
0.333520
0.304435
0.310521
0.718717
0.304435
0.406779
0.197797
0.159490
0.267971
0.106369
0.226757
0.640981
0.594827
0.071848
0.320806
0.221961
0.860501
0.320806
0.209600
0.518727
0.310521
0.140045
0.123655
0.901408
0.467559
0.143326
0.626544
0.672823
0.467559
0.134742
0.123655
0.161896
0.426518
0.294528
0.617854
0.362130
0.594827
0.434080
0.467559
0.695863
0.860501
0.426518
0.563435
0.695863
0.672823
0.434080
0.362130
0.672823
0.241635
0.626544
0.434080
0.649688
0.214182
0.749684
0.362130
0.231634
0.829282
0.380525
0.916674
0.362130
0.434080
0.333520
0.793201
0.518727
0.916674
0.518727
0.063876
0.518727
0.434080
0.375911
0.571972
0.758020
0.190711
0.617854
0.829282
0.258960
0.695863
0.749684
0.253642
0.860501
0.426518
0.062816
0.518727
0.223587
0.496903
0.867378
0.171915
0.563435
0.085471
0.344325
0.649688
0.218844
0.462365
0.571972
0.304435
0.518727
0.594827
0.594827
0.749684
0.446787
0.518727
0.821730
0.344325
0.197797
0.617854
0.267971
0.449423
0.901408
0.406779
0.300471
0.563435
0.209600
0.557828
0.320806
0.594827
0.930673
0.505064
0.429087
0.288671
0.771705
0.801128
0.106369
0.171915
0.226757
0.446787
0.209600
0.267971
0.787927
0.462365
0.884948
0.304435
0.801128
0.316692
0.749684
0.454542
0.540922
0.518727
0.161896
0.540922
0.344325
0.649688
0.426518
0.695863
0.617854
0.603471
0.594827
0.171915
0.704484
0.571972
0.239907
0.640981
0.288671
0.294528
0.267971
0.695863
0.344325
0.571972
0.446787
0.123655
0.947760
0.571972
0.695863
0.169385
0.406779
0.446787
0.214182
0.540922
0.221961
0.333520
0.672823
0.209600
0.563435
0.617854
0.399498
0.672823
0.496903
0.197797
0.884948
0.749684
0.603471
0.860501
0.626544
0.801128
0.197797
0.171915
0.672823
0.483494
0.727244
0.375911
0.930673
0.649688
0.518727
0.011640
0.226757
0.749684
0.640981
0.475494
0.518727
0.475494
0.414138
