0.475494
0.165605
0.362130
0.718717
0.226757
0.793201
0.496903
0.320806
0.594827
0.426518
0.916674
0.080027
0.253642
0.640981
0.793201
0.695863
0.518727
0.399498
0.860501
0.518727
0.320806
0.123655
0.041207
0.718717
0.387593
0.571972
0.571972
0.026195
0.226757
0.327120
0.513281
0.518727
0.310521
0.454542
0.131630
0.841556
0.640981
0.617854
0.718717
0.640981
0.563435
0.617854
0.617854
0.304435
0.304435
0.171915
0.239907
0.540922
0.362130
0.594827
0.535389
0.132684
0.467559
0.387593
0.878466
0.179787
0.566341
0.771705
0.617854
0.891273
0.190711
0.848789
0.571972
0.930673
0.984769
0.626544
0.414138
0.462365
0.603471
0.214182
0.209600
0.801128
0.137917
0.549354
0.350951
0.916674
0.540922
0.333520
0.749684
0.171915
0.557828
0.054829
0.399498
0.640981
0.947760
0.209600
0.126604
0.414138
0.446787
0.209600
0.344325
0.362130
0.527033
0.594827
0.518727
0.264363
0.258960
0.617854
0.304435
0.518727
0.250182
0.540922
0.073672
0.994555
0.540922
0.134742
0.143326
0.239907
0.362130
0.749684
0.250182
0.867378
0.320806
0.165605
0.446787
0.771705
0.617854
0.771705
0.223587
0.387593
0.327120
0.273514
0.304435
0.540922
0.793201
0.603471
0.197797
0.930673
0.446787
0.387593
0.406779
0.771705
0.984769
0.467559
0.496903
0.267971
0.446787
0.467559
0.475494
0.231634
0.860501
0.695863
0.406779
0.304435
0.718717
0.467559
0.467559
0.209600
0.209600
0.186540
0.320806
0.320806
0.015695
0.221961
0.617854
0.446787
0.434080
0.320806
0.016438
0.467559
0.380525
0.467559
0.221961
0.171915
0.116102
0.131630
0.496903
0.320806
0.821730
0.958545
0.967937
0.672823
0.255445
0.793201
0.316692
0.273514
0.053435
0.907293
0.001172
0.557828
0.329292
0.735726
0.454542
0.935597
0.617854
0.672823
0.672823
0.446787
0.749684
0.171915
0.362130
0.771705
0.901408
0.084092
0.197797
0.380525
0.695863
0.935597
0.050745
0.171915
0.467559
0.126604
0.362130
0.672823
0.175815
0.085471
0.175815
0.267971
0.267971
0.085471
0.467559
0.344325
0.080027
0.380525
0.617854
0.380525
0.475494
0.496903
0.267971
0.375911
0.165605
0.337784
0.304435
0.337784
0.175815
0.695863
0.320806
0.062816
0.749684
0.518727
0.681504
0.860501
0.059696
0.884948
0.603471
0.039445
0.380525
0.571972
0.245003
0.171915
0.496903
0.399498
0.571972
0.304435
0.362130
0.496903
0.304435
0.718717
0.226757
0.190711
0.320806
0.399498
0.793201
0.082037
0.518727
0.134742
0.399498
0.320806
0.362130
0.446787
0.253642
0.098170
0.640981
0.197797
0.496903
0.704484
0.467559
0.320806
0.695863
0.454542
0.808960
0.362130
0.214182
0.860501
0.245003
0.935597
0.571972
0.134742
0.264363
0.695863
0.718717
0.916674
0.594827
0.718717
0.801128
0.563435
0.344325
0.749684
0.375911
0.253642
0.527033
0.617854
0.475494
0.860501
0.454542
0.540922
0.735726
0.300471
0.571972
0.171915
0.161896
0.380525
0.594827
0.387593
0.267971
0.947760
0.467559
0.571972
0.518727
0.771705
0.563435
0.793201
0.273514
0.496903
0.197797
0.649688
0.617854
0.603471
0.681504
0.253642
0.253642
0.426518
0.821730
0.467559
0.884948
0.549354
0.114294
0.239907
0.320806
0.258960
0.454542
0.320806
0.821730
0.320806
0.304435
0.320806
0.344325
0.161896
0.771705
0.793201
0.179787
0.518727
0.571972
0.518727
0.434080
0.194957
0.446787
0.183833
0.226757
0.446787
0.695863
0.362130
0.540922
0.421575
0.571972
0.269851
0.749684
0.930673
0.171915
0.518727
0.186540
0.446787
0.267971
0.106369
0.279144
0.357661
0.085471
0.171915
0.258960
0.267971
0.221961
0.140045
0.070065
0.380525
0.226757
0.467559
0.718717
0.140045
0.152372
0.161896
0.617854
0.059696
0.239907
0.640981
0.294528
0.518727
0.454542
0.197797
0.253642
0.273514
0.426518
0.779856
0.426518
0.380525
0.672823
0.362130
0.304435
0.179787
0.159490
0.518727
0.202171
0.718717
0.253642
0.467559
0.202171
0.380525
0.197797
0.171915
0.231634
0.245003
0.320806
0.304435
0.594827
0.527033
0.267971
0.344325
0.288671
0.496903
0.860501
0.821730
0.253642
0.387593
0.239907
0.226757
0.617854
0.640981
0.594827
0.399498
0.626544
0.446787
0.273514
0.718717
0.171915
0.116102
0.146673
0.333520
0.362130
0.406779
0.002061
0.821730
0.080027
0.118894
0.549354
0.475494
0.766291
0.505064
0.571972
0.626544
0.116102
0.640981
0.594827
0.801128
0.446787
0.344325
0.320806
0.399498
0.406779
0.549354
0.380525
0.380525
0.594827
0.848789
0.935597
0.186540
0.540922
0.294528
0.253642
0.273514
0.446787
0.821730
0.475494
0.380525
0.035180
0.540922
0.171915
0.571972
0.186540
0.085471
0.253642
0.239907
0.085471
0.594827
0.557828
0.749684
0.426518
0.617854
0.362130
0.488801
0.434080
0.947760
0.527033
0.310521
0.860501
0.801128
0.362130
0.320806
0.103042
0.947760
0.406779
0.841556
0.380525
0.171915
0.368979
0.594827
0.695863
0.165605
0.253642
0.821730
0.327120
0.380525
0.540922
0.152372
0.209600
0.169385
0.603471
0.989675
0.273514
0.304435
0.304435
0.779856
0.971109
0.426518
0.171915
0.387593
0.175815
0.320806
0.380525
0.288671
0.267971
0.310521
0.771705
0.617854
0.563435
0.226757
0.310521
0.467559
0.718717
0.540922
0.672823
0.462365
0.197797
0.467559
0.527033
0.327120
0.279144
0.344325
0.496903
0.123655
0.617854
0.327120
0.221961
0.344325
0.231634
0.273514
0.206623
0.884948
0.414138
0.327120
0.549354
0.467559
0.267971
0.540922
0.273514
0.672823
0.171915
0.253642
0.306500
0.580543
0.930673
0.695863
0.095811
0.496903
0.518727
0.441715
0.344325
0.649688
