0.037752
0.821730
0.672823
0.698805
0.836720
0.064990
0.104694
0.434080
0.000500
0.057717
0.658394
0.535389
0.758020
0.414138
0.483494
0.603471
0.695863
0.521553
0.758020
0.368979
0.129613
0.749684
0.068911
0.199280
0.260793
0.884948
0.848789
0.139014
0.000976
0.543791
0.836720
0.758020
0.880693
0.478214
0.470257
0.449423
0.901408
0.086192
0.549354
0.907293
0.165605
0.055312
0.215763
0.462365
0.620815
0.027164
0.922090
0.543791
0.080707
0.215763
0.978604
0.962240
0.236593
0.007593
0.327120
0.357661
0.891273
0.735726
0.177160
0.304435
0.260793
0.022258
0.483494
0.109849
0.535389
0.072465
0.470257
0.801128
0.406779
0.434080
0.713075
0.907293
0.518727
0.491556
0.766291
0.978604
0.499678
0.978604
0.704484
0.557828
0.446787
0.033659
0.421575
0.974087
0.690166
0.157114
0.040864
0.658394
0.787927
0.841556
0.935597
0.199280
0.382926
0.294528
0.255445
0.163153
0.603471
0.296545
0.513281
0.589144
0.549354
0.088340
0.766291
0.681504
0.241635
0.183833
0.884948
0.594827
0.658394
0.589144
0.744157
0.978604
0.008597
0.434080
0.005013
0.974087
0.340005
0.004637
0.375911
0.394742
0.891273
0.891273
0.344325
0.223587
0.907293
0.580543
0.884948
0.441715
0.808960
0.675784
0.690166
0.808960
0.258960
0.414138
0.084803
0.612135
0.141156
0.535389
0.150086
0.505064
0.496903
0.891273
0.884948
0.681504
0.499678
0.603471
0.704484
0.382926
0.426518
0.364456
0.704484
0.483494
0.758020
0.594827
0.779856
0.004372
0.357661
0.779856
0.454542
0.947760
0.241635
0.612135
0.454542
0.223587
0.821730
0.535389
0.250182
0.571972
0.258960
0.940331
0.735726
0.063362
0.735726
0.483494
0.940331
0.744157
0.390021
0.483494
0.357661
0.496903
0.626544
0.612135
0.090535
0.527033
0.357661
0.535389
0.344325
0.891273
0.077446
0.821730
0.375911
0.150086
0.414138
0.713075
0.066084
0.626544
0.021268
0.414138
0.816691
0.935597
0.094284
0.163153
0.658394
0.793201
0.429087
0.667094
0.255445
0.947760
0.103042
0.371333
0.255445
0.907293
0.626544
0.713075
0.672823
0.368979
0.147829
0.658394
0.132684
0.218844
0.589144
0.153566
0.241635
0.406779
0.027164
0.316692
0.421575
0.241635
0.589144
0.300471
0.947760
0.470257
0.214182
0.228410
0.017063
0.275424
0.284858
0.199280
0.173237
0.574890
0.643949
0.441715
0.163153
0.223587
0.344325
0.264363
0.626544
0.194957
0.300471
0.612135
0.208158
0.635244
0.808960
0.867378
0.874110
0.294528
0.535389
0.387593
0.626544
0.241635
0.166886
0.635244
0.496903
0.316692
0.387593
0.907293
0.667094
0.019230
0.499678
0.552238
0.211153
0.626544
0.119859
0.829282
0.635244
0.340005
0.187953
0.681504
0.327120
0.867378
0.014711
0.829282
0.758020
0.483494
0.357661
0.475494
0.549354
0.426518
0.008847
0.667094
0.199280
0.030518
0.147829
0.429087
0.255445
0.999575
0.749684
0.057717
0.269851
0.841556
0.808960
0.483494
0.067775
0.981075
0.064431
0.016595
0.916674
0.346575
0.801128
0.001310
0.159490
0.255445
0.771705
0.375911
0.667094
0.829282
0.033071
0.907293
0.543791
0.241635
0.462365
0.069506
0.409279
0.643949
0.164417
0.690166
0.626544
0.007739
0.874110
0.098985
0.194957
0.787927
0.387593
0.589144
0.867378
0.294528
0.163153
0.084092
0.612135
0.935597
0.566341
0.159490
0.264363
0.535389
0.284858
0.082732
0.267971
0.672823
0.100580
0.449423
0.001421
0.829282
0.922090
0.241635
0.144460
0.549354
0.505064
0.571972
0.177160
0.922090
0.375911
0.603471
0.150086
0.589144
0.002645
0.505064
0.010009
0.841556
0.327120
0.580543
0.855893
0.375911
0.052535
0.429087
0.414138
0.922090
0.808960
0.150086
0.913005
0.940331
0.727244
0.300471
0.166886
0.215763
0.713075
0.829282
0.874110
0.891273
0.848789
0.580543
0.375911
0.357661
0.214182
0.594827
0.294528
0.166886
0.088340
0.901408
0.594827
0.821730
0.327120
0.203680
0.401971
0.141156
0.397198
0.978604
0.727244
0.672823
0.364456
0.901408
0.275424
0.829282
0.130653
0.994555
0.848789
0.793201
0.281082
0.104694
0.612135
0.735726
0.107244
0.414138
0.382926
0.566341
0.848789
0.063362
0.735726
0.951979
0.557828
0.971109
0.557828
0.527033
0.594827
0.215763
0.034568
0.112510
0.626544
0.947760
0.758020
0.521553
0.255445
0.051194
0.199280
0.808960
0.350951
0.169385
0.787927
0.223587
0.086919
0.300471
0.211153
0.779856
0.016595
0.284858
0.236593
0.023508
0.758020
0.951979
0.626544
0.626544
0.978604
0.713075
0.211153
0.190711
0.290658
0.626544
0.907293
0.557828
0.704484
0.124654
0.901408
0.441715
0.891273
0.284858
0.434080
0.203680
0.080707
0.658394
0.521553
0.066084
0.094284
0.050328
0.513281
0.779856
0.124654
0.250182
0.535389
0.557828
0.735726
0.801128
0.449423
0.603471
0.004503
0.505064
0.594827
0.513281
0.735726
0.727244
0.475494
0.787927
0.255445
0.211153
0.518727
0.007593
0.681504
0.935597
0.406779
0.612135
0.513281
0.841556
0.907293
0.429087
0.527033
0.135818
0.735726
0.829282
0.758020
0.626544
0.001620
0.060217
0.947760
0.930673
0.713075
0.704484
0.124654
0.704484
0.744157
0.744157
0.867378
0.368979
0.855893
0.250182
0.062816
0.304435
0.084803
0.787927
0.098985
0.580543
0.013909
0.312615
0.011974
0.017063
0.571972
0.626544
0.470257
0.426518
0.884948
0.078727
0.434080
0.744157
0.169385
0.580543
0.962240
0.891273
0.779856
0.499678
0.000696
0.401971
0.940331
0.891273
0.290658
0.713075
0.454542
0.483494
0.735726
0.001636
0.713075
0.462365
0.758020
0.421575
0.011974
0.284858
0.874110
0.758020
0.704484
0.005262
