0.649688
0.535389
0.617854
0.841556
0.860501
0.124654
0.087602
0.190711
0.434080
0.132684
0.518727
0.004246
0.718717
0.721628
0.421575
0.821730
0.626544
0.916674
0.387593
0.131630
0.518727
0.475494
0.155897
0.571972
0.316692
0.294528
0.749684
0.860501
0.749684
0.635244
0.126604
0.658394
0.169385
0.019768
0.540922
0.695863
0.860501
0.025731
0.749684
0.549354
0.387593
0.223587
0.626544
0.713075
0.540922
0.557828
0.226757
0.617854
0.557828
0.667094
0.884948
0.387593
0.603471
0.727244
0.255445
0.594827
0.300471
0.199280
0.801128
0.475494
0.658394
0.594827
0.771705
0.310521
0.496903
0.518727
0.649688
0.612135
0.350951
0.771705
0.446787
0.749684
0.496903
0.594827
0.594827
0.787927
0.801128
0.829282
0.744157
0.104694
0.848789
0.681504
0.860501
0.860501
0.626544
0.749684
0.704484
0.535389
0.197797
0.549354
0.258960
0.233315
0.617854
0.380525
0.226757
0.255445
0.801128
0.626544
0.357661
0.394742
0.884948
0.236593
0.245003
0.771705
0.787927
0.399498
0.603471
0.521553
0.626544
0.273514
0.320806
0.183833
0.978604
0.434080
0.635244
0.907293
0.658394
0.304435
0.316692
0.681504
0.467559
0.779856
0.513281
0.766291
0.779856
0.907293
0.860501
0.704484
0.978604
0.304435
0.727244
0.672823
0.749684
0.518727
0.771705
0.672823
0.571972
0.070668
0.454542
0.304435
0.922090
0.594827
0.169385
0.749684
0.505064
0.518727
0.884948
0.434080
0.518727
0.617854
0.505064
0.617854
0.380525
0.426518
0.294528
0.434080
0.884948
0.121744
0.362130
0.380525
0.518727
0.454542
0.171915
0.190711
0.258960
0.362130
0.239907
0.175815
0.333520
0.891273
0.104694
0.166886
0.549354
0.958545
0.214182
0.571972
0.922090
0.206623
0.594827
0.426518
0.901408
0.821730
0.294528
0.483494
0.603471
0.273514
0.672823
0.580543
0.226757
0.475494
0.793201
0.467559
0.362130
0.549354
0.362130
0.878466
0.922090
0.126604
0.337784
0.467559
0.327120
0.860501
0.793201
0.038764
0.916674
0.571972
0.594827
0.649688
0.241635
0.454542
0.344325
0.333520
0.758020
0.860501
0.171915
0.496903
0.821730
0.749684
0.475494
0.333520
0.067775
0.874110
0.344325
0.801128
0.727244
0.223587
0.749684
0.916674
0.891273
0.557828
0.223587
0.704484
0.571972
0.426518
0.350951
0.236593
0.884948
0.594827
0.771705
0.194957
0.518727
0.414138
0.571972
0.255445
0.000756
0.749684
0.218844
0.253642
0.649688
0.984769
0.194957
0.475494
0.080707
0.978604
0.518727
0.362130
0.239907
0.426518
0.821730
0.704484
0.177160
0.749684
0.475494
0.387593
0.529876
0.350951
0.829282
0.518727
0.704484
0.245003
0.860501
0.316692
0.649688
0.658394
0.821730
0.132684
0.978604
0.106369
0.749684
0.704484
0.735726
0.082732
0.841556
0.294528
0.643949
0.327120
0.649688
0.984769
0.446787
0.387593
0.141156
0.640981
0.406779
0.175815
0.549354
0.695863
0.907293
0.394742
0.446787
0.434080
0.640981
0.288671
0.749684
0.357661
0.566341
0.322949
0.505064
0.118894
0.735726
0.907293
0.771705
0.571972
0.874110
0.206623
0.935597
0.727244
0.344325
0.150086
0.387593
0.155897
0.421575
0.123655
0.916674
0.793201
0.475494
0.518727
0.884948
0.749684
0.841556
0.171915
0.549354
0.197797
0.549354
0.958545
0.273514
0.449423
0.434080
0.978604
0.046554
0.294528
0.667094
0.316692
0.981075
0.617854
0.288671
0.475494
0.626544
0.483494
0.571972
0.808960
0.264363
0.758020
0.218844
0.848789
0.047782
0.965738
0.368979
0.860501
0.801128
0.649688
0.171915
0.304435
0.454542
0.626544
0.320806
0.294528
0.320806
0.617854
0.294528
0.704484
0.518727
0.540922
0.704484
0.406779
0.860501
0.978604
0.891273
0.441715
0.841556
0.454542
0.288671
0.304435
0.226757
0.549354
0.704484
0.215763
0.518727
0.793201
0.135818
0.387593
0.049886
0.320806
0.727244
0.320806
0.350951
0.414138
0.273514
0.226757
0.727244
0.316692
0.183833
0.549354
0.421575
0.860501
0.640981
0.549354
0.771705
0.273514
0.540922
0.505064
0.454542
0.467559
0.649688
0.821730
0.406779
0.075538
0.245003
0.161896
0.387593
0.727244
0.749684
0.758020
0.971109
0.801128
0.316692
0.434080
0.580543
0.250182
0.841556
0.245003
0.978604
0.801128
0.279144
0.571972
0.513281
0.779856
0.801128
0.394742
0.470257
0.549354
0.521553
0.860501
0.454542
0.821730
0.406779
0.922090
0.368979
0.735726
0.704484
0.527033
0.580543
0.159490
0.617854
0.518727
0.082732
0.617854
0.557828
0.239907
0.649688
0.681504
0.681504
0.310521
0.571972
0.549354
0.190711
0.649688
0.735726
0.245003
0.279144
0.848789
0.380525
0.779856
0.446787
0.801128
0.540922
0.518727
0.344325
0.563435
0.202171
0.626544
0.163153
0.626544
0.695863
0.475494
0.649688
0.518727
0.267971
0.626544
0.535389
0.518727
0.279144
0.891273
0.454542
0.518727
0.380525
0.947760
0.390021
0.749684
0.594827
0.640981
0.787927
0.304435
0.771705
0.947760
0.749684
0.467559
0.965738
0.446787
0.060217
0.549354
0.704484
0.884948
0.749684
0.102197
0.344325
0.021656
0.841556
0.690166
0.141156
0.758020
0.749684
0.649688
0.399498
0.190711
0.540922
0.294528
0.878466
0.245003
0.446787
0.221961
0.922090
0.496903
0.434080
0.779856
0.327120
0.672823
0.735726
0.681504
0.143326
0.231634
0.475494
0.749684
0.446787
0.197797
0.801128
0.406779
0.841556
0.171915
0.580543
0.749684
0.294528
0.922090
0.143326
0.935597
0.483494
0.947760
0.527033
0.406779
0.566341
0.362130
0.603471
0.841556
0.496903
0.446787
0.901408
0.310521
0.279144
0.727244
0.310521
0.640981
0.571972
0.640981
0.467559
0.467559
0.454542
0.124654
