0.617854
0.329292
0.574890
0.255445
0.727244
0.574890
0.441715
0.505064
0.046970
0.944872
0.223587
0.940331
0.470257
0.357661
0.594827
0.907293
0.192150
0.491556
0.421575
0.052535
0.612135
0.829282
0.574890
0.264363
0.025274
0.483494
0.269851
0.260793
0.382926
0.635244
0.421575
0.483494
0.635244
0.255445
0.135818
0.667094
0.649688
0.364456
0.543791
0.333520
0.426518
0.597771
0.913005
0.014711
0.166886
0.357661
0.449423
0.643949
0.245003
0.947760
0.322949
0.401971
0.998868
0.744157
0.913005
0.808960
0.121744
0.643949
0.557828
0.269851
0.829282
0.470257
0.203680
0.382926
0.620815
0.269851
0.357661
0.947760
0.060217
0.779856
0.658394
0.880693
0.704484
0.874110
0.133745
0.907293
0.100580
0.808960
0.758020
0.329292
0.322949
0.801128
0.897436
0.090535
0.681504
0.401971
0.258960
0.187953
0.735726
0.151265
0.340005
0.013276
0.159490
0.758020
0.801128
0.353229
0.667094
0.935597
0.496903
0.758020
0.117048
0.499678
0.135818
0.991213
0.841556
0.491556
0.112510
0.821730
0.829282
0.027164
0.284858
0.758020
0.947760
0.069506
0.580543
0.667094
0.155897
0.543791
0.401971
0.153566
0.446787
0.535389
0.364456
0.004637
0.003289
0.357661
0.658394
0.505064
0.255445
0.294528
0.117048
0.505064
0.566341
0.658394
0.667094
0.449423
0.597771
0.758020
0.333520
0.264363
0.025274
0.978604
0.394742
0.021268
0.643949
0.118894
0.015409
0.974087
0.236593
0.787927
0.072465
0.566341
0.375911
0.269851
0.658394
0.913005
0.787927
0.867378
0.758020
0.231634
0.082732
0.483494
0.375911
0.566341
0.014711
0.294528
0.612135
0.153566
0.296545
0.779856
0.505064
0.986757
0.290658
0.364456
0.513281
0.010009
0.306500
0.713075
0.649688
0.284858
0.681504
0.316692
0.808960
0.300471
0.066084
0.187953
0.499678
0.421575
0.054829
0.279144
0.449423
0.758020
0.589144
0.211153
0.594827
0.269851
0.690166
0.340005
0.727244
0.978604
0.264363
0.994555
0.867378
0.034568
0.153566
0.322949
0.236593
0.727244
0.704484
0.119859
0.023508
0.011753
0.211153
0.612135
0.735726
0.543791
0.322949
0.082732
0.801128
0.766291
0.951979
0.704484
0.279144
0.098985
0.004288
0.513281
0.346575
0.300471
0.429087
0.421575
0.891273
0.147829
0.491556
0.779856
0.350951
0.127623
0.690166
0.491556
0.690166
0.513281
0.617854
0.008597
0.371333
0.589144
0.426518
0.173237
0.787927
0.406779
0.001059
0.401971
0.350951
0.364456
0.991213
0.496903
0.513281
0.090535
0.766291
0.153566
0.090535
0.681504
0.130653
0.436675
0.357661
0.066084
0.284858
0.713075
0.658394
0.704484
0.513281
0.029186
0.801128
0.025274
0.290658
0.779856
0.135818
0.187953
0.275424
0.940331
0.974087
0.597771
0.421575
0.867378
0.958545
0.735726
0.061772
0.058699
0.860501
0.003666
0.077446
0.223587
0.132684
0.483494
0.766291
0.951979
0.177160
0.766291
0.357661
0.787927
0.991213
0.658394
0.346575
0.758020
0.808960
0.766291
0.787927
0.527033
0.177160
0.735726
0.758020
0.836720
0.643949
0.117048
0.059212
0.848789
0.019230
0.935597
0.401971
0.241635
0.177160
0.031348
0.394742
0.206623
0.947760
0.364456
0.704484
0.744157
0.260793
0.057717
0.006511
0.173237
0.483494
0.346575
0.787927
0.643949
0.223587
0.749684
0.434080
0.589144
0.375911
0.246759
0.144460
0.643949
0.947760
0.779856
0.096609
0.012907
0.779856
0.513281
0.848789
0.255445
0.013276
0.801128
0.727244
0.491556
0.084803
0.003099
0.808960
0.801128
0.989675
0.258960
0.169385
0.848789
0.196422
0.357661
0.177160
0.017543
0.197797
0.535389
0.170690
0.491556
0.801128
0.667094
0.112510
0.801128
0.675784
0.535389
0.079397
0.589144
0.434080
0.801128
0.594827
0.981075
0.043818
0.223587
0.401971
0.549354
0.139014
0.368979
0.114294
0.203680
0.192150
0.454542
0.907293
0.016293
0.580543
0.543791
0.429087
0.549354
0.406779
0.727244
0.808960
0.491556
0.194957
0.382926
0.327120
0.079397
0.290658
0.127623
0.090535
0.454542
0.015409
0.867378
0.658394
0.855893
0.566341
0.177160
0.758020
0.557828
0.038764
0.088340
0.535389
0.779856
0.000682
0.795913
0.658394
0.801128
0.978604
0.037099
0.037099
0.695863
0.139014
0.658394
0.681504
0.901408
0.157114
0.441715
0.150086
0.643949
0.057717
0.382926
0.436675
0.153566
0.046970
0.658394
0.333520
0.441715
0.462365
0.535389
0.255445
0.177160
0.103042
0.594827
0.491556
0.947760
0.991213
0.269851
0.758020
0.275424
0.153566
0.713075
0.667094
0.704484
0.855893
0.275424
0.187953
0.704484
0.735726
0.483494
0.000779
0.170690
0.566341
0.206623
0.387593
0.333520
0.962240
0.027164
0.181158
0.275424
0.658394
0.787927
0.749684
0.002950
0.004868
0.867378
0.025274
0.491556
0.132684
0.002189
0.340005
0.241635
0.836720
0.672823
0.467559
0.119859
0.199280
0.096609
0.017063
0.211153
0.135818
0.667094
0.011974
0.306500
0.157114
0.067775
0.187953
0.922090
0.594827
0.704484
0.907293
0.766291
0.626544
0.029186
0.067775
0.462365
0.727244
0.077446
0.787927
0.024596
0.884948
0.429087
0.589144
0.521553
0.635244
0.163153
0.867378
0.070668
0.935597
0.690166
0.284858
0.371333
0.275424
0.947760
0.848789
0.958545
0.048208
0.068911
0.483494
0.346575
0.527033
0.166886
0.329292
0.375911
0.375911
0.255445
0.649688
0.552238
0.310521
0.020692
0.170690
0.070668
0.704484
0.109849
0.527033
0.535389
0.018706
0.557828
0.045761
0.998463
0.860501
0.518727
0.163153
0.971109
0.231634
0.025274
0.236593
0.643949
0.163153
0.658394
0.597771
0.927324
0.394742
0.874110
0.947760
0.183833
0.758020
0.527033
