0.163153
0.505064
0.749684
0.884948
0.496903
0.620815
0.496903
0.394742
0.269851
0.132684
0.406779
0.368979
0.971109
0.072465
0.127623
0.821730
0.571972
0.771705
0.821730
0.713075
0.153566
0.340005
0.771705
0.930673
0.426518
0.310521
0.344325
0.072465
0.612135
0.867378
0.603471
0.808960
0.967937
0.816691
0.940331
0.124654
0.978604
0.382926
0.958545
0.829282
0.766291
0.620815
0.290658
0.860501
0.518727
0.672823
0.594827
0.617854
0.015845
0.346575
0.667094
0.011425
0.907293
0.057717
0.382926
0.199280
0.483494
0.056256
0.401971
0.787927
0.891273
0.557828
0.884948
0.015409
0.962240
0.021268
0.316692
0.022466
0.557828
0.000590
0.947760
0.132684
0.000234
0.718717
0.991213
0.922090
0.434080
0.927324
0.848789
0.690166
0.571972
0.749684
0.072465
0.057717
0.749684
0.037099
0.421575
0.421575
0.132684
0.491556
0.483494
0.067775
0.362130
0.100580
0.690166
0.483494
0.947760
0.496903
0.880693
0.758020
0.394742
0.084092
0.394742
0.935597
0.997586
0.306500
0.771705
0.296545
0.211153
0.036765
0.649688
0.940331
0.236593
0.255445
0.513281
0.620815
0.801128
0.848789
0.978604
0.394742
0.513281
0.441715
0.626544
0.006447
0.294528
0.018368
0.829282
0.017063
0.011106
0.594827
0.255445
0.144460
0.935597
0.187953
0.483494
0.749684
0.841556
0.589144
0.549354
0.333520
0.557828
0.258960
0.434080
0.540922
0.855893
0.187953
0.935597
0.513281
0.077446
0.090535
0.454542
0.382926
0.387593
0.223587
0.626544
0.518727
0.649688
0.414138
0.901408
0.821730
0.028409
0.449423
0.267971
0.617854
0.121744
0.269851
0.758020
0.527033
0.594827
0.727244
0.580543
0.695863
0.333520
0.223587
0.116102
0.566341
0.874110
0.771705
0.571972
0.304435
0.239907
0.223587
0.025731
0.808960
0.922090
0.557828
0.557828
0.891273
0.153566
0.947760
0.284858
0.344325
0.327120
0.505064
0.264363
0.658394
0.808960
0.183833
0.749684
0.226757
0.749684
0.499678
0.467559
0.052535
0.971109
0.269851
0.144460
0.855893
0.203680
0.049040
0.004003
0.603471
0.580543
0.991213
0.467559
0.434080
0.483494
0.470257
0.082732
0.394742
0.072465
0.658394
0.549354
0.766291
0.793201
0.597771
0.223587
0.766291
0.394742
0.566341
0.394742
0.414138
0.566341
0.382926
0.947760
0.580543
0.394742
0.635244
0.000285
0.735726
0.255445
0.649688
0.649688
0.094284
0.368979
0.557828
0.771705
0.226757
0.580543
0.855893
0.127623
0.571972
0.978604
0.441715
0.279144
0.540922
0.922090
0.166886
0.984769
0.848789
0.399498
0.787927
0.245003
0.620815
0.808960
0.829282
0.829282
0.357661
0.749684
0.375911
0.801128
0.779856
0.984769
0.203680
0.310521
0.874110
0.867378
0.549354
0.155897
0.350951
0.704484
0.080707
0.107244
0.626544
0.077446
0.004372
0.269851
0.913005
0.258960
0.658394
0.187953
0.387593
0.922090
0.310521
0.867378
0.409279
0.491556
0.421575
0.454542
0.394742
0.033659
0.704484
0.808960
0.086192
0.513281
0.100580
0.146673
0.173237
0.206623
0.829282
0.771705
0.749684
0.927324
0.848789
0.109849
0.491556
0.971109
0.304435
0.306500
0.035180
0.037099
0.874110
0.312615
0.357661
0.704484
0.922090
0.064431
0.658394
0.557828
0.727244
0.322949
0.002443
0.867378
0.958545
0.132684
0.594827
0.951979
0.681504
0.380525
0.446787
0.675784
0.695863
0.215763
0.821730
0.829282
0.304435
0.779856
0.318816
0.635244
0.012317
0.801128
0.505064
0.333520
0.264363
0.603471
0.808960
0.658394
0.681504
0.907293
0.166886
0.304435
0.571972
0.867378
0.612135
0.571972
0.808960
0.713075
0.860501
0.543791
0.749684
0.127623
0.518727
0.304435
0.434080
0.121744
0.233315
0.978604
0.024596
0.603471
0.589144
0.930673
0.394742
0.672823
0.462365
0.793201
0.094284
0.475494
0.704484
0.499678
0.434080
0.848789
0.454542
0.566341
0.462365
0.199280
0.836720
0.223587
0.580543
0.414138
0.102197
0.727244
0.387593
0.246759
0.681504
0.284858
0.821730
0.829282
0.241635
0.557828
0.183833
0.735726
0.672823
0.947760
0.387593
0.649688
0.793201
0.594827
0.891273
0.808960
0.294528
0.434080
0.014985
0.771705
0.779856
0.695863
0.978604
0.173237
0.986757
0.024596
0.169385
0.250182
0.187953
0.491556
0.177160
0.357661
0.571972
0.406779
0.884948
0.491556
0.535389
0.801128
0.228410
0.549354
0.620815
0.126604
0.491556
0.491556
0.779856
0.690166
0.005364
0.580543
0.414138
0.549354
0.306500
0.177160
0.036127
0.096609
0.239907
0.626544
0.727244
0.816691
0.132684
0.793201
0.521553
0.322949
0.727244
0.414138
0.535389
0.984769
0.496903
0.004963
0.236593
0.000071
0.401971
0.667094
0.044581
0.310521
0.150086
0.382926
0.727244
0.141156
0.153566
0.364456
0.821730
0.749684
0.284858
0.143326
0.779856
0.166886
0.874110
0.150086
0.535389
0.771705
0.884948
0.922090
0.316692
0.612135
0.884948
0.467559
0.179787
0.617854
0.279144
0.080707
0.643949
0.727244
0.571972
0.758020
0.841556
0.094284
0.713075
0.505064
0.635244
0.250182
0.749684
0.357661
0.735726
0.884948
0.002567
0.273514
0.294528
0.821730
0.727244
0.672823
0.333520
0.884948
0.446787
0.612135
0.454542
0.218844
0.549354
0.652656
0.406779
0.034568
0.470257
0.245003
0.368979
0.535389
0.779856
0.901408
0.406779
0.284858
0.130653
0.958545
0.454542
0.821730
0.446787
0.104694
0.793201
0.635244
0.441715
0.279144
0.483494
0.994555
0.727244
0.996919
0.063362
0.557828
0.387593
0.735726
0.491556
0.371333
0.194957
0.333520
0.891273
0.153566
0.231634
0.406779
0.475494
0.779856
0.821730
0.643949
0.454542
0.935597
0.958545
0.766291
0.104694
