0.571972
0.209600
0.549354
0.279144
0.406779
0.884948
0.340005
0.316692
0.927324
0.766291
0.779856
0.239907
0.245003
0.150086
0.901408
0.036127
0.434080
0.304435
0.801128
0.848789
0.779856
0.771705
0.727244
0.704484
0.758020
0.704484
0.626544
0.704484
0.635244
0.808960
0.084092
0.454542
0.194957
0.037099
0.771705
0.327120
0.962240
0.399498
0.557828
0.626544
0.462365
0.867378
0.958545
0.513281
0.787927
0.310521
0.434080
0.901408
0.681504
0.758020
0.236593
0.841556
0.382926
0.991213
0.126604
0.012907
0.211153
0.401971
0.594827
0.434080
0.749684
0.801128
0.727244
0.132684
0.421575
0.829282
0.787927
0.199280
0.884948
0.540922
0.475494
0.649688
0.991213
0.406779
0.434080
0.994555
0.566341
0.406779
0.749684
0.368979
0.132684
0.971109
0.690166
0.758020
0.795913
0.749684
0.368979
0.658394
0.841556
0.930673
0.316692
0.505064
0.935597
0.187953
0.787927
0.603471
0.529876
0.580543
0.758020
0.848789
0.640981
0.306500
0.304435
0.867378
0.329292
0.496903
0.306500
0.401971
0.364456
0.749684
0.350951
0.758020
0.025041
0.758020
0.023935
0.322949
0.617854
0.927324
0.891273
0.617854
0.749684
0.971109
0.617854
0.209600
0.036765
0.927324
0.672823
0.580543
0.649688
0.279144
0.288671
0.329292
0.901408
0.801128
0.357661
0.441715
0.758020
0.312615
0.165605
0.186540
0.640981
0.549354
0.672823
0.362130
0.695863
0.848789
0.626544
0.231634
0.695863
0.513281
0.626544
0.060217
0.387593
0.010298
0.821730
0.116102
0.626544
0.695863
0.727244
0.971109
0.793201
0.603471
0.617854
0.649688
0.449423
0.118894
0.320806
0.344325
0.258960
0.766291
0.727244
0.535389
0.119859
0.475494
0.505064
0.672823
0.721628
0.841556
0.612135
0.901408
0.951979
0.681504
0.801128
0.620815
0.183833
0.475494
0.491556
0.084803
0.801128
0.535389
0.454542
0.967937
0.704484
0.744157
0.626544
0.414138
0.199280
0.211153
0.310521
0.414138
0.462365
0.462365
0.426518
0.350951
0.620815
0.563435
0.735726
0.829282
0.549354
0.617854
0.617854
0.475494
0.672823
0.935597
0.672823
0.100580
0.505064
0.387593
0.681504
0.617854
0.199280
0.075538
0.566341
0.916674
0.907293
0.667094
0.884948
0.013909
0.935597
0.163153
0.535389
0.457201
0.891273
0.549354
0.047782
0.779856
0.088340
0.505064
0.414138
0.357661
0.163153
0.454542
0.727244
0.387593
0.159490
0.434080
0.603471
0.245003
0.446787
0.667094
0.202171
0.727244
0.922090
0.114294
0.306500
0.190711
0.269851
0.245003
0.891273
0.094284
0.496903
0.375911
0.197797
0.841556
0.962240
0.027652
0.801128
0.475494
0.916674
0.382926
0.368979
0.848789
0.300471
0.766291
0.901408
0.984769
0.449423
0.718717
0.626544
0.758020
0.749684
0.505064
0.300471
0.462365
0.070668
0.173237
0.322949
0.984769
0.327120
0.010493
0.594827
0.557828
0.612135
0.821730
0.540922
0.255445
0.382926
0.039801
0.322949
0.300471
0.981075
0.821730
0.557828
0.454542
0.214182
0.088340
0.054829
0.603471
0.951979
0.907293
0.552238
0.031348
0.821730
0.346575
0.603471
0.357661
0.098985
0.406779
0.322949
0.368979
0.467559
0.695863
0.874110
0.935597
0.690166
0.594827
0.836720
0.491556
0.394742
0.406779
0.223587
0.681504
0.454542
0.333520
0.273514
0.421575
0.594827
0.223587
0.462365
0.135818
0.094284
0.566341
0.258960
0.643949
0.284858
0.114294
0.067775
0.505064
0.223587
0.649688
0.288671
0.884948
0.841556
0.916674
0.483494
0.401971
0.603471
0.327120
0.771705
0.901408
0.603471
0.535389
0.580543
0.304435
0.635244
0.589144
0.387593
0.571972
0.649688
0.368979
0.080707
0.563435
0.258960
0.571972
0.406779
0.862861
0.779856
0.434080
0.994555
0.821730
0.294528
0.571972
0.749684
0.190711
0.505064
0.758020
0.867378
0.681504
0.658394
0.197797
0.704484
0.483494
0.406779
0.375911
0.704484
0.475494
0.362130
0.643949
0.250182
0.557828
0.779856
0.907293
0.380525
0.483494
0.421575
0.454542
0.612135
0.300471
0.406779
0.935597
0.958545
0.580543
0.867378
0.681504
0.779856
0.310521
0.771705
0.635244
0.267971
0.704484
0.226757
0.617854
0.144460
0.841556
0.681504
0.540922
0.658394
0.236593
0.681504
0.635244
0.380525
0.612135
0.672823
0.557828
0.223587
0.346575
0.640981
0.063362
0.137917
0.635244
0.930673
0.540922
0.867378
0.935597
0.749684
0.304435
0.935597
0.031906
0.801128
0.884948
0.505064
0.867378
0.362130
0.735726
0.329292
0.375911
0.518727
0.589144
0.077446
0.704484
0.206623
0.808960
0.375911
0.681504
0.394742
0.916674
0.518727
0.940331
0.414138
0.505064
0.958545
0.549354
0.454542
0.947760
0.206623
0.518727
0.672823
0.294528
0.518727
0.462365
0.190711
0.704484
0.141156
0.406779
0.333520
0.907293
0.475494
0.306500
0.922090
0.787927
0.779856
0.913005
0.199280
0.771705
0.658394
0.916674
0.603471
0.401971
0.727244
0.821730
0.962240
0.589144
0.947760
0.635244
0.695863
0.667094
0.994555
0.454542
0.718717
0.190711
0.695863
0.362130
0.513281
0.527033
0.704484
0.667094
0.535389
0.467559
0.978604
0.426518
0.695863
0.190711
0.749684
0.793201
0.086192
0.829282
0.907293
0.935597
0.026438
0.350951
0.649688
0.626544
0.793201
0.483494
0.288671
0.426518
0.446787
0.695863
0.183833
0.695863
0.580543
0.475494
0.518727
0.527033
0.306500
0.310521
0.848789
0.571972
0.779856
0.884948
0.549354
0.867378
0.749684
0.841556
0.434080
0.518727
0.884948
0.836720
0.394742
0.649688
0.467559
0.787927
0.231634
0.382926
0.766291
0.958545
0.704484
0.446787
0.406779
0.848789
0.962240
0.841556
0.962240
0.801128
0.749684
0.107244
