0.935597
0.891273
0.978604
0.518727
0.540922
0.543791
0.316692
0.236593
0.340005
0.294528
0.891273
0.549354
0.231634
0.771705
0.124654
0.434080
0.672823
0.978604
0.475494
0.658394
0.087602
0.475494
0.635244
0.658394
0.322949
0.603471
0.735726
0.787927
0.333520
0.540922
0.947760
0.758020
0.594827
0.491556
0.935597
0.228410
0.269851
0.793201
0.107244
0.940331
0.913005
0.779856
0.999575
0.867378
0.357661
0.173237
0.496903
0.322949
0.801128
0.467559
0.269851
0.594827
0.549354
0.801128
0.735726
0.364456
0.916674
0.626544
0.635244
0.766291
0.787927
0.294528
0.867378
0.967937
0.681504
0.513281
0.535389
0.635244
0.597771
0.779856
0.594827
0.284858
0.580543
0.848789
0.264363
0.643949
0.322949
0.727244
0.891273
0.226757
0.255445
0.841556
0.132684
0.848789
0.368979
0.891273
0.549354
0.635244
0.518727
0.779856
0.199280
0.774492
0.635244
0.916674
0.735726
0.100580
0.779856
0.475494
0.340005
0.971109
0.421575
0.382926
0.434080
0.557828
0.951979
0.357661
0.275424
0.612135
0.344325
0.916674
0.589144
0.421575
0.077446
0.306500
0.635244
0.867378
0.421575
0.801128
0.635244
0.672823
0.073672
0.462365
0.787927
0.462365
0.758020
0.462365
0.649688
0.527033
0.527033
0.860501
0.771705
0.333520
0.387593
0.177160
0.475494
0.023935
0.557828
0.327120
0.580543
0.626544
0.821730
0.947760
0.841556
0.758020
0.758020
0.735726
0.100580
0.159490
0.557828
0.010595
0.241635
0.855893
0.037099
0.779856
0.821730
0.971109
0.947760
0.098170
0.971109
0.527033
0.793201
0.483494
0.197797
0.258960
0.505064
0.649688
0.749684
0.535389
0.704484
0.566341
0.727244
0.735726
0.001774
0.527033
0.368979
0.978604
0.496903
0.884948
0.364456
0.483494
0.284858
0.649688
0.935597
0.779856
0.996919
0.658394
0.246759
0.269851
0.454542
0.658394
0.163153
0.333520
0.401971
0.658394
0.269851
0.470257
0.922090
0.704484
0.284858
0.793201
0.535389
0.557828
0.462365
0.333520
0.690166
0.467559
0.434080
0.658394
0.787927
0.496903
0.454542
0.808960
0.922090
0.253642
0.695863
0.649688
0.414138
0.426518
0.153566
0.779856
0.927324
0.491556
0.907293
0.014043
0.333520
0.916674
0.031348
0.962240
0.057717
0.470257
0.884948
0.958545
0.735726
0.250182
0.215763
0.061772
0.105557
0.947760
0.269851
0.475494
0.891273
0.284858
0.406779
0.718717
0.974087
0.183833
0.721628
0.981075
0.340005
0.848789
0.927324
0.779856
0.643949
0.935597
0.211153
0.566341
0.589144
0.829282
0.801128
0.119859
0.978604
0.848789
0.771705
0.143326
0.218844
0.735726
0.571972
0.704484
0.211153
0.197797
0.462365
0.580543
0.333520
0.117048
0.215763
0.394742
0.771705
0.362130
0.505064
0.223587
0.672823
0.867378
0.496903
0.047782
0.462365
0.357661
0.984769
0.779856
0.848789
0.749684
0.333520
0.100580
0.571972
0.574890
0.382926
0.024158
0.255445
0.758020
0.787927
0.103042
0.704484
0.505064
0.841556
0.008436
0.045761
0.114294
0.727244
0.672823
0.951979
0.368979
0.557828
0.119859
0.884948
0.320806
0.000795
0.228410
0.603471
0.947760
0.072465
0.779856
0.543791
0.594827
0.829282
0.574890
0.744157
0.362130
0.368979
0.787927
0.549354
0.380525
0.984769
0.441715
0.150086
0.557828
0.617854
0.901408
0.681504
0.947760
0.771705
0.382926
0.658394
0.681504
0.749684
0.072465
0.658394
0.350951
0.603471
0.394742
0.320806
0.916674
0.829282
0.505064
0.672823
0.543791
0.958545
0.698805
0.626544
0.141156
0.414138
0.505064
0.202171
0.264363
0.867378
0.475494
0.414138
0.513281
0.695863
0.860501
0.874110
0.322949
0.114294
0.836720
0.082732
0.571972
0.727244
0.483494
0.779856
0.496903
0.695863
0.236593
0.594827
0.658394
0.612135
0.387593
0.094284
0.658394
0.441715
0.346575
0.245003
0.727244
0.672823
0.996919
0.449423
0.658394
0.958545
0.163153
0.061772
0.114294
0.127623
0.300471
0.426518
0.891273
0.727244
0.364456
0.218844
0.907293
0.727244
0.713075
0.848789
0.612135
0.368979
0.860501
0.316692
0.406779
0.513281
0.603471
0.454542
0.808960
0.695863
0.821730
0.006637
0.571972
0.978604
0.779856
0.070668
0.735726
0.350951
0.434080
0.104694
0.375911
0.695863
0.978604
0.907293
0.357661
0.779856
0.735726
0.173237
0.231634
0.713075
0.157114
0.446787
0.821730
0.801128
0.916674
0.867378
0.808960
0.194957
0.294528
0.557828
0.015409
0.901408
0.057717
0.771705
0.387593
0.801128
0.848789
0.540922
0.779856
0.075538
0.935597
0.098170
0.935597
0.612135
0.947760
0.901408
0.382926
0.916674
0.713075
0.155897
0.406779
0.793201
0.446787
0.258960
0.771705
0.718717
0.841556
0.787927
0.901408
0.841556
0.114294
0.375911
0.250182
0.228410
0.264363
0.974087
0.758020
0.446787
0.744157
0.483494
0.426518
0.947760
0.735726
0.571972
0.086192
0.626544
0.483494
0.002645
0.129613
0.848789
0.199280
0.580543
0.535389
0.672823
0.192150
0.006832
0.211153
0.907293
0.357661
0.375911
0.382926
0.310521
0.935597
0.306500
0.713075
0.907293
0.163153
0.718717
0.038094
0.930673
0.434080
0.986757
0.357661
0.441715
0.947760
0.891273
0.194957
0.543791
0.727244
0.245003
0.658394
0.300471
0.735726
0.029708
0.513281
0.054829
0.758020
0.521553
0.121744
0.357661
0.779856
0.612135
0.290658
0.947760
0.907293
0.801128
0.105557
0.496903
0.913005
0.058699
0.821730
0.971109
0.454542
0.226757
0.273514
0.007168
0.421575
0.947760
0.236593
0.294528
0.821730
0.649688
0.995551
0.290658
0.005687
0.375911
0.496903
0.399498
0.821730
0.690166
0.462365
0.284858
0.971109
0.779856
0.557828
0.672823
0.971109
