0.571972
0.749684
0.704484
0.947760
0.681504
0.012317
0.340005
0.549354
0.166886
0.713075
0.836720
0.907293
0.860501
0.718717
0.727244
0.006325
0.499678
0.681504
0.704484
0.603471
0.350951
0.505064
0.513281
0.163153
0.144460
0.681504
0.635244
0.658394
0.340005
0.004728
0.907293
0.626544
0.211153
0.535389
0.535389
0.681504
0.475494
0.735726
0.713075
0.704484
0.475494
0.535389
0.727244
0.114294
0.231634
0.884948
0.025731
0.233315
0.978604
0.357661
0.206623
0.787927
0.364456
0.300471
0.004416
0.269851
0.269851
0.922090
0.401971
0.034568
0.269851
0.027652
0.223587
0.505064
0.808960
0.535389
0.998868
0.829282
0.704484
0.867378
0.549354
0.333520
0.758020
0.940331
0.040864
0.300471
0.735726
0.135818
0.401971
0.401971
0.098985
0.441715
0.260793
0.535389
0.658394
0.161896
0.612135
0.543791
0.316692
0.690166
0.801128
0.821730
0.160731
0.971109
0.441715
0.478214
0.874110
0.052535
0.935597
0.635244
0.571972
0.387593
0.897436
0.626544
0.470257
0.368979
0.766291
0.175815
0.951979
0.695863
0.935597
0.916674
0.580543
0.549354
0.414138
0.913005
0.836720
0.704484
0.855893
0.695863
0.061772
0.612135
0.166886
0.971109
0.580543
0.414138
0.829282
0.375911
0.643949
0.991213
0.394742
0.967937
0.150086
0.951979
0.155897
0.421575
0.620815
0.264363
0.357661
0.658394
0.203680
0.169385
0.394742
0.940331
0.749684
0.571972
0.571972
0.589144
0.841556
0.387593
0.001421
0.002324
0.009016
0.947760
0.316692
0.735726
0.557828
0.344325
0.375911
0.626544
0.649688
0.971109
0.801128
0.752533
0.004868
0.801128
0.649688
0.462365
0.620815
0.000411
0.155897
0.841556
0.147829
0.635244
0.160731
0.001027
0.409279
0.552238
0.371333
0.727244
0.414138
0.470257
0.884948
0.387593
0.094284
0.496903
0.713075
0.744157
0.107244
0.996919
0.713075
0.005262
0.462365
0.141156
0.064431
0.505064
0.264363
0.236593
0.735726
0.114294
0.626544
0.535389
0.357661
0.037752
0.612135
0.414138
0.727244
0.771705
0.454542
0.643949
0.467559
0.004868
0.199280
0.177160
0.779856
0.414138
0.346575
0.454542
0.801128
0.978604
0.470257
0.713075
0.382926
0.153566
0.597771
0.300471
0.014711
0.998868
0.571972
0.043818
0.135818
0.612135
0.483494
0.594827
0.907293
0.025274
0.940331
0.779856
0.329292
0.294528
0.626544
0.927324
0.658394
0.153566
0.958545
0.001960
0.935597
0.179787
0.557828
0.658394
0.836720
0.181158
0.829282
0.821730
0.958545
0.483494
0.681504
0.483494
0.170690
0.620815
0.203680
0.713075
0.441715
0.236593
0.841556
0.401971
0.557828
0.874110
0.848789
0.340005
0.958545
0.713075
0.913005
0.275424
0.078727
0.350951
0.884948
0.329292
0.000006
0.236593
0.135818
0.401971
0.124654
0.527033
0.735726
0.275424
0.829282
0.177160
0.718717
0.907293
0.996919
0.130653
0.241635
0.015845
0.100580
0.144460
0.470257
0.023508
0.704484
0.007593
0.535389
0.649688
0.927324
0.681504
0.951979
0.808960
0.491556
0.758020
0.626544
0.787927
0.015695
0.258960
0.079397
0.310521
0.357661
0.667094
0.681504
0.681504
0.333520
0.922090
0.020692
0.462365
0.749684
0.350951
0.821730
0.499678
0.735726
0.177160
0.029982
0.306500
0.475494
0.255445
0.449423
0.658394
0.050328
0.016595
0.446787
0.414138
0.109849
0.316692
0.340005
0.215763
0.829282
0.470257
0.064990
0.557828
0.100580
0.011425
0.603471
0.758020
0.228410
0.255445
0.735726
0.009822
0.752533
0.215763
0.241635
0.867378
0.401971
0.779856
0.316692
0.214182
0.829282
0.749684
0.643949
0.681504
0.273514
0.454542
0.735726
0.518727
0.821730
0.329292
0.589144
0.603471
0.454542
0.316692
0.513281
0.183833
0.394742
0.841556
0.566341
0.199280
0.860501
0.505064
0.177160
0.535389
0.269851
0.382926
0.649688
0.513281
0.649688
0.580543
0.499678
0.808960
0.860501
0.841556
0.922090
0.150086
0.001540
0.901408
0.499678
0.260793
0.316692
0.735726
0.446787
0.907293
0.049040
0.215763
0.681504
0.426518
0.269851
0.300471
0.947760
0.681504
0.580543
0.779856
0.127623
0.470257
0.421575
0.829282
0.223587
0.749684
0.549354
0.173237
0.829282
0.891273
0.017866
0.346575
0.206623
0.735726
0.848789
0.333520
0.290658
0.718717
0.927324
0.749684
0.409279
0.043818
0.580543
0.346575
0.441715
0.589144
0.306500
0.704484
0.947760
0.935597
0.867378
0.086919
0.795913
0.867378
0.275424
0.967937
0.135818
0.704484
0.333520
0.884948
0.771705
0.462365
0.779856
0.137917
0.090535
0.996919
0.848789
0.454542
0.580543
0.672823
0.034255
0.935597
0.449423
0.549354
0.566341
0.434080
0.344325
0.394742
0.603471
0.166886
0.401971
0.141156
0.626544
0.620815
0.580543
0.000163
0.940331
0.816691
0.250182
0.527033
0.951979
0.841556
0.848789
0.735726
0.273514
0.557828
0.399498
0.557828
0.135818
0.658394
0.874110
0.499678
0.316692
0.821730
0.203680
0.132684
0.449423
0.491556
0.527033
0.913005
0.947760
0.340005
0.557828
0.329292
0.557828
0.771705
0.597771
0.779856
0.255445
0.429087
0.535389
0.505064
0.157114
0.049040
0.166886
0.603471
0.922090
0.483494
0.192150
0.462365
0.841556
0.483494
0.029186
0.296545
0.218844
0.012548
0.454542
0.557828
0.223587
0.787927
0.462365
0.681504
0.603471
0.051648
0.698805
0.483494
0.758020
0.166886
0.749684
0.177160
0.155897
0.269851
0.535389
0.350951
0.535389
0.491556
0.446787
0.690166
0.441715
0.236593
0.260793
0.390021
0.922090
0.333520
0.269851
0.940331
0.758020
0.971109
0.735726
0.329292
0.294528
0.454542
0.421575
0.891273
0.518727
0.793201
0.713075
0.589144
0.462365
0.867378
