0.594827
0.540922
0.267971
0.333520
0.718717
0.483494
0.594827
0.106369
0.984769
0.672823
0.202171
0.695863
0.470257
0.718717
0.958545
0.626544
0.793201
0.310521
0.064431
0.878466
0.304435
0.916674
0.350951
0.535389
0.787927
0.594827
0.399498
0.922090
0.150086
0.878466
0.958545
0.978604
0.594827
0.344325
0.214182
0.617854
0.267971
0.518727
0.027164
0.035180
0.557828
0.860501
0.901408
0.649688
0.241635
0.814067
0.362130
0.821730
0.540922
0.695863
0.518727
0.518727
0.245003
0.483494
0.401971
0.603471
0.594827
0.704484
0.357661
0.749684
0.344325
0.344325
0.394742
0.088340
0.320806
0.362130
0.626544
0.221961
0.821730
0.793201
0.571972
0.603471
0.209600
0.626544
0.603471
0.159490
0.310521
0.010298
0.300471
0.594827
0.779856
0.956001
0.344325
0.771705
0.801128
0.300471
0.362130
0.947760
0.727244
0.626544
0.808960
0.132684
0.496903
0.399498
0.337784
0.316692
0.337784
0.727244
0.434080
0.603471
0.779856
0.991213
0.123655
0.617854
0.704484
0.258960
0.211153
0.801128
0.571972
0.258960
0.867378
0.801128
0.434080
0.571972
0.779856
0.690166
0.549354
0.304435
0.978604
0.462365
0.814067
0.387593
0.867378
0.947760
0.322949
0.951979
0.496903
0.316692
0.978604
0.860501
0.695863
0.344325
0.867378
0.267971
0.387593
0.557828
0.467559
0.171915
0.649688
0.253642
0.580543
0.294528
0.884948
0.340005
0.527033
0.078727
0.267971
0.594827
0.571972
0.304435
0.535389
0.901408
0.253642
0.279144
0.483494
0.626544
0.580543
0.316692
0.640981
0.344325
0.749684
0.143326
0.123655
0.672823
0.310521
0.209600
0.779856
0.672823
0.884948
0.594827
0.749684
0.617854
0.104694
0.841556
0.475494
0.571972
0.394742
0.640981
0.483494
0.344325
0.891273
0.626544
0.340005
0.117048
0.269851
0.344325
0.901408
0.841556
0.649688
0.690166
0.294528
0.505064
0.327120
0.793201
0.617854
0.320806
0.603471
0.467559
0.106369
0.300471
0.958545
0.718717
0.483494
0.527033
0.426518
0.518727
0.571972
0.375911
0.267971
0.231634
0.226757
0.930673
0.594827
0.922090
0.793201
0.320806
0.421575
0.821730
0.821730
0.540922
0.672823
0.549354
0.801128
0.446787
0.841556
0.672823
0.704484
0.603471
0.713075
0.333520
0.426518
0.258960
0.947760
0.199280
0.779856
0.658394
0.930673
0.771705
0.327120
0.362130
0.626544
0.867378
0.695863
0.100580
0.626544
0.571972
0.672823
0.821730
0.690166
0.540922
0.672823
0.118894
0.801128
0.672823
0.129613
0.549354
0.749684
0.399498
0.681504
0.320806
0.672823
0.594827
0.793201
0.362130
0.617854
0.382926
0.513281
0.549354
0.206623
0.475494
0.635244
0.107244
0.994555
0.231634
0.801128
0.626544
0.171915
0.029708
0.215763
0.540922
0.695863
0.197797
0.387593
0.626544
0.090535
0.186540
0.860501
0.475494
0.793201
0.672823
0.394742
0.173237
0.821730
0.612135
0.103042
0.801128
0.907293
0.681504
0.483494
0.350951
0.901408
0.236593
0.239907
0.518727
0.099752
0.310521
0.704484
0.681504
0.801128
0.771705
0.681504
0.626544
0.749684
0.483494
0.031906
0.294528
0.316692
0.327120
0.496903
0.793201
0.626544
0.475494
0.612135
0.327120
0.649688
0.947760
0.462365
0.771705
0.913005
0.626544
0.626544
0.749684
0.414138
0.169385
0.214182
0.454542
0.116102
0.288671
0.971109
0.841556
0.947760
0.304435
0.626544
0.380525
0.727244
0.288671
0.971109
0.974087
0.434080
0.245003
0.801128
0.549354
0.279144
0.884948
0.284858
0.226757
0.273514
0.304435
0.704484
0.540922
0.273514
0.304435
0.681504
0.446787
0.327120
0.821730
0.064431
0.078727
0.617854
0.245003
0.197797
0.779856
0.922090
0.310521
0.058699
0.264363
0.867378
0.681504
0.362130
0.557828
0.821730
0.727244
0.467559
0.727244
0.123655
0.640981
0.239907
0.236593
0.695863
0.267971
0.064431
0.907293
0.549354
0.171915
0.563435
0.589144
0.483494
0.916674
0.467559
0.626544
0.446787
0.617854
0.446787
0.267971
0.446787
0.253642
0.333520
0.617854
0.161896
0.540922
0.580543
0.171915
0.821730
0.267971
0.357661
0.394742
0.801128
0.121744
0.171915
0.672823
0.874110
0.571972
0.713075
0.901408
0.320806
0.617854
0.649688
0.264363
0.264363
0.793201
0.095811
0.518727
0.441715
0.414138
0.202171
0.310521
0.446787
0.695863
0.681504
0.300471
0.922090
0.294528
0.571972
0.649688
0.300471
0.617854
0.727244
0.333520
0.589144
0.096609
0.793201
0.967937
0.475494
0.617854
0.518727
0.841556
0.518727
0.540922
0.935597
0.540922
0.704484
0.496903
0.649688
0.626544
0.603471
0.749684
0.446787
0.549354
0.475494
0.409279
0.771705
0.518727
0.907293
0.454542
0.387593
0.380525
0.467559
0.771705
0.540922
0.901408
0.434080
0.505064
0.245003
0.821730
0.984769
0.173237
0.387593
0.695863
0.333520
0.884948
0.681504
0.672823
0.273514
0.467559
0.594827
0.406779
0.421575
0.362130
0.300471
0.496903
0.549354
0.771705
0.284858
0.603471
0.475494
0.718717
0.197797
0.603471
0.884948
0.947760
0.362130
0.518727
0.150086
0.718717
0.273514
0.718717
0.907293
0.535389
0.250182
0.758020
0.258960
0.496903
0.333520
0.267971
0.258960
0.496903
0.320806
0.316692
0.841556
0.368979
0.874110
0.758020
0.658394
0.434080
0.901408
0.264363
0.426518
0.239907
0.279144
0.362130
0.245003
0.399498
0.267971
0.380525
0.186540
0.540922
0.380525
0.169385
0.190711
0.496903
0.161896
0.672823
0.594827
0.958545
0.922090
0.749684
0.594827
0.475494
0.245003
0.467559
0.310521
0.327120
0.695863
0.867378
0.848789
0.394742
0.971109
0.421575
0.927324
0.475494
0.649688
0.320806
0.718717
0.916674
0.867378
0.454542
