0.000000
0.000000
0.000000
0.000000
0.000000
0.000000
0.000279
0.000000
0.000000
0.000000
0.000000
0.000000
0.000000
0.000000
0.000000
0.000000
0.000000
0.000000
0.000000
0.000000
0.000000
0.000000
0.000000
0.000000
0.000000
0.000000
0.000001
0.000000
0.000000
0.000113
0.001184
0.000001
0.000104
0.000000
0.000000
0.000000
0.000001
0.000045
0.000000
0.000000
0.000000
0.000000
0.000000
0.000000
0.000008
0.000000
0.000000
0.000200
0.000006
0.000001
0.122729
0.000005
0.000002
0.000003
0.255445
0.000648
0.000000
0.000000
0.000004
0.005578
0.000000
0.000008
0.000000
0.000000
0.000000
0.000005
0.000846
0.000104
0.000044
0.000000
0.000000
0.039115
0.000049
0.000000
0.000437
0.000000
0.000000
0.000003
0.000000
0.000000
0.000000
0.000013
0.000000
0.000000
0.000000
0.000000
0.000000
0.000001
0.000001
0.000000
0.000490
0.000000
0.000000
0.000000
0.000000
0.004288
0.000000
0.000163
0.000000
0.007815
0.000000
0.000000
0.000532
0.000000
0.000000
0.015128
0.006205
0.000172
0.060743
0.000000
0.133745
0.000037
0.000000
0.000648
0.000000
0.000017
0.478214
0.000002
0.000001
0.004775
0.000044
0.000000
0.000002
0.000193
0.000682
0.005162
0.000000
0.000000
0.000000
0.000000
0.000000
0.000000
0.000000
0.000000
0.000001
0.000000
0.000000
0.000000
0.000000
0.000000
0.000031
0.000000
0.000000
0.000071
0.000000
0.000000
0.000000
0.000000
0.000000
0.000000
0.000000
0.000000
0.000000
0.000000
0.000000
0.000001
0.000000
0.000000
0.000000
0.000000
0.000000
0.000000
0.000000
0.000000
0.000000
0.000000
0.000000
0.000000
0.000078
0.000000
0.020886
0.001284
0.038094
0.001059
0.001351
0.000016
0.000000
0.000000
0.000000
0.163153
0.038094
0.000011
0.698805
0.000330
0.000001
0.135818
0.000000
0.000005
0.013032
0.004164
0.000000
0.007032
0.000000
0.000000
0.000000
0.000000
0.000053
0.000000
0.000597
0.000000
0.000000
0.000000
0.000000
0.000000
0.000000
0.000000
0.000000
0.000000
0.000000
0.000000
0.000000
0.000000
0.000000
0.000000
0.000000
0.000000
0.048208
0.000000
0.000000
0.000003
0.000000
0.318816
0.000628
0.000000
0.000000
0.000000
0.000000
0.000000
0.000000
0.000000
0.021859
0.000002
0.000000
0.000000
0.000000
0.000000
0.000000
0.000000
0.000000
0.000000
0.000000
0.000000
0.000000
0.000000
0.008436
0.000000
0.000000
0.000000
0.000000
0.000000
0.000087
0.000000
0.000000
0.000000
0.000000
0.000000
0.000000
0.000000
0.000000
0.000000
0.000000
0.000000
0.000000
0.000000
0.010900
0.103042
0.000000
0.007239
0.000475
0.000000
0.005855
0.000000
0.000113
0.014043
0.000000
0.000040
0.000000
0.000018
0.000402
0.142275
0.006028
0.000000
0.000000
0.000000
0.000000
0.000000
0.000000
0.000000
0.000000
0.000000
0.000000
0.000000
0.000000
0.000104
0.000000
0.000006
0.000053
0.000001
0.000138
0.000000
0.000000
0.000012
0.000279
0.000005
0.000074
0.048208
0.000000
0.000000
0.000000
0.000000
0.000000
0.018036
0.000597
0.000000
0.000010
0.001828
0.000204
0.000000
0.000000
0.000000
0.001774
0.002324
0.000000
0.002468
0.000000
0.000000
0.000104
0.000000
0.108126
0.000026
0.000000
0.000000
0.000000
0.000000
0.000000
0.020320
0.000003
0.000000
0.003666
0.000002
0.000000
0.000000
0.004416
0.000000
0.000001
0.003388
0.000000
0.000000
0.000000
0.000000
0.018036
0.000002
0.000000
0.000000
0.000031
0.008043
0.000000
0.000000
0.000001
0.000648
0.000000
0.000000
0.000000
0.000000
0.000000
0.000001
0.000000
0.000000
0.000000
0.000000
0.000000
0.001092
0.000000
0.000000
0.000000
0.000000
0.000001
0.000000
0.000000
0.000000
0.000000
0.000000
0.000000
0.000000
0.000078
0.000000
0.000000
0.000000
0.000000
0.000000
0.000000
0.000002
0.000000
0.000000
0.000000
0.000000
0.000000
0.000000
0.000000
0.000000
0.000000
0.000000
0.000000
0.000000
0.000000
0.000382
0.000000
0.000000
0.000000
0.000000
0.000000
0.000000
0.000000
0.000138
0.000000
0.000000
0.000000
0.000000
0.000000
0.001006
0.000000
0.000000
0.000013
0.000000
0.000000
0.000236
0.000000
0.000000
0.000475
0.000000
0.000000
0.000044
0.001436
0.000000
0.000001
0.003388
0.000000
0.092778
0.002593
0.000288
0.008043
0.011753
0.000049
0.000000
0.108126
0.000000
0.000000
0.000000
0.000000
0.022466
0.000000
0.000150
0.457201
0.000000
0.000000
0.000000
0.000000
0.000000
0.000026
0.000000
0.000000
0.013032
0.000000
0.000000
0.000000
0.000000
0.000053
0.000000
0.000002
0.000000
0.000172
0.000000
0.000003
0.000000
0.000000
0.000000
0.000000
0.000000
0.000000
0.000015
0.000000
0.000000
0.000000
0.000000
0.001687
0.000000
0.000000
0.000000
0.000000
0.000829
0.000049
0.000000
0.000000
0.000000
0.000000
0.000000
0.000000
0.000000
0.000000
0.000000
0.000000
0.000000
0.014043
0.009104
0.000000
0.000000
0.000000
0.000000
0.000000
0.000000
0.000000
0.000000
0.000000
0.000000
0.000000
0.000000
0.000000
0.000000
0.000000
0.009822
0.000000
0.000000
0.000000
0.000016
0.000001
0.000000
0.000000
0.000000
0.000000
0.000000
0.000000
0.002211
0.000000
0.000000
0.000000
0.000000
0.000000
0.000000
0.000000
0.076183
0.000000
0.000002
0.000000
0.000000
0.000000
0.000000
0.000000
0.000000
0.000000
0.000000
0.000000
0.000000
0.002041
0.000100
0.000390
0.000000
0.296545
0.001828
0.000150
0.000000
0.000000
0.000000
0.000000
0.000304
0.000000
0.000000
0.151265
0.166886
0.000005
0.002395
0.000000
0.000000
0.002324
0.000000
0.000000
0.000000
