0.467559
0.406779
0.603471
0.727244
0.173237
0.163153
0.808960
0.462365
0.426518
0.146673
0.749684
0.793201
0.543791
0.549354
0.841556
0.867378
0.304435
0.658394
0.462365
0.304435
0.991213
0.901408
0.867378
0.284858
0.808960
0.223587
0.491556
0.940331
0.841556
0.096609
0.749684
0.475494
0.704484
0.672823
0.635244
0.032771
0.496903
0.640981
0.744157
0.535389
0.329292
0.901408
0.362130
0.922090
0.947760
0.236593
0.253642
0.421575
0.103042
0.483494
0.916674
0.496903
0.275424
0.527033
0.462365
0.350951
0.907293
0.978604
0.927324
0.997586
0.580543
0.884948
0.382926
0.626544
0.626544
0.947760
0.848789
0.787927
0.626544
0.735726
0.441715
0.475494
0.163153
0.322949
0.549354
0.441715
0.984769
0.401971
0.958545
0.333520
0.141156
0.749684
0.935597
0.721628
0.119859
0.100580
0.483494
0.316692
0.483494
0.166886
0.084803
0.513281
0.727244
0.801128
0.860501
0.157114
0.535389
0.735726
0.801128
0.414138
0.061772
0.527033
0.721628
0.250182
0.867378
0.470257
0.183833
0.284858
0.891273
0.211153
0.513281
0.922090
0.626544
0.357661
0.183833
0.454542
0.787927
0.513281
0.735726
0.426518
0.250182
0.922090
0.735726
0.667094
0.922090
0.626544
0.199280
0.183833
0.594827
0.727244
0.897436
0.310521
0.901408
0.375911
0.994555
0.635244
0.368979
0.409279
0.032199
0.922090
0.518727
0.848789
0.401971
0.166886
0.375911
0.695863
0.179787
0.704484
0.566341
0.603471
0.617854
0.183833
0.672823
0.304435
0.571972
0.848789
0.649688
0.340005
0.779856
0.527033
0.082732
0.549354
0.771705
0.557828
0.218844
0.571972
0.527033
0.667094
0.758020
0.727244
0.779856
0.571972
0.074303
0.228410
0.132684
0.884948
0.441715
0.421575
0.279144
0.860501
0.322949
0.096609
0.005262
0.166886
0.368979
0.357661
0.801128
0.310521
0.304435
0.316692
0.255445
0.771705
0.981075
0.721628
0.135818
0.913005
0.867378
0.801128
0.483494
0.907293
0.749684
0.211153
0.635244
0.505064
0.226757
0.901408
0.322949
0.527033
0.603471
0.801128
0.231634
0.672823
0.801128
0.046554
0.540922
0.901408
0.357661
0.042685
0.127623
0.505064
0.771705
0.177160
0.322949
0.003738
0.612135
0.316692
0.535389
0.612135
0.907293
0.779856
0.612135
0.255445
0.414138
0.064431
0.971109
0.735726
0.421575
0.269851
0.535389
0.368979
0.250182
0.594827
0.735726
0.021268
0.974087
0.045761
0.146673
0.771705
0.981075
0.467559
0.771705
0.672823
0.994555
0.594827
0.527033
0.958545
0.878466
0.322949
0.157114
0.521553
0.836720
0.935597
0.382926
0.300471
0.589144
0.991213
0.744157
0.327120
0.695863
0.375911
0.984769
0.401971
0.012199
0.264363
0.971109
0.406779
0.626544
0.153566
0.258960
0.704484
0.727244
0.808960
0.157114
0.194957
0.594827
0.681504
0.947760
0.441715
0.312615
0.215763
0.962240
0.971109
0.603471
0.603471
0.220452
0.177160
0.774492
0.441715
0.260793
0.002697
0.350951
0.421575
0.681504
0.603471
0.884948
0.015409
0.245003
0.947760
0.215763
0.704484
0.518727
0.181158
0.143326
0.434080
0.387593
0.375911
0.316692
0.735726
0.940331
0.884948
0.617854
0.649688
0.557828
0.535389
0.316692
0.327120
0.779856
0.233315
0.635244
0.284858
0.867378
0.284858
0.779856
0.612135
0.594827
0.434080
0.603471
0.681504
0.594827
0.264363
0.454542
0.626544
0.449423
0.202171
0.787927
0.269851
0.580543
0.681504
0.771705
0.735726
0.713075
0.194957
0.406779
0.563435
0.779856
0.658394
0.046970
0.571972
0.070668
0.681504
0.617854
0.414138
0.841556
0.848789
0.011640
0.382926
0.300471
0.483494
0.901408
0.681504
0.183833
0.022258
0.672823
0.118894
0.580543
0.978604
0.223587
0.098170
0.279144
0.521553
0.779856
0.462365
0.050328
0.801128
0.603471
0.518727
0.316692
0.231634
0.310521
0.735726
0.557828
0.848789
0.821730
0.518727
0.499678
0.117048
0.649688
0.264363
0.612135
0.922090
0.159490
0.626544
0.735726
0.387593
0.470257
0.421575
0.681504
0.635244
0.667094
0.434080
0.793201
0.695863
0.409279
0.255445
0.603471
0.874110
0.704484
0.159490
0.333520
0.771705
0.203680
0.166886
0.426518
0.801128
0.603471
0.496903
0.721628
0.434080
0.617854
0.327120
0.124654
0.580543
0.867378
0.535389
0.901408
0.635244
0.821730
0.695863
0.327120
0.727244
0.340005
0.040864
0.927324
0.667094
0.916674
0.867378
0.947760
0.801128
0.364456
0.513281
0.310521
0.100580
0.462365
0.527033
0.603471
0.793201
0.535389
0.841556
0.986757
0.649688
0.884948
0.594827
0.350951
0.357661
0.557828
0.971109
0.434080
0.329292
0.704484
0.333520
0.935597
0.401971
0.981075
0.958545
0.467559
0.316692
0.672823
0.713075
0.258960
0.672823
0.749684
0.255445
0.681504
0.139014
0.672823
0.779856
0.231634
0.971109
0.421575
0.829282
0.821730
0.344325
0.571972
0.907293
0.571972
0.603471
0.426518
0.758020
0.177160
0.749684
0.884948
0.362130
0.649688
0.884948
0.002020
0.549354
0.462365
0.612135
0.496903
0.333520
0.414138
0.962240
0.312615
0.535389
0.735726
0.300471
0.304435
0.025274
0.947760
0.462365
0.223587
0.557828
0.916674
0.848789
0.284858
0.020130
0.994555
0.086192
0.672823
0.626544
0.649688
0.984769
0.141156
0.935597
0.821730
0.540922
0.401971
0.922090
0.935597
0.375911
0.350951
0.821730
0.406779
0.527033
0.021268
0.695863
0.603471
0.540922
0.935597
0.967937
0.814067
0.434080
0.124654
0.004868
0.580543
0.294528
0.758020
0.779856
0.841556
0.462365
0.829282
0.288671
0.074303
0.491556
0.971109
0.496903
0.801128
0.951979
0.672823
0.394742
0.860501
0.505064
0.958545
0.434080
0.505064
0.454542
