0.658394
0.594827
0.304435
0.310521
0.199280
0.014985
0.483494
0.006144
0.050328
0.574890
0.867378
0.771705
0.580543
0.236593
0.867378
0.264363
0.421575
0.206623
0.368979
0.635244
0.986757
0.070668
0.626544
0.793201
0.867378
0.841556
0.333520
0.236593
0.211153
0.335721
0.004043
0.340005
0.462365
0.199280
0.215763
0.496903
0.958545
0.387593
0.922090
0.867378
0.177160
0.589144
0.589144
0.535389
0.215763
0.414138
0.841556
0.203680
0.557828
0.620815
0.907293
0.907293
0.094284
0.507859
0.155897
0.357661
0.290658
0.922090
0.612135
0.626544
0.236593
0.126604
0.984769
0.094284
0.690166
0.364456
0.033659
0.735726
0.901408
0.735726
0.787927
0.080707
0.867378
0.978604
0.382926
0.070668
0.233315
0.801128
0.758020
0.527033
0.549354
0.994555
0.192150
0.096609
0.390021
0.779856
0.024596
0.643949
0.597771
0.535389
0.357661
0.350951
0.848789
0.574890
0.713075
0.735726
0.397198
0.346575
0.346575
0.951979
0.414138
0.020886
0.940331
0.603471
0.787927
0.279144
0.003850
0.153566
0.000572
0.626544
0.491556
0.364456
0.571972
0.434080
0.157114
0.580543
0.695863
0.077446
0.991213
0.518727
0.884948
0.079397
0.922090
0.841556
0.061772
0.935597
0.766291
0.231634
0.382926
0.038764
0.580543
0.566341
0.735726
0.801128
0.316692
0.513281
0.483494
0.077446
0.037752
0.061772
0.984769
0.008597
0.483494
0.357661
0.394742
0.597771
0.454542
0.002020
0.535389
0.612135
0.310521
0.118894
0.841556
0.187953
0.589144
0.294528
0.057717
0.316692
0.901408
0.907293
0.057717
0.505064
0.540922
0.496903
0.364456
0.394742
0.214182
0.454542
0.169385
0.766291
0.104694
0.001510
0.316692
0.681504
0.429087
0.566341
0.907293
0.414138
0.135818
0.801128
0.658394
0.130653
0.821730
0.290658
0.003559
0.649688
0.077446
0.312615
0.681504
0.173237
0.867378
0.513281
0.704484
0.160731
0.829282
0.454542
0.449423
0.589144
0.357661
0.779856
0.414138
0.072465
0.947760
0.483494
0.135818
0.649688
0.401971
0.226757
0.026438
0.333520
0.916674
0.867378
0.350951
0.566341
0.878466
0.124654
0.007168
0.549354
0.340005
0.971109
0.643949
0.002645
0.008197
0.617854
0.192150
0.312615
0.275424
0.000756
0.566341
0.109849
0.255445
0.003965
0.306500
0.713075
0.371333
0.867378
0.003738
0.340005
0.505064
0.390021
0.681504
0.505064
0.758020
0.521553
0.971109
0.867378
0.350951
0.566341
0.206623
0.157114
0.159490
0.901408
0.874110
0.617854
0.557828
0.441715
0.667094
0.269851
0.848789
0.255445
0.635244
0.057717
0.860501
0.121744
0.649688
0.080707
0.047782
0.264363
0.935597
0.017063
0.064431
0.080707
0.808960
0.000086
0.626544
0.449423
0.434080
0.044581
0.922090
0.855893
0.135818
0.821730
0.727244
0.649688
0.867378
0.394742
0.667094
0.382926
0.758020
0.026438
0.316692
0.000872
0.821730
0.808960
0.821730
0.153566
0.015409
0.649688
0.063362
0.329292
0.713075
0.421575
0.401971
0.801128
0.206623
0.749684
0.141156
0.603471
0.064431
0.006325
0.008436
0.557828
0.375911
0.034568
0.290658
0.848789
0.108126
0.589144
0.884948
0.015409
0.394742
0.580543
0.246759
0.986757
0.766291
0.316692
0.236593
0.037099
0.658394
0.206623
0.935597
0.681504
0.264363
0.322949
0.947760
0.300471
0.935597
0.039801
0.107244
0.215763
0.414138
0.082732
0.907293
0.353229
0.795913
0.194957
0.346575
0.362130
0.112510
0.884948
0.226757
0.203680
0.649688
0.758020
0.962240
0.829282
0.441715
0.617854
0.549354
0.264363
0.294528
0.228410
0.566341
0.935597
0.951979
0.121744
0.310521
0.255445
0.449423
0.211153
0.056256
0.901408
0.649688
0.971109
0.250182
0.855893
0.362130
0.681504
0.787927
0.821730
0.483494
0.173237
0.329292
0.146673
0.080707
0.658394
0.681504
0.527033
0.935597
0.446787
0.177160
0.322949
0.098170
0.704484
0.758020
0.223587
0.310521
0.643949
0.088340
0.000718
0.787927
0.543791
0.549354
0.306500
0.112510
0.062816
0.421575
0.130653
0.821730
0.855893
0.371333
0.340005
0.771705
0.821730
0.434080
0.035180
0.549354
0.543791
0.399498
0.401971
0.989675
0.549354
0.173237
0.758020
0.112510
0.505064
0.127623
0.368979
0.394742
0.801128
0.612135
0.713075
0.580543
0.020320
0.223587
0.690166
0.540922
0.054829
0.878466
0.429087
0.284858
0.549354
0.735726
0.891273
0.841556
0.434080
0.620815
0.333520
0.470257
0.327120
0.312615
0.357661
0.626544
0.109849
0.007593
0.177160
0.713075
0.891273
0.211153
0.557828
0.821730
0.848789
0.375911
0.414138
0.727244
0.855893
0.169385
0.940331
0.275424
0.215763
0.141156
0.088340
0.848789
0.690166
0.264363
0.566341
0.187953
0.690166
0.672823
0.228410
0.183833
0.808960
0.094284
0.557828
0.245003
0.589144
0.072465
0.935597
0.050328
0.357661
0.907293
0.974087
0.151265
0.535389
0.927324
0.901408
0.749684
0.375911
0.527033
0.275424
0.255445
0.246759
0.771705
0.067775
0.571972
0.027908
0.103042
0.150086
0.922090
0.071848
0.414138
0.350951
0.971109
0.368979
0.978604
0.836720
0.218844
0.446787
0.808960
0.316692
0.672823
0.406779
0.681504
0.294528
0.795913
0.187953
0.727244
0.535389
0.635244
0.333520
0.199280
0.884948
0.658394
0.124654
0.260793
0.414138
0.527033
0.658394
0.059212
0.841556
0.157114
0.922090
0.250182
0.626544
0.620815
0.129613
0.735726
0.177160
0.114294
0.727244
0.907293
0.907293
0.557828
0.848789
0.727244
0.505064
0.454542
0.401971
0.658394
0.187953
0.984769
0.119859
0.231634
0.991213
0.160731
0.649688
0.549354
0.496903
0.681504
0.382926
0.643949
0.322949
0.346575
0.557828
0.505064
0.264363
