0.947760
0.362130
0.375911
0.884948
0.704484
0.947760
0.250182
0.947760
0.958545
0.496903
0.155897
0.475494
0.667094
0.123655
0.727244
0.878466
0.962240
0.749684
0.681504
0.273514
0.446787
0.829282
0.829282
0.387593
0.947760
0.496903
0.426518
0.626544
0.015695
0.505064
0.446787
0.496903
0.206623
0.267971
0.727244
0.273514
0.159490
0.571972
0.496903
0.100580
0.255445
0.829282
0.434080
0.603471
0.199280
0.304435
0.169385
0.867378
0.070668
0.793201
0.206623
0.001378
0.816691
0.891273
0.626544
0.649688
0.294528
0.727244
0.535389
0.971109
0.527033
0.496903
0.535389
0.829282
0.801128
0.375911
0.951979
0.031348
0.603471
0.991213
0.841556
0.713075
0.042685
0.231634
0.821730
0.901408
0.916674
0.589144
0.907293
0.350951
0.779856
0.273514
0.603471
0.771705
0.253642
0.749684
0.841556
0.357661
0.771705
0.801128
0.462365
0.236593
0.557828
0.401971
0.617854
0.626544
0.801128
0.649688
0.000795
0.635244
0.771705
0.414138
0.241635
0.841556
0.421575
0.104694
0.250182
0.063362
0.947760
0.594827
0.294528
0.766291
0.690166
0.681504
0.643949
0.690166
0.527033
0.580543
0.535389
0.199280
0.594827
0.401971
0.499678
0.612135
0.153566
0.279144
0.958545
0.907293
0.382926
0.848789
0.808960
0.735726
0.284858
0.258960
0.143326
0.989675
0.357661
0.829282
0.126604
0.927324
0.681504
0.496903
0.649688
0.989675
0.821730
0.294528
0.978604
0.165605
0.922090
0.848789
0.095811
0.273514
0.513281
0.779856
0.749684
0.344325
0.253642
0.380525
0.617854
0.801128
0.884948
0.362130
0.134742
0.860501
0.672823
0.640981
0.749684
0.475494
0.163153
0.362130
0.808960
0.749684
0.454542
0.401971
0.449423
0.294528
0.316692
0.695863
0.841556
0.793201
0.735726
0.375911
0.038764
0.000446
0.901408
0.658394
0.137917
0.557828
0.441715
0.060217
0.109849
0.406779
0.226757
0.821730
0.947760
0.808960
0.421575
0.848789
0.829282
0.779856
0.658394
0.394742
0.294528
0.535389
0.821730
0.368979
0.540922
0.635244
0.744157
0.368979
0.513281
0.771705
0.496903
0.190711
0.771705
0.527033
0.434080
0.793201
0.727244
0.801128
0.000075
0.681504
0.236593
0.626544
0.064431
0.612135
0.434080
0.258960
0.246759
0.462365
0.589144
0.333520
0.704484
0.891273
0.916674
0.426518
0.173237
0.350951
0.226757
0.100580
0.206623
0.467559
0.279144
0.758020
0.594827
0.446787
0.860501
0.126604
0.571972
0.333520
0.758020
0.146673
0.527033
0.801128
0.173237
0.771705
0.535389
0.626544
0.179787
0.571972
0.019768
0.801128
0.672823
0.029186
0.159490
0.571972
0.801128
0.290658
0.603471
0.589144
0.958545
0.695863
0.704484
0.255445
0.829282
0.333520
0.380525
0.860501
0.300471
0.916674
0.454542
0.382926
0.117048
0.357661
0.681504
0.098170
0.187953
0.387593
0.320806
0.310521
0.190711
0.483494
0.414138
0.681504
0.121744
0.394742
0.874110
0.829282
0.104694
0.947760
0.414138
0.603471
0.998463
0.998868
0.491556
0.998868
0.535389
0.441715
0.744157
0.540922
0.223587
0.022875
0.075538
0.947760
0.643949
0.681504
0.100580
0.206623
0.867378
0.603471
0.329292
0.250182
0.749684
0.690166
0.821730
0.580543
0.146673
0.986757
0.521553
0.589144
0.563435
0.496903
0.375911
0.535389
0.891273
0.250182
0.617854
0.288671
0.727244
0.441715
0.434080
0.454542
0.018706
0.901408
0.603471
0.294528
0.056256
0.658394
0.771705
0.316692
0.848789
0.135818
0.658394
0.165605
0.758020
0.350951
0.681504
0.978604
0.527033
0.194957
0.175815
0.779856
0.735726
0.144460
0.026438
0.467559
0.735726
0.891273
0.672823
0.758020
0.037752
0.012548
0.527033
0.527033
0.320806
0.518727
0.320806
0.231634
0.304435
0.727244
0.594827
0.594827
0.279144
0.695863
0.380525
0.362130
0.123655
0.029186
0.041578
0.406779
0.922090
0.197797
0.793201
0.617854
0.449423
0.475494
0.183833
0.387593
0.300471
0.375911
0.406779
0.571972
0.320806
0.333520
0.571972
0.126604
0.571972
0.394742
0.808960
0.288671
0.758020
0.028409
0.264363
0.380525
0.350951
0.695863
0.930673
0.916674
0.940331
0.406779
0.159490
0.454542
0.901408
0.255445
0.801128
0.829282
0.518727
0.727244
0.527033
0.250182
0.368979
0.483494
0.364456
0.535389
0.044581
0.779856
0.779856
0.357661
0.505064
0.695863
0.649688
0.672823
0.640981
0.566341
0.483494
0.446787
0.635244
0.527033
0.441715
0.994555
0.884948
0.159490
0.540922
0.704484
0.187953
0.462365
0.540922
0.978604
0.672823
0.273514
0.491556
0.406779
0.557828
0.884948
0.454542
0.727244
0.626544
0.787927
0.535389
0.434080
0.103042
0.294528
0.991213
0.681504
0.462365
0.549354
0.649688
0.704484
0.467559
0.704484
0.841556
0.226757
0.346575
0.197797
0.206623
0.962240
0.749684
0.658394
0.362130
0.626544
0.467559
0.841556
0.801128
0.836720
0.566341
0.801128
0.758020
0.255445
0.007305
0.635244
0.401971
0.197797
0.801128
0.891273
0.446787
0.580543
0.406779
0.718717
0.563435
0.279144
0.695863
0.649688
0.695863
0.221961
0.540922
0.483494
0.406779
0.821730
0.527033
0.107244
0.077446
0.771705
0.375911
0.467559
0.867378
0.019230
0.294528
0.022258
0.197797
0.771705
0.255445
0.801128
0.749684
0.801128
0.848789
0.540922
0.058699
0.690166
0.357661
0.744157
0.998868
0.475494
0.704484
0.571972
0.382926
0.557828
0.612135
0.304435
0.294528
0.362130
0.901408
0.050745
0.549354
0.118894
0.218844
0.434080
0.594827
0.010493
0.816691
0.787927
0.203680
0.223587
0.907293
0.401971
0.617854
0.304435
0.749684
0.327120
0.958545
0.649688
0.884948
0.290658
0.475494
0.333520
0.718717
0.132684
