0.218844
0.333520
0.848789
0.241635
0.749684
0.414138
0.617854
0.603471
0.267971
0.965738
0.035180
0.681504
0.974087
0.327120
0.603471
0.082732
0.594827
0.475494
0.695863
0.121744
0.626544
0.467559
0.368979
0.475494
0.414138
0.426518
0.672823
0.518727
0.695863
0.944872
0.727244
0.152372
0.721628
0.475494
0.713075
0.340005
0.967937
0.779856
0.214182
0.574890
0.884948
0.239907
0.496903
0.649688
0.258960
0.808960
0.475494
0.387593
0.406779
0.727244
0.228410
0.009822
0.190711
0.340005
0.421575
0.107244
0.658394
0.194957
0.441715
0.357661
0.589144
0.434080
0.771705
0.771705
0.008847
0.962240
0.183833
0.907293
0.801128
0.758020
0.475494
0.202171
0.617854
0.878466
0.153566
0.187953
0.275424
0.951979
0.935597
0.327120
0.004728
0.649688
0.294528
0.518727
0.186540
0.144460
0.258960
0.187953
0.821730
0.441715
0.394742
0.749684
0.566341
0.563435
0.449423
0.986757
0.129613
0.841556
0.967937
0.821730
0.426518
0.566341
0.513281
0.187953
0.194957
0.016902
0.672823
0.695863
0.333520
0.672823
0.667094
0.981075
0.580543
0.878466
0.626544
0.721628
0.962240
0.535389
0.603471
0.695863
0.566341
0.203680
0.916674
0.467559
0.340005
0.223587
0.718717
0.727244
0.409279
0.930673
0.470257
0.848789
0.848789
0.040498
0.848789
0.549354
0.617854
0.350951
0.322949
0.086192
0.496903
0.594827
0.223587
0.462365
0.258960
0.571972
0.527033
0.228410
0.860501
0.874110
0.901408
0.406779
0.695863
0.021268
0.801128
0.603471
0.320806
0.475494
0.294528
0.401971
0.401971
0.640981
0.718717
0.612135
0.704484
0.527033
0.549354
0.209600
0.557828
0.327120
0.031348
0.848789
0.821730
0.690166
0.836720
0.749684
0.821730
0.333520
0.318816
0.173237
0.998868
0.808960
0.672823
0.505064
0.649688
0.884948
0.658394
0.930673
0.635244
0.947760
0.967937
0.549354
0.690166
0.580543
0.991213
0.884948
0.380525
0.603471
0.617854
0.549354
0.409279
0.635244
0.107244
0.713075
0.821730
0.518727
0.758020
0.173237
0.787927
0.206623
0.290658
0.518727
0.535389
0.045761
0.640981
0.026438
0.387593
0.527033
0.166886
0.704484
0.260793
0.521553
0.414138
0.434080
0.147829
0.821730
0.153566
0.571972
0.414138
0.109849
0.159490
0.626544
0.672823
0.557828
0.496903
0.518727
0.049040
0.401971
0.426518
0.483494
0.362130
0.779856
0.735726
0.727244
0.165605
0.215763
0.603471
0.284858
0.594827
0.119859
0.907293
0.814067
0.962240
0.467559
0.123655
0.267971
0.441715
0.513281
0.446787
0.454542
0.226757
0.171915
0.304435
0.855893
0.375911
0.084092
0.462365
0.735726
0.658394
0.088340
0.169385
0.483494
0.603471
0.231634
0.766291
0.690166
0.163153
0.617854
0.333520
0.916674
0.357661
0.496903
0.462365
0.269851
0.441715
0.023935
0.549354
0.860501
0.801128
0.126604
0.681504
0.766291
0.141156
0.557828
0.860501
0.434080
0.062816
0.035180
0.063362
0.300471
0.718717
0.580543
0.454542
0.935597
0.947760
0.930673
0.991213
0.032199
0.173237
0.540922
0.540922
0.186540
0.860501
0.094284
0.951979
0.956001
0.001669
0.566341
0.855893
0.916674
0.513281
0.635244
0.143326
0.901408
0.626544
0.867378
0.434080
0.594827
0.215763
0.713075
0.907293
0.617854
0.603471
0.552238
0.037099
0.958545
0.617854
0.475494
0.951979
0.884948
0.159490
0.470257
0.357661
0.218844
0.449423
0.649688
0.549354
0.841556
0.549354
0.269851
0.173237
0.704484
0.294528
0.027652
0.414138
0.727244
0.250182
0.922090
0.077446
0.264363
0.695863
0.155897
0.540922
0.019230
0.518727
0.793201
0.340005
0.771705
0.380525
0.454542
0.617854
0.070065
0.821730
0.179787
0.380525
0.387593
0.649688
0.626544
0.793201
0.540922
0.672823
0.718717
0.163153
0.718717
0.071848
0.362130
0.304435
0.841556
0.841556
0.841556
0.571972
0.380525
0.169385
0.239907
0.727244
0.406779
0.884948
0.394742
0.771705
0.594827
0.518727
0.368979
0.253642
0.387593
0.901408
0.540922
0.603471
0.901408
0.264363
0.467559
0.867378
0.017866
0.194957
0.104694
0.947760
0.350951
0.749684
0.947760
0.475494
0.304435
0.612135
0.218844
0.368979
0.535389
0.462365
0.245003
0.049886
0.901408
0.713075
0.821730
0.076791
0.808960
0.199280
0.907293
0.382926
0.947760
0.996919
0.860501
0.304435
0.350951
0.766291
0.441715
0.603471
0.808960
0.304435
0.867378
0.475494
0.626544
0.194957
0.735726
0.620815
0.284858
0.793201
0.518727
0.907293
0.704484
0.214182
0.940331
0.721628
0.206623
0.594827
0.037752
0.935597
0.316692
0.362130
0.617854
0.626544
0.426518
0.255445
0.617854
0.758020
0.005110
0.735726
0.294528
0.279144
0.061238
0.571972
0.916674
0.681504
0.414138
0.449423
0.316692
0.380525
0.518727
0.350951
0.848789
0.901408
0.603471
0.496903
0.727244
0.540922
0.884948
0.329292
0.721628
0.867378
0.434080
0.735726
0.187953
0.901408
0.518727
0.294528
0.088340
0.771705
0.414138
0.571972
0.821730
0.250182
0.258960
0.563435
0.228410
0.344325
0.304435
0.549354
0.245003
0.884948
0.446787
0.787927
0.421575
0.273514
0.380525
0.371333
0.901408
0.771705
0.801128
0.795913
0.344325
0.527033
0.848789
0.690166
0.269851
0.984769
0.749684
0.462365
0.922090
0.971109
0.594827
0.749684
0.901408
0.658394
0.947760
0.024596
0.250182
0.357661
0.250182
0.667094
0.758020
0.779856
0.426518
0.860501
0.940331
0.749684
0.617854
0.300471
0.505064
0.344325
0.620815
0.658394
0.971109
0.245003
0.922090
0.316692
0.808960
0.284858
0.901408
0.483494
0.304435
0.947760
0.927324
0.907293
0.658394
0.779856
0.077446
0.704484
0.231634
0.414138
0.535389
