0.454542
0.362130
0.958545
0.320806
0.617854
0.467559
0.197797
0.320806
0.087602
0.821730
0.099752
0.161896
0.446787
0.467559
0.344325
0.380525
0.171915
0.209600
0.626544
0.594827
0.123655
0.672823
0.102197
0.540922
0.106369
0.344325
0.362130
0.540922
0.535389
0.294528
0.681504
0.099752
0.454542
0.258960
0.446787
0.475494
0.727244
0.320806
0.467559
0.221961
0.640981
0.571972
0.143326
0.171915
0.179787
0.793201
0.496903
0.380525
0.860501
0.496903
0.527033
0.446787
0.231634
0.787927
0.649688
0.640981
0.454542
0.344325
0.288671
0.874110
0.841556
0.626544
0.704484
0.505064
0.316692
0.758020
0.446787
0.190711
0.304435
0.399498
0.375911
0.617854
0.935597
0.075538
0.104694
0.304435
0.649688
0.505064
0.801128
0.161896
0.380525
0.771705
0.467559
0.884948
0.580543
0.603471
0.446787
0.399498
0.518727
0.116102
0.446787
0.446787
0.603471
0.399498
0.540922
0.681504
0.123655
0.527033
0.406779
0.294528
0.513281
0.557828
0.357661
0.344325
0.467559
0.344325
0.727244
0.245003
0.749684
0.080707
0.406779
0.930673
0.878466
0.288671
0.175815
0.999892
0.362130
0.304435
0.527033
0.211153
0.741289
0.380525
0.718717
0.226757
0.350951
0.635244
0.518727
0.603471
0.406779
0.518727
0.649688
0.434080
0.258960
0.344325
0.695863
0.221961
0.727244
0.143326
0.878466
0.231634
0.672823
0.362130
0.304435
0.518727
0.267971
0.146673
0.362130
0.594827
0.984769
0.304435
0.467559
0.320806
0.197797
0.467559
0.171915
0.617854
0.718717
0.161896
0.048608
0.695863
0.226757
0.617854
0.320806
0.221961
0.106369
0.059696
0.594827
0.446787
0.594827
0.467559
0.867378
0.540922
0.681504
0.344325
0.571972
0.695863
0.483494
0.549354
0.841556
0.269851
0.589144
0.387593
0.029708
0.571972
0.327120
0.649688
0.218844
0.967937
0.571972
0.505064
0.068911
0.114294
0.718717
0.304435
0.518727
0.426518
0.884948
0.454542
0.106369
0.140045
0.406779
0.320806
0.594827
0.226757
0.860501
0.399498
0.771705
0.640981
0.337784
0.239907
0.239907
0.209600
0.518727
0.672823
0.467559
0.186540
0.434080
0.199280
0.540922
0.214182
0.958545
0.695863
0.571972
0.143326
0.108955
0.617854
0.540922
0.320806
0.273514
0.518727
0.821730
0.475494
0.344325
0.434080
0.594827
0.594827
0.640981
0.793201
0.467559
0.540922
0.672823
0.273514
0.063876
0.362130
0.294528
0.922090
0.186540
0.267971
0.434080
0.446787
0.267971
0.496903
0.496903
0.496903
0.253642
0.362130
0.649688
0.496903
0.161896
0.362130
0.221961
0.202171
0.518727
0.152372
0.907293
0.231634
0.357661
0.821730
0.571972
0.801128
0.454542
0.467559
0.387593
0.594827
0.446787
0.878466
0.446787
0.226757
0.141156
0.860501
0.787927
0.496903
0.821730
0.253642
0.446787
0.617854
0.571972
0.159490
0.426518
0.446787
0.414138
0.467559
0.239907
0.793201
0.304435
0.362130
0.414138
0.801128
0.626544
0.399498
0.841556
0.518727
0.603471
0.958545
0.771705
0.362130
0.467559
0.426518
0.344325
0.223587
0.320806
0.375911
0.446787
0.978604
0.434080
0.131630
0.399498
0.518727
0.771705
0.704484
0.304435
0.518727
0.704484
0.901408
0.279144
0.362130
0.394742
0.658394
0.594827
0.540922
0.549354
0.362130
0.084092
0.446787
0.399498
0.344325
0.884948
0.496903
0.236593
0.867378
0.294528
0.626544
0.649688
0.860501
0.202171
0.594827
0.658394
0.231634
0.446787
0.399498
0.226757
0.221961
0.327120
0.617854
0.239907
0.467559
0.059696
0.841556
0.131630
0.594827
0.540922
0.106369
0.467559
0.380525
0.320806
0.273514
0.288671
0.140045
0.253642
0.171915
0.387593
0.161896
0.304435
0.273514
0.878466
0.050745
0.426518
0.344325
0.337784
0.304435
0.549354
0.063876
0.467559
0.380525
0.169385
0.226757
0.540922
0.050745
0.131630
0.399498
0.467559
0.209600
0.214182
0.540922
0.253642
0.327120
0.571972
0.380525
0.171915
0.467559
0.214182
0.197797
0.594827
0.273514
0.171915
0.362130
0.310521
0.337784
0.362130
0.258960
0.771705
0.467559
0.518727
0.209600
0.304435
0.226757
0.171915
0.116102
0.446787
0.617854
0.085471
0.426518
0.239907
0.098170
0.040498
0.362130
0.399498
0.801128
0.540922
0.143326
0.496903
0.930673
0.505064
0.518727
0.406779
0.496903
0.513281
0.368979
0.327120
0.749684
0.749684
0.749684
0.681504
0.350951
0.727244
0.380525
0.527033
0.327120
0.344325
0.496903
0.146673
0.867378
0.337784
0.288671
0.362130
0.727244
0.727244
0.143326
0.518727
0.273514
0.320806
0.209600
0.399498
0.467559
0.399498
0.467559
0.186540
0.126604
0.202171
0.594827
0.104694
0.406779
0.821730
0.226757
0.454542
0.446787
0.594827
0.304435
0.197797
0.131630
0.171915
0.617854
0.563435
0.239907
0.571972
0.426518
0.253642
0.140045
0.350951
0.958545
0.475494
0.399498
0.320806
0.475494
0.037413
0.884948
0.649688
0.316692
0.035802
0.245003
0.273514
0.320806
0.264363
0.279144
0.540922
0.070065
0.446787
0.209600
0.380525
0.171915
0.434080
0.672823
0.563435
0.505064
0.258960
0.718717
0.958545
0.978604
0.695863
0.672823
0.250182
0.446787
0.273514
0.681504
0.563435
0.140045
0.571972
0.380525
0.793201
0.549354
0.540922
0.518727
0.304435
0.467559
0.344325
0.304435
0.304435
0.304435
0.239907
0.273514
0.793201
0.860501
0.218844
0.089781
0.505064
0.202171
0.310521
0.540922
0.467559
0.563435
0.399498
0.171915
0.414138
0.320806
0.106369
0.483494
0.658394
0.357661
0.446787
0.304435
0.518727
0.245003
0.916674
0.704484
0.209600
0.267971
0.649688
0.672823
0.681504
0.239907
0.640981
0.333520
0.380525
0.446787
0.387593
0.771705
