0.793201
0.867378
0.962240
0.375911
0.304435
0.166886
0.163153
0.549354
0.612135
0.597771
0.672823
0.306500
0.275424
0.603471
0.727244
0.681504
0.836720
0.163153
0.801128
0.306500
0.446787
0.635244
0.027908
0.380525
0.114294
0.971109
0.771705
0.441715
0.758020
0.316692
0.974087
0.612135
0.695863
0.681504
0.681504
0.215763
0.505064
0.223587
0.375911
0.183833
0.304435
0.787927
0.935597
0.483494
0.735726
0.626544
0.549354
0.100580
0.141156
0.867378
0.808960
0.603471
0.855893
0.357661
0.867378
0.681504
0.245003
0.557828
0.549354
0.179787
0.958545
0.454542
0.874110
0.513281
0.984769
0.344325
0.999575
0.640981
0.245003
0.150086
0.991213
0.907293
0.718717
0.947760
0.255445
0.127623
0.771705
0.848789
0.958545
0.434080
0.884948
0.779856
0.589144
0.375911
0.571972
0.841556
0.801128
0.787927
0.549354
0.050328
0.454542
0.003738
0.375911
0.406779
0.505064
0.211153
0.940331
0.860501
0.557828
0.003926
0.643949
0.855893
0.255445
0.795913
0.475494
0.300471
0.766291
0.279144
0.986757
0.681504
0.907293
0.829282
0.735726
0.667094
0.449423
0.566341
0.518727
0.441715
0.211153
0.129613
0.399498
0.612135
0.127623
0.371333
0.208158
0.394742
0.704484
0.801128
0.275424
0.104694
0.713075
0.114294
0.401971
0.672823
0.589144
0.322949
0.483494
0.375911
0.320806
0.801128
0.612135
0.947760
0.549354
0.082732
0.971109
0.505064
0.183833
0.971109
0.169385
0.649688
0.612135
0.958545
0.996919
0.159490
0.589144
0.535389
0.032199
0.617854
0.766291
0.171915
0.016139
0.327120
0.779856
0.215763
0.635244
0.406779
0.316692
0.681504
0.658394
0.704484
0.626544
0.884948
0.713075
0.681504
0.387593
0.045761
0.333520
0.454542
0.658394
0.211153
0.867378
0.549354
0.382926
0.312615
0.039801
0.626544
0.672823
0.157114
0.150086
0.462365
0.059212
0.916674
0.612135
0.441715
0.446787
0.612135
0.446787
0.603471
0.771705
0.749684
0.368979
0.947760
0.187953
0.223587
0.841556
0.727244
0.713075
0.749684
0.860501
0.513281
0.060217
0.513281
0.294528
0.771705
0.829282
0.681504
0.505064
0.434080
0.681504
0.414138
0.199280
0.075538
0.187953
0.874110
0.014711
0.434080
0.922090
0.667094
0.364456
0.672823
0.527033
0.059212
0.771705
0.362130
0.109849
0.183833
0.658394
0.922090
0.580543
0.735726
0.406779
0.333520
0.867378
0.779856
0.143326
0.860501
0.414138
0.571972
0.100580
0.658394
0.771705
0.956001
0.173237
0.446787
0.362130
0.322949
0.978604
0.667094
0.589144
0.901408
0.300471
0.727244
0.011640
0.066084
0.414138
0.704484
0.801128
0.543791
0.916674
0.163153
0.635244
0.346575
0.635244
0.483494
0.496903
0.346575
0.841556
0.989675
0.122729
0.758020
0.681504
0.209600
0.557828
0.681504
0.002567
0.540922
0.294528
0.521553
0.288671
0.549354
0.052535
0.874110
0.114294
0.658394
0.808960
0.695863
0.787927
0.935597
0.643949
0.527033
0.749684
0.594827
0.867378
0.594827
0.758020
0.947760
0.483494
0.350951
0.690166
0.808960
0.329292
0.801128
0.039801
0.483494
0.571972
0.867378
0.094284
0.735726
0.290658
0.255445
0.483494
0.049040
0.441715
0.940331
0.414138
0.441715
0.505064
0.829282
0.589144
0.612135
0.362130
0.228410
0.808960
0.483494
0.589144
0.594827
0.414138
0.406779
0.088340
0.721628
0.333520
0.884948
0.603471
0.294528
0.109849
0.571972
0.357661
0.518727
0.808960
0.557828
0.713075
0.279144
0.505064
0.223587
0.721628
0.284858
0.173237
0.704484
0.454542
0.649688
0.626544
0.704484
0.597771
0.940331
0.000378
0.667094
0.496903
0.989675
0.916674
0.597771
0.344325
0.375911
0.557828
0.758020
0.557828
0.190711
0.181158
0.848789
0.549354
0.104694
0.467559
0.649688
0.157114
0.231634
0.649688
0.779856
0.281082
0.327120
0.626544
0.829282
0.421575
0.518727
0.357661
0.260793
0.749684
0.801128
0.855893
0.718717
0.310521
0.406779
0.958545
0.462365
0.821730
0.124654
0.226757
0.771705
0.698805
0.667094
0.030518
0.106369
0.357661
0.505064
0.758020
0.068911
0.978604
0.047782
0.793201
0.535389
0.401971
0.294528
0.429087
0.860501
0.163153
0.855893
0.821730
0.649688
0.821730
0.695863
0.357661
0.527033
0.635244
0.279144
0.978604
0.935597
0.401971
0.181158
0.264363
0.011106
0.114294
0.971109
0.187953
0.067775
0.157114
0.907293
0.543791
0.860501
0.173237
0.713075
0.375911
0.357661
0.375911
0.713075
0.867378
0.727244
0.382926
0.499678
0.935597
0.594827
0.357661
0.867378
0.848789
0.527033
0.940331
0.971109
0.667094
0.540922
0.483494
0.704484
0.026438
0.774492
0.695863
0.327120
0.821730
0.672823
0.333520
0.758020
0.190711
0.429087
0.375911
0.841556
0.288671
0.612135
0.080707
0.206623
0.206623
0.187953
0.801128
0.218844
0.513281
0.771705
0.971109
0.867378
0.446787
0.300471
0.527033
0.132684
0.290658
0.907293
0.535389
0.667094
0.557828
0.801128
0.713075
0.380525
0.626544
0.527033
0.258960
0.916674
0.603471
0.333520
0.467559
0.021268
0.491556
0.801128
0.829282
0.681504
0.867378
0.394742
0.771705
0.727244
0.589144
0.884948
0.250182
0.387593
0.518727
0.658394
0.658394
0.874110
0.226757
0.758020
0.643949
0.362130
0.821730
0.518727
0.160731
0.527033
0.127623
0.580543
0.483494
0.144460
0.922090
0.571972
0.901408
0.132684
0.387593
0.891273
0.695863
0.340005
0.170690
0.801128
0.884948
0.013909
0.617854
0.735726
0.401971
0.454542
0.035180
0.867378
0.640981
0.239907
0.727244
0.901408
0.206623
0.346575
0.695863
0.310521
0.735726
0.475494
0.652656
0.841556
0.681504
0.922090
0.357661
0.907293
0.695863
0.779856
