0.362130
0.197797
0.368979
0.123655
0.446787
0.362130
0.169385
0.718717
0.496903
0.197797
0.387593
0.549354
0.571972
0.362130
0.935597
0.258960
0.496903
0.406779
0.640981
0.518727
0.434080
0.771705
0.197797
0.082037
0.518727
0.540922
0.399498
0.231634
0.211153
0.129613
0.387593
0.333520
0.617854
0.535389
0.387593
0.860501
0.518727
0.279144
0.000710
0.380525
0.273514
0.304435
0.594827
0.907293
0.454542
0.967937
0.414138
0.197797
0.695863
0.273514
0.022258
0.640981
0.496903
0.236593
0.159490
0.488801
0.884948
0.626544
0.563435
0.744157
0.253642
0.984769
0.421575
0.998463
0.518727
0.362130
0.327120
0.446787
0.231634
0.649688
0.718717
0.571972
0.129613
0.304435
0.848789
0.434080
0.304435
0.695863
0.106369
0.197797
0.749684
0.446787
0.563435
0.617854
0.146673
0.362130
0.612135
0.454542
0.594827
0.304435
0.171915
0.749684
0.540922
0.571972
0.426518
0.264363
0.505064
0.589144
0.165605
0.218844
0.901408
0.901408
0.426518
0.304435
0.848789
0.518727
0.387593
0.527033
0.698805
0.672823
0.884948
0.350951
0.518727
0.867378
0.209600
0.446787
0.505064
0.279144
0.104694
0.878466
0.306500
0.626544
0.695863
0.821730
0.273514
0.007097
0.288671
0.344325
0.239907
0.649688
0.571972
0.940331
0.626544
0.209600
0.016902
0.916674
0.771705
0.245003
0.333520
0.320806
0.749684
0.368979
0.304435
0.454542
0.141156
0.327120
0.320806
0.467559
0.594827
0.446787
0.434080
0.518727
0.387593
0.821730
0.801128
0.571972
0.475494
0.793201
0.387593
0.267971
0.496903
0.327120
0.214182
0.267971
0.159490
0.161896
0.209600
0.171915
0.496903
0.434080
0.681504
0.649688
0.571972
0.441715
0.475494
0.434080
0.991213
0.617854
0.143326
0.962240
0.362130
0.344325
0.860501
0.290658
0.294528
0.922090
0.209600
0.749684
0.535389
0.566341
0.787927
0.143326
0.901408
0.672823
0.267971
0.518727
0.594827
0.672823
0.571972
0.475494
0.209600
0.518727
0.446787
0.658394
0.727244
0.518727
0.175815
0.984769
0.571972
0.099752
0.540922
0.518727
0.327120
0.467559
0.540922
0.793201
0.362130
0.467559
0.267971
0.294528
0.594827
0.475494
0.727244
0.226757
0.727244
0.594827
0.362130
0.329292
0.202171
0.907293
0.454542
0.146673
0.735726
0.333520
0.475494
0.475494
0.496903
0.123655
0.446787
0.226757
0.540922
0.518727
0.169385
0.327120
0.467559
0.467559
0.549354
0.362130
0.505064
0.594827
0.304435
0.594827
0.801128
0.380525
0.704484
0.380525
0.380525
0.171915
0.793201
0.821730
0.099752
0.171915
0.304435
0.161896
0.626544
0.362130
0.518727
0.681504
0.294528
0.454542
0.649688
0.316692
0.704484
0.967937
0.771705
0.986757
0.626544
0.779856
0.221961
0.695863
0.380525
0.226757
0.821730
0.250182
0.527033
0.446787
0.143326
0.841556
0.304435
0.518727
0.695863
0.344325
0.202171
0.108955
0.901408
0.406779
0.496903
0.288671
0.333520
0.362130
0.793201
0.787927
0.672823
0.649688
0.617854
0.387593
0.294528
0.288671
0.978604
0.116102
0.649688
0.320806
0.704484
0.612135
0.704484
0.640981
0.594827
0.462365
0.446787
0.155897
0.050328
0.496903
0.186540
0.518727
0.197797
0.426518
0.505064
0.239907
0.380525
0.940331
0.467559
0.239907
0.518727
0.186540
0.267971
0.159490
0.867378
0.549354
0.143326
0.483494
0.935597
0.421575
0.860501
0.549354
0.496903
0.527033
0.414138
0.841556
0.518727
0.695863
0.496903
0.793201
0.118894
0.155897
0.387593
0.690166
0.426518
0.467559
0.258960
0.253642
0.571972
0.446787
0.841556
0.253642
0.594827
0.718717
0.209600
0.380525
0.197797
0.446787
0.258960
0.253642
0.467559
0.695863
0.527033
0.304435
0.580543
0.169385
0.399498
0.304435
0.221961
0.467559
0.209600
0.527033
0.387593
0.320806
0.106369
0.793201
0.209600
0.186540
0.304435
0.362130
0.258960
0.672823
0.878466
0.080027
0.221961
0.841556
0.540922
0.209600
0.310521
0.226757
0.878466
0.239907
0.518727
0.718717
0.175815
0.253642
0.518727
0.357661
0.253642
0.209600
0.695863
0.540922
0.245003
0.267971
0.380525
0.462365
0.571972
0.454542
0.527033
0.841556
0.540922
0.226757
0.320806
0.718717
0.368979
0.483494
0.173237
0.344325
0.814067
0.155897
0.362130
0.362130
0.062816
0.801128
0.344325
0.603471
0.434080
0.344325
0.518727
0.518727
0.264363
0.264363
0.884948
0.518727
0.672823
0.171915
0.612135
0.267971
0.718717
0.793201
0.070668
0.267971
0.044581
0.446787
0.320806
0.320806
0.695863
0.860501
0.626544
0.414138
0.749684
0.603471
0.626544
0.406779
0.741289
0.860501
0.695863
0.171915
0.496903
0.387593
0.454542
0.362130
0.695863
0.505064
0.446787
0.387593
0.801128
0.399498
0.557828
0.253642
0.801128
0.399498
0.704484
0.375911
0.841556
0.540922
0.681504
0.681504
0.649688
0.327120
0.368979
0.021656
0.922090
0.475494
0.239907
0.749684
0.518727
0.540922
0.454542
0.540922
0.695863
0.273514
0.771705
0.434080
0.518727
0.197797
0.209600
0.603471
0.467559
0.344325
0.171915
0.406779
0.793201
0.518727
0.527033
0.068911
0.518727
0.518727
0.123655
0.129613
0.197797
0.540922
0.475494
0.380525
0.860501
0.704484
0.916674
0.540922
0.649688
0.907293
0.426518
0.426518
0.171915
0.039445
0.434080
0.063876
0.649688
0.161896
0.749684
0.085471
0.793201
0.518727
0.649688
0.446787
0.320806
0.050745
0.446787
0.226757
0.362130
0.267971
0.695863
0.123655
0.640981
0.344325
0.095811
0.901408
0.571972
0.626544
0.916674
0.221961
0.771705
0.362130
0.695863
0.406779
0.387593
0.916674
0.649688
0.718717
0.540922
0.513281
0.771705
0.015263
0.226757
0.218844
