0.106369
0.171915
0.099752
0.399498
0.267971
0.171915
0.549354
0.085471
0.209600
0.467559
0.161896
0.209600
0.197797
0.197797
0.171915
0.143326
0.253642
0.916674
0.186540
0.161896
0.226757
0.197797
0.140045
0.171915
0.380525
0.333520
0.267971
0.118894
0.563435
0.056256
0.446787
0.540922
0.197797
0.063876
0.649688
0.171915
0.214182
0.171915
0.131630
0.087602
0.161896
0.165605
0.140045
0.362130
0.076791
0.518727
0.288671
0.467559
0.496903
0.399498
0.320806
0.540922
0.922090
0.475494
0.380525
0.467559
0.273514
0.161896
0.594827
0.594827
0.571972
0.958545
0.434080
0.649688
0.901408
0.518727
0.131630
0.258960
0.446787
0.727244
0.131630
0.801128
0.186540
0.267971
0.085471
0.640981
0.467559
0.922090
0.258960
0.426518
0.718717
0.209600
0.380525
0.126604
0.571972
0.221961
0.161896
0.294528
0.304435
0.171915
0.226757
0.267971
0.221961
0.362130
0.288671
0.304435
0.267971
0.549354
0.140045
0.454542
0.049886
0.640981
0.106369
0.704484
0.984769
0.549354
0.063876
0.209600
0.327120
0.540922
0.124654
0.848789
0.454542
0.771705
0.426518
0.793201
0.475494
0.549354
0.414138
0.475494
0.344325
0.214182
0.350951
0.294528
0.771705
0.848789
0.288671
0.209600
0.771705
0.467559
0.580543
0.106369
0.496903
0.206623
0.446787
0.421575
0.165605
0.467559
0.304435
0.131630
0.563435
0.467559
0.426518
0.320806
0.209600
0.106369
0.267971
0.362130
0.467559
0.050745
0.059696
0.320806
0.467559
0.063876
0.099752
0.267971
0.050745
0.253642
0.029437
0.106369
0.267971
0.267971
0.131630
0.085471
0.070065
0.085471
0.171915
0.406779
0.758020
0.426518
0.505064
0.771705
0.779856
0.821730
0.294528
0.344325
0.793201
0.518727
0.399498
0.518727
0.695863
0.580543
0.086192
0.718717
0.672823
0.695863
0.571972
0.649688
0.947760
0.549354
0.288671
0.394742
0.267971
0.399498
0.253642
0.267971
0.357661
0.171915
0.540922
0.171915
0.197797
0.718717
0.446787
0.518727
0.288671
0.446787
0.171915
0.140045
0.695863
0.209600
0.085471
0.137917
0.253642
0.253642
0.221961
0.695863
0.267971
0.171915
0.860501
0.253642
0.821730
0.106369
0.337784
0.380525
0.327120
0.344325
0.518727
0.916674
0.414138
0.649688
0.758020
0.978604
0.327120
0.878466
0.050745
0.118894
0.089781
0.085471
0.467559
0.563435
0.320806
0.267971
0.171915
0.085471
0.279144
0.063876
0.106369
0.171915
0.288671
0.171915
0.406779
0.143326
0.380525
0.037413
0.304435
0.467559
0.916674
0.106369
0.253642
0.467559
0.540922
0.085471
0.171915
0.380525
0.617854
0.085471
0.414138
0.594827
0.236593
0.860501
0.434080
0.841556
0.483494
0.350951
0.380525
0.518727
0.050745
0.106369
0.226757
0.362130
0.640981
0.580543
0.362130
0.294528
0.505064
0.214182
0.801128
0.475494
0.821730
0.099752
0.221961
0.467559
0.626544
0.672823
0.640981
0.467559
0.496903
0.571972
0.221961
0.273514
0.771705
0.399498
0.320806
0.518727
0.320806
0.672823
0.446787
0.362130
0.771705
0.239907
0.540922
0.368979
0.718717
0.496903
0.594827
0.140045
0.406779
0.209600
0.304435
0.446787
0.434080
0.000602
0.467559
0.446787
0.695863
0.161896
0.540922
0.640981
0.971109
0.267971
0.571972
0.197797
0.878466
0.540922
0.380525
0.475494
0.626544
0.467559
0.362130
0.129613
0.718717
0.197797
0.563435
0.304435
0.211153
0.649688
0.380525
0.801128
0.304435
0.209600
0.264363
0.446787
0.867378
0.267971
0.467559
0.239907
0.161896
0.209600
0.695863
0.467559
0.106369
0.304435
0.362130
0.841556
0.841556
0.267971
0.399498
0.267971
0.116102
0.209600
0.140045
0.267971
0.467559
0.209600
0.152372
0.380525
0.085471
0.116102
0.116102
0.267971
0.106369
0.337784
0.267971
0.380525
0.209600
0.399498
0.050745
0.320806
0.267971
0.197797
0.171915
0.106369
0.140045
0.253642
0.380525
0.037413
0.399498
0.320806
0.540922
0.239907
0.320806
0.143326
0.085471
0.540922
0.304435
0.085471
0.221961
0.718717
0.380525
0.467559
0.197797
0.793201
0.704484
0.362130
0.171915
0.304435
0.362130
0.123655
0.239907
0.406779
0.467559
0.140045
0.131630
0.123655
0.467559
0.171915
0.161896
0.320806
0.171915
0.640981
0.186540
0.294528
0.078727
0.414138
0.126604
0.171915
0.727244
0.496903
0.626544
0.640981
0.496903
0.649688
0.294528
0.549354
0.594827
0.446787
0.594827
0.304435
0.406779
0.475494
0.106369
0.202171
0.878466
0.197797
0.267971
0.104694
0.140045
0.106369
0.175815
0.037413
0.344325
0.749684
0.140045
0.041207
0.741289
0.901408
0.106369
0.253642
0.640981
0.337784
0.362130
0.540922
0.594827
0.496903
0.362130
0.454542
0.186540
0.134742
0.171915
0.467559
0.214182
0.320806
0.704484
0.106369
0.518727
0.106369
0.496903
0.467559
0.380525
0.841556
0.214182
0.132684
0.518727
0.071848
0.190711
0.362130
0.467559
0.718717
0.050745
0.617854
0.320806
0.140045
0.380525
0.304435
0.267971
0.171915
0.320806
0.143326
0.258960
0.695863
0.099752
0.118894
0.294528
0.059696
0.059696
0.197797
0.171915
0.029437
0.209600
0.467559
0.106369
0.085471
0.672823
0.549354
0.380525
0.171915
0.209600
0.304435
0.320806
0.878466
0.267971
0.161896
0.841556
0.467559
0.102197
0.209600
0.518727
0.337784
0.540922
0.106369
0.267971
0.221961
0.695863
0.131630
0.549354
0.161896
0.930673
0.171915
0.793201
0.467559
0.171915
0.649688
0.320806
0.209600
0.253642
0.197797
0.387593
0.414138
0.380525
0.197797
0.475494
0.320806
0.518727
0.496903
0.253642
0.143326
0.483494
0.258960
0.563435
0.640981
0.344325
0.171915
0.779856
0.841556
0.793201
0.860501
