0.000017
0.000899
0.208158
0.382926
0.033071
0.019768
0.000000
0.000075
0.000134
0.000241
0.002255
0.011753
0.002211
0.000000
0.003666
0.002146
0.000178
0.000000
0.003850
0.000000
0.000092
0.000304
0.000003
0.000000
0.000000
0.956001
0.038094
0.064990
0.002041
0.027164
0.002395
0.000001
0.000210
0.000304
0.022466
0.000000
0.000000
0.000000
0.024158
0.010900
0.057717
0.000005
0.281082
0.000000
0.002808
0.060743
0.000000
0.101413
0.000023
0.000113
0.300471
0.000011
0.074303
0.203680
0.001284
0.000976
0.018883
0.007593
0.009104
0.051648
0.421575
0.000000
0.177160
0.005162
0.000000
0.000106
0.499678
0.021859
0.228410
0.160731
0.000058
0.157114
0.016753
0.000000
0.002146
0.000000
0.002593
0.021859
0.698805
0.000012
0.744157
0.000001
0.000003
0.001981
0.092778
0.047782
0.000020
0.013032
0.025970
0.000027
0.003131
0.000005
0.009104
0.023508
0.127623
0.000000
0.000241
0.499678
0.001636
0.241635
0.066084
0.021859
0.056750
0.012670
0.151265
0.000000
0.000016
0.000320
0.000193
0.000004
0.000279
0.013654
0.300471
0.000018
0.055312
0.040864
0.698805
0.000313
0.024158
0.005578
0.020886
0.275424
0.000000
0.000000
0.000071
0.000003
0.115226
0.382926
0.000178
0.612135
0.092778
0.364456
0.000330
0.000000
0.000001
0.013654
0.000145
0.000038
0.000002
0.166886
0.000000
0.000000
0.000007
0.000804
0.079397
0.010298
0.008436
0.000006
0.000946
0.022466
0.000019
0.000000
0.000000
0.003388
0.000310
0.002041
0.000294
0.000000
0.001721
0.000053
0.000000
0.000000
0.000288
0.000010
0.003131
0.119859
0.000002
0.000000
0.000648
0.275424
0.260793
0.721628
0.371333
0.033071
0.133745
0.018883
0.658394
0.166886
0.290658
0.001510
0.000304
0.266225
0.112510
0.170690
0.589144
0.002808
0.211153
0.003559
0.421575
0.001687
0.000004
0.478214
0.000000
0.000001
0.000294
0.000000
0.074303
0.181158
0.101413
0.048208
0.675784
0.000003
0.000187
0.000013
0.000000
0.000000
0.241635
0.228410
0.000648
0.667094
0.000000
0.000000
0.181158
0.000000
0.001828
0.000001
0.000241
0.004288
0.008197
0.000000
0.011425
0.000063
0.000089
0.000000
0.027908
0.296545
0.000899
0.409279
0.001687
0.177160
0.101413
0.897436
0.000976
0.991213
0.001059
0.281082
0.000000
0.000038
0.000005
0.002950
0.000000
0.000009
0.000008
0.000648
0.020886
0.000000
0.001436
0.024158
0.000000
0.000000
0.000001
0.000123
0.774492
0.001246
0.000000
0.000085
0.449423
0.000370
0.000001
0.000000
0.074303
0.000330
0.000000
0.000288
0.002395
0.010900
0.000976
0.513281
0.177160
0.000009
0.000682
0.005578
0.103042
0.681504
0.000113
0.022466
0.281082
0.000000
0.981075
0.007815
0.112510
0.115226
0.001092
0.000370
0.009546
0.000014
0.003965
0.000402
0.000009
0.318816
0.044581
0.000341
0.000000
0.000000
0.000000
0.108126
0.000661
0.001922
0.000561
0.021859
0.001922
0.000085
0.001981
0.241635
0.000000
0.000000
0.000003
0.101413
0.795913
0.016293
0.000000
0.003289
0.795913
0.063362
0.000184
0.000000
0.000740
0.009822
0.000011
0.004416
0.010595
0.002672
0.001393
0.001184
0.127623
0.018883
0.031348
0.108126
0.000000
0.000012
0.024158
0.000078
0.306500
0.000000
0.001510
0.020320
0.000082
0.000000
0.000682
0.004164
0.867378
0.074303
0.000061
0.000330
0.499678
0.000000
0.000682
0.470257
0.329292
0.269851
0.000001
0.000271
0.000000
0.000004
0.000682
0.000402
0.000141
0.000271
0.135818
0.335721
0.000035
0.000000
0.275424
0.000000
0.002395
0.000039
0.181158
0.000109
0.478214
0.620815
0.001149
0.000000
0.013032
0.000007
0.007593
0.000229
0.000000
0.018883
0.000001
0.133745
0.000003
0.000475
0.079397
0.057717
0.000000
0.000006
0.499678
0.000000
0.086919
0.142275
0.002211
0.081393
0.000341
0.000000
0.002593
0.086919
0.000041
0.371333
0.000000
0.000500
0.000976
0.000003
0.000071
0.215763
0.735726
0.026684
0.000000
0.000001
0.290658
0.000000
0.044980
0.000141
0.151265
0.000006
0.000000
0.000001
0.000257
0.000279
0.000000
0.000026
0.112510
0.006205
0.192150
0.000018
0.499678
0.470257
0.000006
0.000000
0.000288
0.000210
0.008682
0.000001
0.002324
0.421575
0.050328
0.130653
0.382926
0.000000
0.000000
0.290658
0.196422
0.127623
0.001774
0.122729
0.000113
0.025970
0.891273
0.000015
0.157114
0.039115
0.429087
0.000002
0.002593
0.003738
0.215763
0.000014
0.335721
0.059212
0.002395
0.014711
0.018368
0.001149
0.000229
0.000001
0.000229
0.000210
0.000000
0.002892
0.000014
0.000060
0.000370
0.098985
0.000000
0.000119
0.002146
0.033071
0.007593
0.015845
0.000008
0.038094
0.012090
0.000026
0.177160
0.196422
0.260793
0.246759
0.000178
0.000092
0.000829
0.855893
0.000000
0.001669
0.690166
0.000078
0.051648
0.000000
0.000609
0.000000
0.000000
0.015128
0.008436
0.241635
0.000000
0.000446
0.000075
0.000001
0.000116
0.597771
0.001324
0.000000
0.000000
0.000000
0.098985
0.260793
0.371333
0.000000
0.543791
0.000007
0.000002
0.001556
0.157114
0.020886
0.000424
0.000007
0.000846
0.000000
0.000313
0.007965
0.001059
0.000703
0.060743
0.000178
0.004775
0.001284
0.000000
0.855893
0.098985
0.000145
0.001922
0.002593
0.000193
0.023508
0.003666
0.000516
0.233315
0.000000
0.004637
0.133745
0.001149
0.005687
0.002517
0.000065
0.000415
0.002808
0.000899
0.067775
0.000000
0.092778
0.000001
0.000000
0.000085
0.015845
0.003039
0.312615
0.557828
0.005013
0.000000
0.000052
0.001149
0.000001
0.067775
0.000000
0.006028
0.000976
0.000976
0.043818
