0.098170
0.505064
0.496903
0.594827
0.340005
0.793201
0.594827
0.152372
0.635244
0.640981
0.594827
0.012199
0.704484
0.288671
0.829282
0.594827
0.695863
0.626544
0.320806
0.267971
0.749684
0.496903
0.563435
0.571972
0.197797
0.749684
0.441715
0.357661
0.571972
0.749684
0.206623
0.387593
0.129613
0.991213
0.344325
0.571972
0.475494
0.226757
0.082732
0.617854
0.236593
0.947760
0.387593
0.891273
0.735726
0.527033
0.758020
0.068911
0.958545
0.672823
0.357661
0.626544
0.821730
0.344325
0.462365
0.848789
0.053907
0.727244
0.771705
0.462365
0.727244
0.362130
0.563435
0.527033
0.449423
0.557828
0.327120
0.947760
0.387593
0.626544
0.475494
0.566341
0.594827
0.253642
0.380525
0.327120
0.327120
0.387593
0.907293
0.279144
0.202171
0.269851
0.821730
0.771705
0.310521
0.718717
0.496903
0.549354
0.434080
0.362130
0.380525
0.114294
0.406779
0.901408
0.368979
0.594827
0.129613
0.446787
0.223587
0.787927
0.199280
0.603471
0.922090
0.406779
0.690166
0.053907
0.441715
0.962240
0.779856
0.187953
0.727244
0.727244
0.475494
0.766291
0.483494
0.940331
0.695863
0.146673
0.446787
0.681504
0.878466
0.157114
0.350951
0.449423
0.483494
0.874110
0.771705
0.049040
0.223587
0.505064
0.649688
0.449423
0.344325
0.841556
0.245003
0.649688
0.626544
0.884948
0.190711
0.978604
0.499678
0.518727
0.327120
0.513281
0.387593
0.306500
0.518727
0.171915
0.779856
0.958545
0.771705
0.518727
0.571972
0.626544
0.594827
0.446787
0.984769
0.085471
0.518727
0.793201
0.967937
0.434080
0.467559
0.121744
0.695863
0.594827
0.209600
0.446787
0.454542
0.766291
0.640981
0.947760
0.984769
0.571972
0.758020
0.821730
0.571972
0.557828
0.793201
0.401971
0.867378
0.269851
0.505064
0.218844
0.414138
0.771705
0.462365
0.300471
0.275424
0.841556
0.505064
0.958545
0.279144
0.049886
0.159490
0.475494
0.672823
0.357661
0.612135
0.549354
0.513281
0.462365
0.841556
0.063876
0.306500
0.320806
0.102197
0.744157
0.735726
0.704484
0.801128
0.304435
0.382926
0.214182
0.387593
0.284858
0.098170
0.617854
0.333520
0.190711
0.829282
0.681504
0.749684
0.594827
0.421575
0.171915
0.491556
0.603471
0.749684
0.387593
0.922090
0.787927
0.658394
0.070668
0.860501
0.106369
0.505064
0.704484
0.475494
0.426518
0.991213
0.527033
0.635244
0.603471
0.681504
0.304435
0.197797
0.672823
0.362130
0.695863
0.848789
0.475494
0.543791
0.986757
0.527033
0.239907
0.434080
0.814067
0.075538
0.947760
0.603471
0.380525
0.399498
0.394742
0.718717
0.245003
0.749684
0.357661
0.072465
0.580543
0.273514
0.121744
0.855893
0.901408
0.368979
0.649688
0.475494
0.749684
0.704484
0.672823
0.027164
0.704484
0.258960
0.086192
0.967937
0.649688
0.994555
0.916674
0.491556
0.267971
0.060217
0.718717
0.007168
0.749684
0.092008
0.841556
0.643949
0.245003
0.884948
0.150086
0.563435
0.713075
0.406779
0.801128
0.935597
0.446787
0.129613
0.571972
0.406779
0.540922
0.779856
0.681504
0.891273
0.557828
0.300471
0.414138
0.505064
0.426518
0.594827
0.231634
0.098170
0.841556
0.860501
0.187953
0.935597
0.867378
0.758020
0.095811
0.735726
0.649688
0.350951
0.617854
0.640981
0.380525
0.406779
0.672823
0.658394
0.159490
0.841556
0.758020
0.635244
0.704484
0.344325
0.626544
0.161896
0.006963
0.848789
0.821730
0.364456
0.116102
0.513281
0.635244
0.505064
0.779856
0.617854
0.603471
0.108955
0.907293
0.821730
0.179787
0.380525
0.749684
0.288671
0.771705
0.288671
0.617854
0.518727
0.218844
0.226757
0.362130
0.258960
0.626544
0.344325
0.626544
0.649688
0.793201
0.250182
0.594827
0.704484
0.241635
0.571972
0.617854
0.387593
0.801128
0.221961
0.704484
0.226757
0.967937
0.236593
0.362130
0.749684
0.209600
0.958545
0.304435
0.098170
0.194957
0.681504
0.518727
0.245003
0.580543
0.649688
0.288671
0.958545
0.190711
0.117048
0.226757
0.640981
0.333520
0.475494
0.901408
0.540922
0.426518
0.269851
0.626544
0.626544
0.549354
0.841556
0.399498
0.727244
0.518727
0.155897
0.626544
0.571972
0.771705
0.429087
0.704484
0.779856
0.967937
0.749684
0.527033
0.860501
0.434080
0.177160
0.344325
0.971109
0.245003
0.704484
0.434080
0.483494
0.695863
0.617854
0.935597
0.446787
0.380525
0.346575
0.483494
0.658394
0.441715
0.375911
0.253642
0.589144
0.310521
0.801128
0.284858
0.672823
0.704484
0.467559
0.000124
0.426518
0.177160
0.771705
0.913005
0.475494
0.718717
0.171915
0.594827
0.350951
0.159490
0.571972
0.841556
0.304435
0.258960
0.626544
0.496903
0.640981
0.978604
0.446787
0.649688
0.793201
0.446787
0.279144
0.209600
0.667094
0.597771
0.446787
0.284858
0.994555
0.758020
0.978604
0.713075
0.327120
0.695863
0.535389
0.543791
0.129613
0.454542
0.005110
0.267971
0.288671
0.505064
0.672823
0.749684
0.267971
0.327120
0.190711
0.454542
0.304435
0.426518
0.454542
0.947760
0.617854
0.406779
0.362130
0.131630
0.304435
0.563435
0.557828
0.279144
0.727244
0.594827
0.841556
0.727244
0.758020
0.951979
0.801128
0.483494
0.649688
0.649688
0.540922
0.362130
0.179787
0.617854
0.891273
0.672823
0.118894
0.901408
0.841556
0.333520
0.749684
0.771705
0.165605
0.841556
0.310521
0.362130
0.175815
0.967937
0.446787
0.878466
0.518727
0.231634
0.294528
0.571972
0.549354
0.594827
0.801128
0.808960
0.821730
0.426518
0.947760
0.518727
0.380525
0.475494
0.236593
0.649688
0.971109
0.649688
0.758020
0.169385
0.058699
0.121744
0.922090
0.467559
0.841556
0.535389
0.344325
0.935597
