0.288671
0.161896
0.884948
0.672823
0.320806
0.060217
0.658394
0.527033
0.749684
0.320806
0.446787
0.209600
0.320806
0.273514
0.406779
0.958545
0.171915
0.540922
0.640981
0.269851
0.540922
0.603471
0.288671
0.344325
0.718717
0.446787
0.916674
0.320806
0.387593
0.580543
0.649688
0.320806
0.727244
0.672823
0.518727
0.841556
0.580543
0.640981
0.165605
0.131630
0.617854
0.267971
0.118894
0.640981
0.209600
0.454542
0.446787
0.406779
0.518727
0.540922
0.589144
0.518727
0.483494
0.475494
0.727244
0.267971
0.165605
0.483494
0.981075
0.681504
0.454542
0.064431
0.027652
0.978604
0.681504
0.860501
0.793201
0.649688
0.640981
0.446787
0.050328
0.649688
0.518727
0.749684
0.626544
0.362130
0.749684
0.557828
0.867378
0.134742
0.549354
0.434080
0.362130
0.446787
0.496903
0.206623
0.310521
0.441715
0.867378
0.231634
0.380525
0.771705
0.727244
0.672823
0.462365
0.766291
0.362130
0.718717
0.380525
0.617854
0.475494
0.362130
0.144460
0.649688
0.801128
0.695863
0.855893
0.414138
0.446787
0.279144
0.187953
0.841556
0.626544
0.496903
0.068911
0.867378
0.535389
0.475494
0.344325
0.284858
0.771705
0.253642
0.793201
0.829282
0.884948
0.441715
0.214182
0.446787
0.518727
0.571972
0.901408
0.695863
0.962240
0.095811
0.771705
0.310521
0.916674
0.467559
0.891273
0.672823
0.563435
0.161896
0.454542
0.320806
0.362130
0.106369
0.320806
0.288671
0.549354
0.527033
0.672823
0.446787
0.779856
0.878466
0.617854
0.344325
0.518727
0.059696
0.446787
0.131630
0.258960
0.190711
0.258960
0.362130
0.749684
0.209600
0.362130
0.171915
0.322949
0.467559
0.749684
0.672823
0.821730
0.935597
0.801128
0.362130
0.394742
0.401971
0.996919
0.867378
0.991213
0.231634
0.986757
0.540922
0.288671
0.085471
0.771705
0.727244
0.166886
0.521553
0.971109
0.557828
0.681504
0.327120
0.316692
0.380525
0.672823
0.901408
0.867378
0.171915
0.399498
0.294528
0.333520
0.640981
0.099752
0.594827
0.304435
0.727244
0.467559
0.540922
0.085471
0.209600
0.821730
0.454542
0.106369
0.496903
0.350951
0.187953
0.143326
0.718717
0.667094
0.414138
0.344325
0.475494
0.131630
0.304435
0.406779
0.771705
0.518727
0.749684
0.549354
0.672823
0.527033
0.626544
0.681504
0.787927
0.294528
0.626544
0.387593
0.672823
0.527033
0.681504
0.860501
0.426518
0.549354
0.209600
0.617854
0.304435
0.749684
0.649688
0.518727
0.146673
0.406779
0.467559
0.406779
0.801128
0.549354
0.380525
0.106369
0.540922
0.779856
0.649688
0.496903
0.368979
0.211153
0.320806
0.387593
0.166886
0.375911
0.540922
0.718717
0.155897
0.454542
0.989675
0.327120
0.713075
0.841556
0.294528
0.649688
0.727244
0.612135
0.518727
0.704484
0.681504
0.250182
0.704484
0.078727
0.231634
0.640981
0.527033
0.649688
0.617854
0.483494
0.475494
0.304435
0.658394
0.454542
0.236593
0.226757
0.617854
0.907293
0.841556
0.135818
0.947760
0.017866
0.771705
0.626544
0.327120
0.320806
0.513281
0.594827
0.454542
0.380525
0.518727
0.727244
0.327120
0.695863
0.231634
0.475494
0.320806
0.344325
0.793201
0.253642
0.801128
0.672823
0.672823
0.279144
0.231634
0.916674
0.640981
0.209600
0.310521
0.749684
0.467559
0.239907
0.540922
0.496903
0.076791
0.294528
0.333520
0.571972
0.327120
0.304435
0.454542
0.984769
0.779856
0.967937
0.380525
0.344325
0.467559
0.327120
0.304435
0.958545
0.649688
0.231634
0.454542
0.496903
0.718717
0.375911
0.681504
0.106369
0.540922
0.387593
0.467559
0.253642
0.344325
0.253642
0.161896
0.106369
0.253642
0.140045
0.704484
0.197797
0.362130
0.771705
0.267971
0.380525
0.123655
0.171915
0.106369
0.672823
0.741289
0.171915
0.074897
0.454542
0.399498
0.253642
0.102197
0.221961
0.344325
0.467559
0.197797
0.129613
0.695863
0.253642
0.549354
0.320806
0.226757
0.475494
0.406779
0.362130
0.218844
0.540922
0.672823
0.197797
0.304435
0.446787
0.916674
0.930673
0.320806
0.626544
0.350951
0.916674
0.316692
0.649688
0.878466
0.294528
0.267971
0.380525
0.483494
0.267971
0.617854
0.209600
0.771705
0.344325
0.380525
0.467559
0.496903
0.594827
0.814067
0.118894
0.426518
0.394742
0.540922
0.483494
0.649688
0.221961
0.617854
0.197797
0.594827
0.984769
0.505064
0.667094
0.258960
0.434080
0.239907
0.236593
0.337784
0.161896
0.704484
0.126604
0.387593
0.414138
0.344325
0.288671
0.626544
0.467559
0.171915
0.518727
0.406779
0.231634
0.518727
0.467559
0.190711
0.143326
0.594827
0.626544
0.718717
0.406779
0.362130
0.496903
0.245003
0.454542
0.368979
0.399498
0.594827
0.594827
0.380525
0.496903
0.143326
0.267971
0.672823
0.380525
0.801128
0.916674
0.571972
0.446787
0.540922
0.672823
0.380525
0.446787
0.821730
0.467559
0.387593
0.860501
0.695863
0.446787
0.947760
0.264363
0.518727
0.406779
0.695863
0.681504
0.496903
0.771705
0.304435
0.695863
0.179787
0.617854
0.841556
0.704484
0.387593
0.362130
0.527033
0.394742
0.617854
0.649688
0.518727
0.434080
0.549354
0.368979
0.103042
0.380525
0.446787
0.327120
0.672823
0.563435
0.446787
0.958545
0.467559
0.304435
0.771705
0.672823
0.197797
0.179787
0.540922
0.050745
0.077446
0.140045
0.106369
0.594827
0.406779
0.841556
0.025731
0.475494
0.640981
0.320806
0.267971
0.571972
0.399498
0.320806
0.253642
0.134742
0.916674
0.197797
0.475494
0.821730
0.406779
0.446787
0.475494
0.316692
0.406779
0.540922
0.226757
0.617854
0.380525
0.594827
0.320806
0.344325
0.054829
0.994555
0.617854
0.704484
0.571972
0.727244
0.793201
