0.000000
0.033071
0.000000
0.000000
0.000000
0.000000
0.000000
0.000000
0.000000
0.000000
0.000000
0.000000
0.000000
0.000000
0.000000
0.000000
0.000000
0.000000
0.000000
0.000001
0.000000
0.000000
0.000000
0.000002
0.000000
0.000000
0.000028
0.000000
0.000000
0.000000
0.000000
0.000000
0.000000
0.000000
0.000000
0.000000
0.003388
0.003666
0.000000
0.000000
0.000000
0.000045
0.000000
0.000000
0.000000
0.000000
0.000000
0.000031
0.000000
0.000000
0.005013
0.000053
0.007239
0.000038
0.000012
0.000313
0.000000
0.000000
0.000001
0.000682
0.000000
0.017543
0.000000
0.000000
0.000976
0.000000
0.000609
0.000000
0.000000
0.000000
0.000000
0.000026
0.000000
0.000000
0.000000
0.000341
0.000000
0.000009
0.000000
0.000134
0.004084
0.000000
0.000000
0.000027
0.000000
0.000000
0.000000
0.000003
0.000000
0.000000
0.000000
0.000031
0.000490
0.000000
0.000000
0.000014
0.000257
0.030798
0.000000
0.000109
0.051648
0.000000
0.000003
0.000127
0.000000
0.000049
0.108126
0.003559
0.000041
0.000000
0.081393
0.000341
0.000001
0.000490
0.000000
0.000000
0.543791
0.000005
0.000000
0.001981
0.000000
0.000000
0.000000
0.000000
0.059212
0.004775
0.000313
0.000000
0.000104
0.000000
0.000000
0.000009
0.001393
0.000000
0.000000
0.000000
0.000000
0.000000
0.000000
0.000000
0.000000
0.000000
0.000000
0.000003
0.000000
0.000000
0.000000
0.000000
0.000000
0.000000
0.000000
0.000000
0.000000
0.000000
0.000000
0.000000
0.000000
0.000000
0.000000
0.000000
0.000000
0.000000
0.000000
0.000000
0.000000
0.000000
0.000000
0.000000
0.029982
0.000044
0.001393
0.000013
0.000178
0.139014
0.000000
0.000000
0.000000
0.002082
0.000000
0.589144
0.115226
0.000000
0.015845
0.000172
0.055312
0.015845
0.000001
0.001828
0.000019
0.092778
0.000000
0.144460
0.000000
0.000000
0.000000
0.000000
0.000000
0.000000
0.000313
0.000000
0.000000
0.000000
0.000025
0.000000
0.000000
0.000000
0.000000
0.000000
0.000000
0.000000
0.000000
0.000001
0.000000
0.000000
0.000000
0.000000
0.049476
0.000000
0.000000
0.000003
0.000000
0.030798
0.000000
0.000000
0.000000
0.000000
0.000241
0.000000
0.000000
0.000049
0.001828
0.005013
0.000000
0.000000
0.000000
0.000000
0.000003
0.000000
0.000000
0.000000
0.000000
0.000000
0.000000
0.000000
0.000313
0.000000
0.000000
0.000000
0.000000
0.000000
0.000000
0.000000
0.000000
0.000000
0.000000
0.000000
0.000000
0.000000
0.000000
0.000000
0.000000
0.000000
0.000000
0.000000
0.006511
0.003193
0.000217
0.000004
0.000000
0.002395
0.033071
0.000031
0.000003
0.001324
0.000000
0.000004
0.000002
0.000000
0.000946
0.478214
0.139014
0.000001
0.000000
0.000000
0.000001
0.000236
0.040864
0.000000
0.000003
0.000000
0.000000
0.000000
0.000000
0.000058
0.000000
0.000000
0.000000
0.001221
0.000490
0.000000
0.000016
0.000003
0.000000
0.000000
0.000000
0.000014
0.000000
0.000000
0.000022
0.000000
0.000000
0.000080
0.000000
0.000000
0.000001
0.000000
0.001059
0.000000
0.000001
0.000001
0.000000
0.000000
0.000000
0.000000
0.000000
0.000000
0.000000
0.000001
0.035500
0.000001
0.001184
0.000000
0.000000
0.000000
0.000000
0.000134
0.000000
0.000341
0.002395
0.000123
0.000000
0.028672
0.019412
0.000000
0.000089
0.000976
0.004416
0.000000
0.000000
0.000000
0.001351
0.000002
0.000000
0.000000
0.000001
0.003131
0.000000
0.000000
0.000003
0.000034
0.000002
0.000000
0.000000
0.000000
0.000000
0.000000
0.000000
0.000000
0.000000
0.000000
0.000000
0.000341
0.000002
0.000257
0.000000
0.000000
0.000000
0.000000
0.000000
0.000000
0.000000
0.000000
0.000000
0.000000
0.000000
0.000000
0.000000
0.000000
0.000000
0.000000
0.000000
0.000000
0.000000
0.000000
0.000000
0.000000
0.000000
0.000000
0.000000
0.000000
0.000000
0.000000
0.000000
0.000000
0.000000
0.000000
0.000000
0.000000
0.000000
0.000000
0.000000
0.000000
0.000000
0.000002
0.016293
0.002146
0.000000
0.000000
0.000000
0.000000
0.000000
0.000009
0.266225
0.000004
0.000341
0.000006
0.000000
0.000000
0.000001
0.000000
0.000000
0.000025
0.006703
0.000000
0.000000
0.000000
0.000001
0.000200
0.000000
0.000000
0.335721
0.000047
0.000011
0.000000
0.001393
0.000000
0.000000
0.000000
0.000006
0.000996
0.000000
0.009368
0.000034
0.000000
0.000000
0.000000
0.000000
0.000648
0.000001
0.000000
0.000000
0.000001
0.000000
0.000000
0.000000
0.000000
0.000000
0.000000
0.000001
0.000000
0.000044
0.000000
0.000000
0.000000
0.000000
0.000000
0.000000
0.000000
0.000000
0.000000
0.000000
0.000000
0.000000
0.000000
0.000000
0.000000
0.000045
0.000000
0.000000
0.000031
0.000000
0.000000
0.000000
0.000000
0.000007
0.000000
0.000000
0.000008
0.000000
0.000000
0.000000
0.000000
0.000012
0.007239
0.000007
0.000000
0.000000
0.000000
0.000000
0.000000
0.000000
0.000000
0.000007
0.001556
0.000000
0.000000
0.000000
0.000000
0.000000
0.108126
0.000000
0.000000
0.000000
0.000000
0.000000
0.000000
0.000000
0.000000
0.000000
0.000000
0.000001
0.000158
0.000095
0.000000
0.000000
0.000000
0.000000
0.000004
0.000000
0.000001
0.000000
0.000000
0.000000
0.000000
0.000030
0.000178
0.000001
0.000000
0.000000
0.000000
0.000000
0.000000
0.000000
0.002517
0.000113
0.000001
0.208158
0.001184
0.000003
0.000000
0.000095
0.000000
0.000000
0.000000
0.000000
0.001774
0.225222
0.000764
0.000000
0.000075
0.000000
0.000000
0.000001
0.006028
0.000000
0.000000
