0.063876
0.488801
0.891273
0.821730
0.617854
0.197797
0.594827
0.344325
0.320806
0.380525
0.380525
0.239907
0.841556
0.320806
0.594827
0.935597
0.253642
0.267971
0.771705
0.304435
0.171915
0.446787
0.617854
0.626544
0.978604
0.475494
0.758020
0.491556
0.518727
0.467559
0.116102
0.258960
0.540922
0.446787
0.406779
0.175815
0.394742
0.793201
0.279144
0.209600
0.273514
0.672823
0.320806
0.467559
0.549354
0.380525
0.080707
0.058699
0.947760
0.947760
0.310521
0.594827
0.078727
0.821730
0.294528
0.475494
0.310521
0.070668
0.821730
0.795913
0.467559
0.483494
0.475494
0.617854
0.771705
0.337784
0.603471
0.821730
0.549354
0.273514
0.171915
0.284858
0.304435
0.518727
0.518727
0.320806
0.571972
0.143326
0.916674
0.801128
0.749684
0.672823
0.603471
0.749684
0.749684
0.549354
0.793201
0.320806
0.414138
0.320806
0.161896
0.563435
0.089781
0.134742
0.239907
0.226757
0.116102
0.527033
0.967937
0.940331
0.294528
0.173237
0.245003
0.563435
0.793201
0.901408
0.998463
0.114294
0.446787
0.226757
0.146673
0.758020
0.878466
0.434080
0.368979
0.223587
0.060217
0.571972
0.076791
0.841556
0.267971
0.288671
0.155897
0.695863
0.310521
0.190711
0.884948
0.380525
0.143326
0.989675
0.126604
0.399498
0.727244
0.446787
0.310521
0.304435
0.518727
0.294528
0.793201
0.380525
0.749684
0.380525
0.434080
0.672823
0.320806
0.063876
0.267971
0.617854
0.197797
0.801128
0.085471
0.209600
0.209600
0.496903
0.161896
0.467559
0.267971
0.253642
0.267971
0.131630
0.320806
0.344325
0.140045
0.718717
0.239907
0.267971
0.161896
0.327120
0.916674
0.801128
0.986757
0.727244
0.320806
0.245003
0.935597
0.279144
0.787927
0.518727
0.401971
0.284858
0.421575
0.214182
0.907293
0.793201
0.860501
0.571972
0.380525
0.566341
0.771705
0.194957
0.626544
0.901408
0.549354
0.304435
0.118894
0.344325
0.041207
0.310521
0.841556
0.540922
0.718717
0.540922
0.884948
0.414138
0.380525
0.467559
0.273514
0.518727
0.549354
0.253642
0.344325
0.258960
0.540922
0.143326
0.214182
0.267971
0.672823
0.467559
0.041578
0.549354
0.175815
0.375911
0.841556
0.273514
0.749684
0.867378
0.681504
0.801128
0.197797
0.337784
0.380525
0.695863
0.467559
0.695863
0.793201
0.226757
0.161896
0.771705
0.171915
0.337784
0.446787
0.197797
0.426518
0.771705
0.454542
0.527033
0.496903
0.380525
0.594827
0.362130
0.406779
0.221961
0.221961
0.161896
0.320806
0.267971
0.540922
0.126604
0.617854
0.594827
0.327120
0.085471
0.267971
0.344325
0.294528
0.387593
0.527033
0.649688
0.387593
0.594827
0.304435
0.239907
0.991213
0.288671
0.518727
0.649688
0.467559
0.387593
0.146673
0.749684
0.304435
0.901408
0.496903
0.505064
0.513281
0.580543
0.649688
0.540922
0.258960
0.134742
0.350951
0.288671
0.123655
0.695863
0.718717
0.267971
0.380525
0.841556
0.155897
0.362130
0.310521
0.320806
0.421575
0.368979
0.496903
0.766291
0.571972
0.362130
0.821730
0.718717
0.426518
0.290658
0.053435
0.640981
0.649688
0.814067
0.163153
0.513281
0.320806
0.749684
0.860501
0.316692
0.518727
0.446787
0.446787
0.984769
0.617854
0.496903
0.098170
0.718717
0.380525
0.245003
0.426518
0.300471
0.175815
0.310521
0.190711
0.362130
0.758020
0.649688
0.749684
0.640981
0.197797
0.169385
0.793201
0.958545
0.304435
0.062816
0.258960
0.344325
0.841556
0.793201
0.971109
0.540922
0.496903
0.518727
0.901408
0.288671
0.672823
0.727244
0.161896
0.860501
0.253642
0.320806
0.171915
0.414138
0.518727
0.320806
0.467559
0.467559
0.540922
0.089781
0.171915
0.518727
0.406779
0.085471
0.085471
0.171915
0.197797
0.140045
0.131630
0.320806
0.070065
0.350951
0.099752
0.171915
0.640981
0.171915
0.159490
0.704484
0.518727
0.380525
0.304435
0.467559
0.267971
0.496903
0.209600
0.253642
0.140045
0.288671
0.446787
0.143326
0.320806
0.171915
0.273514
0.304435
0.380525
0.549354
0.426518
0.123655
0.380525
0.617854
0.958545
0.779856
0.749684
0.380525
0.594827
0.801128
0.496903
0.362130
0.727244
0.496903
0.221961
0.267971
0.901408
0.294528
0.434080
0.793201
0.267971
0.106369
0.223587
0.084092
0.518727
0.387593
0.375911
0.580543
0.727244
0.649688
0.426518
0.446787
0.426518
0.218844
0.971109
0.406779
0.860501
0.841556
0.100580
0.161896
0.483494
0.414138
0.901408
0.771705
0.239907
0.672823
0.626544
0.947760
0.414138
0.104694
0.380525
0.454542
0.284858
0.540922
0.771705
0.446787
0.527033
0.239907
0.771705
0.143326
0.571972
0.239907
0.316692
0.518727
0.387593
0.571972
0.344325
0.513281
0.594827
0.253642
0.399498
0.300471
0.571972
0.406779
0.860501
0.209600
0.527033
0.571972
0.727244
0.344325
0.695863
0.470257
0.571972
0.475494
0.491556
0.518727
0.320806
0.310521
0.718717
0.380525
0.672823
0.414138
0.681504
0.617854
0.594827
0.947760
0.239907
0.102197
0.446787
0.426518
0.571972
0.771705
0.267971
0.320806
0.801128
0.603471
0.267971
0.617854
0.288671
0.475494
0.860501
0.518727
0.718717
0.380525
0.594827
0.258960
0.171915
0.085471
0.310521
0.962240
0.273514
0.143326
0.454542
0.695863
0.727244
0.695863
0.171915
0.916674
0.549354
0.563435
0.084092
0.106369
0.155897
0.258960
0.446787
0.087602
0.253642
0.085471
0.718717
0.106369
0.571972
0.387593
0.426518
0.253642
0.518727
0.258960
0.171915
0.540922
0.027652
0.821730
0.695863
0.209600
0.518727
0.483494
0.022258
0.681504
0.294528
0.475494
0.406779
0.771705
0.288671
0.368979
0.362130
0.446787
0.399498
0.718717
0.594827
0.649688
