0.340005
0.658394
0.580543
0.527033
0.166886
0.867378
0.589144
0.681504
0.891273
0.535389
0.057717
0.069506
0.157114
0.535389
0.612135
0.203680
0.940331
0.061772
0.040864
0.594827
0.930673
0.848789
0.566341
0.223587
0.414138
0.779856
0.874110
0.441715
0.922090
0.096609
0.505064
0.357661
0.557828
0.940331
0.028409
0.194957
0.801128
0.801128
0.025274
0.421575
0.002370
0.357661
0.127623
0.836720
0.635244
0.766291
0.658394
0.713075
0.612135
0.228410
0.793201
0.340005
0.603471
0.907293
0.357661
0.462365
0.346575
0.766291
0.105557
0.264363
0.434080
0.010795
0.316692
0.333520
0.333520
0.141156
0.978604
0.874110
0.507859
0.061772
0.236593
0.552238
0.241635
0.566341
0.690166
0.749684
0.649688
0.766291
0.947760
0.667094
0.429087
0.658394
0.246759
0.808960
0.000007
0.603471
0.935597
0.218844
0.429087
0.031348
0.260793
0.721628
0.589144
0.549354
0.434080
0.011106
0.382926
0.215763
0.135818
0.779856
0.312615
0.603471
0.829282
0.612135
0.808960
0.940331
0.075538
0.922090
0.000872
0.535389
0.566341
0.927324
0.449423
0.571972
0.518727
0.907293
0.787927
0.192150
0.449423
0.475494
0.434080
0.406779
0.695863
0.072465
0.808960
0.409279
0.470257
0.078727
0.580543
0.017063
0.884948
0.109849
0.821730
0.821730
0.727244
0.907293
0.346575
0.357661
0.779856
0.406779
0.984769
0.368979
0.704484
0.077446
0.749684
0.667094
0.380525
0.475494
0.617854
0.658394
0.449423
0.322949
0.258960
0.483494
0.375911
0.223587
0.935597
0.958545
0.984769
0.223587
0.681504
0.505064
0.245003
0.505064
0.603471
0.821730
0.649688
0.382926
0.681504
0.478214
0.808960
0.441715
0.566341
0.284858
0.306500
0.749684
0.098985
0.000378
0.218844
0.057717
0.357661
0.021859
0.394742
0.884948
0.735726
0.220452
0.808960
0.421575
0.218844
0.874110
0.069506
0.346575
0.640981
0.394742
0.245003
0.675784
0.735726
0.009104
0.658394
0.989675
0.483494
0.758020
0.067775
0.744157
0.127623
0.681504
0.122729
0.758020
0.454542
0.612135
0.462365
0.483494
0.718717
0.103042
0.429087
0.821730
0.059212
0.626544
0.994555
0.643949
0.150086
0.072465
0.580543
0.135818
0.491556
0.434080
0.153566
0.848789
0.470257
0.580543
0.836720
0.766291
0.758020
0.267971
0.758020
0.470257
0.147829
0.758020
0.454542
0.163153
0.513281
0.187953
0.527033
0.527033
0.735726
0.808960
0.612135
0.735726
0.580543
0.913005
0.771705
0.829282
0.513281
0.117048
0.127623
0.079397
0.236593
0.499678
0.387593
0.848789
0.284858
0.118894
0.549354
0.991213
0.620815
0.044980
0.414138
0.808960
0.001755
0.414138
0.147829
0.394742
0.735726
0.744157
0.907293
0.695863
0.166886
0.535389
0.020320
0.045761
0.749684
0.159490
0.867378
0.649688
0.371333
0.364456
0.223587
0.635244
0.675784
0.139014
0.288671
0.050328
0.672823
0.013909
0.190711
0.077446
0.513281
0.454542
0.951979
0.801128
0.382926
0.672823
0.163153
0.163153
0.290658
0.357661
0.475494
0.026438
0.223587
0.441715
0.580543
0.027908
0.635244
0.214182
0.163153
0.038094
0.713075
0.016139
0.848789
0.695863
0.626544
0.916674
0.947760
0.470257
0.965738
0.947760
0.088340
0.063362
0.434080
0.346575
0.735726
0.771705
0.557828
0.264363
0.589144
0.589144
0.884948
0.779856
0.462365
0.801128
0.346575
0.848789
0.024596
0.031348
0.340005
0.434080
0.371333
0.127623
0.434080
0.150086
0.092778
0.718717
0.681504
0.672823
0.279144
0.626544
0.951979
0.626544
0.801128
0.901408
0.718717
0.721628
0.814067
0.801128
0.449423
0.063362
0.829282
0.821730
0.275424
0.483494
0.758020
0.067775
0.589144
0.884948
0.821730
0.279144
0.667094
0.218844
0.496903
0.951979
0.029186
0.713075
0.518727
0.346575
0.690166
0.867378
0.144460
0.344325
0.860501
0.060217
0.884948
0.057717
0.758020
0.300471
0.758020
0.163153
0.758020
0.333520
0.491556
0.462365
0.698805
0.039801
0.246759
0.922090
0.951979
0.333520
0.312615
0.157114
0.505064
0.981075
0.521553
0.279144
0.749684
0.962240
0.072465
0.387593
0.527033
0.096609
0.801128
0.177160
0.557828
0.434080
0.557828
0.215763
0.603471
0.848789
0.816691
0.643949
0.916674
0.177160
0.922090
0.170690
0.246759
0.727244
0.947760
0.779856
0.988571
0.000461
0.187953
0.387593
0.441715
0.068911
0.603471
0.098985
0.401971
0.079397
0.100580
0.290658
0.004288
0.333520
0.749684
0.421575
0.658394
0.549354
0.984769
0.006325
0.566341
0.141156
0.947760
0.049040
0.649688
0.018706
0.695863
0.958545
0.144460
0.557828
0.884948
0.382926
0.996919
0.316692
0.795913
0.401971
0.808960
0.044581
0.721628
0.635244
0.505064
0.300471
0.695863
0.101413
0.208158
0.074303
0.597771
0.808960
0.067775
0.704484
0.713075
0.935597
0.771705
0.340005
0.236593
0.566341
0.771705
0.011425
0.380525
0.808960
0.916674
0.978604
0.173237
0.340005
0.907293
0.475494
0.513281
0.874110
0.406779
0.681504
0.218844
0.203680
0.183833
0.117048
0.597771
0.020320
0.335721
0.063362
0.350951
0.072465
0.322949
0.841556
0.079397
0.187953
0.034568
0.129613
0.735726
0.855893
0.475494
0.284858
0.300471
0.239907
0.000003
0.667094
0.394742
0.241635
0.340005
0.996919
0.475494
0.068911
0.141156
0.829282
0.483494
0.371333
0.401971
0.316692
0.394742
0.382926
0.275424
0.566341
0.841556
0.884948
0.290658
0.580543
0.965738
0.787927
0.441715
0.001114
0.667094
0.215763
0.571972
0.991213
0.322949
0.153566
0.421575
0.978604
0.387593
0.513281
0.891273
0.316692
0.038764
0.147829
0.735726
0.478214
0.860501
0.580543
0.016293
0.470257
0.779856
0.916674
