0.273514
0.727244
0.566341
0.735726
0.273514
0.589144
0.643949
0.801128
0.589144
0.255445
0.793201
0.713075
0.228410
0.394742
0.571972
0.848789
0.039801
0.483494
0.505064
0.039801
0.571972
0.002020
0.223587
0.089781
0.375911
0.829282
0.580543
0.050328
0.874110
0.735726
0.329292
0.406779
0.209600
0.681504
0.603471
0.951979
0.000572
0.434080
0.446787
0.829282
0.350951
0.535389
0.978604
0.327120
0.121744
0.612135
0.821730
0.454542
0.414138
0.779856
0.228410
0.635244
0.079397
0.643949
0.848789
0.236593
0.505064
0.612135
0.004820
0.143326
0.801128
0.300471
0.801128
0.735726
0.874110
0.640981
0.984769
0.681504
0.316692
0.147829
0.787927
0.927324
0.749684
0.994555
0.449423
0.704484
0.571972
0.603471
0.236593
0.434080
0.841556
0.713075
0.658394
0.801128
0.462365
0.406779
0.848789
0.947760
0.571972
0.681504
0.829282
0.774492
0.571972
0.475494
0.667094
0.127623
0.981075
0.986757
0.057717
0.681504
0.215763
0.535389
0.368979
0.478214
0.475494
0.658394
0.294528
0.848789
0.994555
0.927324
0.429087
0.787927
0.088340
0.758020
0.527033
0.414138
0.394742
0.306500
0.255445
0.821730
0.867378
0.744157
0.390021
0.808960
0.994555
0.316692
0.505064
0.496903
0.441715
0.454542
0.727244
0.236593
0.658394
0.496903
0.612135
0.449423
0.036127
0.603471
0.695863
0.643949
0.260793
0.978604
0.672823
0.704484
0.771705
0.626544
0.264363
0.718717
0.603471
0.117048
0.971109
0.704484
0.603471
0.867378
0.322949
0.962240
0.090535
0.793201
0.072465
0.209600
0.557828
0.221961
0.294528
0.290658
0.589144
0.978604
0.829282
0.860501
0.333520
0.166886
0.462365
0.771705
0.144460
0.147829
0.426518
0.801128
0.829282
0.612135
0.589144
0.306500
0.922090
0.681504
0.010595
0.371333
0.603471
0.635244
0.935597
0.020320
0.390021
0.483494
0.046970
0.793201
0.935597
0.713075
0.841556
0.821730
0.713075
0.681504
0.603471
0.236593
0.340005
0.173237
0.557828
0.462365
0.986757
0.821730
0.867378
0.860501
0.658394
0.951979
0.153566
0.121744
0.971109
0.327120
0.364456
0.505064
0.958545
0.571972
0.994555
0.211153
0.211153
0.211153
0.704484
0.470257
0.891273
0.867378
0.672823
0.891273
0.340005
0.368979
0.368979
0.521553
0.594827
0.704484
0.779856
0.821730
0.127623
0.441715
0.223587
0.779856
0.250182
0.704484
0.935597
0.779856
0.327120
0.744157
0.535389
0.978604
0.434080
0.779856
0.821730
0.721628
0.483494
0.695863
0.580543
0.255445
0.667094
0.913005
0.333520
0.454542
0.540922
0.177160
0.250182
0.535389
0.153566
0.557828
0.394742
0.658394
0.901408
0.867378
0.978604
0.557828
0.649688
0.387593
0.749684
0.306500
0.779856
0.771705
0.766291
0.454542
0.535389
0.446787
0.527033
0.727244
0.057717
0.380525
0.155897
0.744157
0.535389
0.535389
0.589144
0.891273
0.030518
0.727244
0.549354
0.594827
0.505064
0.901408
0.557828
0.766291
0.867378
0.771705
0.771705
0.434080
0.996919
0.264363
0.571972
0.246759
0.874110
0.496903
0.406779
0.935597
0.004963
0.821730
0.387593
0.357661
0.264363
0.340005
0.667094
0.603471
0.109849
0.681504
0.935597
0.991213
0.978604
0.727244
0.357661
0.483494
0.421575
0.997586
0.640981
0.848789
0.088340
0.626544
0.340005
0.735726
0.758020
0.327120
0.867378
0.690166
0.294528
0.681504
0.713075
0.310521
0.721628
0.304435
0.829282
0.994555
0.010009
0.387593
0.387593
0.527033
0.603471
0.643949
0.816691
0.414138
0.409279
0.947760
0.727244
0.916674
0.580543
0.406779
0.566341
0.218844
0.000241
0.848789
0.375911
0.695863
0.986757
0.566341
0.107244
0.681504
0.771705
0.350951
0.771705
0.771705
0.478214
0.441715
0.749684
0.006447
0.695863
0.190711
0.275424
0.165605
0.580543
0.681504
0.566341
0.245003
0.704484
0.947760
0.916674
0.467559
0.401971
0.927324
0.958545
0.434080
0.801128
0.848789
0.053907
0.245003
0.727244
0.036127
0.947760
0.021268
0.612135
0.505064
0.543791
0.649688
0.233315
0.320806
0.375911
0.357661
0.801128
0.535389
0.860501
0.018706
0.258960
0.690166
0.836720
0.527033
0.549354
0.718717
0.046554
0.241635
0.901408
0.735726
0.971109
0.649688
0.394742
0.064431
0.658394
0.681504
0.320806
0.513281
0.549354
0.072465
0.462365
0.223587
0.269851
0.364456
0.704484
0.758020
0.077446
0.816691
0.046970
0.958545
0.566341
0.119859
0.387593
0.421575
0.749684
0.922090
0.401971
0.250182
0.382926
0.236593
0.594827
0.951979
0.098170
0.190711
0.727244
0.350951
0.821730
0.483494
0.441715
0.362130
0.206623
0.194957
0.121744
0.513281
0.672823
0.496903
0.505064
0.527033
0.129613
0.922090
0.350951
0.612135
0.340005
0.434080
0.104694
0.571972
0.462365
0.901408
0.779856
0.194957
0.958545
0.658394
0.441715
0.878466
0.891273
0.974087
0.215763
0.250182
0.306500
0.250182
0.735726
0.187953
0.907293
0.306500
0.922090
0.401971
0.141156
0.446787
0.695863
0.421575
0.626544
0.758020
0.505064
0.549354
0.947760
0.462365
0.884948
0.090535
0.735726
0.779856
0.704484
0.557828
0.801128
0.891273
0.157114
0.771705
0.935597
0.543791
0.380525
0.421575
0.626544
0.199280
0.672823
0.470257
0.368979
0.626544
0.496903
0.771705
0.457201
0.996919
0.808960
0.535389
0.935597
0.124654
0.821730
0.801128
0.603471
0.549354
0.749684
0.357661
0.051194
0.603471
0.721628
0.603471
0.967937
0.016595
0.239907
0.727244
0.758020
0.454542
0.121744
0.962240
0.057717
0.344325
0.735726
0.414138
0.057717
0.103042
0.086192
0.821730
0.049040
0.045355
0.967937
0.626544
0.421575
0.434080
0.454542
0.603471
0.612135
0.462365
