0.916674
0.414138
0.387593
0.535389
0.462365
0.333520
0.681504
0.535389
0.787927
0.907293
0.829282
0.557828
0.441715
0.380525
0.350951
0.997586
0.290658
0.860501
0.088340
0.329292
0.793201
0.735726
0.346575
0.984769
0.681504
0.491556
0.127623
0.848789
0.088340
0.470257
0.848789
0.603471
0.836720
0.951979
0.072465
0.521553
0.862861
0.535389
0.580543
0.053907
0.470257
0.535389
0.187953
0.940331
0.000544
0.279144
0.462365
0.951979
0.793201
0.181158
0.462365
0.557828
0.867378
0.390021
0.096609
0.322949
0.187953
0.007168
0.316692
0.571972
0.000061
0.860501
0.958545
0.012317
0.884948
0.589144
0.322949
0.192150
0.991213
0.406779
0.758020
0.275424
0.566341
0.771705
0.951979
0.758020
0.690166
0.290658
0.312615
0.483494
0.426518
0.015409
0.958545
0.001620
0.199280
0.956001
0.177160
0.998868
0.100580
0.612135
0.589144
0.749684
0.681504
0.082732
0.897436
0.735726
0.907293
0.821730
0.821730
0.549354
0.040864
0.727244
0.996919
0.947760
0.251967
0.735726
0.626544
0.690166
0.441715
0.967937
0.513281
0.241635
0.884948
0.626544
0.357661
0.758020
0.940331
0.241635
0.300471
0.589144
0.922090
0.409279
0.206623
0.294528
0.462365
0.316692
0.603471
0.535389
0.183833
0.907293
0.236593
0.163153
0.179787
0.073672
0.496903
0.571972
0.036127
0.279144
0.470257
0.316692
0.855893
0.580543
0.505064
0.183833
0.527033
0.115226
0.907293
0.041578
0.275424
0.470257
0.535389
0.028409
0.362130
0.984769
0.050328
0.527033
0.144460
0.068911
0.346575
0.067775
0.771705
0.667094
0.821730
0.375911
0.153566
0.951979
0.649688
0.603471
0.505064
0.462365
0.513281
0.801128
0.340005
0.935597
0.241635
0.312615
0.690166
0.916674
0.566341
0.475494
0.061772
0.144460
0.475494
0.821730
0.340005
0.967937
0.173237
0.681504
0.027908
0.935597
0.718717
0.300471
0.279144
0.580543
0.160731
0.000846
0.566341
0.535389
0.046970
0.449423
0.429087
0.808960
0.406779
0.997586
0.223587
0.860501
0.035180
0.387593
0.194957
0.096609
0.841556
0.454542
0.690166
0.962240
0.362130
0.001922
0.141156
0.549354
0.718717
0.735726
0.350951
0.667094
0.787927
0.571972
0.401971
0.340005
0.612135
0.119859
0.401971
0.649688
0.187953
0.046970
0.255445
0.441715
0.228410
0.505064
0.255445
0.061772
0.088340
0.084803
0.947760
0.350951
0.496903
0.478214
0.787927
0.704484
0.594827
0.580543
0.322949
0.436675
0.206623
0.036127
0.421575
0.612135
0.557828
0.409279
0.031348
0.589144
0.084092
0.228410
0.735726
0.907293
0.713075
0.971109
0.713075
0.649688
0.793201
0.199280
0.114294
0.199280
0.394742
0.612135
0.658394
0.368979
0.483494
0.250182
0.848789
0.580543
0.649688
0.535389
0.000129
0.340005
0.841556
0.580543
0.580543
0.995551
0.860501
0.727244
0.513281
0.215763
0.922090
0.223587
0.382926
0.505064
0.848789
0.183833
0.006832
0.758020
0.290658
0.727244
0.173237
0.749684
0.704484
0.848789
0.808960
0.462365
0.589144
0.672823
0.312615
0.527033
0.855893
0.183833
0.571972
0.364456
0.956001
0.922090
0.897436
0.667094
0.549354
0.801128
0.060217
0.704484
0.557828
0.758020
0.690166
0.612135
0.112510
0.052535
0.704484
0.462365
0.199280
0.951979
0.981075
0.681504
0.589144
0.891273
0.006832
0.390021
0.635244
0.821730
0.344325
0.940331
0.446787
0.344325
0.874110
0.718717
0.962240
0.320806
0.050328
0.505064
0.801128
0.042685
0.016293
0.617854
0.962240
0.821730
0.350951
0.901408
0.350951
0.449423
0.214182
0.192150
0.867378
0.449423
0.713075
0.513281
0.236593
0.874110
0.139014
0.441715
0.382926
0.165605
0.867378
0.744157
0.672823
0.441715
0.273514
0.236593
0.580543
0.991213
0.421575
0.394742
0.535389
0.594827
0.901408
0.808960
0.836720
0.340005
0.228410
0.589144
0.329292
0.935597
0.241635
0.603471
0.364456
0.329292
0.039801
0.223587
0.658394
0.483494
0.549354
0.713075
0.153566
0.008436
0.020320
0.401971
0.245003
0.649688
0.704484
0.187953
0.808960
0.922090
0.996919
0.821730
0.922090
0.088340
0.028919
0.681504
0.446787
0.867378
0.483494
0.441715
0.462365
0.255445
0.891273
0.958545
0.635244
0.779856
0.603471
0.594827
0.667094
0.801128
0.255445
0.457201
0.387593
0.153566
0.340005
0.557828
0.223587
0.891273
0.491556
0.046970
0.119859
0.891273
0.704484
0.841556
0.390021
0.766291
0.094284
0.454542
0.346575
0.580543
0.199280
0.535389
0.721628
0.075538
0.290658
0.275424
0.467559
0.020320
0.127623
0.735726
0.454542
0.841556
0.735726
0.974087
0.787927
0.727244
0.787927
0.414138
0.589144
0.505064
0.984769
0.063362
0.001588
0.088340
0.922090
0.269851
0.284858
0.808960
0.649688
0.635244
0.024158
0.023935
0.446787
0.401971
0.049040
0.749684
0.735726
0.681504
0.626544
0.144460
0.059212
0.454542
0.620815
0.199280
0.016595
0.010009
0.491556
0.462365
0.808960
0.597771
0.048208
0.735726
0.001588
0.758020
0.306500
0.735726
0.045761
0.454542
0.667094
0.218844
0.867378
0.749684
0.139014
0.695863
0.922090
0.695863
0.203680
0.649688
0.382926
0.580543
0.322949
0.150086
0.122729
0.124654
0.245003
0.589144
0.580543
0.758020
0.340005
0.169385
0.527033
0.922090
0.801128
0.421575
0.194957
0.535389
0.290658
0.179787
0.649688
0.183833
0.947760
0.387593
0.793201
0.255445
0.690166
0.132684
0.080707
0.063362
0.236593
0.027164
0.821730
0.626544
0.612135
0.429087
0.179787
0.470257
0.672823
0.246759
0.695863
0.965738
0.231634
0.401971
0.004775
0.394742
0.401971
0.801128
0.612135
0.173237
0.643949
0.999575
0.344325
0.635244
0.704484
0.155897
