0.362130
0.221961
0.434080
0.320806
0.406779
0.446787
0.116102
0.399498
0.175815
0.718717
0.549354
0.304435
0.434080
0.226757
0.202171
0.496903
0.540922
0.518727
0.467559
0.362130
0.186540
0.320806
0.640981
0.617854
0.304435
0.801128
0.231634
0.540922
0.357661
0.197797
0.518727
0.310521
0.571972
0.771705
0.901408
0.140045
0.267971
0.226757
0.387593
0.672823
0.161896
0.446787
0.446787
0.032771
0.483494
0.406779
0.594827
0.098170
0.571972
0.594827
0.617854
0.771705
0.841556
0.695863
0.749684
0.603471
0.749684
0.571972
0.426518
0.483494
0.327120
0.344325
0.771705
0.571972
0.290658
0.294528
0.344325
0.253642
0.695863
0.496903
0.123655
0.649688
0.288671
0.821730
0.194957
0.518727
0.380525
0.704484
0.253642
0.749684
0.470257
0.571972
0.146673
0.518727
0.434080
0.446787
0.434080
0.540922
0.672823
0.467559
0.123655
0.771705
0.258960
0.362130
0.793201
0.467559
0.380525
0.214182
0.131630
0.571972
0.667094
0.269851
0.727244
0.749684
0.121744
0.649688
0.603471
0.426518
0.426518
0.658394
0.978604
0.672823
0.179787
0.190711
0.518727
0.197797
0.681504
0.571972
0.727244
0.006144
0.387593
0.273514
0.085471
0.549354
0.867378
0.801128
0.399498
0.848789
0.406779
0.269851
0.387593
0.454542
0.467559
0.821730
0.304435
0.387593
0.362130
0.253642
0.672823
0.549354
0.594827
0.253642
0.496903
0.231634
0.171915
0.640981
0.209600
0.085471
0.518727
0.288671
0.603471
0.518727
0.399498
0.050745
0.140045
0.414138
0.226757
0.594827
0.074897
0.239907
0.320806
0.063876
0.171915
0.253642
0.258960
0.239907
0.253642
0.594827
0.350951
0.518727
0.206623
0.288671
0.951979
0.617854
0.617854
0.649688
0.787927
0.649688
0.426518
0.446787
0.362130
0.221961
0.749684
0.054829
0.496903
0.107244
0.580543
0.841556
0.454542
0.258960
0.186540
0.026438
0.106369
0.197797
0.617854
0.140045
0.226757
0.563435
0.617854
0.563435
0.571972
0.197797
0.258960
0.496903
0.226757
0.239907
0.540922
0.320806
0.426518
0.779856
0.399498
0.362130
0.320806
0.106369
0.239907
0.186540
0.617854
0.496903
0.672823
0.320806
0.253642
0.467559
0.320806
0.771705
0.357661
0.380525
0.387593
0.704484
0.603471
0.111596
0.540922
0.518727
0.571972
0.153566
0.106369
0.727244
0.446787
0.860501
0.749684
0.718717
0.320806
0.640981
0.226757
0.078727
0.186540
0.106369
0.134742
0.640981
0.884948
0.672823
0.749684
0.640981
0.518727
0.267971
0.749684
0.380525
0.518727
0.344325
0.749684
0.099752
0.518727
0.640981
0.304435
0.617854
0.814067
0.626544
0.426518
0.549354
0.042685
0.387593
0.749684
0.406779
0.394742
0.571972
0.264363
0.891273
0.535389
0.226757
0.771705
0.173237
0.040498
0.344325
0.186540
0.930673
0.333520
0.571972
0.434080
0.658394
0.821730
0.518727
0.375911
0.672823
0.231634
0.264363
0.368979
0.779856
0.320806
0.288671
0.190711
0.226757
0.749684
0.258960
0.801128
0.727244
0.841556
0.131630
0.771705
0.140045
0.672823
0.540922
0.617854
0.467559
0.320806
0.771705
0.179787
0.221961
0.916674
0.594827
0.387593
0.594827
0.617854
0.146673
0.267971
0.362130
0.640981
0.446787
0.771705
0.387593
0.713075
0.171915
0.483494
0.727244
0.467559
0.116102
0.226757
0.958545
0.434080
0.368979
0.617854
0.821730
0.801128
0.649688
0.884948
0.320806
0.617854
0.901408
0.362130
0.421575
0.016438
0.793201
0.406779
0.518727
0.617854
0.540922
0.491556
0.434080
0.635244
0.496903
0.626544
0.496903
0.617854
0.221961
0.245003
0.446787
0.771705
0.399498
0.197797
0.540922
0.594827
0.362130
0.209600
0.304435
0.380525
0.294528
0.320806
0.518727
0.171915
0.226757
0.320806
0.171915
0.267971
0.320806
0.273514
0.617854
0.231634
0.540922
0.446787
0.380525
0.540922
0.037413
0.446787
0.695863
0.518727
0.106369
0.161896
0.327120
0.718717
0.304435
0.253642
0.214182
0.146673
0.304435
0.085471
0.446787
0.649688
0.304435
0.267971
0.267971
0.368979
0.426518
0.434080
0.304435
0.320806
0.540922
0.771705
0.253642
0.505064
0.387593
0.446787
0.161896
0.540922
0.958545
0.454542
0.518727
0.267971
0.344325
0.594827
0.362130
0.186540
0.380525
0.209600
0.848789
0.070065
0.454542
0.491556
0.071848
0.080707
0.727244
0.771705
0.617854
0.294528
0.841556
0.749684
0.848789
0.518727
0.695863
0.821730
0.496903
0.594827
0.035180
0.304435
0.333520
0.294528
0.209600
0.426518
0.841556
0.617854
0.672823
0.171915
0.116102
0.704484
0.580543
0.749684
0.467559
0.102197
0.695863
0.239907
0.294528
0.475494
0.406779
0.540922
0.071848
0.848789
0.253642
0.320806
0.161896
0.267971
0.446787
0.171915
0.446787
0.320806
0.267971
0.649688
0.320806
0.165605
0.749684
0.718717
0.617854
0.518727
0.566341
0.626544
0.649688
0.467559
0.126604
0.131630
0.617854
0.603471
0.310521
0.695863
0.264363
0.165605
0.793201
0.337784
0.496903
0.380525
0.467559
0.860501
0.304435
0.695863
0.916674
0.140045
0.267971
0.106369
0.362130
0.771705
0.362130
0.658394
0.165605
0.727244
0.380525
0.475494
0.971109
0.214182
0.288671
0.978604
0.221961
0.594827
0.414138
0.143326
0.267971
0.518727
0.540922
0.209600
0.264363
0.267971
0.771705
0.617854
0.580543
0.793201
0.649688
0.098170
0.288671
0.186540
0.475494
0.727244
0.106369
0.718717
0.209600
0.171915
0.594827
0.288671
0.672823
0.134742
0.304435
0.467559
0.672823
0.344325
0.557828
0.467559
0.727244
0.267971
0.161896
0.475494
0.505064
0.382926
0.594827
0.727244
0.267971
0.695863
0.344325
0.713075
0.446787
0.967937
0.362130
0.179787
0.518727
