0.841556
0.209600
0.518727
0.288671
0.273514
0.169385
0.735726
0.049040
0.901408
0.350951
0.304435
0.406779
0.488801
0.387593
0.617854
0.996919
0.571972
0.649688
0.930673
0.043818
0.695863
0.758020
0.505064
0.218844
0.540922
0.496903
0.505064
0.821730
0.727244
0.779856
0.344325
0.454542
0.462365
0.557828
0.288671
0.667094
0.884948
0.841556
0.994555
0.267971
0.505064
0.226757
0.406779
0.594827
0.202171
0.841556
0.527033
0.821730
0.563435
0.821730
0.079397
0.779856
0.206623
0.672823
0.390021
0.134742
0.704484
0.117048
0.652656
0.543791
0.153566
0.090535
0.580543
0.218844
0.626544
0.513281
0.649688
0.626544
0.821730
0.171915
0.375911
0.935597
0.496903
0.971109
0.387593
0.387593
0.984769
0.940331
0.294528
0.327120
0.483494
0.658394
0.310521
0.344325
0.483494
0.362130
0.279144
0.096609
0.061772
0.279144
0.571972
0.635244
0.617854
0.114294
0.779856
0.667094
0.758020
0.681504
0.626544
0.727244
0.793201
0.594827
0.513281
0.177160
0.986757
0.635244
0.829282
0.357661
0.884948
0.143326
0.001114
0.713075
0.836720
0.695863
0.187953
0.672823
0.491556
0.141156
0.557828
0.144460
0.814067
0.294528
0.375911
0.735726
0.333520
0.808960
0.137917
0.041578
0.594827
0.327120
0.672823
0.467559
0.589144
0.594827
0.350951
0.387593
0.549354
0.626544
0.713075
0.793201
0.380525
0.617854
0.049040
0.984769
0.771705
0.267971
0.209600
0.209600
0.165605
0.884948
0.867378
0.901408
0.199280
0.535389
0.594827
0.467559
0.380525
0.209600
0.841556
0.273514
0.727244
0.649688
0.253642
0.594827
0.884948
0.344325
0.518727
0.344325
0.779856
0.971109
0.771705
0.483494
0.884948
0.135818
0.260793
0.907293
0.518727
0.074303
0.947760
0.704484
0.505064
0.580543
0.787927
0.958545
0.483494
0.454542
0.841556
0.758020
0.322949
0.848789
0.316692
0.462365
0.250182
0.394742
0.150086
0.527033
0.884948
0.626544
0.808960
0.267971
0.916674
0.061772
0.228410
0.155897
0.085471
0.690166
0.202171
0.916674
0.821730
0.179787
0.106369
0.161896
0.333520
0.146673
0.821730
0.821730
0.867378
0.092008
0.104694
0.801128
0.344325
0.462365
0.064431
0.771705
0.304435
0.821730
0.681504
0.535389
0.250182
0.922090
0.434080
0.841556
0.527033
0.269851
0.984769
0.284858
0.727244
0.801128
0.060217
0.421575
0.165605
0.571972
0.223587
0.406779
0.364456
0.063876
0.884948
0.327120
0.214182
0.635244
0.518727
0.704484
0.111596
0.253642
0.594827
0.901408
0.446787
0.841556
0.171915
0.320806
0.984769
0.771705
0.603471
0.475494
0.190711
0.594827
0.704484
0.016595
0.052535
0.483494
0.672823
0.022258
0.704484
0.779856
0.414138
0.658394
0.635244
0.194957
0.387593
0.557828
0.052535
0.713075
0.681504
0.962240
0.744157
0.848789
0.187953
0.801128
0.505064
0.375911
0.867378
0.399498
0.269851
0.643949
0.327120
0.206623
0.603471
0.454542
0.310521
0.718717
0.026438
0.922090
0.940331
0.580543
0.066084
0.462365
0.333520
0.434080
0.649688
0.082732
0.344325
0.549354
0.594827
0.454542
0.002255
0.382926
0.967937
0.211153
0.340005
0.253642
0.387593
0.958545
0.594827
0.236593
0.718717
0.269851
0.626544
0.223587
0.848789
0.704484
0.841556
0.491556
0.462365
0.571972
0.387593
0.549354
0.454542
0.505064
0.264363
0.594827
0.829282
0.462365
0.258960
0.218844
0.874110
0.401971
0.626544
0.891273
0.496903
0.649688
0.375911
0.441715
0.557828
0.491556
0.884948
0.194957
0.496903
0.793201
0.635244
0.649688
0.406779
0.841556
0.344325
0.793201
0.518727
0.658394
0.337784
0.594827
0.399498
0.320806
0.793201
0.513281
0.626544
0.808960
0.695863
0.793201
0.273514
0.214182
0.467559
0.171915
0.704484
0.779856
0.821730
0.426518
0.320806
0.617854
0.518727
0.310521
0.718717
0.114294
0.337784
0.603471
0.916674
0.649688
0.626544
0.947760
0.426518
0.304435
0.300471
0.571972
0.594827
0.580543
0.540922
0.771705
0.727244
0.267971
0.123655
0.841556
0.771705
0.496903
0.566341
0.704484
0.540922
0.901408
0.505064
0.801128
0.855893
0.793201
0.527033
0.557828
0.672823
0.779856
0.617854
0.518727
0.414138
0.380525
0.273514
0.649688
0.947760
0.907293
0.540922
0.375911
0.483494
0.549354
0.690166
0.549354
0.612135
0.718717
0.749684
0.672823
0.841556
0.681504
0.566341
0.884948
0.527033
0.527033
0.704484
0.434080
0.446787
0.962240
0.387593
0.640981
0.049040
0.304435
0.245003
0.658394
0.426518
0.467559
0.518727
0.245003
0.206623
0.771705
0.467559
0.169385
0.626544
0.231634
0.594827
0.496903
0.848789
0.540922
0.998868
0.199280
0.264363
0.821730
0.793201
0.848789
0.454542
0.118894
0.672823
0.333520
0.841556
0.549354
0.626544
0.658394
0.971109
0.129613
0.695863
0.126604
0.310521
0.426518
0.617854
0.535389
0.467559
0.841556
0.758020
0.288671
0.362130
0.793201
0.994555
0.527033
0.357661
0.603471
0.884948
0.594827
0.695863
0.304435
0.986757
0.255445
0.695863
0.867378
0.589144
0.273514
0.310521
0.206623
0.681504
0.779856
0.169385
0.426518
0.173237
0.978604
0.916674
0.312615
0.126604
0.860501
0.672823
0.279144
0.186540
0.344325
0.132684
0.821730
0.357661
0.984769
0.935597
0.300471
0.316692
0.518727
0.171915
0.535389
0.362130
0.226757
0.368979
0.758020
0.603471
0.749684
0.718717
0.848789
0.344325
0.327120
0.829282
0.134742
0.267971
0.454542
0.626544
0.434080
0.250182
0.190711
0.643949
0.322949
0.958545
0.962240
0.114294
0.594827
0.446787
0.300471
0.594827
0.821730
0.173237
0.971109
0.907293
0.107244
0.695863
0.387593
0.829282
0.580543
0.344325
0.681504
