0.540922
0.304435
0.446787
0.617854
0.496903
0.749684
0.527033
0.350951
0.123655
0.518727
0.540922
0.571972
0.518727
0.399498
0.649688
0.801128
0.549354
0.003700
0.161896
0.253642
0.171915
0.695863
0.267971
0.749684
0.362130
0.467559
0.978604
0.294528
0.727244
0.758020
0.273514
0.540922
0.406779
0.793201
0.718717
0.505064
0.483494
0.446787
0.426518
0.327120
0.063876
0.239907
0.362130
0.617854
0.518727
0.273514
0.362130
0.540922
0.829282
0.563435
0.994555
0.635244
0.617854
0.901408
0.362130
0.218844
0.935597
0.146673
0.250182
0.312615
0.253642
0.874110
0.658394
0.901408
0.841556
0.672823
0.793201
0.594827
0.958545
0.793201
0.169385
0.617854
0.146673
0.316692
0.563435
0.549354
0.518727
0.031348
0.380525
0.106369
0.549354
0.446787
0.922090
0.626544
0.350951
0.344325
0.907293
0.327120
0.771705
0.279144
0.304435
0.571972
0.454542
0.082037
0.171915
0.793201
0.958545
0.483494
0.434080
0.884948
0.821730
0.350951
0.962240
0.467559
0.513281
0.155897
0.727244
0.626544
0.163153
0.947760
0.913005
0.406779
0.540922
0.245003
0.304435
0.387593
0.454542
0.916674
0.901408
0.695863
0.518727
0.165605
0.884948
0.491556
0.704484
0.518727
0.540922
0.518727
0.387593
0.540922
0.197797
0.454542
0.333520
0.426518
0.749684
0.793201
0.327120
0.998463
0.505064
0.718717
0.518727
0.467559
0.635244
0.380525
0.226757
0.267971
0.085471
0.320806
0.267971
0.617854
0.571972
0.161896
0.197797
0.080027
0.380525
0.197797
0.071848
0.050745
0.131630
0.718717
0.540922
0.106369
0.085471
0.221961
0.603471
0.841556
0.106369
0.171915
0.958545
0.848789
0.779856
0.681504
0.475494
0.269851
0.603471
0.793201
0.557828
0.066084
0.867378
0.951979
0.414138
0.475494
0.922090
0.241635
0.483494
0.935597
0.704484
0.406779
0.344325
0.589144
0.735726
0.535389
0.793201
0.771705
0.571972
0.327120
0.253642
0.580543
0.446787
0.140045
0.848789
0.617854
0.749684
0.901408
0.695863
0.860501
0.771705
0.446787
0.814067
0.273514
0.258960
0.264363
0.971109
0.267971
0.580543
0.841556
0.958545
0.426518
0.727244
0.146673
0.935597
0.808960
0.320806
0.269851
0.467559
0.901408
0.571972
0.475494
0.718717
0.467559
0.329292
0.527033
0.649688
0.958545
0.467559
0.513281
0.855893
0.649688
0.320806
0.496903
0.304435
0.749684
0.226757
0.947760
0.350951
0.718717
0.380525
0.426518
0.245003
0.380525
0.695863
0.294528
0.183833
0.718717
0.860501
0.106369
0.362130
0.518727
0.123655
0.718717
0.171915
0.209600
0.218844
0.518727
0.496903
0.535389
0.344325
0.907293
0.672823
0.496903
0.571972
0.540922
0.779856
0.640981
0.434080
0.135818
0.327120
0.206623
0.874110
0.137917
0.100580
0.267971
0.236593
0.333520
0.549354
0.874110
0.649688
0.713075
0.594827
0.362130
0.867378
0.344325
0.387593
0.518727
0.333520
0.878466
0.735726
0.304435
0.462365
0.304435
0.173237
0.434080
0.052535
0.253642
0.350951
0.916674
0.399498
0.527033
0.649688
0.446787
0.518727
0.841556
0.344325
0.258960
0.718717
0.718717
0.322949
0.829282
0.406779
0.052535
0.916674
0.793201
0.841556
0.316692
0.884948
0.320806
0.022875
0.320806
0.288671
0.771705
0.446787
0.718717
0.316692
0.649688
0.603471
0.098170
0.284858
0.884948
0.253642
0.387593
0.727244
0.488801
0.518727
0.143326
0.930673
0.231634
0.239907
0.749684
0.617854
0.426518
0.884948
0.695863
0.571972
0.245003
0.540922
0.901408
0.434080
0.406779
0.617854
0.344325
0.380525
0.540922
0.171915
0.695863
0.771705
0.801128
0.793201
0.475494
0.085471
0.672823
0.362130
0.594827
0.640981
0.704484
0.496903
0.258960
0.704484
0.496903
0.362130
0.695863
0.741289
0.841556
0.695863
0.161896
0.186540
0.304435
0.320806
0.518727
0.155897
0.947760
0.617854
0.467559
0.209600
0.922090
0.106369
0.288671
0.749684
0.152372
0.197797
0.779856
0.344325
0.209600
0.793201
0.571972
0.029437
0.190711
0.617854
0.209600
0.255445
0.258960
0.527033
0.267971
0.362130
0.258960
0.930673
0.209600
0.594827
0.884948
0.626544
0.267971
0.771705
0.718717
0.617854
0.310521
0.375911
0.304435
0.063876
0.161896
0.107244
0.695863
0.446787
0.841556
0.496903
0.467559
0.758020
0.617854
0.320806
0.571972
0.672823
0.704484
0.518727
0.727244
0.727244
0.344325
0.580543
0.603471
0.454542
0.446787
0.350951
0.279144
0.594827
0.841556
0.603471
0.209600
0.947760
0.695863
0.406779
0.267971
0.380525
0.288671
0.749684
0.344325
0.518727
0.617854
0.454542
0.695863
0.718717
0.594827
0.829282
0.426518
0.814067
0.399498
0.695863
0.085471
0.426518
0.749684
0.640981
0.860501
0.483494
0.394742
0.860501
0.640981
0.658394
0.368979
0.467559
0.159490
0.304435
0.085471
0.704484
0.121744
0.821730
0.603471
0.779856
0.273514
0.603471
0.394742
0.518727
0.475494
0.617854
0.713075
0.735726
0.617854
0.540922
0.258960
0.362130
0.344325
0.362130
0.380525
0.617854
0.617854
0.310521
0.446787
0.496903
0.467559
0.294528
0.884948
0.518727
0.617854
0.984769
0.884948
0.496903
0.446787
0.540922
0.426518
0.387593
0.640981
0.540922
0.841556
0.414138
0.672823
0.406779
0.118894
0.387593
0.793201
0.344325
0.310521
0.304435
0.226757
0.793201
0.253642
0.100580
0.143326
0.718717
0.695863
0.214182
0.749684
0.304435
0.387593
0.294528
0.253642
0.518727
0.518727
0.209600
0.549354
0.704484
0.518727
0.695863
0.860501
0.518727
0.171915
0.901408
0.557828
0.758020
0.658394
0.475494
0.649688
0.279144
0.239907
0.364456
0.594827
0.901408
0.399498
0.626544
0.320806
0.100580
0.137917
