0.000010
0.449423
0.000000
0.000000
0.000087
0.000000
0.000402
0.000000
0.025274
0.000437
0.000004
0.000210
0.000023
0.011753
0.000648
0.001687
0.001092
0.003131
0.005162
0.974087
0.003289
0.000000
0.000000
0.048208
0.000127
0.000000
0.003666
0.000000
0.060743
0.312615
0.003965
0.015128
0.000021
0.000000
0.000127
0.000013
0.409279
0.016293
0.000000
0.000000
0.000740
0.004288
0.025970
0.000000
0.000000
0.000172
0.000001
0.000078
0.007032
0.069506
0.275424
0.829282
0.012670
0.060743
0.907293
0.816691
0.513281
0.000829
0.043818
0.018883
0.000872
0.306500
0.185229
0.000000
0.000167
0.007032
0.019412
0.003289
0.000010
0.033071
0.012670
0.192150
0.000003
0.000000
0.076183
0.033966
0.000002
0.000008
0.000628
0.000000
0.081393
0.000037
0.000001
0.000053
0.048208
0.000000
0.000041
0.029982
0.000002
0.000113
0.000000
0.112510
0.011753
0.000000
0.001284
0.069506
0.462365
0.192150
0.016293
0.000134
0.009277
0.001636
0.000037
0.004775
0.196422
0.051648
0.059212
0.000210
0.675784
0.000001
0.296545
0.005418
0.006703
0.241635
0.092778
0.007032
0.652656
0.038094
0.003388
0.192150
0.130653
0.001828
0.000002
0.025970
0.566341
0.038094
0.429087
0.160731
0.112510
0.000402
0.000000
0.003131
0.000001
0.020320
0.160731
0.000000
0.020886
0.000000
0.001184
0.000001
0.000532
0.000648
0.021859
0.000976
0.000001
0.000000
0.000021
0.000000
0.000764
0.000009
0.000085
0.000138
0.000006
0.000018
0.108126
0.000000
0.001149
0.000023
0.052999
0.000017
0.000000
0.000012
0.000000
0.030798
0.000872
0.001556
0.000217
0.000001
0.157114
0.007378
0.079397
0.185229
0.151265
0.053907
0.000475
0.000056
0.004164
0.183833
0.048208
0.127623
0.513281
0.090535
0.018368
0.203680
0.010298
0.041578
0.000402
0.009104
0.119859
0.513281
0.001184
0.462365
0.000031
0.000037
0.033966
0.001828
0.000004
0.003039
0.000764
0.000000
0.000578
0.000008
0.000004
0.000113
0.000370
0.006028
0.000000
0.015128
0.000100
0.000217
0.000288
0.000071
0.007239
0.000071
0.002324
0.000415
0.002211
0.000000
0.001184
0.000000
0.000033
0.228410
0.002725
0.000437
0.000001
0.000037
0.045761
0.000008
0.000027
0.000000
0.364456
0.090535
0.000145
0.000040
0.000000
0.003131
0.013032
0.000000
0.000402
0.000029
0.000000
0.000011
0.000104
0.000000
0.010900
0.000000
0.000532
0.000000
0.008682
0.005013
0.000000
0.000060
0.001006
0.000000
0.032199
0.000000
0.015128
0.000001
0.024158
0.000000
0.000000
0.005162
0.000000
0.000648
0.007593
0.001114
0.721628
0.055312
0.000437
0.112510
0.281082
0.053907
0.499678
0.312615
0.000012
0.020320
0.000899
0.002082
0.543791
0.998868
0.275424
0.306500
0.001828
0.000001
0.046970
0.059212
0.147829
0.000390
0.181158
0.002211
0.007593
0.001149
0.035500
0.000217
0.000000
0.052999
0.003388
0.001636
0.215763
0.000271
0.000000
0.002950
0.050328
0.000001
0.026684
0.002443
0.000020
0.346575
0.023508
0.329292
0.000145
0.000030
0.001828
0.010595
0.000003
0.007032
0.436675
0.000002
0.013654
0.139014
0.105557
0.000578
0.069506
0.074303
0.000000
0.008682
0.023508
0.051648
0.787927
0.001393
0.020320
0.000006
0.000249
0.025970
0.000000
0.371333
0.040864
0.025970
0.139014
0.000000
0.001059
0.667094
0.067775
0.000060
0.072465
0.109849
0.329292
0.163153
0.238302
0.000002
0.002324
0.001006
0.000000
0.000006
0.000257
0.499678
0.105557
0.069506
0.071276
0.030798
0.000000
0.000021
0.000000
0.002146
0.000092
0.000000
0.000000
0.000104
0.000000
0.000000
0.000000
0.007032
0.000330
0.026684
0.008436
0.000008
0.022466
0.001828
0.000000
0.000000
0.000000
0.000000
0.000000
0.000000
0.108126
0.000000
0.000087
0.000003
0.000000
0.000000
0.000000
0.000000
0.000000
0.000000
0.000976
0.000001
0.000000
0.000000
0.000019
0.000000
0.000000
0.000001
0.000210
0.005315
0.000000
0.000628
0.000004
0.000000
0.000000
0.000024
0.000475
0.000682
0.000249
0.000004
0.000040
0.025970
0.000000
0.005013
0.000000
0.000217
0.196422
0.012670
0.940331
0.015128
0.000011
0.016293
0.086919
0.022466
0.006028
0.000000
0.001284
0.003559
0.346575
0.000145
0.004775
0.130653
0.000236
0.056750
0.142275
0.000451
0.117048
0.000279
0.046170
0.000113
0.000241
0.000029
0.049476
0.246759
0.000002
0.513281
0.001436
0.002146
0.000288
0.000000
0.017543
0.000000
0.000014
0.052999
0.017543
0.023508
0.478214
0.096609
0.000138
0.043818
0.000035
0.312615
0.000000
0.000000
0.088340
0.499678
0.034568
0.024158
0.260793
0.000021
0.014711
0.000000
0.000000
0.015845
0.000000
0.066656
0.000313
0.006205
0.147829
0.125659
0.139014
0.000000
0.000011
0.014043
0.000000
0.160731
0.001687
0.004084
0.001636
0.000000
0.056750
0.013032
0.000000
0.139014
0.064990
0.000123
0.000040
0.000000
0.029982
0.000475
0.000092
0.000019
0.003455
0.000065
0.092778
0.008197
0.000000
0.000000
0.076183
0.006028
0.449423
0.004775
0.000078
0.018036
0.001687
0.092778
0.000000
0.000026
0.000019
0.046970
0.013654
0.005418
0.000000
0.071276
0.000000
0.000009
0.000000
0.027164
0.026684
0.007815
0.000000
0.000000
0.009368
0.010900
0.000145
0.000437
0.000000
0.000150
0.000000
0.000000
0.002443
0.044980
0.003131
0.000000
0.081393
0.000000
0.000000
0.001981
0.000058
0.215763
0.024158
0.000001
0.401971
0.051648
0.275424
0.000804
0.241635
0.151265
0.015845
0.000071
0.002593
0.429087
0.181158
0.003388
0.000000
0.055312
0.000071
0.000002
0.117048
0.025274
0.061772
0.000000
