0.496903
0.793201
0.867378
0.549354
0.617854
0.434080
0.426518
0.368979
0.320806
0.327120
0.695863
0.401971
0.197797
0.368979
0.922090
0.704484
0.617854
0.695863
0.649688
0.594827
0.695863
0.221961
0.399498
0.704484
0.594827
0.779856
0.387593
0.209600
0.978604
0.571972
0.704484
0.380525
0.867378
0.603471
0.399498
0.446787
0.821730
0.704484
0.121744
0.626544
0.194957
0.344325
0.695863
0.320806
0.571972
0.518727
0.304435
0.454542
0.667094
0.901408
0.119859
0.290658
0.718717
0.841556
0.821730
0.518727
0.223587
0.505064
0.288671
0.357661
0.518727
0.549354
0.304435
0.518727
0.086192
0.787927
0.594827
0.735726
0.540922
0.239907
0.211153
0.446787
0.935597
0.649688
0.749684
0.279144
0.690166
0.491556
0.848789
0.518727
0.462365
0.594827
0.441715
0.124654
0.320806
0.304435
0.132684
0.571972
0.727244
0.221961
0.727244
0.563435
0.132684
0.310521
0.922090
0.527033
0.496903
0.535389
0.294528
0.860501
0.141156
0.375911
0.187953
0.406779
0.771705
0.179787
0.239907
0.496903
0.749684
0.571972
0.626544
0.421575
0.426518
0.617854
0.603471
0.273514
0.401971
0.202171
0.226757
0.253642
0.841556
0.735726
0.434080
0.741289
0.434080
0.681504
0.626544
0.380525
0.394742
0.454542
0.549354
0.099752
0.986757
0.250182
0.594827
0.518727
0.884948
0.594827
0.672823
0.571972
0.549354
0.320806
0.279144
0.718717
0.214182
0.226757
0.209600
0.667094
0.171915
0.518727
0.467559
0.399498
0.571972
0.958545
0.226757
0.226757
0.640981
0.294528
0.695863
0.483494
0.594827
0.362130
0.304435
0.344325
0.540922
0.380525
0.063876
0.664129
0.758020
0.491556
0.816691
0.867378
0.771705
0.362130
0.749684
0.787927
0.801128
0.549354
0.436675
0.527033
0.394742
0.635244
0.771705
0.549354
0.483494
0.860501
0.935597
0.821730
0.727244
0.327120
0.344325
0.649688
0.735726
0.617854
0.649688
0.672823
0.344325
0.594827
0.571972
0.649688
0.163153
0.304435
0.380525
0.368979
0.264363
0.337784
0.394742
0.258960
0.327120
0.137917
0.681504
0.209600
0.496903
0.672823
0.672823
0.414138
0.350951
0.695863
0.901408
0.350951
0.284858
0.589144
0.704484
0.304435
0.518727
0.218844
0.935597
0.860501
0.749684
0.375911
0.571972
0.518727
0.273514
0.557828
0.362130
0.617854
0.779856
0.117048
0.304435
0.540922
0.226757
0.155897
0.414138
0.387593
0.284858
0.513281
0.380525
0.540922
0.814067
0.304435
0.475494
0.344325
0.626544
0.082037
0.063876
0.446787
0.617854
0.505064
0.102197
0.183833
0.063876
0.074897
0.771705
0.267971
0.406779
0.571972
0.288671
0.344325
0.304435
0.320806
0.362130
0.695863
0.540922
0.344325
0.121744
0.744157
0.129613
0.884948
0.540922
0.771705
0.231634
0.594827
0.134742
0.462365
0.518727
0.126604
0.414138
0.749684
0.557828
0.406779
0.758020
0.681504
0.159490
0.368979
0.540922
0.446787
0.735726
0.496903
0.971109
0.594827
0.916674
0.327120
0.483494
0.749684
0.279144
0.163153
0.306500
0.549354
0.505064
0.406779
0.771705
0.727244
0.245003
0.640981
0.454542
0.052535
0.766291
0.841556
0.264363
0.848789
0.527033
0.594827
0.695863
0.571972
0.406779
0.496903
0.617854
0.085471
0.874110
0.672823
0.793201
0.304435
0.626544
0.111596
0.294528
0.884948
0.617854
0.304435
0.228410
0.414138
0.672823
0.695863
0.848789
0.649688
0.294528
0.322949
0.735726
0.771705
0.446787
0.771705
0.549354
0.344325
0.218844
0.245003
0.264363
0.997586
0.223587
0.206623
0.749684
0.129613
0.446787
0.362130
0.518727
0.462365
0.793201
0.901408
0.446787
0.140045
0.362130
0.221961
0.186540
0.099752
0.106369
0.310521
0.446787
0.779856
0.362130
0.626544
0.123655
0.362130
0.209600
0.771705
0.288671
0.718717
0.483494
0.320806
0.245003
0.304435
0.399498
0.399498
0.518727
0.496903
0.841556
0.175815
0.320806
0.695863
0.594827
0.475494
0.446787
0.718717
0.518727
0.362130
0.161896
0.304435
0.140045
0.916674
0.467559
0.368979
0.273514
0.288671
0.727244
0.635244
0.109849
0.580543
0.571972
0.123655
0.947760
0.594827
0.718717
0.239907
0.163153
0.434080
0.306500
0.867378
0.594827
0.380525
0.337784
0.594827
0.916674
0.209600
0.518727
0.935597
0.829282
0.426518
0.241635
0.350951
0.962240
0.513281
0.971109
0.446787
0.704484
0.549354
0.821730
0.860501
0.190711
0.245003
0.483494
0.640981
0.344325
0.144460
0.218844
0.841556
0.617854
0.594827
0.771705
0.947760
0.475494
0.327120
0.867378
0.304435
0.399498
0.617854
0.749684
0.649688
0.288671
0.749684
0.426518
0.617854
0.640981
0.467559
0.749684
0.161896
0.084092
0.253642
0.209600
0.540922
0.190711
0.426518
0.209600
0.223587
0.107244
0.505064
0.749684
0.695863
0.273514
0.114294
0.801128
0.540922
0.821730
0.848789
0.146673
0.695863
0.505064
0.793201
0.640981
0.617854
0.540922
0.793201
0.446787
0.467559
0.860501
0.718717
0.967937
0.916674
0.518727
0.793201
0.245003
0.916674
0.821730
0.867378
0.518727
0.518727
0.727244
0.399498
0.426518
0.186540
0.594827
0.771705
0.505064
0.496903
0.867378
0.617854
0.727244
0.626544
0.540922
0.085471
0.841556
0.434080
0.434080
0.159490
0.496903
0.197797
0.922090
0.505064
0.951979
0.304435
0.695863
0.672823
0.483494
0.594827
0.171915
0.594827
0.387593
0.387593
0.947760
0.320806
0.640981
0.718717
0.901408
0.727244
0.106369
0.426518
0.821730
0.137917
0.161896
0.848789
0.758020
0.735726
0.320806
0.626544
0.947760
0.527033
0.382926
0.190711
0.793201
0.793201
0.771705
0.441715
0.891273
0.518727
0.549354
0.935597
0.414138
0.749684
0.771705
0.300471
