0.197797
0.414138
0.571972
0.848789
0.488801
0.173237
0.197797
0.841556
0.821730
0.005110
0.380525
0.008761
0.771705
0.891273
0.382926
0.841556
0.362130
0.718717
0.310521
0.841556
0.446787
0.557828
0.344325
0.718717
0.672823
0.288671
0.406779
0.951979
0.681504
0.984769
0.190711
0.860501
0.483494
0.421575
0.527033
0.860501
0.958545
0.089781
0.273514
0.935597
0.771705
0.144460
0.958545
0.626544
0.320806
0.434080
0.165605
0.571972
0.513281
0.971109
0.658394
0.375911
0.549354
0.971109
0.375911
0.434080
0.300471
0.245003
0.801128
0.727244
0.922090
0.848789
0.793201
0.603471
0.571972
0.603471
0.617854
0.652656
0.626544
0.580543
0.253642
0.387593
0.231634
0.930673
0.801128
0.891273
0.658394
0.690166
0.434080
0.121744
0.483494
0.727244
0.454542
0.649688
0.695863
0.135818
0.971109
0.394742
0.104694
0.821730
0.387593
0.543791
0.640981
0.518727
0.288671
0.394742
0.695863
0.273514
0.173237
0.454542
0.557828
0.132684
0.089781
0.594827
0.527033
0.594827
0.681504
0.364456
0.505064
0.214182
0.518727
0.322949
0.075538
0.300471
0.867378
0.483494
0.060217
0.304435
0.350951
0.394742
0.884948
0.333520
0.916674
0.049040
0.169385
0.063362
0.771705
0.626544
0.434080
0.467559
0.821730
0.626544
0.779856
0.571972
0.571972
0.362130
0.649688
0.310521
0.749684
0.540922
0.571972
0.475494
0.250182
0.771705
0.841556
0.718717
0.801128
0.922090
0.236593
0.821730
0.327120
0.672823
0.304435
0.258960
0.426518
0.640981
0.475494
0.672823
0.540922
0.399498
0.362130
0.527033
0.085471
0.467559
0.793201
0.518727
0.793201
0.304435
0.704484
0.344325
0.165605
0.779856
0.155897
0.406779
0.362130
0.695863
0.947760
0.387593
0.406779
0.594827
0.718717
0.962240
0.350951
0.878466
0.322949
0.406779
0.891273
0.848789
0.549354
0.344325
0.186540
0.695863
0.253642
0.143326
0.050745
0.467559
0.475494
0.279144
0.467559
0.467559
0.426518
0.571972
0.446787
0.082037
0.518727
0.505064
0.580543
0.462365
0.316692
0.350951
0.617854
0.320806
0.801128
0.695863
0.050745
0.426518
0.667094
0.947760
0.434080
0.114294
0.491556
0.350951
0.414138
0.649688
0.681504
0.836720
0.841556
0.612135
0.907293
0.441715
0.300471
0.771705
0.159490
0.401971
0.801128
0.821730
0.935597
0.320806
0.194957
0.867378
0.640981
0.406779
0.426518
0.513281
0.107244
0.300471
0.771705
0.380525
0.860501
0.658394
0.704484
0.344325
0.635244
0.967937
0.310521
0.488801
0.771705
0.304435
0.617854
0.901408
0.454542
0.884948
0.571972
0.603471
0.922090
0.821730
0.269851
0.649688
0.496903
0.098170
0.867378
0.735726
0.727244
0.848789
0.467559
0.626544
0.406779
0.617854
0.612135
0.046554
0.940331
0.518727
0.150086
0.540922
0.050328
0.273514
0.617854
0.774492
0.540922
0.310521
0.475494
0.344325
0.194957
0.226757
0.727244
0.672823
0.951979
0.603471
0.540922
0.406779
0.935597
0.344325
0.848789
0.947760
0.787927
0.758020
0.186540
0.080707
0.441715
0.735726
0.406779
0.771705
0.940331
0.718717
0.848789
0.935597
0.884948
0.279144
0.214182
0.540922
0.836720
0.518727
0.808960
0.695863
0.155897
0.649688
0.571972
0.594827
0.183833
0.540922
0.394742
0.034255
0.496903
0.518727
0.387593
0.704484
0.801128
0.626544
0.320806
0.518727
0.643949
0.704484
0.580543
0.793201
0.387593
0.267971
0.821730
0.758020
0.771705
0.394742
0.258960
0.603471
0.801128
0.483494
0.284858
0.535389
0.649688
0.073672
0.779856
0.681504
0.171915
0.446787
0.771705
0.626544
0.362130
0.300471
0.540922
0.209600
0.758020
0.695863
0.626544
0.901408
0.540922
0.446787
0.505064
0.603471
0.947760
0.080707
0.916674
0.310521
0.771705
0.344325
0.467559
0.749684
0.446787
0.141156
0.143326
0.557828
0.306500
0.434080
0.549354
0.140045
0.704484
0.273514
0.779856
0.223587
0.037752
0.406779
0.749684
0.327120
0.146673
0.169385
0.215763
0.617854
0.695863
0.146673
0.672823
0.821730
0.226757
0.344325
0.571972
0.617854
0.958545
0.695863
0.672823
0.344325
0.571972
0.344325
0.916674
0.169385
0.821730
0.454542
0.635244
0.916674
0.505064
0.483494
0.580543
0.626544
0.206623
0.387593
0.821730
0.255445
0.779856
0.150086
0.357661
0.294528
0.406779
0.202171
0.626544
0.118894
0.779856
0.848789
0.294528
0.549354
0.640981
0.986757
0.350951
0.333520
0.571972
0.672823
0.672823
0.387593
0.446787
0.947760
0.535389
0.190711
0.114294
0.320806
0.475494
0.841556
0.718717
0.316692
0.123655
0.434080
0.062816
0.505064
0.735726
0.310521
0.294528
0.771705
0.406779
0.421575
0.505064
0.505064
0.316692
0.771705
0.273514
0.399498
0.279144
0.884948
0.580543
0.264363
0.603471
0.901408
0.878466
0.549354
0.253642
0.901408
0.008597
0.727244
0.695863
0.681504
0.749684
0.749684
0.116102
0.441715
0.527033
0.617854
0.446787
0.518727
0.884948
0.467559
0.749684
0.991213
0.594827
0.380525
0.978604
0.771705
0.421575
0.223587
0.380525
0.779856
0.930673
0.320806
0.617854
0.603471
0.626544
0.300471
0.829282
0.713075
0.848789
0.727244
0.209600
0.350951
0.426518
0.239907
0.594827
0.496903
0.571972
0.771705
0.793201
0.626544
0.543791
0.357661
0.344325
0.771705
0.483494
0.626544
0.640981
0.294528
0.649688
0.727244
0.221961
0.226757
0.368979
0.362130
0.617854
0.496903
0.829282
0.284858
0.967937
0.475494
0.540922
0.518727
0.907293
0.713075
0.884948
0.380525
0.368979
0.695863
0.713075
0.454542
0.672823
0.571972
0.491556
0.527033
0.771705
0.580543
0.901408
0.518727
0.406779
0.563435
0.821730
0.821730
0.829282
0.681504
