0.304435
0.718717
0.316692
0.236593
0.394742
0.749684
0.505064
0.441715
0.540922
0.344325
0.496903
0.860501
0.527033
0.749684
0.901408
0.250182
0.368979
0.496903
0.672823
0.310521
0.310521
0.771705
0.202171
0.245003
0.727244
0.922090
0.695863
0.088340
0.635244
0.749684
0.749684
0.245003
0.589144
0.986757
0.449423
0.594827
0.681504
0.194957
0.004963
0.327120
0.695863
0.848789
0.264363
0.499678
0.241635
0.223587
0.090535
0.380525
0.279144
0.841556
0.620815
0.878466
0.310521
0.612135
0.058699
0.617854
0.658394
0.513281
0.399498
0.390021
0.426518
0.704484
0.382926
0.801128
0.821730
0.695863
0.475494
0.004372
0.617854
0.947760
0.269851
0.922090
0.414138
0.267971
0.470257
0.603471
0.206623
0.434080
0.209600
0.518727
0.241635
0.658394
0.580543
0.727244
0.218844
0.626544
0.744157
0.681504
0.984769
0.380525
0.617854
0.300471
0.758020
0.454542
0.571972
0.518727
0.127623
0.991213
0.084092
0.947760
0.557828
0.199280
0.426518
0.368979
0.364456
0.860501
0.527033
0.491556
0.001540
0.749684
0.821730
0.169385
0.518727
0.042685
0.930673
0.749684
0.549354
0.808960
0.467559
0.848789
0.597771
0.543791
0.649688
0.922090
0.617854
0.049886
0.749684
0.867378
0.475494
0.470257
0.375911
0.382926
0.681504
0.518727
0.406779
0.429087
0.744157
0.779856
0.626544
0.695863
0.935597
0.527033
0.860501
0.387593
0.052535
0.470257
0.426518
0.253642
0.735726
0.580543
0.483494
0.173237
0.394742
0.721628
0.316692
0.603471
0.571972
0.380525
0.269851
0.362130
0.749684
0.206623
0.316692
0.475494
0.821730
0.087602
0.155897
0.518727
0.994555
0.279144
0.322949
0.779856
0.549354
0.206623
0.771705
0.704484
0.735726
0.143326
0.337784
0.962240
0.779856
0.470257
0.475494
0.236593
0.735726
0.505064
0.150086
0.441715
0.382926
0.635244
0.357661
0.406779
0.462365
0.658394
0.814067
0.194957
0.727244
0.513281
0.580543
0.294528
0.085471
0.704484
0.121744
0.549354
0.329292
0.901408
0.357661
0.658394
0.258960
0.518727
0.294528
0.380525
0.406779
0.406779
0.649688
0.566341
0.571972
0.288671
0.161896
0.626544
0.713075
0.273514
0.884948
0.446787
0.787927
0.958545
0.021656
0.001284
0.300471
0.787927
0.294528
0.841556
0.015409
0.394742
0.236593
0.672823
0.549354
0.320806
0.264363
0.771705
0.426518
0.264363
0.294528
0.475494
0.594827
0.771705
0.387593
0.446787
0.414138
0.727244
0.058699
0.518727
0.155897
0.771705
0.255445
0.123655
0.867378
0.695863
0.801128
0.540922
0.273514
0.131630
0.681504
0.446787
0.527033
0.475494
0.713075
0.535389
0.527033
0.535389
0.226757
0.241635
0.258960
0.441715
0.695863
0.744157
0.793201
0.947760
0.594827
0.454542
0.779856
0.518727
0.434080
0.350951
0.094284
0.672823
0.350951
0.294528
0.362130
0.513281
0.194957
0.658394
0.821730
0.446787
0.787927
0.867378
0.787927
0.350951
0.250182
0.264363
0.672823
0.667094
0.672823
0.446787
0.126604
0.288671
0.649688
0.031906
0.695863
0.288671
0.475494
0.253642
0.112510
0.255445
0.626544
0.978604
0.749684
0.667094
0.264363
0.150086
0.491556
0.695863
0.434080
0.344325
0.571972
0.848789
0.104694
0.878466
0.518727
0.947760
0.617854
0.209600
0.549354
0.841556
0.179787
0.008761
0.681504
0.169385
0.571972
0.284858
0.475494
0.744157
0.727244
0.749684
0.594827
0.535389
0.527033
0.434080
0.821730
0.426518
0.098170
0.916674
0.496903
0.727244
0.916674
0.231634
0.475494
0.571972
0.026438
0.475494
0.841556
0.649688
0.884948
0.947760
0.749684
0.350951
0.467559
0.102197
0.518727
0.640981
0.414138
0.197797
0.171915
0.718717
0.907293
0.518727
0.779856
0.380525
0.718717
0.695863
0.239907
0.171915
0.239907
0.727244
0.304435
0.239907
0.518727
0.672823
0.793201
0.171915
0.549354
0.518727
0.446787
0.387593
0.563435
0.320806
0.571972
0.735726
0.867378
0.320806
0.916674
0.446787
0.916674
0.594827
0.454542
0.186540
0.984769
0.406779
0.462365
0.100580
0.226757
0.540922
0.228410
0.467559
0.518727
0.344325
0.475494
0.727244
0.454542
0.446787
0.350951
0.758020
0.571972
0.626544
0.549354
0.518727
0.974087
0.735726
0.132684
0.190711
0.884948
0.801128
0.848789
0.718717
0.434080
0.454542
0.626544
0.401971
0.375911
0.258960
0.907293
0.387593
0.695863
0.821730
0.658394
0.098170
0.350951
0.253642
0.891273
0.695863
0.183833
0.357661
0.269851
0.058699
0.094284
0.626544
0.250182
0.106369
0.991213
0.779856
0.658394
0.421575
0.978604
0.758020
0.793201
0.658394
0.580543
0.704484
0.518727
0.140045
0.231634
0.549354
0.571972
0.848789
0.749684
0.013524
0.475494
0.505064
0.368979
0.446787
0.462365
0.327120
0.077446
0.695863
0.793201
0.092008
0.521553
0.735726
0.744157
0.357661
0.206623
0.051194
0.681504
0.141156
0.758020
0.916674
0.387593
0.626544
0.387593
0.116102
0.571972
0.141156
0.310521
0.032771
0.758020
0.406779
0.922090
0.626544
0.860501
0.758020
0.749684
0.672823
0.197797
0.848789
0.571972
0.491556
0.080707
0.434080
0.505064
0.206623
0.518727
0.000966
0.144460
0.994555
0.571972
0.344325
0.527033
0.223587
0.617854
0.878466
0.375911
0.744157
0.758020
0.878466
0.020499
0.239907
0.340005
0.140045
0.681504
0.695863
0.971109
0.362130
0.935597
0.426518
0.364456
0.186540
0.496903
0.467559
0.518727
0.129613
0.549354
0.672823
0.603471
0.467559
0.467559
0.922090
0.426518
0.891273
0.475494
0.821730
0.727244
0.527033
0.183833
0.580543
0.073672
0.214182
0.047782
0.713075
0.821730
0.947760
0.557828
0.483494
0.414138
0.310521
0.446787
0.132684
