0.626544
0.446787
0.399498
0.695863
0.695863
0.211153
0.206623
0.779856
0.197797
0.727244
0.288671
0.049040
0.695863
0.594827
0.284858
0.821730
0.658394
0.801128
0.617854
0.518727
0.496903
0.505064
0.399498
0.557828
0.749684
0.672823
0.058699
0.841556
0.580543
0.557828
0.848789
0.681504
0.414138
0.446787
0.958545
0.294528
0.368979
0.350951
0.649688
0.190711
0.446787
0.695863
0.368979
0.563435
0.060217
0.454542
0.496903
0.320806
0.884948
0.518727
0.907293
0.744157
0.681504
0.132684
0.771705
0.340005
0.557828
0.704484
0.269851
0.070668
0.749684
0.094284
0.951979
0.540922
0.649688
0.496903
0.848789
0.194957
0.284858
0.860501
0.387593
0.540922
0.165605
0.264363
0.518727
0.801128
0.617854
0.401971
0.860501
0.540922
0.549354
0.387593
0.935597
0.441715
0.695863
0.434080
0.681504
0.316692
0.603471
0.183833
0.462365
0.958545
0.434080
0.375911
0.179787
0.446787
0.231634
0.635244
0.316692
0.749684
0.603471
0.327120
0.382926
0.549354
0.801128
0.025731
0.312615
0.362130
0.808960
0.505064
0.296545
0.241635
0.226757
0.129613
0.958545
0.121744
0.727244
0.316692
0.612135
0.880693
0.594827
0.426518
0.454542
0.150086
0.566341
0.771705
0.446787
0.294528
0.094284
0.626544
0.518727
0.194957
0.643949
0.109849
0.406779
0.947760
0.250182
0.958545
0.626544
0.749684
0.758020
0.426518
0.935597
0.288671
0.540922
0.841556
0.467559
0.821730
0.320806
0.594827
0.382926
0.399498
0.155897
0.821730
0.821730
0.426518
0.061238
0.320806
0.175815
0.375911
0.878466
0.344325
0.155897
0.190711
0.340005
0.316692
0.085471
0.505064
0.958545
0.387593
0.421575
0.300471
0.690166
0.045761
0.300471
0.387593
0.801128
0.535389
0.986757
0.922090
0.603471
0.258960
0.290658
0.043818
0.340005
0.250182
0.649688
0.704484
0.475494
0.951979
0.505064
0.300471
0.626544
0.884948
0.475494
0.387593
0.860501
0.543791
0.860501
0.380525
0.930673
0.978604
0.467559
0.107244
0.267971
0.821730
0.190711
0.426518
0.935597
0.179787
0.214182
0.144460
0.681504
0.310521
0.429087
0.967937
0.255445
0.194957
0.368979
0.394742
0.003629
0.935597
0.935597
0.117048
0.594827
0.406779
0.053907
0.649688
0.749684
0.171915
0.836720
0.518727
0.344325
0.190711
0.146673
0.635244
0.967937
0.649688
0.672823
0.414138
0.399498
0.978604
0.255445
0.594827
0.801128
0.891273
0.143326
0.867378
0.322949
0.288671
0.540922
0.112510
0.060217
0.496903
0.344325
0.695863
0.518727
0.144460
0.362130
0.304435
0.310521
0.209600
0.279144
0.821730
0.801128
0.211153
0.594827
0.991213
0.681504
0.580543
0.316692
0.580543
0.246759
0.426518
0.535389
0.329292
0.727244
0.779856
0.353229
0.571972
0.667094
0.779856
0.483494
0.801128
0.935597
0.922090
0.658394
0.117048
0.394742
0.273514
0.264363
0.414138
0.603471
0.994555
0.727244
0.649688
0.958545
0.718717
0.362130
0.640981
0.215763
0.344325
0.018368
0.179787
0.064431
0.132684
0.155897
0.580543
0.958545
0.884948
0.695863
0.884948
0.209600
0.131630
0.350951
0.901408
0.816691
0.284858
0.375911
0.340005
0.971109
0.143326
0.958545
0.958545
0.518727
0.718717
0.067775
0.771705
0.922090
0.535389
0.496903
0.821730
0.779856
0.169385
0.901408
0.681504
0.421575
0.571972
0.978604
0.483494
0.695863
0.399498
0.571972
0.231634
0.922090
0.350951
0.821730
0.387593
0.841556
0.062816
0.649688
0.594827
0.518727
0.580543
0.540922
0.571972
0.258960
0.190711
0.749684
0.594827
0.288671
0.841556
0.626544
0.626544
0.357661
0.801128
0.695863
0.084092
0.146673
0.901408
0.226757
0.962240
0.300471
0.603471
0.310521
0.169385
0.434080
0.940331
0.350951
0.571972
0.406779
0.322949
0.304435
0.793201
0.179787
0.387593
0.406779
0.695863
0.171915
0.100580
0.617854
0.695863
0.333520
0.947760
0.540922
0.304435
0.163153
0.273514
0.483494
0.543791
0.183833
0.161896
0.327120
0.226757
0.209600
0.327120
0.350951
0.320806
0.907293
0.704484
0.549354
0.368979
0.304435
0.704484
0.947760
0.505064
0.571972
0.643949
0.580543
0.935597
0.454542
0.749684
0.202171
0.183833
0.848789
0.362130
0.467559
0.617854
0.649688
0.935597
0.841556
0.496903
0.159490
0.446787
0.414138
0.681504
0.350951
0.194957
0.891273
0.434080
0.175815
0.658394
0.580543
0.414138
0.727244
0.350951
0.387593
0.649688
0.771705
0.829282
0.793201
0.958545
0.187953
0.518727
0.727244
0.718717
0.327120
0.380525
0.362130
0.211153
0.860501
0.718717
0.496903
0.406779
0.535389
0.563435
0.475494
0.496903
0.704484
0.779856
0.801128
0.793201
0.058699
0.718717
0.467559
0.884948
0.718717
0.947760
0.749684
0.421575
0.821730
0.935597
0.394742
0.269851
0.672823
0.441715
0.549354
0.399498
0.062816
0.483494
0.649688
0.535389
0.344325
0.475494
0.867378
0.626544
0.771705
0.527033
0.483494
0.557828
0.612135
0.357661
0.727244
0.001048
0.380525
0.916674
0.475494
0.446787
0.350951
0.635244
0.695863
0.603471
0.218844
0.557828
0.169385
0.779856
0.061238
0.617854
0.014711
0.907293
0.117048
0.563435
0.518727
0.012548
0.052535
0.916674
0.344325
0.467559
0.057717
0.394742
0.758020
0.513281
0.153566
0.426518
0.540922
0.340005
0.563435
0.518727
0.594827
0.496903
0.025731
0.571972
0.594827
0.362130
0.566341
0.808960
0.758020
0.695863
0.704484
0.197797
0.467559
0.518727
0.344325
0.649688
0.779856
0.496903
0.916674
0.848789
0.713075
0.209600
0.787927
0.057717
0.884948
0.177160
0.594827
0.617854
0.206623
0.672823
0.690166
0.454542
0.462365
0.496903
0.316692
0.462365
0.022875
0.421575
