0.288671
0.434080
0.161896
0.793201
0.947760
0.727244
0.344325
0.197797
0.527033
0.571972
0.140045
0.197797
0.649688
0.239907
0.253642
0.594827
0.197797
0.155897
0.571972
0.320806
0.380525
0.106369
0.380525
0.446787
0.387593
0.821730
0.273514
0.099752
0.535389
0.704484
0.406779
0.059696
0.446787
0.727244
0.475494
0.350951
0.978604
0.821730
0.467559
0.741289
0.375911
0.571972
0.518727
0.171915
0.841556
0.617854
0.446787
0.793201
0.907293
0.141156
0.394742
0.971109
0.874110
0.306500
0.304435
0.793201
0.916674
0.387593
0.161896
0.446787
0.344325
0.518727
0.496903
0.186540
0.434080
0.267971
0.344325
0.186540
0.563435
0.399498
0.327120
0.505064
0.171915
0.749684
0.362130
0.695863
0.935597
0.617854
0.829282
0.640981
0.841556
0.793201
0.387593
0.344325
0.695863
0.239907
0.617854
0.958545
0.649688
0.779856
0.672823
0.727244
0.793201
0.640981
0.161896
0.310521
0.518727
0.549354
0.267971
0.922090
0.414138
0.206623
0.267971
0.801128
0.152372
0.209600
0.434080
0.643949
0.594827
0.462365
0.288671
0.535389
0.186540
0.540922
0.414138
0.290658
0.704484
0.406779
0.137917
0.061772
0.527033
0.841556
0.695863
0.245003
0.951979
0.771705
0.467559
0.467559
0.640981
0.320806
0.571972
0.571972
0.626544
0.640981
0.967937
0.571972
0.704484
0.380525
0.771705
0.399498
0.106369
0.320806
0.640981
0.144460
0.171915
0.320806
0.362130
0.640981
0.594827
0.337784
0.171915
0.140045
0.549354
0.594827
0.267971
0.426518
0.304435
0.617854
0.304435
0.426518
0.320806
0.446787
0.131630
0.594827
0.571972
0.140045
0.320806
0.841556
0.513281
0.223587
0.874110
0.649688
0.169385
0.426518
0.821730
0.860501
0.603471
0.603471
0.144460
0.014985
0.801128
0.962240
0.197797
0.571972
0.258960
0.704484
0.206623
0.362130
0.658394
0.118894
0.496903
0.505064
0.718717
0.496903
0.143326
0.916674
0.594827
0.362130
0.320806
0.288671
0.221961
0.320806
0.626544
0.467559
0.387593
0.368979
0.771705
0.640981
0.672823
0.171915
0.197797
0.821730
0.518727
0.594827
0.814067
0.446787
0.467559
0.779856
0.649688
0.421575
0.771705
0.346575
0.294528
0.155897
0.267971
0.672823
0.454542
0.441715
0.441715
0.549354
0.406779
0.231634
0.380525
0.304435
0.221961
0.399498
0.571972
0.253642
0.197797
0.380525
0.197797
0.209600
0.467559
0.467559
0.421575
0.749684
0.718717
0.467559
0.073672
0.867378
0.563435
0.446787
0.727244
0.143326
0.496903
0.649688
0.202171
0.540922
0.171915
0.253642
0.226757
0.488801
0.695863
0.253642
0.672823
0.958545
0.375911
0.496903
0.165605
0.771705
0.350951
0.540922
0.571972
0.218844
0.571972
0.327120
0.860501
0.023935
0.320806
0.327120
0.884948
0.362130
0.294528
0.735726
0.380525
0.527033
0.267971
0.375911
0.226757
0.267971
0.884948
0.580543
0.239907
0.231634
0.095811
0.310521
0.143326
0.446787
0.209600
0.922090
0.258960
0.540922
0.749684
0.640981
0.426518
0.467559
0.540922
0.187953
0.239907
0.594827
0.672823
0.793201
0.594827
0.860501
0.209600
0.064431
0.841556
0.672823
0.320806
0.380525
0.735726
0.320806
0.878466
0.916674
0.640981
0.387593
0.829282
0.206623
0.681504
0.557828
0.540922
0.821730
0.475494
0.867378
0.571972
0.916674
0.310521
0.304435
0.434080
0.549354
0.626544
0.947760
0.134742
0.267971
0.841556
0.426518
0.540922
0.269851
0.518727
0.197797
0.380525
0.165605
0.406779
0.320806
0.749684
0.571972
0.475494
0.718717
0.446787
0.901408
0.320806
0.518727
0.143326
0.518727
0.171915
0.099752
0.505064
0.063876
0.467559
0.571972
0.304435
0.190711
0.483494
0.713075
0.380525
0.387593
0.617854
0.197797
0.095811
0.304435
0.617854
0.099752
0.152372
0.320806
0.267971
0.140045
0.344325
0.209600
0.571972
0.878466
0.704484
0.161896
0.221961
0.771705
0.344325
0.617854
0.446787
0.304435
0.672823
0.209600
0.571972
0.496903
0.253642
0.434080
0.475494
0.518727
0.320806
0.467559
0.771705
0.380525
0.426518
0.106369
0.549354
0.814067
0.779856
0.399498
0.126604
0.333520
0.344325
0.344325
0.718717
0.540922
0.640981
0.841556
0.226757
0.617854
0.131630
0.399498
0.540922
0.695863
0.571972
0.549354
0.735726
0.253642
0.362130
0.771705
0.617854
0.749684
0.273514
0.878466
0.406779
0.626544
0.094284
0.958545
0.483494
0.922090
0.300471
0.801128
0.337784
0.727244
0.399498
0.310521
0.239907
0.362130
0.380525
0.062816
0.467559
0.320806
0.527033
0.171915
0.672823
0.284858
0.368979
0.214182
0.649688
0.209600
0.288671
0.159490
0.704484
0.617854
0.226757
0.571972
0.206623
0.267971
0.741289
0.841556
0.496903
0.304435
0.749684
0.860501
0.640981
0.264363
0.672823
0.907293
0.594827
0.475494
0.111596
0.253642
0.085471
0.131630
0.749684
0.571972
0.426518
0.771705
0.801128
0.603471
0.327120
0.704484
0.253642
0.758020
0.594827
0.771705
0.718717
0.399498
0.793201
0.518727
0.387593
0.626544
0.549354
0.399498
0.106369
0.399498
0.104694
0.221961
0.406779
0.406779
0.310521
0.226757
0.496903
0.594827
0.916674
0.320806
0.253642
0.387593
0.467559
0.209600
0.695863
0.617854
0.884948
0.327120
0.253642
0.414138
0.672823
0.380525
0.406779
0.186540
0.236593
0.749684
0.362130
0.518727
0.594827
0.362130
0.327120
0.446787
0.540922
0.209600
0.518727
0.143326
0.617854
0.640981
0.320806
0.288671
0.771705
0.044581
0.878466
0.399498
0.462365
0.649688
0.901408
0.123655
0.368979
0.992594
0.406779
0.549354
0.406779
0.288671
0.426518
0.658394
0.406779
0.951979
0.165605
0.102197
0.310521
0.496903
0.535389
0.165605
