0.239907
0.617854
0.640981
0.922090
0.380525
0.380525
0.727244
0.454542
0.209600
0.406779
0.475494
0.617854
0.304435
0.406779
0.518727
0.617854
0.239907
0.320806
0.245003
0.594827
0.426518
0.496903
0.368979
0.197797
0.362130
0.801128
0.518727
0.121744
0.672823
0.749684
0.350951
0.288671
0.713075
0.320806
0.475494
0.434080
0.161896
0.695863
0.527033
0.434080
0.288671
0.446787
0.140045
0.304435
0.161896
0.267971
0.231634
0.594827
0.253642
0.695863
0.491556
0.275424
0.829282
0.467559
0.727244
0.231634
0.793201
0.505064
0.540922
0.518727
0.294528
0.221961
0.146673
0.563435
0.749684
0.527033
0.202171
0.649688
0.073672
0.617854
0.718717
0.362130
0.209600
0.337784
0.958545
0.907293
0.165605
0.068911
0.190711
0.304435
0.380525
0.617854
0.387593
0.518727
0.841556
0.380525
0.557828
0.603471
0.527033
0.070065
0.310521
0.186540
0.758020
0.617854
0.962240
0.695863
0.518727
0.049886
0.414138
0.535389
0.454542
0.434080
0.446787
0.658394
0.649688
0.368979
0.166886
0.304435
0.649688
0.594827
0.930673
0.860501
0.649688
0.475494
0.901408
0.320806
0.462365
0.414138
0.626544
0.513281
0.267971
0.320806
0.626544
0.718717
0.821730
0.406779
0.426518
0.116102
0.380525
0.226757
0.527033
0.884948
0.649688
0.571972
0.695863
0.884948
0.380525
0.426518
0.209600
0.380525
0.540922
0.273514
0.771705
0.082037
0.140045
0.197797
0.406779
0.320806
0.563435
0.226757
0.337784
0.267971
0.171915
0.362130
0.327120
0.387593
0.123655
0.116102
0.362130
0.209600
0.320806
0.399498
0.467559
0.380525
0.209600
0.123655
0.320806
0.649688
0.434080
0.327120
0.226757
0.612135
0.749684
0.891273
0.496903
0.387593
0.527033
0.446787
0.190711
0.357661
0.294528
0.382926
0.935597
0.658394
0.279144
0.727244
0.540922
0.649688
0.884948
0.362130
0.549354
0.202171
0.267971
0.387593
0.518727
0.446787
0.368979
0.214182
0.426518
0.617854
0.718717
0.695863
0.649688
0.025731
0.140045
0.414138
0.681504
0.406779
0.446787
0.197797
0.801128
0.375911
0.175815
0.540922
0.267971
0.267971
0.771705
0.496903
0.658394
0.209600
0.135818
0.446787
0.749684
0.617854
0.958545
0.218844
0.239907
0.454542
0.231634
0.082037
0.867378
0.527033
0.171915
0.387593
0.475494
0.161896
0.159490
0.429087
0.421575
0.681504
0.814067
0.695863
0.749684
0.695863
0.123655
0.194957
0.496903
0.557828
0.467559
0.016438
0.540922
0.387593
0.718717
0.273514
0.327120
0.320806
0.867378
0.414138
0.140045
0.288671
0.399498
0.771705
0.171915
0.175815
0.527033
0.258960
0.658394
0.231634
0.004728
0.749684
0.333520
0.718717
0.006637
0.718717
0.771705
0.727244
0.310521
0.194957
0.821730
0.978604
0.087602
0.056256
0.226757
0.483494
0.310521
0.434080
0.163153
0.594827
0.426518
0.718717
0.421575
0.475494
0.884948
0.814067
0.695863
0.518727
0.434080
0.874110
0.603471
0.021656
0.571972
0.947760
0.801128
0.821730
0.635244
0.571972
0.304435
0.350951
0.165605
0.294528
0.197797
0.540922
0.884948
0.197797
0.518727
0.672823
0.713075
0.718717
0.475494
0.978604
0.264363
0.779856
0.183833
0.258960
0.475494
0.060217
0.749684
0.350951
0.793201
0.640981
0.253642
0.821730
0.540922
0.603471
0.084092
0.771705
0.098170
0.036765
0.727244
0.848789
0.594827
0.505064
0.571972
0.758020
0.658394
0.749684
0.571972
0.226757
0.209600
0.860501
0.380525
0.483494
0.344325
0.518727
0.488801
0.496903
0.626544
0.446787
0.095811
0.310521
0.171915
0.126604
0.226757
0.640981
0.267971
0.649688
0.467559
0.446787
0.106369
0.085471
0.406779
0.475494
0.304435
0.527033
0.209600
0.594827
0.718717
0.051194
0.467559
0.209600
0.253642
0.380525
0.467559
0.131630
0.245003
0.267971
0.672823
0.063876
0.496903
0.518727
0.518727
0.695863
0.814067
0.467559
0.695863
0.571972
0.518727
0.253642
0.467559
0.672823
0.362130
0.140045
0.320806
0.380525
0.594827
0.387593
0.197797
0.123655
0.695863
0.380525
0.467559
0.446787
0.793201
0.483494
0.087602
0.467559
0.063876
0.380525
0.426518
0.209600
0.320806
0.221961
0.718717
0.226757
0.571972
0.320806
0.179787
0.273514
0.183833
0.967937
0.406779
0.718717
0.672823
0.245003
0.649688
0.841556
0.518727
0.150086
0.958545
0.304435
0.236593
0.327120
0.549354
0.771705
0.891273
0.617854
0.267971
0.635244
0.518727
0.206623
0.171915
0.741289
0.718717
0.617854
0.362130
0.549354
0.304435
0.446787
0.571972
0.672823
0.197797
0.727244
0.549354
0.209600
0.123655
0.171915
0.771705
0.267971
0.253642
0.074897
0.467559
0.540922
0.626544
0.518727
0.380525
0.350951
0.209600
0.626544
0.327120
0.467559
0.612135
0.603471
0.496903
0.273514
0.695863
0.426518
0.082037
0.649688
0.279144
0.695863
0.165605
0.594827
0.891273
0.958545
0.771705
0.475494
0.649688
0.841556
0.380525
0.218844
0.454542
0.362130
0.267971
0.344325
0.267971
0.362130
0.258960
0.821730
0.549354
0.617854
0.320806
0.258960
0.045355
0.496903
0.209600
0.316692
0.540922
0.695863
0.549354
0.171915
0.226757
0.640981
0.426518
0.171915
0.779856
0.793201
0.414138
0.320806
0.387593
0.171915
0.239907
0.771705
0.540922
0.406779
0.209600
0.387593
0.793201
0.273514
0.218844
0.267971
0.713075
0.649688
0.540922
0.116102
0.209600
0.143326
0.171915
0.406779
0.771705
0.626544
0.171915
0.186540
0.197797
0.333520
0.152372
0.594827
0.749684
0.603471
0.320806
0.273514
0.258960
0.718717
0.695863
0.475494
0.749684
0.617854
0.169385
0.327120
0.594827
0.758020
0.749684
0.867378
0.406779
0.718717
0.527033
0.036765
