0.434080
0.603471
0.368979
0.454542
0.681504
0.114294
0.320806
0.557828
0.446787
0.727244
0.267971
0.095811
0.141156
0.467559
0.681504
0.236593
0.245003
0.294528
0.062816
0.841556
0.735726
0.273514
0.626544
0.209600
0.279144
0.801128
0.406779
0.681504
0.467559
0.681504
0.695863
0.658394
0.496903
0.758020
0.483494
0.399498
0.749684
0.594827
0.571972
0.467559
0.079397
0.357661
0.496903
0.340005
0.183833
0.368979
0.617854
0.518727
0.626544
0.758020
0.077446
0.860501
0.518727
0.672823
0.672823
0.935597
0.779856
0.947760
0.951979
0.264363
0.320806
0.672823
0.190711
0.194957
0.855893
0.394742
0.617854
0.088340
0.199280
0.513281
0.146673
0.829282
0.930673
0.258960
0.231634
0.557828
0.667094
0.521553
0.695863
0.152372
0.956001
0.401971
0.269851
0.543791
0.316692
0.612135
0.368979
0.399498
0.793201
0.727244
0.387593
0.860501
0.406779
0.580543
0.037752
0.255445
0.916674
0.681504
0.513281
0.749684
0.727244
0.643949
0.771705
0.958545
0.513281
0.540922
0.284858
0.310521
0.626544
0.051194
0.375911
0.801128
0.557828
0.916674
0.841556
0.429087
0.821730
0.947760
0.016139
0.557828
0.557828
0.735726
0.958545
0.594827
0.841556
0.901408
0.505064
0.891273
0.454542
0.218844
0.589144
0.958545
0.884948
0.848789
0.223587
0.907293
0.099752
0.518727
0.135818
0.462365
0.527033
0.143326
0.779856
0.357661
0.273514
0.518727
0.603471
0.947760
0.916674
0.695863
0.171915
0.333520
0.718717
0.518727
0.907293
0.594827
0.922090
0.304435
0.540922
0.380525
0.434080
0.320806
0.267971
0.727244
0.175815
0.137917
0.304435
0.171915
0.681504
0.483494
0.829282
0.088340
0.787927
0.294528
0.635244
0.279144
0.250182
0.121744
0.284858
0.143326
0.735726
0.978604
0.848789
0.758020
0.362130
0.426518
0.557828
0.867378
0.294528
0.658394
0.518727
0.690166
0.649688
0.089781
0.375911
0.617854
0.521553
0.821730
0.300471
0.681504
0.134742
0.040498
0.483494
0.454542
0.571972
0.344325
0.971109
0.727244
0.173237
0.190711
0.054829
0.617854
0.322949
0.727244
0.362130
0.368979
0.362130
0.727244
0.612135
0.245003
0.672823
0.527033
0.984769
0.310521
0.884948
0.316692
0.727244
0.496903
0.801128
0.362130
0.695863
0.127623
0.658394
0.947760
0.603471
0.860501
0.958545
0.264363
0.704484
0.434080
0.462365
0.344325
0.563435
0.695863
0.264363
0.821730
0.496903
0.197797
0.649688
0.134742
0.441715
0.131630
0.821730
0.171915
0.617854
0.322949
0.337784
0.226757
0.549354
0.294528
0.860501
0.496903
0.350951
0.718717
0.940331
0.771705
0.387593
0.860501
0.698805
0.907293
0.649688
0.304435
0.518727
0.681504
0.320806
0.449423
0.483494
0.884948
0.571972
0.594827
0.124654
0.344325
0.821730
0.387593
0.449423
0.771705
0.704484
0.203680
0.884948
0.793201
0.491556
0.913005
0.695863
0.922090
0.446787
0.617854
0.718717
0.580543
0.543791
0.470257
0.672823
0.793201
0.727244
0.190711
0.535389
0.273514
0.860501
0.681504
0.030518
0.380525
0.986757
0.571972
0.727244
0.594827
0.589144
0.211153
0.801128
0.571972
0.563435
0.801128
0.518727
0.414138
0.540922
0.779856
0.690166
0.098170
0.779856
0.300471
0.147829
0.421575
0.801128
0.253642
0.096609
0.535389
0.273514
0.749684
0.658394
0.617854
0.535389
0.603471
0.884948
0.695863
0.194957
0.406779
0.907293
0.300471
0.991213
0.749684
0.024596
0.695863
0.143326
0.284858
0.380525
0.771705
0.273514
0.801128
0.163153
0.454542
0.681504
0.346575
0.131630
0.344325
0.380525
0.626544
0.518727
0.143326
0.758020
0.236593
0.672823
0.116102
0.446787
0.496903
0.310521
0.446787
0.571972
0.626544
0.617854
0.253642
0.735726
0.446787
0.626544
0.695863
0.527033
0.129613
0.901408
0.704484
0.197797
0.540922
0.253642
0.821730
0.994555
0.771705
0.672823
0.327120
0.171915
0.603471
0.209600
0.916674
0.841556
0.649688
0.304435
0.362130
0.399498
0.496903
0.880693
0.380525
0.426518
0.333520
0.316692
0.406779
0.467559
0.414138
0.441715
0.867378
0.475494
0.016902
0.749684
0.793201
0.462365
0.617854
0.672823
0.718717
0.527033
0.194957
0.989675
0.749684
0.496903
0.426518
0.322949
0.399498
0.984769
0.821730
0.549354
0.978604
0.006637
0.000366
0.901408
0.658394
0.907293
0.821730
0.434080
0.491556
0.930673
0.848789
0.304435
0.406779
0.288671
0.771705
0.159490
0.446787
0.695863
0.681504
0.350951
0.446787
0.672823
0.612135
0.421575
0.434080
0.150086
0.387593
0.779856
0.153566
0.454542
0.884948
0.362130
0.267971
0.540922
0.916674
0.681504
0.513281
0.475494
0.695863
0.848789
0.681504
0.267971
0.333520
0.496903
0.672823
0.907293
0.106369
0.594827
0.044581
0.111596
0.429087
0.049886
0.735726
0.518727
0.505064
0.202171
0.527033
0.594827
0.073672
0.998463
0.603471
0.505064
0.549354
0.320806
0.771705
0.841556
0.505064
0.658394
0.549354
0.793201
0.958545
0.860501
0.557828
0.123655
0.467559
0.467559
0.446787
0.032771
0.070065
0.771705
0.387593
0.197797
0.635244
0.273514
0.368979
0.749684
0.505064
0.594827
0.320806
0.518727
0.649688
0.841556
0.571972
0.414138
0.787927
0.695863
0.779856
0.344325
0.649688
0.144460
0.658394
0.194957
0.793201
0.346575
0.179787
0.758020
0.467559
0.836720
0.594827
0.401971
0.470257
0.194957
0.123655
0.209600
0.118894
0.294528
0.947760
0.617854
0.695863
0.496903
0.658394
0.496903
0.940331
0.327120
0.333520
0.518727
0.958545
0.749684
0.821730
0.821730
0.658394
0.978604
0.387593
0.594827
0.253642
0.141156
0.695863
0.984769
0.304435
0.935597
0.446787
0.557828
0.681504
