0.320806
0.399498
0.171915
0.540922
0.304435
0.467559
0.085471
0.202171
0.594827
0.076791
0.304435
0.984769
0.362130
0.171915
0.540922
0.399498
0.362130
0.106369
0.126604
0.221961
0.320806
0.175815
0.106369
0.681504
0.387593
0.239907
0.380525
0.727244
0.727244
0.496903
0.406779
0.197797
0.085471
0.267971
0.727244
0.380525
0.320806
0.273514
0.320806
0.209600
0.793201
0.337784
0.454542
0.037413
0.808960
0.304435
0.344325
0.496903
0.310521
0.727244
0.141156
0.362130
0.241635
0.617854
0.841556
0.344325
0.462365
0.771705
0.273514
0.197797
0.672823
0.098170
0.095811
0.467559
0.171915
0.718717
0.267971
0.467559
0.718717
0.140045
0.165605
0.626544
0.467559
0.434080
0.362130
0.860501
0.617854
0.446787
0.434080
0.793201
0.304435
0.446787
0.197797
0.320806
0.884948
0.594827
0.310521
0.226757
0.518727
0.571972
0.171915
0.518727
0.518727
0.527033
0.161896
0.273514
0.380525
0.930673
0.446787
0.535389
0.649688
0.304435
0.406779
0.236593
0.454542
0.129613
0.749684
0.884948
0.771705
0.316692
0.821730
0.672823
0.171915
0.258960
0.483494
0.649688
0.132684
0.771705
0.239907
0.434080
0.171915
0.518727
0.406779
0.695863
0.986757
0.695863
0.253642
0.446787
0.446787
0.475494
0.362130
0.535389
0.426518
0.496903
0.426518
0.695863
0.518727
0.226757
0.057215
0.209600
0.098170
0.771705
0.617854
0.406779
0.175815
0.540922
0.063876
0.380525
0.061238
0.106369
0.106369
0.209600
0.741289
0.106369
0.209600
0.197797
0.085471
0.123655
0.209600
0.399498
0.426518
0.209600
0.023713
0.197797
0.197797
0.171915
0.320806
0.197797
0.380525
0.848789
0.380525
0.173237
0.441715
0.496903
0.916674
0.106369
0.104694
0.771705
0.496903
0.927324
0.434080
0.199280
0.649688
0.571972
0.922090
0.916674
0.496903
0.080707
0.098985
0.594827
0.649688
0.841556
0.867378
0.161896
0.171915
0.814067
0.549354
0.190711
0.239907
0.446787
0.426518
0.681504
0.867378
0.467559
0.549354
0.264363
0.197797
0.327120
0.496903
0.239907
0.267971
0.640981
0.467559
0.221961
0.518727
0.267971
0.518727
0.394742
0.062816
0.304435
0.518727
0.387593
0.535389
0.171915
0.344325
0.695863
0.718717
0.549354
0.380525
0.406779
0.901408
0.549354
0.580543
0.190711
0.695863
0.175815
0.288671
0.337784
0.749684
0.214182
0.672823
0.171915
0.718717
0.140045
0.454542
0.540922
0.171915
0.171915
0.267971
0.475494
0.718717
0.362130
0.253642
0.446787
0.087602
0.106369
0.617854
0.140045
0.253642
0.063876
0.197797
0.209600
0.406779
0.380525
0.304435
0.891273
0.867378
0.267971
0.467559
0.718717
0.344325
0.518727
0.226757
0.681504
0.467559
0.362130
0.132684
0.226757
0.496903
0.580543
0.580543
0.362130
0.387593
0.214182
0.758020
0.226757
0.967937
0.406779
0.399498
0.209600
0.134742
0.603471
0.518727
0.626544
0.540922
0.571972
0.288671
0.387593
0.793201
0.320806
0.290658
0.218844
0.518727
0.718717
0.267971
0.571972
0.239907
0.695863
0.617854
0.475494
0.169385
0.221961
0.327120
0.488801
0.793201
0.860501
0.406779
0.221961
0.320806
0.362130
0.594827
0.344325
0.617854
0.771705
0.399498
0.267971
0.867378
0.779856
0.841556
0.380525
0.362130
0.640981
0.626544
0.496903
0.085471
0.454542
0.749684
0.380525
0.273514
0.394742
0.758020
0.771705
0.951979
0.327120
0.518727
0.223587
0.375911
0.841556
0.916674
0.984769
0.116102
0.171915
0.387593
0.617854
0.901408
0.316692
0.380525
0.394742
0.672823
0.258960
0.161896
0.171915
0.718717
0.034862
0.320806
0.171915
0.197797
0.171915
0.221961
0.320806
0.171915
0.640981
0.454542
0.540922
0.658394
0.344325
0.288671
0.467559
0.080027
0.475494
0.337784
0.253642
0.016742
0.446787
0.131630
0.337784
0.035180
0.320806
0.304435
0.380525
0.171915
0.320806
0.446787
0.253642
0.727244
0.406779
0.380525
0.221961
0.320806
0.380525
0.603471
0.695863
0.540922
0.186540
0.344325
0.467559
0.640981
0.640981
0.735726
0.860501
0.253642
0.935597
0.749684
0.467559
0.288671
0.527033
0.406779
0.540922
0.155897
0.540922
0.695863
0.672823
0.304435
0.161896
0.333520
0.513281
0.267971
0.878466
0.617854
0.793201
0.337784
0.649688
0.617854
0.518727
0.571972
0.304435
0.793201
0.239907
0.401971
0.467559
0.044581
0.971109
0.362130
0.446787
0.446787
0.241635
0.368979
0.406779
0.549354
0.327120
0.106369
0.741289
0.312615
0.209600
0.841556
0.117048
0.446787
0.221961
0.304435
0.695863
0.209600
0.344325
0.718717
0.304435
0.626544
0.106369
0.518727
0.226757
0.209600
0.320806
0.344325
0.253642
0.426518
0.106369
0.231634
0.239907
0.771705
0.362130
0.221961
0.310521
0.399498
0.362130
0.304435
0.380525
0.211153
0.273514
0.540922
0.099752
0.344325
0.350951
0.050745
0.399498
0.380525
0.916674
0.273514
0.108955
0.089781
0.206623
0.304435
0.594827
0.387593
0.640981
0.320806
0.821730
0.161896
0.399498
0.161896
0.771705
0.399498
0.793201
0.106369
0.253642
0.640981
0.050745
0.337784
0.718717
0.626544
0.540922
0.527033
0.771705
0.294528
0.681504
0.267971
0.143326
0.571972
0.337784
0.672823
0.446787
0.399498
0.446787
0.171915
0.239907
0.672823
0.399498
0.406779
0.171915
0.540922
0.175815
0.209600
0.617854
0.571972
0.467559
0.197797
0.221961
0.467559
0.571972
0.475494
0.540922
0.446787
0.267971
0.380525
0.518727
0.860501
0.140045
0.695863
0.617854
0.454542
0.344325
0.380525
0.406779
0.527033
0.475494
0.617854
0.475494
0.695863
0.380525
0.571972
0.681504
0.749684
0.426518
0.253642
0.695863
0.320806
0.563435
0.202171
0.454542
