0.077446
0.496903
0.006028
0.038764
0.947760
0.589144
0.998868
0.004043
0.382926
0.643949
0.658394
0.449423
0.935597
0.612135
0.211153
0.521553
0.956001
0.901408
0.491556
0.031348
0.333520
0.382926
0.375911
0.626544
0.540922
0.991213
0.721628
0.421575
0.454542
0.166886
0.557828
0.098985
0.255445
0.382926
0.032199
0.375911
0.549354
0.426518
0.245003
0.454542
0.208158
0.901408
0.566341
0.012548
0.010595
0.795913
0.429087
0.735726
0.414138
0.848789
0.066084
0.027908
0.580543
0.821730
0.612135
0.112510
0.306500
0.566341
0.002567
0.557828
0.991213
0.749684
0.475494
0.241635
0.003629
0.333520
0.269851
0.698805
0.169385
0.808960
0.907293
0.470257
0.255445
0.072465
0.014985
0.306500
0.513281
0.713075
0.721628
0.935597
0.913005
0.470257
0.049040
0.721628
0.597771
0.040864
0.228410
0.187953
0.096609
0.322949
0.483494
0.735726
0.304435
0.535389
0.050328
0.947760
0.002146
0.102197
0.580543
0.721628
0.997586
0.084803
0.018368
0.103042
0.704484
0.695863
0.018368
0.306500
0.971109
0.241635
0.199280
0.713075
0.478214
0.821730
0.787927
0.907293
0.836720
0.483494
0.891273
0.117048
0.264363
0.735726
0.076183
0.032199
0.690166
0.612135
0.434080
0.727244
0.626544
0.264363
0.766291
0.004728
0.064990
0.163153
0.251967
0.048208
0.421575
0.580543
0.300471
0.491556
0.513281
0.735726
0.901408
0.346575
0.121744
0.829282
0.457201
0.434080
0.681504
0.563435
0.000966
0.006144
0.958545
0.612135
0.094284
0.000100
0.735726
0.112510
0.421575
0.441715
0.124654
0.475494
0.855893
0.749684
0.589144
0.848789
0.306500
0.527033
0.454542
0.749684
0.505064
0.816691
0.821730
0.029186
0.913005
0.643949
0.429087
0.836720
0.713075
0.698805
0.107244
0.044980
0.350951
0.233315
0.016595
0.414138
0.543791
0.758020
0.690166
0.190711
0.612135
0.211153
0.499678
0.891273
0.284858
0.250182
0.626544
0.250182
0.874110
0.527033
0.429087
0.589144
0.159490
0.779856
0.478214
0.518727
0.096609
0.290658
0.333520
0.300471
0.255445
0.406779
0.483494
0.223587
0.202171
0.727244
0.766291
0.986757
0.874110
0.527033
0.429087
0.013909
0.064990
0.000337
0.483494
0.907293
0.855893
0.690166
0.290658
0.766291
0.543791
0.139014
0.574890
0.006963
0.603471
0.173237
0.364456
0.758020
0.241635
0.421575
0.874110
0.612135
0.626544
0.801128
0.364456
0.414138
0.867378
0.884948
0.375911
0.255445
0.836720
0.357661
0.371333
0.635244
0.441715
0.891273
0.011425
0.571972
0.649688
0.597771
0.203680
0.454542
0.044581
0.220452
0.382926
0.681504
0.060743
0.096609
0.275424
0.073672
0.269851
0.513281
0.290658
0.038094
0.766291
0.241635
0.704484
0.549354
0.211153
0.279144
0.635244
0.518727
0.017063
0.061772
0.795913
0.518727
0.157114
0.758020
0.874110
0.144460
0.105557
0.672823
0.801128
0.649688
0.513281
0.329292
0.045761
0.382926
0.127623
0.016139
0.841556
0.913005
0.916674
0.333520
0.527033
0.333520
0.016595
0.557828
0.296545
0.160731
0.672823
0.771705
0.841556
0.029982
0.643949
0.801128
0.255445
0.390021
0.215763
0.340005
0.387593
0.566341
0.557828
0.050328
0.401971
0.046970
0.163153
0.003559
0.001246
0.434080
0.496903
0.021268
0.103042
0.010298
0.047782
0.462365
0.808960
0.086192
0.246759
0.935597
0.698805
0.667094
0.329292
0.132684
0.978604
0.401971
0.001809
0.727244
0.316692
0.667094
0.434080
0.290658
0.429087
0.401971
0.787927
0.181158
0.177160
0.284858
0.995551
0.787927
0.658394
0.744157
0.935597
0.518727
0.603471
0.984769
0.744157
0.571972
0.233315
0.681504
0.153566
0.991213
0.549354
0.962240
0.382926
0.505064
0.063362
0.951979
0.077446
0.300471
0.275424
0.749684
0.774492
0.841556
0.454542
0.984769
0.250182
0.891273
0.727244
0.543791
0.000241
0.829282
0.382926
0.029982
0.057717
0.215763
0.704484
0.635244
0.401971
0.744157
0.390021
0.441715
0.958545
0.758020
0.357661
0.375911
0.094284
0.884948
0.527033
0.787927
0.635244
0.513281
0.821730
0.112510
0.284858
0.233315
0.951979
0.306500
0.571972
0.014305
0.258960
0.594827
0.029186
0.603471
0.203680
0.080707
0.513281
0.306500
0.340005
0.808960
0.211153
0.084803
0.406779
0.978604
0.228410
0.084803
0.211153
0.626544
0.368979
0.766291
0.643949
0.971109
0.801128
0.236593
0.098985
0.962240
0.635244
0.766291
0.518727
0.513281
0.192150
0.236593
0.907293
0.521553
0.713075
0.612135
0.387593
0.340005
0.766291
0.141156
0.958545
0.704484
0.441715
0.194957
0.496903
0.057717
0.981075
0.183833
0.690166
0.226757
0.640981
0.449423
0.264363
0.382926
0.202171
0.603471
0.643949
0.166886
0.617854
0.316692
0.000366
0.310521
0.557828
0.713075
0.821730
0.958545
0.667094
0.264363
0.713075
0.681504
0.109849
0.105557
0.543791
0.364456
0.449423
0.658394
0.998868
0.236593
0.713075
0.070668
0.713075
0.034568
0.704484
0.829282
0.294528
0.951979
0.300471
0.022875
0.368979
0.801128
0.255445
0.704484
0.206623
0.543791
0.414138
0.779856
0.296545
0.557828
0.557828
0.375911
0.735726
0.441715
0.984769
0.951979
0.290658
0.801128
0.721628
0.220452
0.056256
0.658394
0.406779
0.011974
0.735726
0.449423
0.505064
0.357661
0.470257
0.269851
0.874110
0.513281
0.340005
0.713075
0.829282
0.808960
0.620815
0.449423
0.034568
0.496903
0.698805
0.421575
0.667094
0.223587
0.535389
0.192150
0.105557
0.727244
0.527033
0.000696
0.505064
0.580543
0.860501
0.779856
0.749684
0.958545
0.139014
0.236593
0.940331
0.322949
0.947760
0.290658
0.543791
0.401971
0.518727
0.322949
0.566341
0.513281
