0.426518
0.690166
0.310521
0.771705
0.787927
0.848789
0.626544
0.571972
0.239907
0.571972
0.483494
0.681504
0.406779
0.540922
0.518727
0.518727
0.190711
0.681504
0.446787
0.540922
0.930673
0.860501
0.218844
0.860501
0.080707
0.667094
0.626544
0.867378
0.766291
0.094284
0.535389
0.978604
0.387593
0.829282
0.518727
0.741289
0.114294
0.518727
0.362130
0.860501
0.727244
0.380525
0.245003
0.426518
0.273514
0.414138
0.116102
0.505064
0.086192
0.962240
0.649688
0.540922
0.821730
0.527033
0.947760
0.034255
0.467559
0.779856
0.612135
0.821730
0.253642
0.749684
0.704484
0.475494
0.704484
0.821730
0.947760
0.649688
0.672823
0.901408
0.695863
0.426518
0.414138
0.771705
0.971109
0.727244
0.649688
0.718717
0.078727
0.617854
0.935597
0.394742
0.916674
0.571972
0.245003
0.930673
0.958545
0.612135
0.080707
0.901408
0.414138
0.984769
0.978604
0.049886
0.483494
0.316692
0.368979
0.380525
0.808960
0.779856
0.279144
0.255445
0.344325
0.603471
0.540922
0.540922
0.290658
0.758020
0.202171
0.446787
0.681504
0.159490
0.580543
0.245003
0.414138
0.054829
0.658394
0.978604
0.758020
0.860501
0.197797
0.535389
0.612135
0.771705
0.250182
0.134742
0.626544
0.829282
0.787927
0.947760
0.672823
0.206623
0.337784
0.749684
0.821730
0.617854
0.446787
0.695863
0.350951
0.971109
0.821730
0.362130
0.273514
0.070668
0.594827
0.304435
0.267971
0.239907
0.467559
0.467559
0.848789
0.718717
0.540922
0.406779
0.231634
0.527033
0.971109
0.344325
0.362130
0.197797
0.814067
0.171915
0.267971
0.121744
0.571972
0.320806
0.901408
0.014169
0.483494
0.380525
0.084803
0.958545
0.294528
0.462365
0.860501
0.165605
0.867378
0.129613
0.617854
0.704484
0.749684
0.718717
0.202171
0.841556
0.704484
0.974087
0.462365
0.518727
0.935597
0.434080
0.571972
0.206623
0.841556
0.540922
0.267971
0.580543
0.951979
0.031906
0.406779
0.793201
0.518727
0.357661
0.962240
0.163153
0.704484
0.695863
0.267971
0.505064
0.241635
0.947760
0.718717
0.446787
0.626544
0.557828
0.940331
0.713075
0.749684
0.190711
0.571972
0.475494
0.362130
0.187953
0.704484
0.779856
0.116102
0.206623
0.146673
0.695863
0.860501
0.749684
0.075538
0.387593
0.867378
0.380525
0.947760
0.643949
0.916674
0.169385
0.036765
0.454542
0.294528
0.380525
0.984769
0.989675
0.916674
0.129613
0.617854
0.727244
0.406779
0.704484
0.462365
0.320806
0.860501
0.264363
0.253642
0.206623
0.681504
0.264363
0.793201
0.505064
0.483494
0.549354
0.821730
0.718717
0.499678
0.594827
0.967937
0.273514
0.543791
0.527033
0.658394
0.801128
0.062816
0.218844
0.518727
0.258960
0.821730
0.426518
0.690166
0.557828
0.380525
0.749684
0.406779
0.704484
0.994555
0.387593
0.758020
0.571972
0.793201
0.549354
0.557828
0.874110
0.771705
0.236593
0.695863
0.836720
0.658394
0.704484
0.387593
0.362130
0.557828
0.035802
0.253642
0.153566
0.346575
0.984769
0.258960
0.589144
0.518727
0.951979
0.771705
0.454542
0.718717
0.704484
0.527033
0.749684
0.549354
0.951979
0.860501
0.658394
0.518727
0.749684
0.264363
0.540922
0.446787
0.658394
0.695863
0.350951
0.704484
0.808960
0.441715
0.821730
0.557828
0.860501
0.958545
0.947760
0.368979
0.793201
0.771705
0.540922
0.989675
0.505064
0.962240
0.884948
0.907293
0.557828
0.406779
0.454542
0.801128
0.971109
0.821730
0.695863
0.446787
0.860501
0.231634
0.891273
0.434080
0.727244
0.916674
0.672823
0.310521
0.540922
0.649688
0.821730
0.015263
0.467559
0.617854
0.320806
0.267971
0.704484
0.901408
0.104694
0.947760
0.829282
0.475494
0.821730
0.901408
0.483494
0.061238
0.841556
0.947760
0.337784
0.505064
0.462365
0.681504
0.146673
0.179787
0.399498
0.173237
0.801128
0.197797
0.426518
0.580543
0.304435
0.454542
0.549354
0.253642
0.140045
0.626544
0.672823
0.543791
0.320806
0.540922
0.594827
0.667094
0.749684
0.518727
0.406779
0.089781
0.672823
0.454542
0.690166
0.771705
0.571972
0.793201
0.032771
0.617854
0.362130
0.454542
0.958545
0.226757
0.527033
0.571972
0.658394
0.046970
0.793201
0.901408
0.557828
0.467559
0.304435
0.884948
0.288671
0.626544
0.380525
0.060217
0.364456
0.681504
0.672823
0.454542
0.884948
0.513281
0.589144
0.505064
0.901408
0.878466
0.197797
0.940331
0.713075
0.594827
0.414138
0.793201
0.527033
0.401971
0.304435
0.310521
0.350951
0.467559
0.294528
0.214182
0.793201
0.394742
0.518727
0.496903
0.304435
0.202171
0.594827
0.999575
0.672823
0.104694
0.231634
0.958545
0.571972
0.695863
0.214182
0.387593
0.300471
0.935597
0.518727
0.821730
0.640981
0.175815
0.019583
0.399498
0.399498
0.771705
0.333520
0.406779
0.829282
0.368979
0.922090
0.288671
0.713075
0.978604
0.159490
0.901408
0.333520
0.874110
0.793201
0.695863
0.935597
0.667094
0.288671
0.077446
0.258960
0.406779
0.821730
0.294528
0.426518
0.273514
0.527033
0.635244
0.380525
0.984769
0.626544
0.446787
0.557828
0.617854
0.617854
0.884948
0.320806
0.214182
0.589144
0.617854
0.518727
0.021656
0.540922
0.640981
0.454542
0.267971
0.140045
0.735726
0.518727
0.380525
0.040498
0.771705
0.226757
0.867378
0.951979
0.505064
0.640981
0.434080
0.695863
0.098170
0.672823
0.446787
0.884948
0.771705
0.179787
0.727244
0.163153
0.704484
0.114294
0.245003
0.462365
0.594827
0.316692
0.159490
0.681504
0.527033
0.848789
0.617854
0.344325
0.434080
0.414138
0.672823
0.387593
0.727244
0.922090
0.114294
0.304435
0.253642
0.594827
0.549354
0.505064
0.194957
0.518727
