0.186540
0.446787
0.050745
0.681504
0.695863
0.380525
0.267971
0.143326
0.540922
0.549354
0.209600
0.362130
0.841556
0.320806
0.860501
0.288671
0.540922
0.320806
0.540922
0.446787
0.375911
0.288671
0.106369
0.718717
0.267971
0.209600
0.540922
0.375911
0.171915
0.375911
0.695863
0.540922
0.603471
0.399498
0.406779
0.368979
0.718717
0.594827
0.821730
0.779856
0.672823
0.294528
0.304435
0.320806
0.446787
0.060217
0.771705
0.467559
0.304435
0.518727
0.518727
0.549354
0.801128
0.727244
0.695863
0.649688
0.340005
0.884948
0.771705
0.449423
0.446787
0.197797
0.801128
0.441715
0.566341
0.704484
0.399498
0.841556
0.935597
0.695863
0.540922
0.922090
0.496903
0.935597
0.540922
0.658394
0.159490
0.727244
0.320806
0.884948
0.123655
0.727244
0.649688
0.821730
0.901408
0.962240
0.841556
0.350951
0.527033
0.194957
0.434080
0.467559
0.406779
0.344325
0.475494
0.704484
0.962240
0.273514
0.513281
0.518727
0.984769
0.275424
0.984769
0.690166
0.104694
0.649688
0.860501
0.771705
0.155897
0.801128
0.364456
0.540922
0.848789
0.183833
0.362130
0.535389
0.704484
0.414138
0.951979
0.333520
0.316692
0.209600
0.758020
0.186540
0.571972
0.368979
0.108955
0.129613
0.116102
0.023291
0.362130
0.801128
0.649688
0.527033
0.462365
0.735726
0.273514
0.758020
0.454542
0.549354
0.860501
0.771705
0.267971
0.454542
0.380525
0.134742
0.518727
0.594827
0.779856
0.179787
0.304435
0.209600
0.540922
0.171915
0.505064
0.867378
0.496903
0.380525
0.102197
0.161896
0.475494
0.350951
0.143326
0.718717
0.140045
0.594827
0.380525
0.253642
0.294528
0.916674
0.749684
0.718717
0.947760
0.571972
0.958545
0.320806
0.223587
0.362130
0.264363
0.001048
0.183833
0.626544
0.758020
0.258960
0.626544
0.947760
0.603471
0.414138
0.571972
0.236593
0.344325
0.454542
0.320806
0.434080
0.907293
0.821730
0.228410
0.571972
0.594827
0.186540
0.771705
0.320806
0.426518
0.594827
0.681504
0.617854
0.518727
0.467559
0.907293
0.947760
0.462365
0.253642
0.320806
0.434080
0.123655
0.518727
0.801128
0.350951
0.478214
0.368979
0.496903
0.713075
0.821730
0.549354
0.741289
0.540922
0.197797
0.134742
0.527033
0.771705
0.098985
0.916674
0.649688
0.380525
0.399498
0.518727
0.527033
0.344325
0.563435
0.380525
0.594827
0.594827
0.801128
0.718717
0.350951
0.518727
0.563435
0.209600
0.344325
0.253642
0.221961
0.475494
0.841556
0.337784
0.543791
0.310521
0.462365
0.496903
0.884948
0.304435
0.426518
0.344325
0.106369
0.226757
0.483494
0.518727
0.362130
0.643949
0.518727
0.414138
0.467559
0.258960
0.382926
0.094284
0.320806
0.513281
0.518727
0.841556
0.603471
0.496903
0.505064
0.169385
0.126604
0.475494
0.940331
0.426518
0.540922
0.549354
0.549354
0.245003
0.617854
0.771705
0.867378
0.040498
0.245003
0.672823
0.165605
0.829282
0.518727
0.649688
0.549354
0.171915
0.978604
0.258960
0.643949
0.891273
0.380525
0.496903
0.467559
0.496903
0.603471
0.034255
0.626544
0.855893
0.779856
0.163153
0.907293
0.841556
0.320806
0.771705
0.357661
0.406779
0.362130
0.947760
0.704484
0.175815
0.344325
0.273514
0.344325
0.488801
0.273514
0.793201
0.031906
0.186540
0.426518
0.491556
0.380525
0.165605
0.344325
0.421575
0.549354
0.571972
0.681504
0.749684
0.231634
0.727244
0.518727
0.617854
0.735726
0.380525
0.540922
0.571972
0.467559
0.387593
0.571972
0.571972
0.635244
0.414138
0.426518
0.527033
0.099752
0.327120
0.406779
0.771705
0.617854
0.053435
0.020130
0.171915
0.382926
0.304435
0.320806
0.362130
0.140045
0.267971
0.267971
0.626544
0.727244
0.467559
0.496903
0.344325
0.771705
0.171915
0.134742
0.771705
0.273514
0.267971
0.695863
0.197797
0.649688
0.123655
0.454542
0.197797
0.304435
0.197797
0.695863
0.131630
0.971109
0.594827
0.771705
0.118894
0.131630
0.446787
0.273514
0.640981
0.649688
0.304435
0.253642
0.434080
0.617854
0.867378
0.426518
0.475494
0.518727
0.320806
0.368979
0.467559
0.672823
0.860501
0.134742
0.350951
0.288671
0.617854
0.626544
0.749684
0.580543
0.821730
0.496903
0.218844
0.186540
0.672823
0.362130
0.771705
0.114294
0.098170
0.513281
0.132684
0.749684
0.779856
0.540922
0.672823
0.483494
0.446787
0.518727
0.357661
0.771705
0.446787
0.695863
0.518727
0.300471
0.273514
0.186540
0.368979
0.594827
0.310521
0.984769
0.320806
0.344325
0.143326
0.808960
0.084092
0.695863
0.202171
0.571972
0.344325
0.580543
0.267971
0.344325
0.518727
0.467559
0.718717
0.446787
0.454542
0.540922
0.672823
0.540922
0.594827
0.672823
0.496903
0.380525
0.239907
0.279144
0.718717
0.527033
0.320806
0.793201
0.821730
0.841556
0.860501
0.801128
0.394742
0.916674
0.594827
0.771705
0.245003
0.749684
0.387593
0.475494
0.594827
0.496903
0.140045
0.226757
0.878466
0.704484
0.986757
0.294528
0.253642
0.571972
0.362130
0.758020
0.518727
0.186540
0.071848
0.197797
0.218844
0.273514
0.380525
0.143326
0.273514
0.258960
0.475494
0.239907
0.327120
0.891273
0.044581
0.527033
0.087602
0.916674
0.434080
0.695863
0.258960
0.399498
0.718717
0.884948
0.594827
0.475494
0.617854
0.279144
0.288671
0.571972
0.327120
0.571972
0.672823
0.518727
0.288671
0.922090
0.106369
0.434080
0.320806
0.320806
0.018196
0.273514
0.273514
0.518727
0.603471
0.771705
0.449423
0.380525
0.935597
0.704484
0.380525
0.258960
0.434080
0.771705
0.901408
0.749684
0.140045
0.527033
0.239907
0.718717
0.171915
0.958545
0.426518
0.793201
0.320806
0.505064
0.695863
