0.206623
0.540922
0.253642
0.253642
0.209600
0.387593
0.518727
0.197797
0.704484
0.467559
0.426518
0.246759
0.841556
0.380525
0.401971
0.658394
0.197797
0.793201
0.672823
0.197797
0.649688
0.258960
0.171915
0.617854
0.344325
0.245003
0.922090
0.406779
0.589144
0.626544
0.446787
0.159490
0.603471
0.603471
0.226757
0.239907
0.496903
0.394742
0.672823
0.901408
0.695863
0.958545
0.884948
0.171915
0.557828
0.617854
0.695863
0.695863
0.821730
0.557828
0.513281
0.626544
0.446787
0.996919
0.603471
0.713075
0.063362
0.462365
0.672823
0.187953
0.836720
0.617854
0.793201
0.076791
0.187953
0.540922
0.841556
0.779856
0.231634
0.082732
0.002863
0.159490
0.704484
0.406779
0.771705
0.245003
0.922090
0.901408
0.245003
0.704484
0.000033
0.333520
0.635244
0.758020
0.434080
0.540922
0.672823
0.603471
0.557828
0.446787
0.279144
0.793201
0.758020
0.441715
0.434080
0.527033
0.304435
0.496903
0.901408
0.387593
0.713075
0.183833
0.401971
0.467559
0.241635
0.704484
0.316692
0.658394
0.672823
0.218844
0.483494
0.771705
0.603471
0.264363
0.344325
0.540922
0.434080
0.635244
0.521553
0.848789
0.288671
0.695863
0.491556
0.626544
0.000696
0.194957
0.202171
0.316692
0.916674
0.771705
0.704484
0.749684
0.173237
0.758020
0.535389
0.947760
0.594827
0.580543
0.617854
0.446787
0.649688
0.557828
0.144460
0.603471
0.467559
0.793201
0.426518
0.047782
0.518727
0.475494
0.690166
0.155897
0.635244
0.821730
0.264363
0.518727
0.496903
0.681504
0.749684
0.082037
0.540922
0.505064
0.462365
0.617854
0.171915
0.821730
0.454542
0.202171
0.454542
0.718717
0.901408
0.681504
0.617854
0.153566
0.713075
0.779856
0.152372
0.475494
0.426518
0.901408
0.658394
0.236593
0.119859
0.787927
0.001208
0.082732
0.695863
0.279144
0.300471
0.916674
0.771705
0.375911
0.735726
0.867378
0.186540
0.704484
0.368979
0.571972
0.718717
0.901408
0.394742
0.434080
0.672823
0.518727
0.681504
0.434080
0.426518
0.971109
0.978604
0.603471
0.333520
0.470257
0.801128
0.284858
0.841556
0.594827
0.649688
0.008354
0.380525
0.672823
0.132684
0.947760
0.603471
0.123655
0.735726
0.475494
0.749684
0.848789
0.004003
0.695863
0.749684
0.223587
0.039445
0.727244
0.801128
0.801128
0.793201
0.617854
0.649688
0.549354
0.214182
0.821730
0.884948
0.829282
0.884948
0.635244
0.441715
0.518727
0.801128
0.380525
0.626544
0.518727
0.518727
0.426518
0.368979
0.245003
0.087602
0.350951
0.179787
0.357661
0.793201
0.039445
0.793201
0.549354
0.132684
0.255445
0.603471
0.350951
0.672823
0.571972
0.626544
0.197797
0.758020
0.549354
0.513281
0.884948
0.801128
0.566341
0.603471
0.589144
0.884948
0.580543
0.197797
0.594827
0.527033
0.635244
0.779856
0.211153
0.245003
0.594827
0.718717
0.951979
0.749684
0.462365
0.344325
0.527033
0.841556
0.394742
0.571972
0.496903
0.793201
0.470257
0.557828
0.310521
0.535389
0.255445
0.026438
0.571972
0.771705
0.275424
0.064431
0.649688
0.159490
0.771705
0.111596
0.375911
0.264363
0.681504
0.801128
0.362130
0.971109
0.406779
0.901408
0.102197
0.368979
0.475494
0.446787
0.518727
0.907293
0.253642
0.434080
0.421575
0.499678
0.505064
0.399498
0.884948
0.801128
0.704484
0.735726
0.357661
0.749684
0.557828
0.527033
0.749684
0.658394
0.927324
0.617854
0.008847
0.513281
0.658394
0.874110
0.470257
0.727244
0.884948
0.434080
0.478214
0.758020
0.681504
0.190711
0.344325
0.320806
0.549354
0.996919
0.884948
0.841556
0.462365
0.426518
0.304435
0.727244
0.907293
0.496903
0.446787
0.580543
0.368979
0.771705
0.884948
0.446787
0.901408
0.387593
0.571972
0.496903
0.991213
0.171915
0.540922
0.884948
0.467559
0.695863
0.841556
0.099752
0.344325
0.362130
0.626544
0.467559
0.362130
0.860501
0.771705
0.967937
0.426518
0.344325
0.594827
0.571972
0.891273
0.695863
0.150086
0.037413
0.695863
0.475494
0.467559
0.771705
0.434080
0.801128
0.907293
0.718717
0.821730
0.771705
0.206623
0.867378
0.357661
0.884948
0.279144
0.571972
0.971109
0.434080
0.320806
0.406779
0.617854
0.294528
0.226757
0.626544
0.155897
0.173237
0.387593
0.978604
0.649688
0.727244
0.617854
0.483494
0.658394
0.749684
0.974087
0.429087
0.406779
0.221961
0.496903
0.056256
0.155897
0.594827
0.362130
0.749684
0.848789
0.414138
0.344325
0.635244
0.967937
0.362130
0.496903
0.540922
0.294528
0.467559
0.505064
0.483494
0.649688
0.718717
0.681504
0.672823
0.727244
0.387593
0.867378
0.394742
0.640981
0.333520
0.749684
0.808960
0.626544
0.426518
0.640981
0.008354
0.426518
0.901408
0.779856
0.891273
0.387593
0.483494
0.434080
0.394742
0.867378
0.310521
0.380525
0.704484
0.649688
0.787927
0.214182
0.793201
0.496903
0.129613
0.320806
0.771705
0.713075
0.549354
0.626544
0.143326
0.901408
0.594827
0.228410
0.867378
0.540922
0.194957
0.727244
0.801128
0.907293
0.571972
0.267971
0.594827
0.214182
0.901408
0.771705
0.860501
0.467559
0.421575
0.269851
0.406779
0.958545
0.540922
0.114294
0.535389
0.310521
0.571972
0.406779
0.368979
0.129613
0.771705
0.505064
0.540922
0.749684
0.801128
0.571972
0.603471
0.279144
0.518727
0.658394
0.099752
0.137917
0.496903
0.695863
0.414138
0.594827
0.518727
0.267971
0.704484
0.304435
0.446787
0.612135
0.801128
0.333520
0.848789
0.505064
0.094284
0.231634
0.884948
0.434080
0.735726
0.401971
0.557828
0.434080
0.951979
0.470257
0.874110
0.350951
0.475494
0.801128
0.467559
0.841556
0.922090
0.387593
0.571972
0.414138
