0.362130
0.426518
0.566341
0.491556
0.329292
0.306500
0.771705
0.231634
0.226757
0.571972
0.527033
0.368979
0.867378
0.368979
0.483494
0.940331
0.603471
0.206623
0.981075
0.446787
0.808960
0.518727
0.505064
0.901408
0.836720
0.357661
0.758020
0.749684
0.771705
0.371333
0.320806
0.086192
0.978604
0.549354
0.962240
0.727244
0.901408
0.434080
0.052535
0.947760
0.698805
0.211153
0.483494
0.434080
0.947760
0.406779
0.362130
0.119859
0.462365
0.927324
0.649688
0.901408
0.401971
0.117048
0.340005
0.640981
0.589144
0.749684
0.434080
0.626544
0.350951
0.005968
0.294528
0.727244
0.406779
0.279144
0.771705
0.658394
0.394742
0.801128
0.077446
0.958545
0.841556
0.038764
0.019230
0.681504
0.557828
0.449423
0.922090
0.173237
0.874110
0.137917
0.771705
0.951979
0.199280
0.183833
0.057717
0.350951
0.821730
0.829282
0.059212
0.132684
0.821730
0.704484
0.808960
0.346575
0.589144
0.690166
0.971109
0.658394
0.141156
0.971109
0.855893
0.100580
0.787927
0.434080
0.841556
0.891273
0.357661
0.008847
0.340005
0.874110
0.675784
0.340005
0.735726
0.626544
0.316692
0.441715
0.434080
0.239907
0.368979
0.766291
0.250182
0.316692
0.580543
0.505064
0.255445
0.075538
0.496903
0.357661
0.635244
0.163153
0.107244
0.103042
0.958545
0.713075
0.084092
0.203680
0.891273
0.434080
0.186540
0.649688
0.183833
0.649688
0.137917
0.496903
0.527033
0.907293
0.867378
0.829282
0.239907
0.375911
0.935597
0.380525
0.483494
0.483494
0.704484
0.177160
0.566341
0.801128
0.275424
0.672823
0.884948
0.016595
0.549354
0.947760
0.549354
0.566341
0.394742
0.974087
0.713075
0.841556
0.223587
0.483494
0.350951
0.930673
0.255445
0.649688
0.891273
0.801128
0.462365
0.801128
0.039801
0.940331
0.557828
0.483494
0.368979
0.571972
0.462365
0.901408
0.375911
0.821730
0.884948
0.409279
0.026438
0.626544
0.749684
0.462365
0.549354
0.749684
0.333520
0.000215
0.228410
0.211153
0.640981
0.947760
0.364456
0.766291
0.704484
0.068911
0.434080
0.527033
0.612135
0.362130
0.368979
0.658394
0.658394
0.744157
0.002020
0.626544
0.267971
0.096609
0.867378
0.635244
0.357661
0.357661
0.744157
0.867378
0.940331
0.735726
0.340005
0.312615
0.962240
0.100580
0.322949
0.635244
0.421575
0.141156
0.521553
0.006447
0.681504
0.727244
0.891273
0.346575
0.907293
0.000208
0.104694
0.626544
0.836720
0.209600
0.571972
0.454542
0.994555
0.771705
0.039801
0.927324
0.947760
0.462365
0.340005
0.594827
0.157114
0.704484
0.771705
0.557828
0.557828
0.801128
0.543791
0.454542
0.406779
0.483494
0.727244
0.571972
0.013524
0.288671
0.713075
0.649688
0.916674
0.364456
0.962240
0.713075
0.771705
0.978604
0.409279
0.121744
0.426518
0.594827
0.907293
0.462365
0.306500
0.329292
0.848789
0.491556
0.107244
0.421575
0.848789
0.406779
0.836720
0.454542
0.891273
0.713075
0.092008
0.727244
0.375911
0.571972
0.984769
0.535389
0.218844
0.446787
0.801128
0.589144
0.304435
0.470257
0.626544
0.454542
0.958545
0.284858
0.470257
0.147829
0.067775
0.907293
0.779856
0.088340
0.962240
0.571972
0.462365
0.658394
0.454542
0.951979
0.513281
0.057717
0.496903
0.051194
0.704484
0.713075
0.333520
0.527033
0.594827
0.758020
0.626544
0.749684
0.194957
0.801128
0.874110
0.749684
0.063362
0.505064
0.124654
0.916674
0.658394
0.855893
0.681504
0.557828
0.518727
0.617854
0.375911
0.187953
0.021859
0.998868
0.135818
0.589144
0.672823
0.104694
0.821730
0.441715
0.146673
0.935597
0.884948
0.549354
0.327120
0.836720
0.454542
0.421575
0.617854
0.344325
0.935597
0.690166
0.580543
0.718717
0.141156
0.049040
0.884948
0.462365
0.690166
0.681504
0.704484
0.134742
0.749684
0.294528
0.594827
0.260793
0.279144
0.462365
0.901408
0.406779
0.867378
0.002863
0.848789
0.626544
0.901408
0.891273
0.907293
0.518727
0.649688
0.571972
0.008197
0.543791
0.958545
0.779856
0.675784
0.421575
0.860501
0.513281
0.836720
0.414138
0.241635
0.580543
0.907293
0.594827
0.075538
0.649688
0.048208
0.002443
0.163153
0.951979
0.394742
0.434080
0.557828
0.867378
0.779856
0.540922
0.306500
0.801128
0.310521
0.658394
0.603471
0.874110
0.779856
0.406779
0.279144
0.513281
0.891273
0.160731
0.901408
0.241635
0.044581
0.749684
0.848789
0.206623
0.034568
0.704484
0.549354
0.658394
0.147829
0.962240
0.801128
0.907293
0.808960
0.658394
0.874110
0.223587
0.704484
0.571972
0.269851
0.620815
0.350951
0.690166
0.841556
0.907293
0.505064
0.068911
0.626544
0.269851
0.821730
0.462365
0.253642
0.571972
0.441715
0.483494
0.672823
0.446787
0.294528
0.340005
0.841556
0.060743
0.294528
0.027652
0.681504
0.793201
0.406779
0.612135
0.718717
0.771705
0.927324
0.735726
0.958545
0.958545
0.580543
0.658394
0.597771
0.155897
0.958545
0.801128
0.294528
0.735726
0.002725
0.681504
0.094284
0.829282
0.380525
0.429087
0.231634
0.978604
0.290658
0.916674
0.704484
0.357661
0.704484
0.090535
0.758020
0.935597
0.951979
0.860501
0.589144
0.681504
0.940331
0.454542
0.884948
0.228410
0.841556
0.406779
0.727244
0.867378
0.012548
0.808960
0.340005
0.475494
0.855893
0.612135
0.996919
0.454542
0.017866
0.617854
0.704484
0.935597
0.107244
0.930673
0.300471
0.518727
0.978604
0.426518
0.454542
0.475494
0.434080
0.177160
0.667094
0.681504
0.505064
0.491556
0.787927
0.962240
0.294528
0.350951
0.119859
0.667094
0.855893
0.617854
0.935597
0.649688
0.704484
0.603471
0.462365
0.250182
0.211153
0.771705
0.649688
0.535389
