0.231634
0.771705
0.059212
0.135818
0.643949
0.208158
0.991213
0.429087
0.829282
0.947760
0.505064
0.029982
0.153566
0.513281
0.449423
0.300471
0.353229
0.183833
0.159490
0.962240
0.434080
0.092778
0.986757
0.727244
0.434080
0.211153
0.667094
0.449423
0.727244
0.922090
0.557828
0.867378
0.144460
0.848789
0.787927
0.181158
0.052535
0.801128
0.543791
0.016293
0.135818
0.965738
0.626544
0.643949
0.907293
0.316692
0.098985
0.157114
0.589144
0.907293
0.316692
0.357661
0.387593
0.036127
0.340005
0.535389
0.177160
0.704484
0.758020
0.449423
0.758020
0.808960
0.884948
0.063362
0.166886
0.505064
0.233315
0.721628
0.166886
0.907293
0.382926
0.310521
0.132684
0.135818
0.829282
0.698805
0.735726
0.203680
0.603471
0.364456
0.860501
0.350951
0.513281
0.067775
0.766291
0.672823
0.907293
0.513281
0.521553
0.090535
0.667094
0.658394
0.721628
0.635244
0.017866
0.535389
0.375911
0.241635
0.521553
0.713075
0.603471
0.984769
0.535389
0.157114
0.132684
0.580543
0.114294
0.529876
0.094284
0.169385
0.574890
0.808960
0.672823
0.535389
0.658394
0.649688
0.135818
0.829282
0.220452
0.103042
0.874110
0.994555
0.253642
0.135818
0.006325
0.290658
0.995551
0.124654
0.157114
0.874110
0.916674
0.236593
0.046970
0.483494
0.233315
0.927324
0.040864
0.014711
0.829282
0.951979
0.429087
0.727244
0.187953
0.199280
0.434080
0.059212
0.571972
0.848789
0.387593
0.000022
0.779856
0.916674
0.421575
0.612135
0.713075
0.055312
0.981075
0.779856
0.801128
0.103042
0.434080
0.821730
0.462365
0.612135
0.052999
0.713075
0.771705
0.094284
0.891273
0.543791
0.986757
0.848789
0.867378
0.290658
0.096609
0.643949
0.375911
0.787927
0.681504
0.527033
0.483494
0.050328
0.000013
0.357661
0.316692
0.260793
0.375911
0.513281
0.589144
0.735726
0.135818
0.103042
0.206623
0.721628
0.884948
0.340005
0.594827
0.241635
0.362130
0.727244
0.382926
0.275424
0.031348
0.300471
0.034568
0.612135
0.142275
0.483494
0.364456
0.713075
0.935597
0.382926
0.829282
0.589144
0.340005
0.962240
0.346575
0.491556
0.228410
0.589144
0.855893
0.024158
0.667094
0.535389
0.808960
0.994555
0.177160
0.470257
0.718717
0.771705
0.179787
0.721628
0.236593
0.192150
0.375911
0.322949
0.507859
0.127623
0.080707
0.094284
0.727244
0.382926
0.181158
0.394742
0.003455
0.006511
0.052535
0.340005
0.066084
0.441715
0.002020
0.907293
0.867378
0.077446
0.322949
0.350951
0.434080
0.829282
0.329292
0.913005
0.513281
0.449423
0.421575
0.727244
0.496903
0.891273
0.009277
0.643949
0.084803
0.771705
0.727244
0.333520
0.163153
0.672823
0.166886
0.390021
0.124654
0.139014
0.409279
0.947760
0.215763
0.084803
0.974087
0.821730
0.855893
0.907293
0.841556
0.704484
0.483494
0.446787
0.749684
0.535389
0.279144
0.690166
0.449423
0.787927
0.340005
0.518727
0.290658
0.527033
0.816691
0.996919
0.016293
0.589144
0.008197
0.294528
0.594827
0.922090
0.462365
0.580543
0.735726
0.913005
0.667094
0.947760
0.275424
0.231634
0.874110
0.076183
0.014711
0.215763
0.984769
0.414138
0.194957
0.382926
0.643949
0.549354
0.429087
0.173237
0.867378
0.995551
0.996919
0.387593
0.228410
0.166886
0.040864
0.220452
0.215763
0.491556
0.867378
0.672823
0.690166
0.462365
0.357661
0.549354
0.032771
0.749684
0.096609
0.364456
0.836720
0.173237
0.185229
0.103042
0.119859
0.589144
0.649688
0.901408
0.884948
0.441715
0.667094
0.787927
0.441715
0.141156
0.758020
0.821730
0.816691
0.015409
0.001027
0.441715
0.749684
0.187953
0.421575
0.079397
0.571972
0.597771
0.603471
0.300471
0.166886
0.002370
0.971109
0.965738
0.045761
0.549354
0.874110
0.375911
0.867378
0.215763
0.163153
0.836720
0.183833
0.735726
0.170690
0.141156
0.067775
0.927324
0.288671
0.010298
0.867378
0.787927
0.580543
0.119859
0.382926
0.801128
0.801128
0.994555
0.434080
0.215763
0.390021
0.199280
0.855893
0.667094
0.038764
0.727244
0.255445
0.735726
0.808960
0.749684
0.074303
0.829282
0.026438
0.735726
0.159490
0.690166
0.821730
0.505064
0.491556
0.223587
0.860501
0.907293
0.290658
0.658394
0.294528
0.329292
0.801128
0.223587
0.978604
0.649688
0.758020
0.521553
0.672823
0.290658
0.004372
0.658394
0.127623
0.260793
0.100580
0.449423
0.340005
0.096609
0.580543
0.978604
0.275424
0.829282
0.779856
0.294528
0.499678
0.891273
0.353229
0.228410
0.695863
0.060217
0.727244
0.901408
0.620815
0.228410
0.749684
0.387593
0.409279
0.505064
0.181158
0.215763
0.255445
0.907293
0.612135
0.571972
0.672823
0.068911
0.279144
0.867378
0.658394
0.114294
0.735726
0.316692
0.421575
0.350951
0.088340
0.446787
0.206623
0.603471
0.281082
0.667094
0.779856
0.690166
0.135818
0.241635
0.930673
0.612135
0.163153
0.543791
0.978604
0.003738
0.991213
0.147829
0.801128
0.617854
0.300471
0.758020
0.829282
0.681504
0.571972
0.704484
0.215763
0.787927
0.787927
0.017063
0.017866
0.771705
0.690166
0.735726
0.874110
0.626544
0.057717
0.951979
0.475494
0.021268
0.580543
0.036127
0.505064
0.880693
0.721628
0.643949
0.690166
0.114294
0.429087
0.233315
0.884948
0.589144
0.375911
0.940331
0.236593
0.016139
0.779856
0.513281
0.907293
0.157114
0.874110
0.505064
0.649688
0.329292
0.255445
0.064431
0.574890
0.233315
0.956001
0.681504
0.727244
0.401971
0.518727
0.612135
0.069506
0.333520
0.557828
0.643949
0.829282
0.255445
0.012317
0.199280
0.421575
0.704484
0.173237
0.808960
0.597771
0.255445
0.971109
0.758020
0.462365
0.749684
