0.901408
0.362130
0.098170
0.155897
0.672823
0.821730
0.316692
0.475494
0.406779
0.901408
0.288671
0.406779
0.414138
0.143326
0.571972
0.399498
0.540922
0.327120
0.496903
0.749684
0.821730
0.563435
0.695863
0.518727
0.092008
0.884948
0.930673
0.267971
0.202171
0.284858
0.496903
0.197797
0.350951
0.273514
0.821730
0.640981
0.518727
0.557828
0.304435
0.186540
0.527033
0.874110
0.829282
0.118894
0.571972
0.171915
0.496903
0.513281
0.269851
0.878466
0.454542
0.718717
0.626544
0.801128
0.362130
0.518727
0.496903
0.916674
0.304435
0.626544
0.779856
0.344325
0.681504
0.475494
0.209600
0.387593
0.279144
0.103042
0.658394
0.695863
0.264363
0.540922
0.860501
0.446787
0.958545
0.557828
0.971109
0.874110
0.821730
0.304435
0.129613
0.327120
0.771705
0.121744
0.518727
0.375911
0.549354
0.617854
0.496903
0.901408
0.284858
0.475494
0.333520
0.527033
0.617854
0.190711
0.368979
0.749684
0.209600
0.163153
0.434080
0.186540
0.344325
0.462365
0.540922
0.695863
0.375911
0.284858
0.034255
0.218844
0.563435
0.735726
0.704484
0.269851
0.117048
0.269851
0.288671
0.841556
0.821730
0.713075
0.350951
0.137917
0.681504
0.290658
0.513281
0.557828
0.640981
0.672823
0.258960
0.672823
0.935597
0.658394
0.971109
0.535389
0.123655
0.344325
0.841556
0.571972
0.594827
0.695863
0.771705
0.221961
0.098170
0.527033
0.320806
0.434080
0.821730
0.226757
0.140045
0.540922
0.337784
0.362130
0.475494
0.209600
0.171915
0.434080
0.878466
0.304435
0.617854
0.967937
0.626544
0.916674
0.640981
0.483494
0.399498
0.640981
0.571972
0.344325
0.874110
0.829282
0.255445
0.758020
0.681504
0.421575
0.000006
0.250182
0.860501
0.727244
0.194957
0.446787
0.667094
0.350951
0.434080
0.549354
0.626544
0.483494
0.571972
0.294528
0.368979
0.749684
0.589144
0.226757
0.718717
0.649688
0.594827
0.927324
0.387593
0.984769
0.841556
0.350951
0.171915
0.649688
0.718717
0.727244
0.380525
0.540922
0.258960
0.771705
0.884948
0.695863
0.344325
0.327120
0.540922
0.793201
0.399498
0.672823
0.414138
0.643949
0.649688
0.375911
0.779856
0.984769
0.617854
0.930673
0.380525
0.375911
0.264363
0.779856
0.758020
0.779856
0.467559
0.483494
0.626544
0.123655
0.540922
0.394742
0.226757
0.344325
0.454542
0.426518
0.209600
0.267971
0.236593
0.462365
0.749684
0.068911
0.344325
0.267971
0.454542
0.414138
0.695863
0.333520
0.793201
0.571972
0.603471
0.518727
0.749684
0.801128
0.267971
0.549354
0.375911
0.695863
0.267971
0.129613
0.322949
0.202171
0.279144
0.916674
0.304435
0.860501
0.907293
0.549354
0.727244
0.984769
0.179787
0.375911
0.060217
0.483494
0.171915
0.239907
0.518727
0.727244
0.454542
0.821730
0.672823
0.434080
0.718717
0.727244
0.406779
0.841556
0.549354
0.264363
0.024596
0.821730
0.557828
0.179787
0.163153
0.793201
0.064431
0.649688
0.540922
0.571972
0.518727
0.333520
0.771705
0.779856
0.947760
0.269851
0.603471
0.958545
0.549354
0.901408
0.267971
0.672823
0.159490
0.394742
0.947760
0.967937
0.994555
0.518727
0.855893
0.161896
0.310521
0.829282
0.380525
0.258960
0.771705
0.483494
0.690166
0.640981
0.320806
0.603471
0.264363
0.557828
0.580543
0.971109
0.399498
0.316692
0.467559
0.566341
0.245003
0.884948
0.496903
0.394742
0.821730
0.758020
0.571972
0.202171
0.594827
0.253642
0.848789
0.446787
0.930673
0.245003
0.901408
0.399498
0.194957
0.368979
0.603471
0.727244
0.320806
0.214182
0.563435
0.947760
0.310521
0.071848
0.695863
0.475494
0.549354
0.488801
0.801128
0.571972
0.617854
0.967937
0.304435
0.406779
0.320806
0.594827
0.518727
0.672823
0.617854
0.496903
0.099752
0.304435
0.617854
0.171915
0.380525
0.414138
0.958545
0.771705
0.829282
0.267971
0.399498
0.594827
0.483494
0.209600
0.104694
0.527033
0.860501
0.749684
0.749684
0.362130
0.221961
0.253642
0.718717
0.209600
0.304435
0.426518
0.779856
0.878466
0.594827
0.062816
0.594827
0.454542
0.316692
0.603471
0.540922
0.202171
0.549354
0.617854
0.594827
0.186540
0.218844
0.211153
0.580543
0.860501
0.446787
0.594827
0.727244
0.406779
0.626544
0.322949
0.187953
0.380525
0.518727
0.380525
0.617854
0.035180
0.173237
0.467559
0.916674
0.594827
0.387593
0.333520
0.649688
0.426518
0.704484
0.793201
0.020499
0.571972
0.672823
0.718717
0.426518
0.104694
0.626544
0.816691
0.901408
0.749684
0.310521
0.362130
0.333520
0.475494
0.505064
0.821730
0.916674
0.320806
0.518727
0.860501
0.380525
0.771705
0.612135
0.571972
0.434080
0.467559
0.594827
0.258960
0.649688
0.672823
0.304435
0.681504
0.197797
0.399498
0.340005
0.884948
0.434080
0.288671
0.269851
0.316692
0.267971
0.214182
0.626544
0.467559
0.518727
0.727244
0.571972
0.211153
0.821730
0.483494
0.771705
0.841556
0.082732
0.362130
0.527033
0.340005
0.304435
0.273514
0.288671
0.116102
0.808960
0.549354
0.209600
0.672823
0.793201
0.131630
0.350951
0.090535
0.267971
0.626544
0.617854
0.462365
0.107244
0.695863
0.749684
0.860501
0.540922
0.037752
0.344325
0.337784
0.362130
0.116102
0.462365
0.801128
0.821730
0.362130
0.467559
0.320806
0.841556
0.258960
0.426518
0.454542
0.695863
0.518727
0.571972
0.209600
0.505064
0.387593
0.626544
0.617854
0.922090
0.304435
0.267971
0.239907
0.718717
0.563435
0.475494
0.594827
0.380525
0.199280
0.284858
0.161896
0.951979
0.793201
0.935597
0.269851
0.446787
0.649688
0.209600
0.672823
0.814067
0.106369
0.749684
0.236593
0.589144
0.264363
0.718717
0.848789
