0.540922
0.137917
0.258960
0.245003
0.951979
0.958545
0.971109
0.467559
0.446787
0.549354
0.649688
0.649688
0.426518
0.467559
0.681504
0.387593
0.649688
0.294528
0.518727
0.104694
0.414138
0.749684
0.594827
0.267971
0.758020
0.735726
0.496903
0.821730
0.401971
0.139014
0.518727
0.695863
0.749684
0.787927
0.580543
0.718717
0.394742
0.344325
0.563435
0.603471
0.749684
0.406779
0.258960
0.649688
0.617854
0.695863
0.310521
0.141156
0.013524
0.927324
0.068911
0.617854
0.771705
0.771705
0.978604
0.771705
0.640981
0.273514
0.612135
0.749684
0.327120
0.658394
0.672823
0.951979
0.264363
0.589144
0.978604
0.735726
0.496903
0.749684
0.467559
0.165605
0.446787
0.617854
0.874110
0.320806
0.080707
0.867378
0.165605
0.640981
0.250182
0.124654
0.350951
0.860501
0.571972
0.449423
0.787927
0.580543
0.049040
0.695863
0.779856
0.984769
0.821730
0.362130
0.505064
0.672823
0.727244
0.518727
0.690166
0.580543
0.612135
0.787927
0.540922
0.580543
0.454542
0.267971
0.620815
0.867378
0.169385
0.718717
0.758020
0.454542
0.290658
0.563435
0.758020
0.649688
0.107244
0.998868
0.540922
0.916674
0.916674
0.394742
0.704484
0.527033
0.434080
0.549354
0.294528
0.935597
0.491556
0.375911
0.793201
0.841556
0.841556
0.021656
0.612135
0.518727
0.989675
0.171915
0.496903
0.994555
0.518727
0.294528
0.434080
0.421575
0.626544
0.344325
0.152372
0.483494
0.231634
0.368979
0.935597
0.821730
0.320806
0.362130
0.571972
0.434080
0.916674
0.454542
0.165605
0.197797
0.878466
0.304435
0.171915
0.387593
0.617854
0.718717
0.387593
0.014169
0.505064
0.320806
0.144460
0.913005
0.327120
0.704484
0.496903
0.294528
0.758020
0.104694
0.406779
0.860501
0.226757
0.793201
0.150086
0.727244
0.505064
0.940331
0.409279
0.640981
0.962240
0.922090
0.557828
0.787927
0.793201
0.253642
0.304435
0.496903
0.169385
0.098170
0.771705
0.718717
0.695863
0.194957
0.848789
0.344325
0.344325
0.518727
0.518727
0.223587
0.718717
0.793201
0.916674
0.320806
0.394742
0.971109
0.958545
0.779856
0.947760
0.518727
0.855893
0.735726
0.771705
0.095811
0.594827
0.884948
0.099752
0.978604
0.467559
0.658394
0.658394
0.649688
0.580543
0.867378
0.518727
0.695863
0.771705
0.829282
0.991213
0.294528
0.916674
0.649688
0.527033
0.226757
0.279144
0.860501
0.344325
0.841556
0.344325
0.245003
0.161896
0.394742
0.758020
0.239907
0.821730
0.518727
0.399498
0.165605
0.124654
0.549354
0.467559
0.962240
0.821730
0.727244
0.617854
0.649688
0.667094
0.483494
0.104694
0.901408
0.690166
0.801128
0.829282
0.727244
0.310521
0.860501
0.540922
0.771705
0.808960
0.214182
0.643949
0.867378
0.841556
0.267971
0.245003
0.540922
0.971109
0.179787
0.197797
0.387593
0.221961
0.884948
0.357661
0.891273
0.617854
0.150086
0.793201
0.667094
0.245003
0.841556
0.967937
0.399498
0.521553
0.045355
0.454542
0.054829
0.300471
0.549354
0.446787
0.965738
0.971109
0.996919
0.695863
0.362130
0.426518
0.727244
0.394742
0.779856
0.505064
0.571972
0.958545
0.513281
0.209600
0.758020
0.153566
0.771705
0.771705
0.316692
0.681504
0.540922
0.821730
0.974087
0.491556
0.672823
0.884948
0.617854
0.848789
0.727244
0.649688
0.387593
0.467559
0.594827
0.779856
0.406779
0.758020
0.829282
0.801128
0.084092
0.771705
0.695863
0.986757
0.527033
0.557828
0.749684
0.571972
0.801128
0.132684
0.704484
0.491556
0.441715
0.930673
0.658394
0.749684
0.380525
0.549354
0.749684
0.649688
0.563435
0.718717
0.106369
0.617854
0.434080
0.718717
0.672823
0.344325
0.322949
0.695863
0.426518
0.958545
0.962240
0.186540
0.672823
0.967937
0.131630
0.294528
0.649688
0.793201
0.304435
0.414138
0.518727
0.557828
0.801128
0.640981
0.518727
0.704484
0.152372
0.549354
0.320806
0.380525
0.344325
0.387593
0.106369
0.821730
0.320806
0.406779
0.304435
0.867378
0.406779
0.399498
0.704484
0.344325
0.649688
0.496903
0.860501
0.320806
0.672823
0.930673
0.483494
0.496903
0.540922
0.749684
0.947760
0.426518
0.617854
0.150086
0.462365
0.135818
0.635244
0.214182
0.801128
0.695863
0.304435
0.603471
0.901408
0.327120
0.454542
0.316692
0.414138
0.695863
0.695863
0.640981
0.496903
0.713075
0.922090
0.462365
0.649688
0.878466
0.126604
0.135818
0.475494
0.603471
0.916674
0.649688
0.375911
0.137917
0.884948
0.304435
0.375911
0.718717
0.793201
0.467559
0.640981
0.446787
0.304435
0.695863
0.594827
0.672823
0.901408
0.518727
0.380525
0.406779
0.496903
0.617854
0.779856
0.441715
0.084092
0.580543
0.801128
0.236593
0.104694
0.322949
0.426518
0.304435
0.406779
0.695863
0.749684
0.462365
0.350951
0.344325
0.594827
0.505064
0.279144
0.186540
0.758020
0.543791
0.535389
0.884948
0.603471
0.727244
0.695863
0.916674
0.518727
0.211153
0.426518
0.053907
0.557828
0.488801
0.273514
0.209600
0.279144
0.801128
0.557828
0.159490
0.380525
0.821730
0.771705
0.821730
0.962240
0.916674
0.935597
0.848789
0.446787
0.749684
0.771705
0.084092
0.380525
0.094284
0.320806
0.695863
0.304435
0.380525
0.380525
0.779856
0.475494
0.841556
0.947760
0.401971
0.288671
0.971109
0.860501
0.867378
0.496903
0.901408
0.978604
0.126604
0.406779
0.258960
0.496903
0.518727
0.333520
0.434080
0.211153
0.958545
0.015695
0.496903
0.727244
0.344325
0.441715
0.535389
0.124654
0.446787
0.061772
0.571972
0.649688
0.454542
0.758020
0.978604
0.273514
0.571972
0.649688
0.086192
0.540922
0.540922
0.793201
0.841556
0.658394
0.940331
0.971109
