0.580543
0.984769
0.808960
0.018368
0.394742
0.470257
0.867378
0.250182
0.017866
0.206623
0.860501
0.096609
0.042685
0.749684
0.527033
0.713075
0.241635
0.454542
0.119859
0.017543
0.434080
0.940331
0.874110
0.643949
0.821730
0.223587
0.867378
0.203680
0.566341
0.505064
0.449423
0.105557
0.766291
0.867378
0.039801
0.698805
0.132684
0.223587
0.194957
0.649688
0.027164
0.316692
0.930673
0.023935
0.390021
0.001027
0.867378
0.695863
0.375911
0.735726
0.340005
0.362130
0.901408
0.004164
0.264363
0.208158
0.594827
0.643949
0.462365
0.350951
0.667094
0.275424
0.848789
0.109849
0.672823
0.036127
0.749684
0.891273
0.713075
0.867378
0.322949
0.082732
0.119859
0.801128
0.026438
0.038764
0.913005
0.589144
0.766291
0.406779
0.144460
0.157114
0.483494
0.018368
0.008847
0.713075
0.051648
0.246759
0.255445
0.241635
0.449423
0.012317
0.387593
0.801128
0.626544
0.589144
0.429087
0.874110
0.940331
0.603471
0.269851
0.310521
0.228410
0.935597
0.094284
0.368979
0.527033
0.612135
0.194957
0.505064
0.401971
0.096609
0.986757
0.067775
0.848789
0.667094
0.449423
0.612135
0.231634
0.991213
0.434080
0.658394
0.126604
0.978604
0.161896
0.989675
0.043818
0.580543
0.109849
0.829282
0.284858
0.999575
0.382926
0.056256
0.483494
0.855893
0.930673
0.380525
0.612135
0.266225
0.021268
0.199280
0.186540
0.867378
0.758020
0.878466
0.735726
0.801128
0.758020
0.300471
0.329292
0.236593
0.300471
0.727244
0.012670
0.951979
0.387593
0.214182
0.333520
0.215763
0.218844
0.991213
0.475494
0.414138
0.026438
0.580543
0.080707
0.126604
0.446787
0.935597
0.279144
0.721628
0.821730
0.208158
0.518727
0.594827
0.821730
0.124654
0.935597
0.862861
0.350951
0.173237
0.867378
0.236593
0.735726
0.991213
0.275424
0.880693
0.566341
0.223587
0.462365
0.984769
0.078727
0.513281
0.801128
0.571972
0.340005
0.203680
0.199280
0.211153
0.681504
0.557828
0.362130
0.483494
0.024158
0.163153
0.139014
0.766291
0.187953
0.269851
0.273514
0.357661
0.594827
0.617854
0.387593
0.491556
0.649688
0.165605
0.594827
0.190711
0.429087
0.096609
0.190711
0.594827
0.927324
0.441715
0.884948
0.543791
0.364456
0.401971
0.462365
0.001960
0.855893
0.368979
0.000123
0.891273
0.005687
0.860501
0.566341
0.357661
0.382926
0.462365
0.491556
0.060743
0.279144
0.414138
0.848789
0.649688
0.958545
0.978604
0.130653
0.658394
0.470257
0.947760
0.891273
0.535389
0.357661
0.033659
0.841556
0.829282
0.991213
0.000918
0.114294
0.211153
0.368979
0.996919
0.907293
0.390021
0.816691
0.036127
0.375911
0.808960
0.681504
0.371333
0.962240
0.698805
0.580543
0.082732
0.294528
0.058699
0.098170
0.183833
0.327120
0.821730
0.364456
0.049040
0.001494
0.441715
0.483494
0.000000
0.312615
0.394742
0.505064
0.344325
0.215763
0.667094
0.421575
0.206623
0.251967
0.552238
0.513281
0.540922
0.169385
0.157114
0.163153
0.414138
0.543791
0.294528
0.024158
0.003926
0.340005
0.535389
0.535389
0.041578
0.848789
0.635244
0.907293
0.735726
0.159490
0.203680
0.913005
0.290658
0.543791
0.015263
0.215763
0.024596
0.478214
0.749684
0.771705
0.535389
0.571972
0.829282
0.947760
0.571972
0.557828
0.867378
0.713075
0.916674
0.527033
0.483494
0.364456
0.884948
0.771705
0.891273
0.808960
0.084803
0.821730
0.491556
0.300471
0.935597
0.513281
0.462365
0.187953
0.499678
0.978604
0.681504
0.206623
0.841556
0.316692
0.371333
0.580543
0.891273
0.475494
0.063362
0.848789
0.829282
0.947760
0.566341
0.449423
0.543791
0.147829
0.194957
0.267971
0.801128
0.884948
0.434080
0.962240
0.132684
0.357661
0.023508
0.095811
0.454542
0.771705
0.043818
0.294528
0.552238
0.260793
0.589144
0.017378
0.880693
0.594827
0.421575
0.079397
0.958545
0.779856
0.658394
0.241635
0.260793
0.603471
0.867378
0.245003
0.695863
0.123655
0.020886
0.306500
0.884948
0.727244
0.704484
0.236593
0.962240
0.749684
0.986757
0.192150
0.255445
0.727244
0.064431
0.951979
0.874110
0.620815
0.421575
0.135818
0.264363
0.907293
0.713075
0.194957
0.907293
0.787927
0.357661
0.635244
0.414138
0.094284
0.549354
0.947760
0.394742
0.829282
0.808960
0.704484
0.096609
0.795913
0.727244
0.848789
0.004164
0.681504
0.571972
0.066084
0.635244
0.000167
0.375911
0.066084
0.749684
0.462365
0.901408
0.814067
0.821730
0.000516
0.774492
0.380525
0.566341
0.867378
0.375911
0.535389
0.153566
0.574890
0.146673
0.991213
0.163153
0.922090
0.103042
0.922090
0.821730
0.023935
0.264363
0.718717
0.766291
0.787927
0.183833
0.829282
0.603471
0.414138
0.316692
0.626544
0.727244
0.008436
0.594827
0.935597
0.891273
0.051194
0.848789
0.574890
0.935597
0.441715
0.434080
0.147829
0.483494
0.499678
0.940331
0.713075
0.962240
0.947760
0.387593
0.994555
0.978604
0.808960
0.300471
0.000017
0.721628
0.771705
0.258960
0.421575
0.984769
0.690166
0.821730
0.617854
0.163153
0.421575
0.092008
0.901408
0.518727
0.713075
0.793201
0.771705
0.382926
0.916674
0.535389
0.421575
0.603471
0.766291
0.066084
0.426518
0.658394
0.951979
0.187953
0.816691
0.735726
0.540922
0.275424
0.037099
0.068911
0.552238
0.543791
0.135818
0.891273
0.068911
0.264363
0.022875
0.401971
0.333520
0.163153
0.603471
0.357661
0.543791
0.312615
0.995551
0.801128
0.206623
0.194957
0.841556
0.721628
0.199280
0.535389
0.787927
0.658394
0.483494
0.649688
0.088340
0.090535
0.119859
0.118894
0.829282
0.022258
0.580543
0.340005
0.518727
0.543791
0.713075
0.571972
