0.000063
0.000424
0.170690
0.000150
0.004503
0.067775
0.935597
0.092778
0.000229
0.220452
0.046970
0.005578
0.004288
0.441715
0.000976
0.005162
0.000872
0.029982
0.027908
0.004288
0.025274
0.001687
0.005855
0.478214
0.000003
0.001393
0.005578
0.051648
0.002725
0.535389
0.069506
0.000187
0.011753
0.002950
0.000001
0.238302
0.012090
0.000005
0.115226
0.000229
0.000229
0.038094
0.000000
0.002808
0.000000
0.000035
0.079397
0.884948
0.001351
0.039115
0.008847
0.390021
0.913005
0.023508
0.033659
0.478214
0.086919
0.046970
0.013276
0.505064
0.000000
0.000086
0.394742
0.000017
0.022466
0.046970
0.027908
0.000402
0.001828
0.092778
0.000035
0.033071
0.002808
0.698805
0.147829
0.000872
0.181158
0.014043
0.000402
0.255445
0.000899
0.027908
0.228410
0.001510
0.101413
0.002468
0.000000
0.055312
0.002370
0.000976
0.059212
0.049040
0.059212
0.000320
0.127623
0.652656
0.364456
0.053907
0.144460
0.801128
0.015845
0.841556
0.139014
0.597771
0.035500
0.166886
0.801128
0.255445
0.001184
0.566341
0.040864
0.027908
0.329292
0.027908
0.329292
0.215763
0.130653
0.002725
0.211153
0.011753
0.000402
0.001687
0.557828
0.135818
0.357661
0.855893
0.000001
0.170690
0.543791
0.012317
0.130653
0.160731
0.000013
0.025274
0.246759
0.004868
0.000141
0.441715
0.000000
0.000001
0.233315
0.096609
0.157114
0.027908
0.713075
0.000000
0.007815
0.000035
0.000000
0.000145
0.290658
0.371333
0.364456
0.002808
0.000000
0.160731
0.001284
0.014305
0.000437
0.000740
0.302517
0.000532
0.322949
0.057717
0.002324
0.000000
0.478214
0.034568
0.801128
0.855893
0.004288
0.037099
0.318816
0.401971
0.667094
0.147829
0.744157
0.040864
0.246759
0.279144
0.449423
0.000145
0.935597
0.491556
0.821730
0.681504
0.122729
0.329292
0.000001
0.951979
0.513281
0.000059
0.000002
0.119859
0.000021
0.003039
0.296545
0.390021
0.000003
0.000000
0.064990
0.620815
0.002082
0.281082
0.000829
0.735726
0.000012
0.499678
0.130653
0.000015
0.306500
0.962240
0.007815
0.478214
0.306500
0.000000
0.203680
0.735726
0.166886
0.329292
0.027164
0.281082
0.478214
0.144460
0.119859
0.011753
0.144460
0.000053
0.011753
0.635244
0.241635
0.001540
0.001981
0.000532
0.000001
0.913005
0.147829
0.000029
0.000000
0.003289
0.000740
0.018883
0.333520
0.003965
0.008847
0.574890
0.030798
0.000804
0.001774
0.010595
0.000000
0.103042
0.974087
0.000019
0.951979
0.000330
0.013909
0.000013
0.300471
0.074303
0.329292
0.507859
0.000001
0.076183
0.055312
0.801128
0.088340
0.000475
0.000330
0.004775
0.855893
0.409279
0.441715
0.122729
0.001774
0.016293
0.449423
0.029186
0.626544
0.090535
0.000000
0.144460
0.429087
0.690166
0.000829
0.055312
0.927324
0.115226
0.005855
0.001208
0.816691
0.090535
0.002255
0.141156
0.103042
0.081393
0.353229
0.215763
0.000000
0.766291
0.848789
0.922090
0.449423
0.000056
0.233315
0.241635
0.008847
0.021268
0.151265
0.808960
0.086919
0.000198
0.436675
0.115226
0.020886
0.000779
0.007239
0.000109
0.401971
0.016293
0.667094
0.166886
0.441715
0.147829
0.020886
0.390021
0.000193
0.021268
0.223587
0.011425
0.069506
0.329292
0.041952
0.000000
0.115226
0.074303
0.000001
0.005162
0.470257
0.603471
0.260793
0.037099
0.090535
0.907293
0.055312
0.557828
0.329292
0.505064
0.043818
0.421575
0.039801
0.000026
0.000000
0.177160
0.478214
0.016595
0.115226
0.956001
0.025970
0.000008
0.183833
0.000002
0.139014
0.000000
0.160731
0.046970
0.000001
0.000053
0.000025
0.011106
0.000532
0.088340
0.000229
0.436675
0.233315
0.457201
0.000198
0.203680
0.170690
0.160731
0.001774
0.006325
0.329292
0.067775
0.079397
0.004503
0.000475
0.241635
0.001208
0.296545
0.000006
0.290658
0.011425
0.112510
0.012317
0.044980
0.020320
0.027908
0.000402
0.436675
0.098985
0.098985
0.000003
0.000000
0.000002
0.025970
0.057717
0.006325
0.000257
0.001059
0.039801
0.233315
0.000034
0.241635
0.643949
0.027908
0.704484
0.074303
0.021268
0.067775
0.329292
0.246759
0.015409
0.000402
0.390021
0.681504
0.025274
0.357661
0.364456
0.144460
0.306500
0.246759
0.364456
0.052999
0.141156
0.004416
0.088340
0.005013
0.316692
0.346575
0.112510
0.000001
0.238302
0.166886
0.139014
0.829282
0.147829
0.074303
0.075538
0.340005
0.160731
0.055312
0.009822
0.012670
0.023508
0.281082
0.000001
0.000370
0.061772
0.000424
0.000000
0.000001
0.897436
0.001246
0.000109
0.566341
0.620815
0.241635
0.105557
0.290658
0.491556
0.001636
0.000628
0.000020
0.000000
0.001588
0.084803
0.000027
0.000047
0.766291
0.401971
0.000661
0.000040
0.010595
0.144460
0.000210
0.000003
0.003193
0.037099
0.246759
0.306500
0.478214
0.000023
0.034568
0.030798
0.170690
0.006832
0.020320
0.151265
0.001774
0.021859
0.000008
0.000578
0.986757
0.000024
0.470257
0.000215
0.353229
0.050328
0.039801
0.000163
0.499678
0.721628
0.462365
0.001059
0.312615
0.196422
0.051648
0.021859
0.002645
0.000437
0.306500
0.000021
0.029982
0.000017
0.001246
0.024158
0.003131
0.364456
0.074303
0.002146
0.000094
0.192150
0.009104
0.130653
0.022466
0.017543
0.166886
0.000015
0.535389
0.115226
0.147829
0.000193
0.139014
0.382926
0.004503
0.050328
0.016293
0.470257
0.000000
0.000294
0.000718
0.478214
0.000119
0.017543
0.000279
0.228410
0.000609
0.643949
0.000065
0.698805
0.000257
0.462365
0.071276
0.000000
0.000129
0.449423
0.620815
0.000001
0.000001
0.000024
0.390021
0.713075
0.382926
0.139014
0.049040
