0.288671
0.102197
0.221961
0.821730
0.014985
0.253642
0.131630
0.116102
0.380525
0.930673
0.304435
0.239907
0.214182
0.267971
0.186540
0.171915
0.209600
0.214182
0.387593
0.446787
0.695863
0.337784
0.171915
0.594827
0.695863
0.594827
0.214182
0.111596
0.253642
0.387593
0.300471
0.549354
0.704484
0.446787
0.344325
0.454542
0.121744
0.380525
0.640981
0.446787
0.070065
0.571972
0.446787
0.640981
0.571972
0.320806
0.446787
0.134742
0.549354
0.304435
0.821730
0.284858
0.064431
0.594827
0.387593
0.118894
0.727244
0.226757
0.518727
0.704484
0.771705
0.106369
0.496903
0.860501
0.350951
0.695863
0.362130
0.028409
0.672823
0.771705
0.496903
0.801128
0.571972
0.294528
0.406779
0.563435
0.387593
0.434080
0.197797
0.304435
0.981075
0.916674
0.793201
0.549354
0.930673
0.540922
0.399498
0.821730
0.161896
0.320806
0.571972
0.518727
0.279144
0.344325
0.245003
0.681504
0.518727
0.860501
0.793201
0.344325
0.681504
0.327120
0.288671
0.695863
0.571972
0.368979
0.594827
0.681504
0.878466
0.779856
0.475494
0.194957
0.231634
0.206623
0.771705
0.884948
0.535389
0.267971
0.649688
0.155897
0.483494
0.045761
0.617854
0.540922
0.100580
0.434080
0.426518
0.821730
0.749684
0.681504
0.258960
0.258960
0.333520
0.406779
0.368979
0.617854
0.916674
0.971109
0.718717
0.801128
0.399498
0.793201
0.258960
0.214182
0.258960
0.380525
0.362130
0.399498
0.467559
0.617854
0.239907
0.131630
0.161896
0.179787
0.540922
0.267971
0.221961
0.540922
0.814067
0.267971
0.860501
0.860501
0.171915
0.304435
0.718717
0.362130
0.640981
0.253642
0.793201
0.978604
0.958545
0.658394
0.098170
0.462365
0.194957
0.901408
0.284858
0.320806
0.441715
0.626544
0.749684
0.626544
0.603471
0.603471
0.414138
0.320806
0.749684
0.155897
0.406779
0.137917
0.362130
0.658394
0.814067
0.475494
0.304435
0.320806
0.304435
0.258960
0.320806
0.304435
0.617854
0.741289
0.414138
0.467559
0.958545
0.793201
0.316692
0.594827
0.640981
0.258960
0.171915
0.304435
0.380525
0.304435
0.916674
0.344325
0.253642
0.916674
0.867378
0.387593
0.603471
0.475494
0.362130
0.841556
0.304435
0.043818
0.288671
0.549354
0.594827
0.793201
0.011315
0.202171
0.414138
0.617854
0.446787
0.102197
0.123655
0.387593
0.867378
0.540922
0.947760
0.380525
0.226757
0.718717
0.841556
0.771705
0.106369
0.267971
0.214182
0.206623
0.399498
0.344325
0.258960
0.267971
0.294528
0.380525
0.475494
0.672823
0.320806
0.288671
0.039445
0.362130
0.380525
0.467559
0.406779
0.300471
0.540922
0.475494
0.094284
0.947760
0.704484
0.059696
0.483494
0.801128
0.304435
0.368979
0.062816
0.916674
0.426518
0.496903
0.446787
0.617854
0.107244
0.518727
0.527033
0.735726
0.426518
0.406779
0.316692
0.387593
0.228410
0.454542
0.878466
0.446787
0.304435
0.603471
0.441715
0.066084
0.467559
0.771705
0.626544
0.333520
0.322949
0.294528
0.483494
0.197797
0.771705
0.617854
0.406779
0.279144
0.801128
0.626544
0.132684
0.571972
0.446787
0.304435
0.320806
0.527033
0.226757
0.649688
0.161896
0.171915
0.245003
0.467559
0.194957
0.681504
0.527033
0.155897
0.399498
0.771705
0.316692
0.771705
0.294528
0.718717
0.380525
0.414138
0.718717
0.171915
0.368979
0.239907
0.357661
0.518727
0.594827
0.179787
0.935597
0.446787
0.901408
0.387593
0.672823
0.681504
0.085471
0.640981
0.749684
0.226757
0.085471
0.316692
0.179787
0.672823
0.801128
0.549354
0.171915
0.304435
0.106369
0.635244
0.496903
0.106369
0.617854
0.320806
0.426518
0.446787
0.099752
0.288671
0.640981
0.123655
0.226757
0.848789
0.727244
0.209600
0.253642
0.197797
0.106369
0.239907
0.085471
0.540922
0.267971
0.496903
0.131630
0.406779
0.209600
0.518727
0.467559
0.475494
0.245003
0.267971
0.446787
0.394742
0.140045
0.116102
0.245003
0.140045
0.226757
0.165605
0.362130
0.640981
0.467559
0.467559
0.475494
0.320806
0.695863
0.253642
0.594827
0.140045
0.749684
0.617854
0.571972
0.304435
0.226757
0.518727
0.841556
0.288671
0.594827
0.571972
0.617854
0.640981
0.267971
0.258960
0.549354
0.467559
0.884948
0.140045
0.626544
0.304435
0.672823
0.718717
0.771705
0.821730
0.357661
0.635244
0.649688
0.594827
0.695863
0.171915
0.884948
0.594827
0.571972
0.304435
0.505064
0.449423
0.362130
0.327120
0.649688
0.695863
0.967937
0.617854
0.123655
0.462365
0.406779
0.221961
0.594827
0.771705
0.152372
0.771705
0.518727
0.140045
0.540922
0.947760
0.695863
0.434080
0.239907
0.860501
0.446787
0.267971
0.146673
0.186540
0.106369
0.226757
0.771705
0.304435
0.221961
0.380525
0.496903
0.793201
0.496903
0.801128
0.549354
0.454542
0.362130
0.161896
0.672823
0.779856
0.340005
0.161896
0.916674
0.571972
0.362130
0.380525
0.434080
0.958545
0.320806
0.821730
0.288671
0.563435
0.320806
0.099752
0.467559
0.467559
0.446787
0.049886
0.288671
0.505064
0.239907
0.226757
0.394742
0.107244
0.594827
0.563435
0.718717
0.467559
0.099752
0.467559
0.258960
0.749684
0.467559
0.267971
0.540922
0.267971
0.454542
0.821730
0.380525
0.454542
0.901408
0.344325
0.294528
0.197797
0.467559
0.958545
0.735726
0.571972
0.549354
0.264363
0.218844
0.350951
0.860501
0.250182
0.978604
0.387593
0.320806
0.399498
0.718717
0.320806
0.118894
0.594827
0.549354
0.884948
0.344325
0.475494
0.571972
0.089781
0.454542
0.226757
0.123655
0.527033
0.095811
0.084092
0.226757
0.327120
0.779856
0.884948
0.771705
0.294528
0.304435
0.104694
0.380525
0.718717
0.617854
0.635244
