0.718717
0.304435
0.571972
0.155897
0.253642
0.695863
0.930673
0.116102
0.640981
0.467559
0.320806
0.549354
0.165605
0.467559
0.434080
0.426518
0.084092
0.273514
0.446787
0.446787
0.594827
0.399498
0.380525
0.380525
0.131630
0.695863
0.951979
0.984769
0.414138
0.571972
0.304435
0.279144
0.344325
0.901408
0.099752
0.540922
0.362130
0.104694
0.304435
0.540922
0.814067
0.771705
0.380525
0.718717
0.649688
0.399498
0.704484
0.267971
0.962240
0.779856
0.124654
0.380525
0.958545
0.994555
0.362130
0.223587
0.223587
0.749684
0.841556
0.935597
0.713075
0.380525
0.202171
0.146673
0.019230
0.821730
0.221961
0.867378
0.649688
0.727244
0.612135
0.197797
0.860501
0.467559
0.749684
0.175815
0.294528
0.571972
0.749684
0.594827
0.041578
0.496903
0.649688
0.571972
0.549354
0.594827
0.518727
0.518727
0.414138
0.426518
0.320806
0.239907
0.483494
0.749684
0.571972
0.884948
0.771705
0.155897
0.971109
0.626544
0.132684
0.649688
0.672823
0.253642
0.848789
0.387593
0.540922
0.766291
0.771705
0.327120
0.649688
0.695863
0.414138
0.426518
0.399498
0.399498
0.749684
0.704484
0.269851
0.496903
0.165605
0.288671
0.998868
0.649688
0.310521
0.344325
0.116102
0.250182
0.793201
0.446787
0.028919
0.649688
0.935597
0.540922
0.368979
0.901408
0.672823
0.518727
0.727244
0.304435
0.467559
0.841556
0.107244
0.878466
0.399498
0.406779
0.320806
0.209600
0.320806
0.245003
0.362130
0.267971
0.580543
0.171915
0.344325
0.143326
0.380525
0.310521
0.143326
0.143326
0.320806
0.563435
0.320806
0.337784
0.467559
0.350951
0.362130
0.106369
0.626544
0.557828
0.483494
0.333520
0.273514
0.033659
0.779856
0.434080
0.098170
0.649688
0.310521
0.535389
0.290658
0.206623
0.275424
0.635244
0.031348
0.132684
0.245003
0.288671
0.454542
0.727244
0.163153
0.821730
0.758020
0.878466
0.123655
0.901408
0.446787
0.406779
0.140045
0.108955
0.695863
0.860501
0.535389
0.718717
0.860501
0.695863
0.209600
0.984769
0.771705
0.169385
0.658394
0.206623
0.916674
0.496903
0.337784
0.140045
0.672823
0.078727
0.814067
0.387593
0.704484
0.518727
0.426518
0.380525
0.434080
0.681504
0.540922
0.649688
0.304435
0.884948
0.991213
0.409279
0.496903
0.226757
0.594827
0.375911
0.749684
0.446787
0.375911
0.518727
0.571972
0.380525
0.406779
0.223587
0.658394
0.695863
0.434080
0.304435
0.146673
0.161896
0.505064
0.253642
0.681504
0.727244
0.518727
0.116102
0.209600
0.143326
0.273514
0.114294
0.209600
0.143326
0.087602
0.209600
0.362130
0.357661
0.518727
0.316692
0.446787
0.239907
0.771705
0.288671
0.821730
0.288671
0.387593
0.146673
0.350951
0.333520
0.327120
0.279144
0.695863
0.258960
0.626544
0.727244
0.446787
0.695863
0.947760
0.045761
0.253642
0.967937
0.454542
0.250182
0.467559
0.137917
0.067195
0.860501
0.951979
0.704484
0.362130
0.695863
0.462365
0.867378
0.612135
0.617854
0.414138
0.891273
0.245003
0.549354
0.594827
0.483494
0.169385
0.496903
0.841556
0.179787
0.406779
0.771705
0.380525
0.727244
0.226757
0.771705
0.475494
0.467559
0.344325
0.197797
0.793201
0.226757
0.368979
0.617854
0.594827
0.209600
0.518727
0.617854
0.907293
0.947760
0.640981
0.540922
0.258960
0.978604
0.860501
0.475494
0.758020
0.206623
0.344325
0.878466
0.121744
0.841556
0.267971
0.255445
0.793201
0.967937
0.527033
0.258960
0.304435
0.779856
0.446787
0.483494
0.749684
0.304435
0.387593
0.143326
0.143326
0.239907
0.793201
0.518727
0.197797
0.496903
0.320806
0.304435
0.362130
0.446787
0.368979
0.226757
0.171915
0.617854
0.640981
0.434080
0.214182
0.344325
0.161896
0.273514
0.640981
0.793201
0.617854
0.467559
0.399498
0.140045
0.320806
0.518727
0.239907
0.362130
0.540922
0.704484
0.106369
0.640981
0.617854
0.640981
0.718717
0.171915
0.337784
0.549354
0.518727
0.394742
0.878466
0.681504
0.085471
0.626544
0.617854
0.171915
0.860501
0.414138
0.454542
0.549354
0.399498
0.327120
0.344325
0.549354
0.793201
0.214182
0.571972
0.368979
0.594827
0.771705
0.518727
0.362130
0.808960
0.426518
0.165605
0.106369
0.916674
0.475494
0.362130
0.704484
0.860501
0.793201
0.935597
0.344325
0.255445
0.540922
0.672823
0.984769
0.793201
0.967937
0.362130
0.116102
0.571972
0.082037
0.454542
0.406779
0.214182
0.401971
0.279144
0.197797
0.194957
0.310521
0.475494
0.161896
0.327120
0.344325
0.467559
0.344325
0.922090
0.649688
0.344325
0.406779
0.267971
0.749684
0.426518
0.368979
0.695863
0.267971
0.518727
0.594827
0.194957
0.288671
0.304435
0.878466
0.310521
0.626544
0.891273
0.462365
0.907293
0.161896
0.658394
0.226757
0.426518
0.901408
0.626544
0.267971
0.860501
0.320806
0.741289
0.626544
0.935597
0.327120
0.327120
0.171915
0.594827
0.226757
0.350951
0.801128
0.496903
0.399498
0.362130
0.053907
0.518727
0.380525
0.518727
0.695863
0.695863
0.594827
0.288671
0.080027
0.304435
0.209600
0.749684
0.771705
0.563435
0.467559
0.434080
0.527033
0.380525
0.267971
0.426518
0.496903
0.368979
0.344325
0.399498
0.279144
0.209600
0.344325
0.540922
0.793201
0.320806
0.695863
0.288671
0.239907
0.860501
0.221961
0.496903
0.549354
0.380525
0.387593
0.426518
0.446787
0.779856
0.467559
0.320806
0.446787
0.231634
0.446787
0.214182
0.496903
0.793201
0.320806
0.841556
0.226757
0.672823
0.406779
0.821730
0.399498
0.414138
0.672823
0.801128
0.368979
0.406779
0.215763
0.884948
0.496903
0.571972
0.617854
0.594827
0.617854
0.589144
0.406779
0.540922
0.406779
