0.171915
0.197797
0.426518
0.640981
0.399498
0.209600
0.304435
0.029437
0.640981
0.337784
0.239907
0.161896
0.446787
0.085471
0.171915
0.362130
0.161896
0.640981
0.209600
0.161896
0.197797
0.085471
0.080027
0.337784
0.426518
0.159490
0.467559
0.387593
0.540922
0.603471
0.467559
0.380525
0.771705
0.106369
0.316692
0.099752
0.288671
0.267971
0.197797
0.026195
0.209600
0.320806
0.085471
0.540922
0.116102
0.399498
0.617854
0.563435
0.245003
0.467559
0.399498
0.197797
0.635244
0.603471
0.344325
0.380525
0.518727
0.197797
0.076791
0.563435
0.406779
0.771705
0.310521
0.695863
0.749684
0.446787
0.209600
0.258960
0.467559
0.649688
0.239907
0.821730
0.380525
0.106369
0.253642
0.140045
0.617854
0.535389
0.368979
0.399498
0.320806
0.540922
0.267971
0.155897
0.617854
0.140045
0.617854
0.727244
0.226757
0.186540
0.171915
0.304435
0.718717
0.467559
0.362130
0.320806
0.209600
0.304435
0.253642
0.814067
0.143326
0.695863
0.695863
0.821730
0.962240
0.406779
0.140045
0.344325
0.327120
0.320806
0.401971
0.681504
0.749684
0.333520
0.320806
0.860501
0.640981
0.860501
0.649688
0.406779
0.161896
0.186540
0.594827
0.603471
0.496903
0.681504
0.446787
0.649688
0.771705
0.749684
0.368979
0.267971
0.344325
0.446787
0.186540
0.135818
0.023291
0.267971
0.399498
0.446787
0.362130
0.106369
0.540922
0.226757
0.171915
0.063876
0.209600
0.123655
0.540922
0.267971
0.116102
0.171915
0.337784
0.399498
0.106369
0.161896
0.106369
0.106369
0.034862
0.087602
0.161896
0.140045
0.131630
0.267971
0.197797
0.085471
0.085471
0.362130
0.340005
0.518727
0.749684
0.603471
0.475494
0.649688
0.273514
0.426518
0.848789
0.288671
0.454542
0.434080
0.771705
0.649688
0.300471
0.672823
0.695863
0.496903
0.649688
0.916674
0.649688
0.749684
0.387593
0.505064
0.140045
0.304435
0.155897
0.320806
0.535389
0.197797
0.399498
0.063876
0.594827
0.399498
0.540922
0.594827
0.617854
0.197797
0.171915
0.446787
0.362130
0.304435
0.221961
0.161896
0.540922
0.143326
0.085471
0.617854
0.320806
0.171915
0.518727
0.131630
0.649688
0.226757
0.304435
0.617854
0.327120
0.467559
0.344325
0.380525
0.496903
0.640981
0.704484
0.681504
0.496903
0.467559
0.140045
0.273514
0.264363
0.161896
0.050745
0.841556
0.171915
0.209600
0.161896
0.050745
0.426518
0.085471
0.540922
0.171915
0.617854
0.161896
0.434080
0.540922
0.399498
0.106369
0.304435
0.563435
0.563435
0.034862
0.197797
0.171915
0.406779
0.140045
0.131630
0.467559
0.320806
0.140045
0.068911
0.617854
0.199280
0.930673
0.161896
0.239907
0.727244
0.310521
0.320806
0.143326
0.267971
0.267971
0.214182
0.239907
0.771705
0.557828
0.253642
0.382926
0.535389
0.540922
0.454542
0.672823
0.209600
0.320806
0.380525
0.175815
0.310521
0.563435
0.518727
0.253642
0.467559
0.779856
0.640981
0.672823
0.344325
0.209600
0.085471
0.467559
0.239907
0.467559
0.399498
0.793201
0.821730
0.175815
0.640981
0.387593
0.294528
0.718717
0.841556
0.446787
0.617854
0.718717
0.362130
0.571972
0.344325
0.003811
0.718717
0.209600
0.571972
0.399498
0.540922
0.310521
0.749684
0.320806
0.380525
0.171915
0.488801
0.267971
0.320806
0.165605
0.426518
0.267971
0.239907
0.362130
0.672823
0.099752
0.209600
0.320806
0.848789
0.380525
0.603471
0.695863
0.209600
0.320806
0.169385
0.118894
0.749684
0.099752
0.617854
0.304435
0.209600
0.304435
0.146673
0.387593
0.099752
0.571972
0.344325
0.958545
0.467559
0.267971
0.399498
0.467559
0.052074
0.143326
0.267971
0.161896
0.380525
0.467559
0.209600
0.467559
0.085471
0.070065
0.267971
0.131630
0.085471
0.106369
0.288671
0.640981
0.171915
0.267971
0.085471
0.267971
0.267971
0.273514
0.123655
0.161896
0.267971
0.320806
0.488801
0.037413
0.209600
0.320806
0.267971
0.304435
0.267971
0.106369
0.085471
0.085471
0.320806
0.106369
0.171915
0.226757
0.617854
0.131630
0.267971
0.518727
0.571972
0.165605
0.304435
0.099752
0.288671
0.594827
0.518727
0.253642
0.267971
0.563435
0.131630
0.161896
0.171915
0.209600
0.320806
0.380525
0.171915
0.640981
0.387593
0.095811
0.098170
0.414138
0.350951
0.446787
0.496903
0.640981
0.771705
0.617854
0.672823
0.779856
0.406779
0.603471
0.793201
0.446787
0.793201
0.518727
0.159490
0.695863
0.320806
0.129613
0.563435
0.171915
0.695863
0.284858
0.140045
0.161896
0.362130
0.106369
0.496903
0.118894
0.399498
0.059696
0.640981
0.603471
0.239907
0.362130
0.695863
0.171915
0.344325
0.267971
0.253642
0.239907
0.380525
0.672823
0.209600
0.076791
0.106369
0.344325
0.123655
0.327120
0.821730
0.221961
0.304435
0.267971
0.467559
0.617854
0.253642
0.380525
0.175815
0.821730
0.380525
0.594827
0.426518
0.380525
0.467559
0.267971
0.140045
0.718717
0.288671
0.140045
0.540922
0.446787
0.186540
0.320806
0.140045
0.143326
0.226757
0.267971
0.099752
0.594827
0.695863
0.063876
0.197797
0.161896
0.399498
0.085471
0.320806
0.253642
0.267971
0.640981
0.518727
0.186540
0.131630
0.106369
0.140045
0.320806
0.106369
0.672823
0.085471
0.239907
0.901408
0.640981
0.518727
0.063876
0.226757
0.106369
0.380525
0.221961
0.140045
0.140045
0.594827
0.288671
0.496903
0.140045
0.344325
0.085471
0.617854
0.467559
0.131630
0.288671
0.209600
0.320806
0.102197
0.123655
0.446787
0.549354
0.104694
0.467559
0.406779
0.563435
0.867378
0.344325
0.304435
0.161896
0.649688
0.161896
0.467559
0.320806
0.226757
0.399498
0.771705
0.749684
0.446787
0.527033
