0.186540
0.118894
0.626544
0.082037
0.793201
0.518727
0.022258
0.344325
0.333520
0.123655
0.695863
0.814067
0.380525
0.320806
0.304435
0.518727
0.695863
0.658394
0.344325
0.549354
0.387593
0.426518
0.518727
0.221961
0.540922
0.540922
0.267971
0.434080
0.713075
0.179787
0.779856
0.279144
0.563435
0.491556
0.571972
0.814067
0.527033
0.387593
0.294528
0.749684
0.540922
0.488801
0.475494
0.483494
0.779856
0.399498
0.206623
0.209600
0.695863
0.316692
0.409279
0.735726
0.640981
0.513281
0.916674
0.221961
0.940331
0.441715
0.672823
0.329292
0.518727
0.860501
0.557828
0.735726
0.253642
0.462365
0.344325
0.594827
0.121744
0.387593
0.672823
0.380525
0.288671
0.231634
0.940331
0.250182
0.594827
0.505064
0.594827
0.063876
0.935597
0.320806
0.704484
0.594827
0.426518
0.320806
0.414138
0.549354
0.527033
0.446787
0.399498
0.841556
0.337784
0.214182
0.320806
0.153566
0.505064
0.808960
0.304435
0.304435
0.368979
0.518727
0.658394
0.267971
0.867378
0.793201
0.916674
0.104694
0.589144
0.362130
0.105557
0.527033
0.594827
0.513281
0.518727
0.563435
0.994555
0.300471
0.387593
0.518727
0.449423
0.594827
0.916674
0.316692
0.821730
0.771705
0.380525
0.814067
0.327120
0.106369
0.095811
0.169385
0.264363
0.426518
0.749684
0.549354
0.672823
0.475494
0.758020
0.304435
0.771705
0.603471
0.771705
0.821730
0.073672
0.253642
0.406779
0.446787
0.441715
0.304435
0.571972
0.406779
0.231634
0.930673
0.387593
0.672823
0.704484
0.640981
0.496903
0.399498
0.467559
0.414138
0.344325
0.253642
0.434080
0.320806
0.140045
0.664129
0.141156
0.362130
0.922090
0.434080
0.258960
0.649688
0.617854
0.387593
0.518727
0.527033
0.304435
0.690166
0.808960
0.496903
0.344325
0.016902
0.357661
0.884948
0.267971
0.540922
0.333520
0.275424
0.935597
0.304435
0.387593
0.344325
0.540922
0.250182
0.594827
0.446787
0.594827
0.310521
0.304435
0.518727
0.727244
0.808960
0.617854
0.594827
0.273514
0.594827
0.518727
0.518727
0.258960
0.860501
0.649688
0.617854
0.406779
0.467559
0.640981
0.649688
0.161896
0.434080
0.967937
0.454542
0.821730
0.426518
0.344325
0.414138
0.617854
0.535389
0.771705
0.626544
0.947760
0.483494
0.971109
0.426518
0.649688
0.580543
0.505064
0.505064
0.571972
0.116102
0.446787
0.841556
0.779856
0.406779
0.695863
0.672823
0.594827
0.267971
0.505064
0.727244
0.446787
0.603471
0.571972
0.186540
0.771705
0.878466
0.239907
0.617854
0.362130
0.253642
0.288671
0.085471
0.111596
0.958545
0.848789
0.387593
0.320806
0.867378
0.672823
0.867378
0.294528
0.727244
0.681504
0.380525
0.821730
0.713075
0.496903
0.462365
0.380525
0.704484
0.571972
0.626544
0.137917
0.462365
0.446787
0.771705
0.294528
0.749684
0.294528
0.540922
0.518727
0.206623
0.491556
0.099752
0.426518
0.571972
0.549354
0.695863
0.540922
0.594827
0.344325
0.294528
0.467559
0.518727
0.496903
0.454542
0.475494
0.380525
0.848789
0.327120
0.190711
0.860501
0.801128
0.801128
0.930673
0.267971
0.340005
0.505064
0.649688
0.454542
0.250182
0.131630
0.320806
0.344325
0.288671
0.446787
0.001378
0.123655
0.704484
0.735726
0.467559
0.099752
0.245003
0.841556
0.594827
0.368979
0.357661
0.727244
0.362130
0.580543
0.626544
0.658394
0.626544
0.362130
0.841556
0.316692
0.749684
0.617854
0.793201
0.617854
0.594827
0.901408
0.169385
0.304435
0.793201
0.779856
0.123655
0.540922
0.617854
0.446787
0.821730
0.239907
0.496903
0.399498
0.344325
0.935597
0.304435
0.362130
0.344325
0.406779
0.426518
0.320806
0.320806
0.279144
0.718717
0.267971
0.557828
0.362130
0.253642
0.540922
0.171915
0.426518
0.640981
0.406779
0.672823
0.209600
0.085471
0.878466
0.320806
0.527033
0.175815
0.563435
0.362130
0.475494
0.695863
0.197797
0.226757
0.426518
0.288671
0.380525
0.304435
0.406779
0.362130
0.362130
0.771705
0.467559
0.362130
0.171915
0.362130
0.901408
0.253642
0.549354
0.197797
0.848789
0.496903
0.467559
0.496903
0.779856
0.841556
0.310521
0.617854
0.695863
0.258960
0.540922
0.171915
0.165605
0.426518
0.505064
0.382926
0.344325
0.467559
0.057215
0.860501
0.563435
0.695863
0.454542
0.426518
0.368979
0.571972
0.626544
0.649688
0.749684
0.357661
0.165605
0.821730
0.426518
0.505064
0.304435
0.991213
0.288671
0.793201
0.695863
0.454542
0.446787
0.137917
0.137917
0.406779
0.695863
0.771705
0.672823
0.375911
0.194957
0.580543
0.190711
0.793201
0.884948
0.253642
0.916674
0.549354
0.214182
0.540922
0.426518
0.414138
0.221961
0.793201
0.483494
0.454542
0.273514
0.841556
0.563435
0.603471
0.304435
0.462365
0.267971
0.267971
0.658394
0.288671
0.116102
0.557828
0.867378
0.667094
0.304435
0.273514
0.084092
0.848789
0.901408
0.267971
0.041578
0.518727
0.231634
0.434080
0.161896
0.294528
0.518727
0.284858
0.672823
0.841556
0.860501
0.209600
0.841556
0.467559
0.344325
0.467559
0.084092
0.446787
0.681504
0.718717
0.483494
0.344325
0.320806
0.320806
0.821730
0.226757
0.793201
0.426518
0.594827
0.549354
0.771705
0.681504
0.901408
0.617854
0.612135
0.406779
0.197797
0.387593
0.005630
0.253642
0.518727
0.475494
0.186540
0.704484
0.540922
0.540922
0.649688
0.793201
0.362130
0.267971
0.267971
0.399498
0.672823
0.267971
0.467559
0.727244
0.304435
0.549354
0.454542
0.273514
0.867378
0.672823
0.617854
0.947760
0.540922
0.922090
0.288671
0.362130
0.258960
0.535389
0.387593
0.758020
0.527033
0.387593
0.801128
0.505064
0.258960
0.557828
0.375911
