0.001540
0.322949
0.540922
0.718717
0.667094
0.001172
0.103042
0.441715
0.401971
0.434080
0.589144
0.971109
0.312615
0.808960
0.441715
0.329292
0.566341
0.505064
0.223587
0.124654
0.935597
0.727244
0.028919
0.079397
0.922090
0.074303
0.135818
0.603471
0.771705
0.312615
0.829282
0.675784
0.848789
0.004728
0.153566
0.962240
0.704484
0.713075
0.246759
0.867378
0.003811
0.264363
0.518727
0.749684
0.329292
0.829282
0.779856
0.203680
0.848789
0.025274
0.007378
0.340005
0.603471
0.758020
0.100580
0.603471
0.698805
0.449423
0.127623
0.603471
0.421575
0.160731
0.727244
0.971109
0.075538
0.758020
0.643949
0.801128
0.255445
0.245003
0.505064
0.346575
0.749684
0.643949
0.984769
0.157114
0.429087
0.269851
0.681504
0.589144
0.364456
0.177160
0.228410
0.039801
0.260793
0.462365
0.098170
0.255445
0.312615
0.421575
0.000222
0.603471
0.766291
0.070668
0.159490
0.040864
0.409279
0.163153
0.264363
0.675784
0.922090
0.695863
0.236593
0.454542
0.052535
0.153566
0.080707
0.626544
0.001669
0.245003
0.394742
0.643949
0.462365
0.867378
0.821730
0.103042
0.009546
0.829282
0.566341
0.841556
0.779856
0.884948
0.998463
0.387593
0.275424
0.801128
0.340005
0.470257
0.787927
0.236593
0.779856
0.122729
0.441715
0.727244
0.228410
0.617854
0.187953
0.041578
0.690166
0.103042
0.667094
0.357661
0.620815
0.667094
0.166886
0.470257
0.829282
0.144460
0.264363
0.454542
0.340005
0.132684
0.470257
0.496903
0.119859
0.667094
0.580543
0.535389
0.211153
0.211153
0.223587
0.483494
0.891273
0.571972
0.749684
0.491556
0.727244
0.566341
0.535389
0.008847
0.401971
0.357661
0.821730
0.146673
0.907293
0.364456
0.350951
0.108126
0.223587
0.119859
0.855893
0.003193
0.470257
0.801128
0.008597
0.039801
0.000001
0.037099
0.594827
0.306500
0.749684
0.589144
0.981075
0.749684
0.434080
0.758020
0.787927
0.300471
0.793201
0.566341
0.211153
0.040864
0.318816
0.144460
0.255445
0.001588
0.316692
0.269851
0.344325
0.557828
0.350951
0.821730
0.801128
0.294528
0.521553
0.150086
0.390021
0.620815
0.300471
0.612135
0.540922
0.612135
0.543791
0.414138
0.848789
0.279144
0.127623
0.672823
0.935597
0.535389
0.880693
0.589144
0.589144
0.187953
0.027164
0.441715
0.984769
0.183833
0.005110
0.589144
0.068911
0.962240
0.051648
0.011640
0.690166
0.635244
0.884948
0.075538
0.749684
0.867378
0.594827
0.829282
0.836720
0.098985
0.042685
0.001721
0.589144
0.566341
0.801128
0.690166
0.250182
0.867378
0.051648
0.535389
0.269851
0.043818
0.387593
0.211153
0.357661
0.333520
0.059212
0.620815
0.368979
0.147829
0.260793
0.981075
0.329292
0.124654
0.001172
0.801128
0.491556
0.025274
0.727244
0.675784
0.246759
0.380525
0.907293
0.643949
0.139014
0.808960
0.117048
0.649688
0.454542
0.371333
0.891273
0.829282
0.758020
0.470257
0.951979
0.787927
0.177160
0.735726
0.635244
0.836720
0.061772
0.177160
0.643949
0.612135
0.390021
0.713075
0.620815
0.884948
0.157114
0.801128
0.382926
0.009546
0.119859
0.163153
0.681504
0.394742
0.540922
0.275424
0.958545
0.603471
0.346575
0.061772
0.057717
0.589144
0.643949
0.009277
0.015409
0.105557
0.721628
0.922090
0.414138
0.063362
0.635244
0.848789
0.878466
0.163153
0.735726
0.635244
0.000198
0.695863
0.690166
0.127623
0.181158
0.940331
0.294528
0.147829
0.940331
0.275424
0.766291
0.170690
0.357661
0.974087
0.246759
0.681504
0.626544
0.978604
0.024596
0.589144
0.098985
0.441715
0.429087
0.000310
0.129613
0.901408
0.397198
0.620815
0.011753
0.241635
0.357661
0.053907
0.735726
0.735726
0.290658
0.801128
0.801128
0.505064
0.421575
0.296545
0.255445
0.758020
0.306500
0.922090
0.066084
0.117048
0.147829
0.031348
0.829282
0.043818
0.620815
0.499678
0.000390
0.801128
0.434080
0.284858
0.635244
0.658394
0.667094
0.084803
0.513281
0.749684
0.841556
0.690166
0.735726
0.005110
0.375911
0.543791
0.735726
0.000149
0.333520
0.020320
0.649688
0.013654
0.549354
0.144460
0.513281
0.566341
0.649688
0.414138
0.019230
0.000034
0.505064
0.994555
0.713075
0.974087
0.264363
0.228410
0.269851
0.658394
0.999575
0.841556
0.340005
0.401971
0.211153
0.246759
0.088340
0.187953
0.518727
0.255445
0.294528
0.829282
0.346575
0.003629
0.978604
0.787927
0.801128
0.841556
0.771705
0.421575
0.032199
0.147829
0.681504
0.187953
0.086919
0.414138
0.057717
0.260793
0.962240
0.094284
0.643949
0.245003
0.713075
0.758020
0.951979
0.018368
0.829282
0.462365
0.421575
0.643949
0.092008
0.454542
0.922090
0.434080
0.793201
0.084803
0.821730
0.312615
0.940331
0.758020
0.974087
0.281082
0.409279
0.927324
0.144460
0.421575
0.505064
0.409279
0.306500
0.072465
0.535389
0.766291
0.159490
0.848789
0.375911
0.017543
0.010298
0.346575
0.721628
0.505064
0.064990
0.199280
0.848789
0.055312
0.744157
0.951979
0.829282
0.787927
0.771705
0.658394
0.251967
0.475494
0.357661
0.335721
0.275424
0.025274
0.535389
0.139014
0.215763
0.884948
0.103042
0.003926
0.612135
0.521553
0.603471
0.672823
0.829282
0.246759
0.206623
0.006144
0.067775
0.999575
0.112510
0.793201
0.375911
0.535389
0.649688
0.795913
0.922090
0.173237
0.153566
0.566341
0.927324
0.721628
0.144460
0.566341
0.449423
0.294528
0.449423
0.070668
0.891273
0.312615
0.874110
0.181158
0.077446
0.177160
0.779856
0.513281
0.897436
0.557828
0.947760
0.947760
0.153566
0.643949
0.013654
0.281082
0.023508
0.855893
0.901408
0.658394
0.002324
0.119859
0.279144
0.808960
