0.165605
0.131630
0.446787
0.362130
0.116102
0.320806
0.594827
0.426518
0.134742
0.749684
0.123655
0.304435
0.491556
0.070065
0.175815
0.467559
0.171915
0.362130
0.327120
0.399498
0.878466
0.467559
0.320806
0.475494
0.214182
0.209600
0.718717
0.779856
0.793201
0.273514
0.727244
0.594827
0.344325
0.226757
0.518727
0.841556
0.267971
0.099752
0.245003
0.267971
0.878466
0.617854
0.106369
0.387593
0.426518
0.258960
0.518727
0.294528
0.009016
0.202171
0.327120
0.793201
0.984769
0.288671
0.426518
0.626544
0.867378
0.571972
0.475494
0.947760
0.518727
0.226757
0.580543
0.603471
0.169385
0.239907
0.095811
0.076791
0.681504
0.475494
0.140045
0.695863
0.446787
0.320806
0.273514
0.037752
0.253642
0.320806
0.304435
0.267971
0.467559
0.749684
0.387593
0.744157
0.380525
0.695863
0.841556
0.571972
0.337784
0.518727
0.540922
0.594827
0.958545
0.226757
0.197797
0.793201
0.143326
0.387593
0.446787
0.617854
0.147829
0.672823
0.580543
0.197797
0.695863
0.793201
0.399498
0.387593
0.571972
0.571972
0.414138
0.426518
0.152372
0.434080
0.150086
0.626544
0.829282
0.496903
0.333520
0.426518
0.368979
0.860501
0.362130
0.387593
0.344325
0.226757
0.649688
0.194957
0.368979
0.467559
0.901408
0.446787
0.571972
0.540922
0.414138
0.209600
0.304435
0.387593
0.984769
0.327120
0.209600
0.399498
0.121744
0.958545
0.267971
0.267971
0.197797
0.209600
0.239907
0.231634
0.288671
0.085471
0.226757
0.380525
0.209600
0.327120
0.273514
0.226757
0.267971
0.197797
0.253642
0.171915
0.518727
0.320806
0.304435
0.239907
0.020499
0.446787
0.394742
0.488801
0.695863
0.239907
0.603471
0.779856
0.617854
0.718717
0.649688
0.643949
0.226757
0.527033
0.855893
0.640981
0.681504
0.218844
0.380525
0.766291
0.617854
0.860501
0.333520
0.901408
0.406779
0.155897
0.916674
0.496903
0.214182
0.304435
0.446787
0.267971
0.239907
0.467559
0.426518
0.253642
0.134742
0.518727
0.446787
0.140045
0.155897
0.059696
0.273514
0.571972
0.362130
0.288671
0.304435
0.518727
0.267971
0.344325
0.571972
0.089781
0.841556
0.527033
0.884948
0.681504
0.406779
0.327120
0.549354
0.106369
0.617854
0.735726
0.143326
0.617854
0.288671
0.032771
0.713075
0.749684
0.446787
0.527033
0.214182
0.594827
0.258960
0.344325
0.387593
0.467559
0.672823
0.231634
0.279144
0.380525
0.626544
0.540922
0.496903
0.104694
0.434080
0.446787
0.446787
0.399498
0.273514
0.140045
0.446787
0.362130
0.549354
0.320806
0.380525
0.123655
0.171915
0.749684
0.368979
0.695863
0.294528
0.327120
0.218844
0.603471
0.958545
0.727244
0.518727
0.327120
0.426518
0.362130
0.462365
0.209600
0.134742
0.860501
0.004591
0.288671
0.695863
0.446787
0.672823
0.771705
0.841556
0.681504
0.362130
0.467559
0.350951
0.594827
0.801128
0.171915
0.814067
0.380525
0.801128
0.505064
0.580543
0.310521
0.540922
0.264363
0.475494
0.483494
0.273514
0.580543
0.727244
0.841556
0.951979
0.718717
0.771705
0.446787
0.245003
0.672823
0.467559
0.399498
0.426518
0.727244
0.664129
0.814067
0.320806
0.245003
0.518727
0.594827
0.320806
0.070065
0.922090
0.496903
0.496903
0.603471
0.549354
0.518727
0.320806
0.197797
0.267971
0.426518
0.901408
0.467559
0.368979
0.454542
0.695863
0.695863
0.362130
0.571972
0.704484
0.571972
0.496903
0.549354
0.344325
0.695863
0.118894
0.267971
0.635244
0.267971
0.226757
0.935597
0.304435
0.267971
0.454542
0.793201
0.563435
0.467559
0.267971
0.085471
0.434080
0.226757
0.540922
0.399498
0.143326
0.446787
0.116102
0.267971
0.320806
0.446787
0.045355
0.406779
0.197797
0.197797
0.320806
0.171915
0.446787
0.304435
0.165605
0.922090
0.626544
0.362130
0.152372
0.380525
0.337784
0.368979
0.518727
0.304435
0.426518
0.171915
0.518727
0.454542
0.320806
0.106369
0.116102
0.267971
0.406779
0.540922
0.050745
0.496903
0.505064
0.209600
0.368979
0.143326
0.540922
0.320806
0.267971
0.045355
0.350951
0.527033
0.549354
0.267971
0.304435
0.518727
0.434080
0.426518
0.695863
0.518727
0.197797
0.446787
0.344325
0.288671
0.984769
0.860501
0.267971
0.253642
0.171915
0.231634
0.571972
0.226757
0.958545
0.617854
0.771705
0.821730
0.718717
0.518727
0.594827
0.258960
0.962240
0.179787
0.446787
0.197797
0.649688
0.253642
0.930673
0.518727
0.186540
0.426518
0.239907
0.446787
0.821730
0.380525
0.518727
0.967937
0.878466
0.617854
0.922090
0.841556
0.380525
0.197797
0.357661
0.749684
0.304435
0.414138
0.749684
0.426518
0.099752
0.540922
0.475494
0.320806
0.320806
0.126604
0.640981
0.126604
0.320806
0.209600
0.226757
0.563435
0.304435
0.273514
0.505064
0.124654
0.594827
0.467559
0.704484
0.387593
0.039445
0.304435
0.695863
0.161896
0.821730
0.320806
0.821730
0.571972
0.344325
0.209600
0.640981
0.175815
0.239907
0.467559
0.727244
0.540922
0.617854
0.327120
0.131630
0.695863
0.099752
0.399498
0.399498
0.327120
0.171915
0.074897
0.209600
0.046554
0.368979
0.380525
0.171915
0.475494
0.320806
0.209600
0.672823
0.304435
0.540922
0.394742
0.304435
0.380525
0.540922
0.518727
0.617854
0.399498
0.320806
0.288671
0.496903
0.344325
0.540922
0.406779
0.197797
0.426518
0.197797
0.253642
0.387593
0.540922
0.273514
0.446787
0.434080
0.226757
0.454542
0.126604
0.571972
0.672823
0.617854
0.947760
0.288671
0.406779
0.446787
0.080707
0.218844
0.267971
0.649688
0.649688
0.273514
0.258960
0.294528
0.617854
0.958545
0.337784
0.704484
0.121744
0.253642
0.749684
0.273514
0.594827
