0.000000
0.000000
0.000249
0.000004
0.000000
0.000000
0.000000
0.000000
0.000000
0.000000
0.000000
0.000000
0.000000
0.000000
0.000000
0.000000
0.000000
0.000000
0.000000
0.000000
0.000003
0.000000
0.000000
0.000000
0.000000
0.000000
0.000000
0.000000
0.000045
0.000000
0.000023
0.000000
0.000013
0.000000
0.006703
0.000000
0.000000
0.001006
0.000000
0.000000
0.000000
0.000000
0.000000
0.000000
0.000035
0.000000
0.000000
0.000000
0.275424
0.003131
0.000002
0.013654
0.000049
0.000123
0.000005
0.000899
0.000001
0.000004
0.000000
0.142275
0.000023
0.000000
0.000013
0.001184
0.491556
0.000000
0.000000
0.000059
0.000004
0.000000
0.000001
0.020886
0.000002
0.000051
0.000000
0.027908
0.000532
0.000016
0.000000
0.000000
0.000013
0.000000
0.004084
0.000976
0.000060
0.000000
0.000002
0.000000
0.000004
0.000000
0.000000
0.000000
0.000000
0.000003
0.000000
0.000000
0.009822
0.000038
0.036456
0.000002
0.002517
0.034568
0.000000
0.000000
0.157114
0.000000
0.000003
0.003289
0.246759
0.000000
0.001636
0.000035
0.000000
0.000000
0.002395
0.000038
0.013276
0.000014
0.000000
0.000087
0.000000
0.000288
0.000000
0.000000
0.000000
0.000014
0.000000
0.018883
0.000000
0.000000
0.000052
0.000000
0.000000
0.000000
0.076183
0.000000
0.000000
0.000000
0.000000
0.000000
0.000095
0.000000
0.000000
0.000019
0.000000
0.000078
0.000000
0.000000
0.000000
0.000000
0.000000
0.000000
0.000000
0.000000
0.000000
0.000000
0.000000
0.000000
0.000000
0.000000
0.000000
0.000000
0.000000
0.000000
0.000000
0.000000
0.000000
0.000000
0.000000
0.092778
0.115226
0.001828
0.000038
0.000014
0.000047
0.037099
0.000049
0.000703
0.112510
0.000129
0.409279
0.077446
0.000000
0.000682
0.011753
0.000068
0.000000
0.000000
0.043818
0.000000
0.018036
0.000000
0.000000
0.000000
0.000000
0.000000
0.013032
0.000000
0.000000
0.000000
0.000341
0.000000
0.000000
0.000000
0.000000
0.000000
0.000000
0.000000
0.000000
0.000000
0.000000
0.000000
0.000000
0.000008
0.000000
0.000053
0.000000
0.000000
0.003388
0.000000
0.051648
0.000000
0.000000
0.000000
0.000004
0.022466
0.000000
0.012670
0.000001
0.000000
0.000000
0.000002
0.067775
0.000000
0.000000
0.000000
0.000000
0.000000
0.000000
0.000006
0.036456
0.000000
0.000000
0.000000
0.000000
0.000000
0.000000
0.000000
0.000000
0.000000
0.000000
0.000000
0.000000
0.000000
0.000000
0.000000
0.000010
0.000000
0.000000
0.000000
0.000000
0.000000
0.000000
0.000000
0.000000
0.000000
0.000178
0.139014
0.025970
0.057717
0.000000
0.000000
0.000058
0.543791
0.000000
0.001184
0.000000
0.000899
0.000015
0.000000
0.001027
0.000000
0.000000
0.000000
0.001636
0.000000
0.000000
0.000000
0.000007
0.000000
0.014711
0.000003
0.000000
0.000000
0.000000
0.000000
0.003039
0.066084
0.000000
0.192150
0.000000
0.000000
0.000178
0.000000
0.000000
0.000138
0.000000
0.000000
0.000000
0.000000
0.000000
0.000000
0.000000
0.119859
0.000035
0.000000
0.000042
0.000007
0.000169
0.000000
0.147829
0.000000
0.001556
0.000000
0.000764
0.000000
0.002593
0.000000
0.000000
0.000000
0.000000
0.000000
0.000000
0.005162
0.002395
0.000000
0.000001
0.000000
0.000000
0.000000
0.001687
0.000002
0.000010
0.000002
0.000000
0.000000
0.000313
0.000000
0.000010
0.000000
0.000037
0.000648
0.000080
0.000113
0.000016
0.000000
0.000003
0.000031
0.000000
0.000257
0.000000
0.000000
0.000000
0.000000
0.000000
0.000000
0.000039
0.000000
0.000000
0.000000
0.000000
0.000000
0.000000
0.000000
0.000000
0.000000
0.000000
0.000000
0.000000
0.000001
0.000000
0.000000
0.000000
0.000000
0.000000
0.000000
0.000000
0.000000
0.000000
0.000000
0.000000
0.000000
0.000000
0.000000
0.000000
0.000000
0.000000
0.000000
0.000000
0.000000
0.000000
0.000000
0.000000
0.000000
0.000000
0.000000
0.000000
0.000000
0.000041
0.000000
0.000000
0.000532
0.000000
0.000000
0.000000
0.000000
0.000000
0.001126
0.000000
0.000000
0.000000
0.000000
0.000000
0.000019
0.002395
0.000000
0.000000
0.000451
0.000000
0.000000
0.000000
0.000000
0.000000
0.000000
0.002593
0.003965
0.002395
0.133745
0.001006
0.000000
0.000000
0.000000
0.000000
0.000001
0.000003
0.000055
0.000000
0.000001
0.000056
0.000000
0.000000
0.000003
0.000000
0.130653
0.000000
0.000055
0.005162
0.000000
0.000000
0.000000
0.000000
0.000000
0.000000
0.000000
0.000000
0.000000
0.000000
0.000000
0.000000
0.000000
0.000000
0.000000
0.000000
0.000000
0.000000
0.000040
0.000000
0.000000
0.000000
0.000000
0.000000
0.000000
0.000490
0.000013
0.000000
0.000138
0.000087
0.000000
0.000000
0.000000
0.000000
0.000000
0.000764
0.000000
0.000000
0.000236
0.000000
0.052999
0.000000
0.000041
0.000000
0.000000
0.000000
0.000000
0.000000
0.000000
0.000000
0.000000
0.000000
0.000000
0.000000
0.000000
0.000000
0.000000
0.000002
0.000000
0.002395
0.000000
0.000000
0.000000
0.000000
0.000000
0.000000
0.000000
0.000000
0.000000
0.000000
0.000000
0.000000
0.000000
0.000000
0.000000
0.000000
0.000000
0.000000
0.000000
0.000236
0.000000
0.000004
0.000000
0.000000
0.000000
0.014043
0.000000
0.000000
0.000000
0.000000
0.000000
0.000000
0.000000
0.000000
0.000001
0.000000
0.000000
0.000000
0.005855
0.000000
0.004775
0.000000
0.000000
0.000000
0.000030
0.000000
0.003666
0.115226
0.000000
0.000000
0.000000
0.000549
0.000000
0.000000
0.000000
0.000001
0.000804
0.000000
0.040864
