0.127623
0.409279
0.000609
0.108126
0.000002
0.000001
0.000000
0.000109
0.000029
0.160731
0.000294
0.003850
0.001324
0.000025
0.000648
0.001465
0.122729
0.000001
0.101413
0.000063
0.000000
0.029186
0.000001
0.139014
0.035500
0.012317
0.009822
0.855893
0.130653
0.010595
0.260793
0.000003
0.003388
0.000025
0.006511
0.296545
0.000049
0.001510
0.000330
0.004868
0.001092
0.000031
0.000829
0.000370
0.157114
0.000222
0.006028
0.016293
0.629509
0.478214
0.357661
0.880693
0.004775
0.002146
0.075538
0.491556
0.039801
0.020320
0.255445
0.874110
0.139014
0.170690
0.962240
0.922090
0.429087
0.000304
0.000500
0.350951
0.658394
0.944872
0.020886
0.003666
0.897436
0.181158
0.000009
0.429087
0.185229
0.499678
0.001556
0.000000
0.004416
0.000150
0.092778
0.787927
0.000001
0.000003
0.000804
0.079397
0.039115
0.001006
0.000001
0.005162
0.491556
0.004637
0.000163
0.050328
0.478214
0.891273
0.000330
0.040864
0.007593
0.001588
0.000000
0.246759
0.513281
0.000007
0.203680
0.060217
0.046970
0.026684
0.499678
0.483494
0.000005
0.357661
0.353229
0.151265
0.891273
0.290658
0.836720
0.160731
0.874110
0.147829
0.004637
0.429087
0.220452
0.001922
0.009822
0.255445
0.470257
0.000682
0.199280
0.032199
0.698805
0.147829
0.003039
0.251967
0.092778
0.000024
0.015128
0.003559
0.098985
0.074303
0.064990
0.033071
0.629509
0.260793
0.000021
0.000082
0.003039
0.000000
0.004416
0.296545
0.196422
0.001059
0.086919
0.000169
0.002041
0.000011
0.390021
0.008682
0.000000
0.000000
0.133745
0.052999
0.036456
0.353229
0.010900
0.005162
0.055312
0.382926
0.470257
0.543791
0.874110
0.007239
0.000341
0.907293
0.215763
0.884948
0.978604
0.057717
0.228410
0.382926
0.029982
0.112510
0.005262
0.139014
0.028672
0.160731
0.350951
0.306500
0.275424
0.160731
0.000000
0.006703
0.281082
0.000178
0.382926
0.215763
0.018883
0.098985
0.170690
0.039801
0.028672
0.001981
0.000000
0.000002
0.006703
0.000092
0.000031
0.006205
0.025970
0.007593
0.000279
0.000451
0.000764
0.001310
0.329292
0.018883
0.390021
0.000002
0.130653
0.000119
0.986757
0.000150
0.000007
0.040864
0.574890
0.329292
0.003850
0.000000
0.390021
0.000424
0.056750
0.000004
0.000031
0.115226
0.033071
0.296545
0.006511
0.022875
0.001246
0.000000
0.015845
0.012090
0.001351
0.001981
0.000055
0.029982
0.000829
0.003455
0.000000
0.000058
0.009822
0.000000
0.000313
0.006703
0.000010
0.020320
0.074303
0.003965
0.006028
0.056750
0.014043
0.000000
0.462365
0.019768
0.000086
0.649688
0.829282
0.346575
0.004775
0.002808
0.255445
0.006511
0.029982
0.281082
0.001393
0.766291
0.050328
0.151265
0.795913
0.658394
0.011753
0.024158
0.096609
0.371333
0.005855
0.371333
0.001636
0.000187
0.001271
0.441715
0.079397
0.069506
0.000003
0.151265
0.153566
0.744157
0.001636
0.478214
0.002725
0.029982
0.241635
0.041952
0.008197
0.001588
0.004288
0.130653
0.251967
0.160731
0.032199
0.774492
0.690166
0.766291
0.105557
0.296545
0.105557
0.177160
0.006703
0.335721
0.013909
0.098985
0.002517
0.000007
0.044980
0.170690
0.090535
0.060743
0.589144
0.956001
0.000330
0.170690
0.266225
0.009546
0.074303
0.057717
0.019768
0.401971
0.127623
0.000002
0.003039
0.698805
0.001059
0.001393
0.000002
0.074303
0.018883
0.016293
0.036456
0.001351
0.035500
0.312615
0.907293
0.535389
0.112510
0.181158
0.079397
0.470257
0.364456
0.891273
0.000027
0.004637
0.009368
0.000000
0.000009
0.051648
0.000516
0.335721
0.000628
0.000123
0.002808
0.000217
0.000628
0.312615
0.003289
0.001828
0.000005
0.000002
0.001510
0.880693
0.606422
0.000038
0.000000
0.000855
0.000009
0.033071
0.000236
0.026684
0.002593
0.008197
0.000764
0.062310
0.000007
0.001981
0.000382
0.020886
0.007239
0.079397
0.018883
0.006205
0.048208
0.000001
0.203680
0.002146
0.014711
0.000138
0.000013
0.000000
0.090535
0.208158
0.013032
0.000005
0.060743
0.003039
0.000000
0.010900
0.017543
0.006205
0.698805
0.109849
0.008197
0.001774
0.005578
0.220452
0.002211
0.000000
0.095071
0.005578
0.051648
0.000578
0.000000
0.251967
0.122729
0.002593
0.002593
0.000078
0.046970
0.521553
0.329292
0.071276
0.020320
0.260793
0.002395
0.033071
0.170690
0.429087
0.260793
0.275424
0.112510
0.003965
0.000003
0.013654
0.721628
0.346575
0.069506
0.275424
0.233315
0.072465
0.081393
0.981075
0.629509
0.597771
0.220452
0.002593
0.927324
0.006325
0.024158
0.060743
0.897436
0.409279
0.023508
0.000069
0.913005
0.766291
0.051648
0.675784
0.507859
0.000003
0.038094
0.275424
0.033071
0.000116
0.543791
0.329292
0.897436
0.033071
0.000490
0.238302
0.020886
0.000172
0.000000
0.170690
0.364456
0.000158
0.001687
0.000042
0.041952
0.233315
0.390021
0.346575
0.076183
0.000034
0.013654
0.014711
0.147829
0.000204
0.251967
0.044980
0.390021
0.000000
0.000001
0.000402
0.039115
0.019412
0.098985
0.028672
0.001006
0.000000
0.192150
0.004084
0.086919
0.000320
0.429087
0.000000
0.449423
0.000003
0.105557
0.000134
0.010900
0.228410
0.000597
0.022466
0.436675
0.002443
0.000561
0.880693
0.000451
0.000382
0.322949
0.003039
0.025970
0.035500
0.010900
0.000123
0.246759
0.004084
0.000000
0.001092
0.000000
0.000033
0.000628
0.000402
0.233315
0.196422
0.130653
0.543791
0.340005
0.449423
0.329292
0.223587
0.037099
0.000136
0.000013
0.552238
0.787927
0.108126
0.470257
0.034568
0.874110
0.059212
0.013654
0.001981
0.160731
0.236593
0.000390
0.032199
