0.771705
0.387593
0.406779
0.557828
0.901408
0.891273
0.695863
0.557828
0.681504
0.971109
0.434080
0.179787
0.672823
0.362130
0.771705
0.340005
0.787927
0.793201
0.206623
0.801128
0.793201
0.771705
0.779856
0.226757
0.434080
0.727244
0.483494
0.414138
0.094284
0.147829
0.867378
0.901408
0.758020
0.316692
0.617854
0.626544
0.922090
0.935597
0.549354
0.220452
0.612135
0.884948
0.549354
0.829282
0.033659
0.571972
0.310521
0.766291
0.571972
0.483494
0.454542
0.253642
0.971109
0.874110
0.513281
0.626544
0.758020
0.779856
0.540922
0.368979
0.000348
0.672823
0.971109
0.635244
0.690166
0.245003
0.971109
0.096609
0.922090
0.042305
0.749684
0.589144
0.735726
0.695863
0.597771
0.947760
0.535389
0.401971
0.907293
0.173237
0.202171
0.848789
0.793201
0.098170
0.505064
0.994555
0.290658
0.829282
0.255445
0.735726
0.462365
0.603471
0.801128
0.513281
0.329292
0.848789
0.236593
0.672823
0.228410
0.333520
0.255445
0.580543
0.994555
0.304435
0.962240
0.735726
0.718717
0.986757
0.462365
0.406779
0.163153
0.821730
0.350951
0.884948
0.159490
0.496903
0.499678
0.496903
0.603471
0.967937
0.884948
0.077446
0.958545
0.333520
0.394742
0.672823
0.704484
0.841556
0.104694
0.860501
0.264363
0.649688
0.179787
0.137917
0.594827
0.462365
0.635244
0.779856
0.357661
0.978604
0.421575
0.258960
0.446787
0.496903
0.922090
0.749684
0.704484
0.218844
0.713075
0.626544
0.163153
0.061772
0.399498
0.540922
0.878466
0.640981
0.658394
0.518727
0.346575
0.344325
0.571972
0.580543
0.320806
0.505064
0.264363
0.612135
0.640981
0.860501
0.947760
0.284858
0.690166
0.467559
0.269851
0.996919
0.594827
0.649688
0.382926
0.779856
0.045761
0.749684
0.626544
0.394742
0.801128
0.132684
0.649688
0.540922
0.300471
0.364456
0.163153
0.626544
0.267971
0.300471
0.161896
0.483494
0.449423
0.505064
0.513281
0.088340
0.491556
0.441715
0.779856
0.841556
0.380525
0.421575
0.549354
0.446787
0.626544
0.626544
0.483494
0.535389
0.221961
0.454542
0.557828
0.758020
0.197797
0.612135
0.394742
0.787927
0.695863
0.649688
0.594827
0.891273
0.649688
0.704484
0.049040
0.922090
0.978604
0.543791
0.316692
0.350951
0.215763
0.735726
0.250182
0.672823
0.483494
0.971109
0.017063
0.044581
0.540922
0.713075
0.727244
0.672823
0.446787
0.787927
0.094284
0.649688
0.327120
0.434080
0.199280
0.066084
0.350951
0.300471
0.032199
0.771705
0.414138
0.117048
0.047782
0.735726
0.771705
0.039801
0.549354
0.998463
0.513281
0.848789
0.269851
0.454542
0.362130
0.681504
0.387593
0.483494
0.111596
0.103042
0.483494
0.186540
0.771705
0.310521
0.922090
0.821730
0.998463
0.387593
0.082732
0.053907
0.294528
0.617854
0.197797
0.841556
0.841556
0.571972
0.475494
0.073672
0.557828
0.681504
0.978604
0.841556
0.841556
0.333520
0.612135
0.218844
0.284858
0.350951
0.163153
0.362130
0.327120
0.549354
0.187953
0.994555
0.236593
0.131630
0.513281
0.496903
0.571972
0.173237
0.062816
0.867378
0.967937
0.793201
0.735726
0.801128
0.505064
0.878466
0.518727
0.681504
0.884948
0.310521
0.771705
0.735726
0.527033
0.426518
0.974087
0.446787
0.132684
0.808960
0.884948
0.771705
0.462365
0.603471
0.971109
0.557828
0.787927
0.446787
0.718717
0.177160
0.273514
0.821730
0.241635
0.695863
0.672823
0.718717
0.935597
0.704484
0.984769
0.144460
0.884948
0.793201
0.808960
0.922090
0.194957
0.589144
0.152372
0.260793
0.304435
0.121744
0.441715
0.727244
0.848789
0.867378
0.594827
0.695863
0.409279
0.127623
0.916674
0.344325
0.406779
0.505064
0.841556
0.635244
0.009016
0.137917
0.594827
0.589144
0.505064
0.316692
0.183833
0.387593
0.821730
0.310521
0.801128
0.190711
0.206623
0.580543
0.758020
0.658394
0.779856
0.527033
0.940331
0.008847
0.421575
0.841556
0.322949
0.368979
0.935597
0.891273
0.236593
0.940331
0.079397
0.986757
0.426518
0.394742
0.658394
0.704484
0.727244
0.704484
0.971109
0.264363
0.821730
0.273514
0.245003
0.672823
0.540922
0.749684
0.088340
0.667094
0.672823
0.540922
0.421575
0.901408
0.549354
0.496903
0.454542
0.594827
0.635244
0.454542
0.566341
0.848789
0.527033
0.589144
0.749684
0.735726
0.505064
0.441715
0.836720
0.055312
0.470257
0.080707
0.092008
0.735726
0.350951
0.978604
0.603471
0.771705
0.658394
0.557828
0.690166
0.626544
0.589144
0.758020
0.749684
0.735726
0.727244
0.483494
0.704484
0.821730
0.253642
0.793201
0.922090
0.801128
0.658394
0.962240
0.052535
0.434080
0.333520
0.194957
0.327120
0.357661
0.758020
0.121744
0.165605
0.054829
0.640981
0.998868
0.594827
0.626544
0.971109
0.340005
0.202171
0.053907
0.426518
0.718717
0.211153
0.394742
0.518727
0.505064
0.808960
0.779856
0.787927
0.672823
0.255445
0.375911
0.735726
0.841556
0.617854
0.860501
0.603471
0.935597
0.072465
0.594827
0.051194
0.496903
0.183833
0.387593
0.735726
0.658394
0.867378
0.475494
0.971109
0.387593
0.727244
0.727244
0.329292
0.841556
0.364456
0.867378
0.406779
0.294528
0.153566
0.681504
0.695863
0.340005
0.930673
0.505064
0.713075
0.467559
0.649688
0.273514
0.571972
0.316692
0.406779
0.735726
0.380525
0.387593
0.344325
0.350951
0.362130
0.414138
0.580543
0.695863
0.294528
0.052535
0.695863
0.749684
0.078727
0.793201
0.649688
0.496903
0.159490
0.848789
0.793201
0.011106
0.801128
0.183833
0.571972
0.992594
0.505064
0.867378
0.055312
0.617854
0.549354
0.483494
0.344325
0.704484
0.187953
0.901408
0.380525
0.394742
0.540922
0.446787
