0.658394
0.215763
0.409279
0.727244
0.179787
0.187953
0.357661
0.333520
0.690166
0.727244
0.173237
0.749684
0.821730
0.735726
0.787927
0.467559
0.029186
0.070668
0.320806
0.003455
0.181158
0.032771
0.211153
0.649688
0.612135
0.779856
0.571972
0.166886
0.643949
0.333520
0.002808
0.001774
0.727244
0.429087
0.735726
0.312615
0.758020
0.449423
0.236593
0.166886
0.499678
0.169385
0.236593
0.250182
0.947760
0.141156
0.179787
0.223587
0.300471
0.867378
0.667094
0.382926
0.635244
0.521553
0.913005
0.913005
0.771705
0.643949
0.841556
0.322949
0.040864
0.470257
0.394742
0.758020
0.907293
0.829282
0.635244
0.962240
0.107244
0.643949
0.635244
0.147829
0.132684
0.340005
0.124654
0.037099
0.290658
0.175815
0.478214
0.649688
0.119859
0.199280
0.513281
0.000077
0.535389
0.246759
0.713075
0.096609
0.078727
0.084803
0.787927
0.037099
0.066084
0.061772
0.094284
0.543791
0.935597
0.771705
0.527033
0.635244
0.626544
0.721628
0.574890
0.241635
0.981075
0.612135
0.658394
0.867378
0.698805
0.124654
0.429087
0.269851
0.016139
0.658394
0.056256
0.019768
0.483494
0.051648
0.527033
0.744157
0.109849
0.518727
0.449423
0.380525
0.327120
0.401971
0.049040
0.215763
0.147829
0.901408
0.836720
0.566341
0.077446
0.050328
0.082732
0.135818
0.821730
0.884948
0.821730
0.233315
0.255445
0.986757
0.150086
0.357661
0.250182
0.995551
0.117048
0.462365
0.023508
0.552238
0.139014
0.766291
0.589144
0.449423
0.658394
0.848789
0.375911
0.357661
0.382926
0.449423
0.049040
0.228410
0.771705
0.704484
0.255445
0.901408
0.109849
0.749684
0.399498
0.907293
0.907293
0.470257
0.521553
0.965738
0.333520
0.557828
0.426518
0.704484
0.787927
0.281082
0.306500
0.382926
0.557828
0.183833
0.340005
0.042685
0.874110
0.220452
0.597771
0.867378
0.129613
0.475494
0.382926
0.962240
0.947760
0.867378
0.612135
0.907293
0.194957
0.279144
0.061772
0.014305
0.236593
0.735726
0.749684
0.250182
0.260793
0.306500
0.279144
0.401971
0.306500
0.181158
0.612135
0.821730
0.884948
0.096609
0.640981
0.357661
0.940331
0.535389
0.401971
0.192150
0.841556
0.306500
0.922090
0.139014
0.940331
0.150086
0.014305
0.667094
0.594827
0.505064
0.907293
0.521553
0.891273
0.203680
0.667094
0.690166
0.429087
0.223587
0.157114
0.513281
0.841556
0.986757
0.401971
0.223587
0.808960
0.543791
0.808960
0.907293
0.039801
0.462365
0.675784
0.454542
0.635244
0.513281
0.090535
0.000918
0.483494
0.652656
0.940331
0.003039
0.527033
0.779856
0.166886
0.513281
0.144460
0.527033
0.150086
0.704484
0.808960
0.978604
0.406779
0.007593
0.042685
0.635244
0.079397
0.916674
0.199280
0.211153
0.884948
0.223587
0.496903
0.535389
0.004868
0.505064
0.077446
0.496903
0.306500
0.543791
0.007593
0.139014
0.549354
0.157114
0.318816
0.069506
0.891273
0.387593
0.312615
0.449423
0.557828
0.571972
0.672823
0.139014
0.658394
0.470257
0.643949
0.735726
0.527033
0.658394
0.051194
0.470257
0.340005
0.589144
0.394742
0.005013
0.135818
0.316692
0.024596
0.103042
0.000294
0.382926
0.001556
0.241635
0.371333
0.649688
0.971109
0.012907
0.779856
0.124654
0.505064
0.084803
0.766291
0.713075
0.667094
0.394742
0.449423
0.649688
0.387593
0.958545
0.867378
0.787927
0.884948
0.713075
0.119859
0.350951
0.927324
0.255445
0.841556
0.199280
0.874110
0.922090
0.549354
0.557828
0.735726
0.019768
0.026438
0.749684
0.907293
0.192150
0.626544
0.672823
0.978604
0.735726
0.566341
0.922090
0.135818
0.066084
0.255445
0.891273
0.296545
0.991213
0.446787
0.649688
0.364456
0.144460
0.031348
0.421575
0.681504
0.199280
0.233315
0.421575
0.787927
0.848789
0.177160
0.236593
0.543791
0.401971
0.002517
0.801128
0.571972
0.009104
0.836720
0.907293
0.626544
0.543791
0.816691
0.055312
0.290658
0.050328
0.658394
0.187953
0.704484
0.643949
0.018883
0.771705
0.086192
0.841556
0.429087
0.029186
0.907293
0.867378
0.758020
0.594827
0.675784
0.214182
0.749684
0.658394
0.787927
0.860501
0.829282
0.491556
0.333520
0.821730
0.159490
0.681504
0.409279
0.518727
0.260793
0.758020
0.612135
0.316692
0.749684
0.429087
0.557828
0.758020
0.965738
0.127623
0.589144
0.223587
0.571972
0.543791
0.215763
0.836720
0.409279
0.103042
0.011974
0.771705
0.208158
0.269851
0.690166
0.241635
0.758020
0.491556
0.044980
0.735726
0.322949
0.139014
0.821730
0.821730
0.034568
0.449423
0.157114
0.269851
0.151265
0.449423
0.421575
0.130653
0.052535
0.681504
0.884948
0.821730
0.513281
0.401971
0.594827
0.758020
0.808960
0.535389
0.620815
0.821730
0.084803
0.801128
0.215763
0.322949
0.353229
0.031348
0.223587
0.874110
0.173237
0.935597
0.012317
0.543791
0.901408
0.096609
0.357661
0.250182
0.907293
0.758020
0.681504
0.557828
0.829282
0.695863
0.695863
0.092778
0.018368
0.074303
0.215763
0.051648
0.042685
0.228410
0.958545
0.901408
0.594827
0.449423
0.346575
0.704484
0.690166
0.296545
0.617854
0.793201
0.884948
0.962240
0.681504
0.549354
0.375911
0.075538
0.829282
0.350951
0.779856
0.340005
0.557828
0.779856
0.713075
0.246759
0.150086
0.074303
0.808960
0.672823
0.612135
0.004637
0.779856
0.499678
0.848789
0.597771
0.505064
0.907293
0.061772
0.157114
0.382926
0.147829
0.322949
0.991213
0.114294
0.801128
0.316692
0.335721
0.916674
0.713075
0.744157
0.004868
0.735726
0.223587
0.163153
0.296545
0.001080
0.867378
0.695863
0.250182
0.643949
0.779856
0.101413
0.157114
0.766291
0.690166
0.779856
0.499678
