0.916674
0.518727
0.695863
0.901408
0.380525
0.327120
0.279144
0.571972
0.518727
0.267971
0.304435
0.867378
0.649688
0.209600
0.916674
0.304435
0.841556
0.735726
0.239907
0.086192
0.344325
0.649688
0.594827
0.626544
0.704484
0.267971
0.099752
0.860501
0.971109
0.821730
0.434080
0.273514
0.316692
0.304435
0.414138
0.467559
0.808960
0.368979
0.540922
0.387593
0.327120
0.916674
0.841556
0.704484
0.190711
0.571972
0.860501
0.935597
0.758020
0.375911
0.228410
0.044581
0.962240
0.153566
0.965738
0.749684
0.183833
0.998463
0.214182
0.027652
0.626544
0.284858
0.620815
0.467559
0.209600
0.218844
0.462365
0.089781
0.594827
0.571972
0.891273
0.779856
0.304435
0.273514
0.300471
0.549354
0.380525
0.891273
0.704484
0.258960
0.829282
0.094284
0.749684
0.658394
0.044581
0.169385
0.250182
0.549354
0.197797
0.884948
0.454542
0.049040
0.421575
0.245003
0.603471
0.054829
0.557828
0.962240
0.867378
0.855893
0.549354
0.211153
0.002491
0.190711
0.922090
0.021268
0.749684
0.288671
0.617854
0.916674
0.860501
0.958545
0.253642
0.829282
0.316692
0.518727
0.681504
0.169385
0.935597
0.821730
0.821730
0.406779
0.535389
0.643949
0.704484
0.922090
0.088340
0.535389
0.695863
0.922090
0.294528
0.681504
0.626544
0.250182
0.695863
0.344325
0.368979
0.446787
0.003523
0.344325
0.771705
0.144460
0.414138
0.626544
0.426518
0.267971
0.186540
0.426518
0.446787
0.935597
0.368979
0.264363
0.071848
0.695863
0.640981
0.320806
0.434080
0.594827
0.603471
0.267971
0.771705
0.984769
0.197797
0.640981
0.253642
0.087602
0.771705
0.368979
0.603471
0.860501
0.814067
0.771705
0.749684
0.340005
0.658394
0.884948
0.518727
0.626544
0.695863
0.758020
0.206623
0.549354
0.141156
0.571972
0.771705
0.250182
0.155897
0.713075
0.264363
0.146673
0.483494
0.177160
0.867378
0.406779
0.518727
0.749684
0.814067
0.197797
0.350951
0.344325
0.557828
0.995551
0.535389
0.690166
0.491556
0.916674
0.496903
0.594827
0.727244
0.475494
0.454542
0.387593
0.483494
0.527033
0.518727
0.540922
0.884948
0.901408
0.454542
0.454542
0.801128
0.333520
0.617854
0.236593
0.727244
0.399498
0.771705
0.316692
0.279144
0.434080
0.000386
0.462365
0.891273
0.337784
0.978604
0.327120
0.475494
0.426518
0.054829
0.333520
0.387593
0.250182
0.020499
0.518727
0.333520
0.387593
0.187953
0.916674
0.704484
0.406779
0.467559
0.362130
0.382926
0.571972
0.387593
0.841556
0.695863
0.475494
0.991213
0.001755
0.446787
0.640981
0.758020
0.163153
0.202171
0.505064
0.527033
0.206623
0.540922
0.967937
0.771705
0.594827
0.727244
0.940331
0.368979
0.414138
0.681504
0.940331
0.916674
0.300471
0.626544
0.155897
0.814067
0.935597
0.713075
0.518727
0.626544
0.821730
0.771705
0.467559
0.829282
0.194957
0.226757
0.454542
0.446787
0.394742
0.821730
0.916674
0.557828
0.104694
0.426518
0.649688
0.989675
0.735726
0.779856
0.218844
0.434080
0.540922
0.672823
0.333520
0.223587
0.340005
0.258960
0.236593
0.362130
0.649688
0.649688
0.672823
0.935597
0.718717
0.505064
0.183833
0.255445
0.041578
0.194957
0.253642
0.571972
0.239907
0.727244
0.878466
0.848789
0.727244
0.735726
0.801128
0.518727
0.557828
0.540922
0.340005
0.571972
0.255445
0.406779
0.518727
0.017866
0.092008
0.199280
0.144460
0.867378
0.690166
0.841556
0.255445
0.462365
0.626544
0.066084
0.401971
0.758020
0.179787
0.346575
0.549354
0.194957
0.557828
0.226757
0.190711
0.221961
0.279144
0.434080
0.304435
0.603471
0.426518
0.916674
0.267971
0.221961
0.218844
0.667094
0.505064
0.793201
0.140045
0.695863
0.304435
0.758020
0.527033
0.344325
0.518727
0.380525
0.518727
0.626544
0.267971
0.357661
0.958545
0.571972
0.496903
0.380525
0.626544
0.380525
0.362130
0.382926
0.294528
0.841556
0.304435
0.467559
0.821730
0.640981
0.571972
0.617854
0.446787
0.841556
0.320806
0.406779
0.571972
0.454542
0.594827
0.446787
0.704484
0.793201
0.279144
0.518727
0.580543
0.563435
0.173237
0.518727
0.387593
0.344325
0.771705
0.594827
0.589144
0.580543
0.672823
0.695863
0.771705
0.143326
0.380525
0.771705
0.891273
0.735726
0.821730
0.279144
0.454542
0.132684
0.808960
0.612135
0.841556
0.067775
0.571972
0.821730
0.695863
0.327120
0.527033
0.557828
0.841556
0.513281
0.394742
0.327120
0.223587
0.713075
0.267971
0.821730
0.571972
0.380525
0.387593
0.467559
0.467559
0.518727
0.380525
0.426518
0.344325
0.090535
0.779856
0.362130
0.549354
0.165605
0.704484
0.375911
0.617854
0.387593
0.571972
0.672823
0.387593
0.304435
0.165605
0.771705
0.327120
0.406779
0.793201
0.549354
0.406779
0.513281
0.294528
0.194957
0.617854
0.375911
0.387593
0.594827
0.749684
0.801128
0.841556
0.253642
0.617854
0.718717
0.884948
0.320806
0.264363
0.704484
0.527033
0.930673
0.758020
0.505064
0.146673
0.137917
0.947760
0.169385
0.340005
0.304435
0.672823
0.159490
0.695863
0.771705
0.518727
0.073672
0.718717
0.841556
0.132684
0.202171
0.483494
0.640981
0.206623
0.571972
0.421575
0.258960
0.771705
0.304435
0.190711
0.380525
0.672823
0.152372
0.771705
0.169385
0.426518
0.406779
0.104694
0.426518
0.635244
0.126604
0.672823
0.226757
0.518727
0.617854
0.951979
0.901408
0.649688
0.860501
0.350951
0.821730
0.496903
0.626544
0.643949
0.279144
0.672823
0.098170
0.333520
0.935597
0.206623
0.454542
0.867378
0.340005
0.922090
0.749684
0.535389
0.153566
0.749684
0.580543
0.067775
0.916674
0.075538
0.603471
0.672823
0.132684
0.771705
