0.288671
0.426518
0.146673
0.344325
0.821730
0.518727
0.202171
0.571972
0.749684
0.467559
0.239907
0.549354
0.344325
0.116102
0.617854
0.540922
0.161896
0.571972
0.549354
0.344325
0.771705
0.454542
0.446787
0.239907
0.527033
0.327120
0.446787
0.099752
0.155897
0.518727
0.771705
0.253642
0.649688
0.454542
0.580543
0.320806
0.368979
0.214182
0.179787
0.161896
0.421575
0.787927
0.635244
0.496903
0.527033
0.549354
0.258960
0.758020
0.394742
0.695863
0.194957
0.129613
0.658394
0.580543
0.549354
0.793201
0.380525
0.406779
0.749684
0.496903
0.279144
0.380525
0.350951
0.406779
0.930673
0.549354
0.884948
0.848789
0.907293
0.841556
0.718717
0.350951
0.635244
0.273514
0.267971
0.649688
0.327120
0.978604
0.434080
0.446787
0.375911
0.947760
0.483494
0.454542
0.426518
0.475494
0.475494
0.878466
0.594827
0.496903
0.483494
0.749684
0.421575
0.483494
0.540922
0.310521
0.571972
0.454542
0.118894
0.612135
0.273514
0.672823
0.735726
0.454542
0.860501
0.146673
0.947760
0.215763
0.626544
0.617854
0.947760
0.527033
0.816691
0.704484
0.084803
0.758020
0.406779
0.989675
0.658394
0.947760
0.649688
0.075538
0.681504
0.821730
0.047782
0.916674
0.253642
0.841556
0.681504
0.916674
0.505064
0.907293
0.462365
0.930673
0.143326
0.304435
0.540922
0.635244
0.253642
0.947760
0.060217
0.563435
0.226757
0.304435
0.640981
0.018196
0.594827
0.327120
0.672823
0.801128
0.267971
0.186540
0.901408
0.617854
0.058699
0.179787
0.771705
0.106369
0.380525
0.571972
0.749684
0.814067
0.161896
0.368979
0.267971
0.267971
0.594827
0.475494
0.649688
0.617854
0.735726
0.571972
0.793201
0.429087
0.001774
0.084092
0.841556
0.344325
0.884948
0.380525
0.094284
0.649688
0.058699
0.704484
0.821730
0.300471
0.695863
0.735726
0.414138
0.344325
0.704484
0.344325
0.540922
0.496903
0.841556
0.159490
0.250182
0.218844
0.749684
0.316692
0.860501
0.727244
0.594827
0.394742
0.380525
0.594827
0.362130
0.380525
0.947760
0.380525
0.793201
0.253642
0.344325
0.143326
0.617854
0.617854
0.214182
0.971109
0.649688
0.223587
0.215763
0.958545
0.434080
0.426518
0.095811
0.758020
0.231634
0.446787
0.749684
0.462365
0.884948
0.284858
0.434080
0.594827
0.996919
0.821730
0.028919
0.496903
0.793201
0.333520
0.626544
0.267971
0.258960
0.236593
0.884948
0.035180
0.446787
0.123655
0.426518
0.496903
0.518727
0.231634
0.749684
0.672823
0.635244
0.454542
0.183833
0.841556
0.563435
0.874110
0.527033
0.984769
0.446787
0.557828
0.749684
0.695863
0.134742
0.414138
0.046554
0.989675
0.718717
0.649688
0.394742
0.316692
0.496903
0.080707
0.320806
0.594827
0.617854
0.399498
0.121744
0.649688
0.483494
0.446787
0.793201
0.549354
0.907293
0.612135
0.571972
0.672823
0.571972
0.137917
0.434080
0.771705
0.300471
0.518727
0.580543
0.749684
0.527033
0.884948
0.462365
0.368979
0.727244
0.821730
0.406779
0.821730
0.901408
0.527033
0.333520
0.947760
0.603471
0.035180
0.426518
0.695863
0.867378
0.695863
0.496903
0.362130
0.978604
0.695863
0.801128
0.406779
0.245003
0.947760
0.594827
0.649688
0.841556
0.901408
0.986757
0.649688
0.171915
0.304435
0.279144
0.695863
0.801128
0.867378
0.901408
0.695863
0.681504
0.758020
0.821730
0.310521
0.649688
0.695863
0.344325
0.704484
0.947760
0.194957
0.467559
0.310521
0.406779
0.667094
0.571972
0.146673
0.518727
0.155897
0.250182
0.518727
0.848789
0.571972
0.399498
0.426518
0.718717
0.643949
0.571972
0.672823
0.231634
0.406779
0.475494
0.171915
0.387593
0.387593
0.549354
0.640981
0.426518
0.134742
0.320806
0.159490
0.175815
0.860501
0.267971
0.426518
0.087602
0.327120
0.446787
0.267971
0.594827
0.223587
0.316692
0.320806
0.704484
0.059696
0.399498
0.695863
0.749684
0.304435
0.094284
0.467559
0.535389
0.779856
0.672823
0.649688
0.320806
0.518727
0.557828
0.140045
0.793201
0.749684
0.891273
0.380525
0.594827
0.126604
0.571972
0.344325
0.209600
0.617854
0.380525
0.540922
0.821730
0.540922
0.749684
0.320806
0.580543
0.322949
0.557828
0.958545
0.467559
0.368979
0.672823
0.434080
0.231634
0.801128
0.891273
0.362130
0.126604
0.718717
0.821730
0.020130
0.316692
0.399498
0.779856
0.617854
0.406779
0.483494
0.084092
0.239907
0.829282
0.649688
0.426518
0.958545
0.320806
0.695863
0.617854
0.704484
0.375911
0.521553
0.496903
0.239907
0.571972
0.446787
0.749684
0.406779
0.496903
0.841556
0.496903
0.467559
0.771705
0.462365
0.399498
0.594827
0.441715
0.226757
0.749684
0.253642
0.640981
0.771705
0.727244
0.462365
0.209600
0.434080
0.171915
0.563435
0.290658
0.540922
0.126604
0.571972
0.344325
0.771705
0.771705
0.626544
0.467559
0.958545
0.749684
0.779856
0.626544
0.483494
0.901408
0.704484
0.226757
0.414138
0.109849
0.563435
0.571972
0.986757
0.594827
0.771705
0.672823
0.165605
0.640981
0.649688
0.304435
0.771705
0.749684
0.074897
0.617854
0.735726
0.718717
0.649688
0.209600
0.557828
0.279144
0.426518
0.841556
0.467559
0.617854
0.245003
0.406779
0.594827
0.337784
0.380525
0.848789
0.878466
0.617854
0.406779
0.695863
0.304435
0.749684
0.901408
0.580543
0.704484
0.867378
0.454542
0.594827
0.258960
0.860501
0.727244
0.695863
0.209600
0.626544
0.171915
0.672823
0.140045
0.475494
0.399498
0.380525
0.320806
0.380525
0.368979
0.779856
0.916674
0.829282
0.672823
0.841556
0.211153
0.518727
0.344325
0.540922
0.426518
0.978604
0.320806
0.571972
0.401971
0.434080
0.310521
0.884948
0.589144
