0.589144
0.050328
0.000019
0.000000
0.000127
0.000000
0.000040
0.000000
0.056750
0.000000
0.000000
0.000000
0.002672
0.000005
0.000000
0.000000
0.000000
0.000007
0.000000
0.000000
0.000000
0.000002
0.000829
0.004416
0.001884
0.000005
0.000037
0.012670
0.127623
0.010900
0.233315
0.044980
0.353229
0.000000
0.000000
0.203680
0.017543
0.000009
0.000001
0.000031
0.000007
0.001828
0.001828
0.000001
0.076183
0.000031
0.011753
0.266225
0.001393
0.003388
0.574890
0.543791
0.000490
0.000049
0.766291
0.022466
0.816691
0.409279
0.441715
0.296545
0.039115
0.094284
0.002725
0.016293
0.064990
0.000475
0.021268
0.390021
0.014711
0.000003
0.039115
0.035500
0.005418
0.001246
0.157114
0.000001
0.000829
0.000065
0.000000
0.000002
0.000000
0.115226
0.000003
0.105557
0.000000
0.000127
0.000000
0.416665
0.007239
0.041952
0.046970
0.000000
0.215763
0.000000
0.000006
0.090535
0.000872
0.006028
0.000113
0.000946
0.090535
0.220452
0.009104
0.000005
0.220452
0.022466
0.597771
0.000000
0.855893
0.001006
0.264363
0.409279
0.008682
0.105557
0.318816
0.000007
0.215763
0.001556
0.436675
0.056750
0.220452
0.000000
0.000000
0.220452
0.713075
0.001687
0.000042
0.000012
0.105557
0.029982
0.007239
0.001149
0.000005
0.000359
0.170690
0.000000
0.043818
0.000000
0.000000
0.000000
0.064990
0.003131
0.011425
0.003965
0.000178
0.000000
0.000000
0.000000
0.000007
0.000000
0.000178
0.160731
0.000058
0.000078
0.000001
0.004775
0.000000
0.009368
0.004288
0.000000
0.000008
0.000001
0.000001
0.000040
0.000000
0.000027
0.000055
0.000014
0.000740
0.390021
0.597771
0.025274
0.008197
0.139014
0.030798
0.076183
0.157114
0.046970
0.000000
0.867378
0.050328
0.233315
0.350951
0.007378
0.196422
0.020692
0.000035
0.021268
0.390021
0.867378
0.000003
0.025274
0.115226
0.000000
0.000012
0.003289
0.281082
0.000011
0.836720
0.000031
0.007815
0.000050
0.000000
0.005013
0.064990
0.001828
0.000000
0.000085
0.000000
0.000000
0.000703
0.016753
0.000150
0.000004
0.000288
0.001006
0.084803
0.009368
0.220452
0.000000
0.000370
0.371333
0.003289
0.001588
0.001393
0.000085
0.015128
0.000037
0.000000
0.000000
0.013276
0.000008
0.036456
0.000009
0.001981
0.151265
0.001436
0.025970
0.000104
0.192150
0.000002
0.000045
0.000008
0.000000
0.000012
0.000013
0.000000
0.000000
0.000217
0.000041
0.000014
0.000000
0.020886
0.000000
0.000000
0.076183
0.000003
0.000004
0.000003
0.000113
0.000288
0.000095
0.000000
0.000000
0.375911
0.141156
0.353229
0.105557
0.306500
0.000000
0.036127
0.001981
0.690166
0.014711
0.000304
0.001351
0.000001
0.153566
0.589144
0.181158
0.170690
0.000009
0.329292
0.000000
0.855893
0.000304
0.000001
0.017543
0.004775
0.000000
0.170690
0.000113
0.002395
0.000002
0.000005
0.233315
0.322949
0.033071
0.429087
0.000000
0.064990
0.010595
0.086919
0.002593
0.031348
0.721628
0.000004
0.000003
0.004372
0.397198
0.000082
0.774492
0.010900
0.007239
0.000053
0.215763
0.290658
0.000424
0.002395
0.000063
0.620815
0.147829
0.011753
0.016293
0.076183
0.000053
0.074303
0.002593
0.322949
0.098985
0.000288
0.000475
0.076183
0.030798
0.000532
0.335721
0.312615
0.816691
0.312615
0.000003
0.000005
0.008436
0.000058
0.000000
0.008436
0.092778
0.208158
0.019768
0.000026
0.000229
0.055312
0.000370
0.002443
0.000001
0.009822
0.478214
0.000210
0.027908
0.004775
0.698805
0.000004
0.000023
0.000028
0.005162
0.000007
0.000000
0.000061
0.000001
0.000008
0.000104
0.000030
0.055312
0.021859
0.119859
0.005162
0.000000
0.000010
0.000000
0.000000
0.000138
0.001184
0.000000
0.000000
0.000000
0.002950
0.000000
0.000000
0.000193
0.000000
0.000003
0.000000
0.000703
0.000000
0.000047
0.000000
0.000002
0.000000
0.000005
0.000001
0.000004
0.000001
0.000000
0.003131
0.000000
0.000000
0.000150
0.000000
0.000000
0.000020
0.000005
0.004775
0.000000
0.000000
0.006511
0.003039
0.000002
0.002808
0.000000
0.000000
0.552238
0.000313
0.064990
0.020320
0.000001
0.003388
0.000279
0.006205
0.000003
0.139014
0.000000
0.001184
0.000490
0.018883
0.151265
0.030798
0.018883
0.000000
0.023508
0.266225
0.007239
0.192150
0.855893
0.022466
0.000006
0.000378
0.090535
0.000000
0.014711
0.000008
0.667094
0.000000
0.001246
0.499678
0.000000
0.013032
0.000003
0.012090
0.006703
0.000045
0.000764
0.000010
0.266225
0.064990
0.005162
0.000013
0.000000
0.010900
0.000000
0.000005
0.000011
0.055312
0.017543
0.064990
0.000065
0.000023
0.006028
0.000341
0.000129
0.000006
0.322949
0.000000
0.005578
0.066084
0.063362
0.122729
0.055312
0.076183
0.000045
0.000003
0.829282
0.071276
0.005855
0.000040
0.000000
0.000037
0.000044
0.000000
0.036456
0.000437
0.160731
0.449423
0.000023
0.049040
0.246759
0.335721
0.000006
0.000037
0.000000
0.008682
0.024825
0.000005
0.000000
0.001981
0.000021
0.196422
0.000005
0.000008
0.000000
0.000899
0.006511
0.000138
0.208158
0.000304
0.139014
0.284858
0.072465
0.048208
0.000002
0.000000
0.002395
0.000000
0.004637
0.000490
0.139014
0.000001
0.000000
0.000013
0.000013
0.008436
0.478214
0.000053
0.015845
0.000006
0.000000
0.000390
0.003666
0.000045
0.000000
0.000927
0.000000
0.000000
0.008197
0.000927
0.478214
0.000304
0.566341
0.357661
0.981075
0.000089
0.000092
0.007593
0.009104
0.000000
0.000718
0.000078
0.160731
0.105557
0.848789
0.364456
0.092778
0.001284
0.000000
0.010298
0.007815
0.103042
0.000000
