0.375911
0.589144
0.206623
0.829282
0.690166
0.079397
0.290658
0.290658
0.141156
0.771705
0.109849
0.228410
0.513281
0.284858
0.649688
0.649688
0.037752
0.135818
0.001208
0.449423
0.255445
0.264363
0.163153
0.124654
0.150086
0.499678
0.019768
0.704484
0.241635
0.340005
0.505064
0.421575
0.098985
0.333520
0.874110
0.580543
0.821730
0.264363
0.897436
0.557828
0.316692
0.135818
0.518727
0.104694
0.387593
0.211153
0.848789
0.916674
0.371333
0.566341
0.429087
0.346575
0.368979
0.409279
0.449423
0.704484
0.862861
0.566341
0.527033
0.157114
0.922090
0.649688
0.051648
0.690166
0.841556
0.535389
0.867378
0.004372
0.228410
0.141156
0.333520
0.375911
0.727244
0.505064
0.070668
0.704484
0.457201
0.718717
0.744157
0.004288
0.681504
0.978604
0.672823
0.667094
0.478214
0.401971
0.594827
0.940331
0.020320
0.306500
0.491556
0.109849
0.023508
0.612135
0.713075
0.521553
0.991213
0.513281
0.808960
0.053907
0.801128
0.758020
0.758020
0.007965
0.978604
0.322949
0.269851
0.635244
0.199280
0.215763
0.521553
0.236593
0.658394
0.086919
0.513281
0.032199
0.779856
0.741289
0.183833
0.597771
0.045761
0.084803
0.236593
0.643949
0.557828
0.793201
0.446787
0.409279
0.787927
0.635244
0.187953
0.084803
0.735726
0.223587
0.690166
0.986757
0.139014
0.867378
0.061772
0.462365
0.390021
0.122729
0.033659
0.008197
0.922090
0.727244
0.801128
0.672823
0.294528
0.333520
0.901408
0.316692
0.033659
0.310521
0.626544
0.029186
0.913005
0.681504
0.620815
0.649688
0.986757
0.779856
0.962240
0.978604
0.255445
0.053907
0.169385
0.306500
0.971109
0.001149
0.681504
0.727244
0.005418
0.557828
0.557828
0.478214
0.173237
0.098985
0.713075
0.296545
0.612135
0.050328
0.958545
0.962240
0.874110
0.007593
0.635244
0.241635
0.672823
0.535389
0.672823
0.441715
0.795913
0.333520
0.290658
0.449423
0.153566
0.322949
0.322949
0.039801
0.228410
0.350951
0.300471
0.375911
0.483494
0.566341
0.974087
0.962240
0.922090
0.078727
0.749684
0.735726
0.690166
0.667094
0.981075
0.749684
0.744157
0.848789
0.333520
0.269851
0.617854
0.163153
0.290658
0.073672
0.580543
0.758020
0.505064
0.183833
0.264363
0.394742
0.643949
0.735726
0.649688
0.364456
0.077446
0.264363
0.848789
0.153566
0.597771
0.103042
0.935597
0.449423
0.574890
0.000004
0.951979
0.612135
0.010595
0.749684
0.333520
0.119859
0.801128
0.001059
0.491556
0.016293
0.039801
0.053907
0.667094
0.000516
0.744157
0.368979
0.499678
0.470257
0.013909
0.727244
0.346575
0.215763
0.421575
0.758020
0.255445
0.060217
0.036127
0.801128
0.891273
0.340005
0.090535
0.535389
0.231634
0.117048
0.704484
0.779856
0.527033
0.077446
0.357661
0.721628
0.375911
0.860501
0.306500
0.009277
0.226757
0.965738
0.454542
0.603471
0.218844
0.735726
0.350951
0.414138
0.935597
0.130653
0.612135
0.635244
0.096609
0.057717
0.119859
0.735726
0.821730
0.015409
0.922090
0.766291
0.199280
0.290658
0.543791
0.112510
0.681504
0.441715
0.241635
0.884948
0.260793
0.713075
0.197797
0.296545
0.223587
0.016139
0.986757
0.718717
0.401971
0.597771
0.478214
0.157114
0.255445
0.704484
0.922090
0.003354
0.103042
0.922090
0.940331
0.215763
0.913005
0.027164
0.603471
0.260793
0.304435
0.037099
0.462365
0.580543
0.401971
0.094284
0.735726
0.401971
0.744157
0.867378
0.211153
0.735726
0.499678
0.340005
0.989675
0.483494
0.667094
0.971109
0.808960
0.626544
0.194957
0.513281
0.177160
0.801128
0.350951
0.635244
0.166886
0.183833
0.816691
0.518727
0.557828
0.901408
0.005262
0.643949
0.002517
0.218844
0.312615
0.177160
0.008597
0.037099
0.721628
0.159490
0.409279
0.470257
0.690166
0.401971
0.617854
0.021268
0.922090
0.100580
0.867378
0.088340
0.462365
0.891273
0.721628
0.063362
0.470257
0.829282
0.916674
0.643949
0.571972
0.103042
0.518727
0.940331
0.749684
0.935597
0.223587
0.215763
0.681504
0.414138
0.187953
0.375911
0.643949
0.505064
0.947760
0.787927
0.004868
0.127623
0.250182
0.088340
0.951979
0.535389
0.203680
0.727244
0.401971
0.329292
0.333520
0.139014
0.626544
0.279144
0.153566
0.454542
0.649688
0.306500
0.749684
0.340005
0.643949
0.816691
0.787927
0.901408
0.513281
0.513281
0.371333
0.144460
0.211153
0.848789
0.690166
0.353229
0.922090
0.521553
0.860501
0.478214
0.462365
0.766291
0.947760
0.264363
0.163153
0.290658
0.571972
0.449423
0.000890
0.878466
0.956001
0.735726
0.758020
0.387593
0.891273
0.084803
0.077446
0.543791
0.052535
0.580543
0.901408
0.068911
0.023935
0.088340
0.241635
0.409279
0.704484
0.571972
0.255445
0.454542
0.901408
0.382926
0.211153
0.371333
0.513281
0.597771
0.357661
0.414138
0.527033
0.483494
0.974087
0.414138
0.001922
0.357661
0.491556
0.649688
0.874110
0.012670
0.382926
0.371333
0.079397
0.333520
0.245003
0.409279
0.884948
0.491556
0.284858
0.028409
0.867378
0.421575
0.119859
0.878466
0.874110
0.848789
0.462365
0.000946
0.269851
0.364456
0.084803
0.603471
0.922090
0.340005
0.935597
0.907293
0.808960
0.643949
0.019768
0.441715
0.426518
0.620815
0.704484
0.382926
0.801128
0.771705
0.940331
0.603471
0.681504
0.620815
0.000779
0.109849
0.441715
0.713075
0.114294
0.340005
0.434080
0.241635
0.848789
0.658394
0.364456
0.721628
0.055312
0.057717
0.580543
0.543791
0.999575
0.187953
0.848789
0.218844
0.057717
0.228410
0.015845
0.434080
0.841556
0.991213
0.496903
0.735726
0.441715
0.264363
0.867378
0.223587
0.046970
0.594827
0.088340
0.884948
