0.000262
0.401971
0.000047
0.001556
0.001884
0.000150
0.000007
0.000037
0.015845
0.001636
0.002146
0.000271
0.049476
0.000001
0.000038
0.001774
0.000150
0.002395
0.005578
0.055312
0.000002
0.000097
0.005418
0.652656
0.353229
0.005418
0.005013
0.499678
0.543791
0.001636
0.491556
0.000000
0.002808
0.000002
0.000002
0.109849
0.002517
0.000000
0.016293
0.246759
0.000370
0.011753
0.074303
0.000028
0.000271
0.002725
0.014711
0.000532
0.296545
0.181158
0.667094
0.927324
0.000402
0.000304
0.787927
0.401971
0.836720
0.151265
0.166886
0.397198
0.056750
0.357661
0.626544
0.340005
0.077446
0.059212
0.000024
0.098170
0.029186
0.000402
0.059212
0.170690
0.098985
0.079397
0.000348
0.011425
0.079397
0.119859
0.000390
0.001510
0.000006
0.000145
0.039115
0.457201
0.000279
0.000341
0.000138
0.744157
0.020320
0.000025
0.018368
0.000003
0.233315
0.000370
0.000804
0.090535
0.108126
0.246759
0.000193
0.394742
0.098985
0.004372
0.000217
0.025970
0.612135
0.312615
0.787927
0.211153
0.940331
0.000370
0.971109
0.284858
0.000437
0.940331
0.260793
0.108126
0.177160
0.913005
0.675784
0.390021
0.061772
0.077446
0.000063
0.006832
0.067775
0.010298
0.002645
0.220452
0.027164
0.913005
0.566341
0.043818
0.001149
0.009822
0.002324
0.001284
0.721628
0.000804
0.000000
0.000740
0.787927
0.160731
0.025970
0.003666
0.233315
0.014711
0.000000
0.000000
0.000033
0.001092
0.000451
0.020886
0.008197
0.000005
0.003039
0.000028
0.000134
0.000007
0.024158
0.000041
0.000437
0.000041
0.000000
0.056750
0.000000
0.024158
0.000764
0.010900
0.010900
0.620815
0.635244
0.246759
0.177160
0.296545
0.000071
0.880693
0.059212
0.135818
0.063362
0.874110
0.223587
0.064990
0.057717
0.002645
0.090535
0.735726
0.000109
0.196422
0.421575
0.255445
0.000008
0.055312
0.007815
0.001006
0.001092
0.032199
0.416665
0.001774
0.266225
0.001284
0.033071
0.008597
0.000628
0.005855
0.001092
0.000037
0.296545
0.005578
0.004416
0.000011
0.051648
0.015128
0.225222
0.006205
0.005578
0.040864
0.142275
0.390021
0.021859
0.000007
0.017543
0.009822
0.192150
0.003289
0.060743
0.043818
0.024158
0.001556
0.072465
0.000000
0.063362
0.000000
0.033966
0.233315
0.017543
0.181158
0.001436
0.574890
0.002593
0.566341
0.004416
0.000001
0.015128
0.000000
0.000069
0.000229
0.000080
0.000049
0.002211
0.000058
0.000004
0.001884
0.000003
0.000012
0.019412
0.353229
0.000052
0.001246
0.035500
0.000007
0.000040
0.000578
0.000001
0.000000
0.589144
0.038764
0.371333
0.109849
0.340005
0.000033
0.166886
0.003965
0.322949
0.056750
0.007815
0.014305
0.000005
0.211153
0.215763
0.449423
0.357661
0.112510
0.024158
0.000001
0.269851
0.233315
0.000004
0.816691
0.499678
0.001922
0.744157
0.986757
0.312615
0.000005
0.002808
0.076183
0.329292
0.589144
0.002517
0.003850
0.050328
0.027908
0.090535
0.913005
0.300471
0.409279
0.001510
0.181158
0.371333
0.003289
0.112510
0.891273
0.409279
0.346575
0.003666
0.329292
0.552238
0.346575
0.004288
0.032199
0.375911
0.364456
0.003289
0.000222
0.371333
0.001774
0.001981
0.010595
0.130653
0.470257
0.015128
0.025274
0.353229
0.529876
0.009546
0.612135
0.038094
0.658394
0.112510
0.000000
0.005578
0.233315
0.000056
0.000129
0.095071
0.035500
0.041952
0.064990
0.036456
0.000003
0.296545
0.335721
0.333520
0.002189
0.038094
0.139014
0.004288
0.787927
0.478214
0.521553
0.003039
0.312615
0.004416
0.001184
0.000330
0.001774
0.001636
0.160731
0.003388
0.076183
0.371333
0.027908
0.029982
0.971109
0.001184
0.009822
0.000703
0.000257
0.000000
0.119859
0.012090
0.000085
0.001687
0.016293
0.346575
0.069506
0.000002
0.052999
0.000026
0.000193
0.000000
0.220452
0.000019
0.000003
0.000265
0.000104
0.008682
0.005013
0.028672
0.030798
0.000014
0.000000
0.192150
0.010106
0.025970
0.002892
0.000003
0.000001
0.032199
0.022466
0.039115
0.000005
0.048208
0.007032
0.000004
0.000010
0.160731
0.000000
0.026684
0.015409
0.521553
0.002082
0.000210
0.041952
0.001884
0.001636
0.371333
0.012670
0.157114
0.000019
0.000085
0.000236
0.312615
0.353229
0.004637
0.000330
0.001284
0.513281
0.698805
0.028672
0.000008
0.470257
0.281082
0.064990
0.059212
0.735726
0.147829
0.018883
0.246759
0.436675
0.000004
0.040864
0.181158
0.029982
0.353229
0.269851
0.246759
0.034568
0.266225
0.690166
0.329292
0.353229
0.009104
0.101413
0.713075
0.000609
0.266225
0.048208
0.203680
0.008847
0.014711
0.013654
0.457201
0.092778
0.022466
0.635244
0.606422
0.000055
0.122729
0.037099
0.000204
0.001324
0.183833
0.067775
0.112510
0.059212
0.115226
0.004637
0.006028
0.529876
0.039115
0.017543
0.006325
0.001636
0.002146
0.000829
0.056750
0.371333
0.030798
0.667094
0.552238
0.000764
0.364456
0.499678
0.974087
0.000236
0.004775
0.000000
0.092778
0.014711
0.000004
0.000000
0.013654
0.003666
0.008197
0.000370
0.000000
0.000262
0.000561
0.000217
0.115226
0.353229
0.018883
0.001556
0.449423
0.000031
0.079397
0.000000
0.000899
0.115226
0.000000
0.371333
0.010900
0.084803
0.000578
0.529876
0.020886
0.000032
0.199280
0.017543
0.000532
0.449423
0.000294
0.003131
0.281082
0.003131
0.008436
0.000899
0.000104
0.000628
0.003965
0.006325
0.290658
0.346575
0.187953
0.306500
0.002255
0.816691
0.002146
0.329292
0.766291
0.014043
0.000123
0.371333
0.312615
0.312615
0.329292
0.721628
0.032199
0.390021
0.023508
0.000113
0.177160
0.855893
0.084803
0.004288
