0.617854
0.672823
0.922090
0.848789
0.821730
0.951979
0.333520
0.563435
0.173237
0.758020
0.649688
0.649688
0.109849
0.718717
0.496903
0.535389
0.491556
0.387593
0.475494
0.971109
0.935597
0.779856
0.672823
0.571972
0.603471
0.649688
0.197797
0.571972
0.414138
0.978604
0.163153
0.971109
0.821730
0.681504
0.626544
0.965738
0.916674
0.264363
0.635244
0.092778
0.681504
0.513281
0.173237
0.829282
0.916674
0.406779
0.749684
0.779856
0.814067
0.173237
0.316692
0.672823
0.735726
0.002725
0.239907
0.672823
0.594827
0.357661
0.787927
0.626544
0.626544
0.375911
0.426518
0.867378
0.088340
0.496903
0.821730
0.801128
0.044581
0.878466
0.327120
0.787927
0.187953
0.269851
0.527033
0.829282
0.357661
0.187953
0.793201
0.329292
0.626544
0.223587
0.991213
0.275424
0.333520
0.841556
0.109849
0.891273
0.907293
0.141156
0.316692
0.594827
0.971109
0.549354
0.958545
0.132684
0.505064
0.901408
0.549354
0.061772
0.414138
0.986757
0.053907
0.129613
0.462365
0.841556
0.589144
0.884948
0.626544
0.658394
0.350951
0.368979
0.163153
0.527033
0.935597
0.884948
0.821730
0.681504
0.958545
0.072465
0.594827
0.681504
0.010298
0.821730
0.571972
0.183833
0.549354
0.727244
0.878466
0.735726
0.457201
0.255445
0.310521
0.146673
0.935597
0.922090
0.916674
0.672823
0.109849
0.690166
0.874110
0.518727
0.571972
0.454542
0.549354
0.884948
0.626544
0.916674
0.535389
0.483494
0.228410
0.867378
0.801128
0.316692
0.306500
0.255445
0.901408
0.380525
0.779856
0.801128
0.327120
0.491556
0.344325
0.171915
0.505064
0.540922
0.316692
0.549354
0.681504
0.984769
0.640981
0.749684
0.658394
0.044581
0.008597
0.462365
0.300471
0.571972
0.088340
0.935597
0.749684
0.922090
0.713075
0.758020
0.414138
0.779856
0.362130
0.401971
0.626544
0.658394
0.787927
0.009727
0.571972
0.901408
0.901408
0.749684
0.874110
0.310521
0.483494
0.368979
0.300471
0.695863
0.981075
0.082732
0.749684
0.994555
0.749684
0.333520
0.557828
0.327120
0.406779
0.603471
0.649688
0.978604
0.749684
0.139014
0.713075
0.052535
0.421575
0.535389
0.986757
0.571972
0.549354
0.947760
0.153566
0.672823
0.749684
0.829282
0.727244
0.808960
0.749684
0.310521
0.364456
0.907293
0.635244
0.036127
0.749684
0.414138
0.239907
0.357661
0.223587
0.612135
0.922090
0.513281
0.496903
0.382926
0.626544
0.626544
0.940331
0.951979
0.543791
0.821730
0.672823
0.027908
0.916674
0.557828
0.163153
0.821730
0.793201
0.603471
0.183833
0.635244
0.557828
0.801128
0.867378
0.695863
0.672823
0.543791
0.045761
0.015845
0.153566
0.382926
0.891273
0.496903
0.901408
0.901408
0.779856
0.727244
0.848789
0.527033
0.414138
0.513281
0.698805
0.344325
0.549354
0.258960
0.206623
0.446787
0.704484
0.640981
0.681504
0.603471
0.603471
0.100580
0.580543
0.971109
0.580543
0.612135
0.491556
0.690166
0.549354
0.617854
0.603471
0.927324
0.994555
0.004963
0.273514
0.935597
0.808960
0.878466
0.183833
0.527033
0.867378
0.897436
0.513281
0.382926
0.394742
0.306500
0.192150
0.187953
0.821730
0.255445
0.394742
0.658394
0.021268
0.056256
0.017866
0.206623
0.344325
0.695863
0.758020
0.735726
0.922090
0.672823
0.109849
0.907293
0.801128
0.284858
0.580543
0.429087
0.860501
0.333520
0.589144
0.978604
0.368979
0.566341
0.841556
0.971109
0.901408
0.884948
0.787927
0.612135
0.603471
0.462365
0.649688
0.695863
0.527033
0.718717
0.727244
0.994555
0.860501
0.362130
0.475494
0.414138
0.971109
0.199280
0.771705
0.518727
0.580543
0.808960
0.841556
0.505064
0.267971
0.496903
0.594827
0.681504
0.793201
0.841556
0.626544
0.884948
0.766291
0.211153
0.626544
0.421575
0.496903
0.758020
0.891273
0.971109
0.137917
0.991213
0.749684
0.589144
0.795913
0.626544
0.399498
0.549354
0.986757
0.382926
0.092008
0.626544
0.434080
0.758020
0.571972
0.594827
0.518727
0.727244
0.518727
0.681504
0.470257
0.907293
0.571972
0.491556
0.829282
0.290658
0.206623
0.496903
0.031906
0.094284
0.475494
0.255445
0.947760
0.984769
0.635244
0.169385
0.580543
0.483494
0.603471
0.414138
0.940331
0.681504
0.901408
0.350951
0.153566
0.357661
0.421575
0.617854
0.269851
0.454542
0.364456
0.026438
0.681504
0.620815
0.088340
0.836720
0.603471
0.704484
0.848789
0.401971
0.335721
0.841556
0.177160
0.535389
0.153566
0.821730
0.749684
0.327120
0.496903
0.557828
0.540922
0.279144
0.032771
0.104694
0.984769
0.518727
0.962240
0.821730
0.166886
0.137917
0.978604
0.626544
0.470257
0.649688
0.821730
0.300471
0.316692
0.795913
0.279144
0.327120
0.735726
0.626544
0.163153
0.771705
0.039801
0.935597
0.779856
0.070668
0.513281
0.841556
0.371333
0.421575
0.922090
0.672823
0.658394
0.695863
0.801128
0.672823
0.744157
0.922090
0.300471
0.300471
0.141156
0.744157
0.454542
0.513281
0.787927
0.749684
0.518727
0.434080
0.935597
0.695863
0.801128
0.279144
0.549354
0.848789
0.713075
0.897436
0.434080
0.337784
0.294528
0.316692
0.409279
0.779856
0.640981
0.867378
0.513281
0.821730
0.129613
0.860501
0.758020
0.836720
0.077446
0.527033
0.962240
0.300471
0.727244
0.300471
0.620815
0.867378
0.612135
0.015845
0.241635
0.215763
0.333520
0.306500
0.848789
0.695863
0.681504
0.368979
0.801128
0.063362
0.635244
0.603471
0.350951
0.635244
0.316692
0.855893
0.300471
0.951979
0.860501
0.935597
0.907293
0.808960
0.150086
0.681504
0.580543
0.658394
0.250182
0.061772
0.454542
0.771705
0.375911
0.429087
0.344325
0.771705
0.958545
0.390021
