0.340005
0.971109
0.306500
0.649688
0.841556
0.566341
0.836720
0.841556
0.672823
0.793201
0.316692
0.041578
0.300471
0.626544
0.571972
0.401971
0.312615
0.375911
0.288671
0.580543
0.958545
0.513281
0.218844
0.571972
0.758020
0.187953
0.368979
0.048208
0.658394
0.951979
0.306500
0.829282
0.981075
0.449423
0.478214
0.829282
0.077446
0.159490
0.935597
0.147829
0.371333
0.042685
0.774492
0.194957
0.787927
0.021268
0.236593
0.681504
0.557828
0.744157
0.808960
0.535389
0.014305
0.147829
0.505064
0.907293
0.496903
0.958545
0.855893
0.698805
0.735726
0.414138
0.841556
0.470257
0.855893
0.779856
0.505064
0.013654
0.566341
0.028672
0.306500
0.166886
0.421575
0.808960
0.612135
0.001510
0.549354
0.092778
0.228410
0.007032
0.215763
0.867378
0.215763
0.296545
0.401971
0.021859
0.021268
0.434080
0.527033
0.346575
0.231634
0.566341
0.727244
0.094284
0.117048
0.357661
0.940331
0.672823
0.007593
0.024596
0.090535
0.617854
0.004503
0.008682
0.521553
0.571972
0.483494
0.690166
0.147829
0.250182
0.401971
0.658394
0.004164
0.935597
0.157114
0.907293
0.000004
0.144460
0.652656
0.127623
0.008847
0.183833
0.535389
0.333520
0.281082
0.013909
0.117048
0.626544
0.029982
0.429087
0.401971
0.002863
0.841556
0.049040
0.880693
0.566341
0.816691
0.855893
0.848789
0.007519
0.690166
0.059212
0.935597
0.821730
0.449423
0.100580
0.312615
0.518727
0.255445
0.266225
0.571972
0.922090
0.215763
0.779856
0.001114
0.159490
0.039801
0.947760
0.401971
0.787927
0.626544
0.643949
0.884948
0.617854
0.364456
0.496903
0.462365
0.131630
0.250182
0.527033
0.658394
0.860501
0.284858
0.867378
0.787927
0.350951
0.658394
0.310521
0.603471
0.658394
0.218844
0.027908
0.744157
0.513281
0.294528
0.940331
0.258960
0.316692
0.144460
0.907293
0.594827
0.470257
0.505064
0.449423
0.026438
0.014305
0.855893
0.907293
0.056256
0.860501
0.255445
0.695863
0.127623
0.713075
0.721628
0.907293
0.084803
0.441715
0.144460
0.223587
0.821730
0.808960
0.032771
0.690166
0.052535
0.779856
0.364456
0.695863
0.056256
0.535389
0.228410
0.643949
0.153566
0.491556
0.594827
0.020886
0.557828
0.284858
0.470257
0.306500
0.092008
0.000846
0.130653
0.927324
0.594827
0.744157
0.758020
0.414138
0.907293
0.951979
0.971109
0.779856
0.808960
0.735726
0.958545
0.470257
0.250182
0.421575
0.296545
0.183833
0.421575
0.978604
0.808960
0.312615
0.038764
0.127623
0.441715
0.667094
0.589144
0.808960
0.491556
0.457201
0.357661
0.082732
0.816691
0.357661
0.462365
0.470257
0.499678
0.499678
0.535389
0.658394
0.735726
0.025274
0.483494
0.821730
0.566341
0.429087
0.779856
0.344325
0.667094
0.766291
0.821730
0.603471
0.018368
0.612135
0.382926
0.681504
0.658394
0.329292
0.055312
0.031348
0.513281
0.884948
0.829282
0.787927
0.513281
0.008847
0.394742
0.589144
0.690166
0.935597
0.157114
0.721628
0.535389
0.620815
0.603471
0.829282
0.462365
0.801128
0.940331
0.667094
0.011974
0.192150
0.643949
0.290658
0.513281
0.163153
0.072465
0.109849
0.329292
0.884948
0.112510
0.041952
0.025970
0.064431
0.173237
0.557828
0.269851
0.922090
0.264363
0.626544
0.891273
0.491556
0.940331
0.529876
0.177160
0.907293
0.183833
0.333520
0.409279
0.421575
0.033659
0.658394
0.855893
0.344325
0.340005
0.300471
0.491556
0.891273
0.940331
0.426518
0.246759
0.951979
0.406779
0.518727
0.290658
0.821730
0.649688
0.023508
0.294528
0.166886
0.491556
0.013909
0.109849
0.965738
0.211153
0.223587
0.698805
0.549354
0.163153
0.571972
0.704484
0.635244
0.612135
0.084803
0.246759
0.421575
0.867378
0.867378
0.169385
0.161896
0.829282
0.084092
0.580543
0.135818
0.589144
0.891273
0.008197
0.505064
0.017866
0.322949
0.000153
0.758020
0.801128
0.721628
0.441715
0.974087
0.635244
0.727244
0.199280
0.848789
0.112510
0.181158
0.409279
0.535389
0.971109
0.375911
0.064990
0.470257
0.787927
0.758020
0.346575
0.681504
0.371333
0.971109
0.635244
0.795913
0.203680
0.080707
0.441715
0.829282
0.250182
0.540922
0.375911
0.491556
0.155897
0.233315
0.009822
0.916674
0.491556
0.698805
0.901408
0.535389
0.327120
0.829282
0.236593
0.766291
0.829282
0.449423
0.421575
0.155897
0.103042
0.215763
0.275424
0.117048
0.974087
0.907293
0.364456
0.401971
0.580543
0.034568
0.891273
0.177160
0.808960
0.978604
0.364456
0.203680
0.801128
0.306500
0.260793
0.667094
0.288671
0.454542
0.978604
0.046970
0.836720
0.649688
0.597771
0.821730
0.449423
0.927324
0.735726
0.922090
0.350951
0.306500
0.549354
0.153566
0.441715
0.290658
0.580543
0.166886
0.117048
0.166886
0.421575
0.727244
0.829282
0.192150
0.829282
0.771705
0.333520
0.449423
0.940331
0.228410
0.220452
0.044581
0.935597
0.192150
0.052535
0.867378
0.971109
0.867378
0.557828
0.735726
0.727244
0.704484
0.884948
0.635244
0.441715
0.483494
0.549354
0.364456
0.316692
0.001636
0.169385
0.390021
0.658394
0.192150
0.475494
0.060217
0.667094
0.340005
0.612135
0.681504
0.163153
0.721628
0.779856
0.187953
0.421575
0.620815
0.037099
0.735726
0.643949
0.000229
0.070668
0.620815
0.771705
0.340005
0.626544
0.441715
0.434080
0.000696
0.016595
0.690166
0.535389
0.518727
0.779856
0.867378
0.758020
0.774492
0.821730
0.165605
0.165605
0.922090
0.549354
0.003965
0.527033
0.505064
0.124654
0.080707
0.020320
0.103042
0.039801
0.978604
0.535389
0.000222
0.984769
0.787927
0.118894
0.758020
0.478214
0.049040
0.727244
0.535389
0.801128
0.718717
