0.150086
0.566341
0.206623
0.907293
0.067775
0.063362
0.891273
0.025274
0.779856
0.183833
0.801128
0.779856
0.306500
0.505064
0.362130
0.766291
0.901408
0.874110
0.124654
0.226757
0.033659
0.414138
0.132684
0.013909
0.449423
0.382926
0.255445
0.382926
0.003850
0.059212
0.119859
0.658394
0.223587
0.867378
0.557828
0.223587
0.821730
0.867378
0.535389
0.681504
0.038094
0.329292
0.446787
0.491556
0.848789
0.006144
0.121744
0.449423
0.181158
0.907293
0.978604
0.956001
0.589144
0.211153
0.394742
0.527033
0.566341
0.521553
0.322949
0.808960
0.867378
0.735726
0.063362
0.594827
0.713075
0.841556
0.549354
0.236593
0.971109
0.273514
0.017866
0.513281
0.284858
0.787927
0.540922
0.401971
0.574890
0.981075
0.589144
0.401971
0.260793
0.986757
0.735726
0.008197
0.436675
0.269851
0.935597
0.147829
0.103042
0.000040
0.007032
0.698805
0.727244
0.951979
0.434080
0.001393
0.483494
0.766291
0.107244
0.103042
0.922090
0.086192
0.880693
0.067775
0.986757
0.284858
0.004164
0.713075
0.635244
0.020886
0.215763
0.275424
0.316692
0.246759
0.603471
0.981075
0.096609
0.003008
0.470257
0.096609
0.635244
0.449423
0.874110
0.713075
0.401971
0.617854
0.364456
0.978604
0.269851
0.375911
0.744157
0.051194
0.891273
0.103042
0.951979
0.088340
0.620815
0.589144
0.000378
0.667094
0.350951
0.027164
0.000149
0.003131
0.449423
0.426518
0.206623
0.491556
0.543791
0.603471
0.867378
0.848789
0.916674
0.557828
0.672823
0.409279
0.300471
0.096609
0.698805
0.061772
0.003559
0.401971
0.126604
0.057717
0.603471
0.096609
0.580543
0.000804
0.390021
0.228410
0.527033
0.475494
0.275424
0.986757
0.382926
0.340005
0.316692
0.006832
0.139014
0.774492
0.160731
0.011425
0.255445
0.766291
0.183833
0.092778
0.350951
0.907293
0.626544
0.316692
0.250182
0.801128
0.974087
0.836720
0.002443
0.016293
0.053907
0.273514
0.223587
0.055312
0.187953
0.114294
0.787927
0.978604
0.190711
0.284858
0.103042
0.766291
0.394742
0.368979
0.284858
0.758020
0.409279
0.454542
0.713075
0.779856
0.589144
0.880693
0.260793
0.927324
0.884948
0.001092
0.667094
0.002324
0.290658
0.127623
0.390021
0.713075
0.132684
0.758020
0.005855
0.401971
0.749684
0.947760
0.986757
0.368979
0.735726
0.147829
0.082732
0.527033
0.513281
0.434080
0.513281
0.004637
0.220452
0.421575
0.390021
0.829282
0.001149
0.434080
0.821730
0.808960
0.529876
0.441715
0.052535
0.667094
0.557828
0.003965
0.041952
0.147829
0.346575
0.913005
0.023508
0.766291
0.109849
0.913005
0.429087
0.475494
0.462365
0.409279
0.681504
0.991213
0.362130
0.704484
0.855893
0.658394
0.758020
0.037099
0.549354
0.036127
0.513281
0.713075
0.002211
0.072465
0.267971
0.112510
0.203680
0.109849
0.499678
0.795913
0.907293
0.735726
0.441715
0.241635
0.192150
0.115226
0.884948
0.462365
0.974087
0.051194
0.801128
0.974087
0.141156
0.916674
0.483494
0.013276
0.580543
0.566341
0.255445
0.499678
0.935597
0.043818
0.104694
0.284858
0.414138
0.491556
0.566341
0.597771
0.956001
0.597771
0.801128
0.549354
0.183833
0.163153
0.173237
0.109849
0.199280
0.039115
0.543791
0.211153
0.462365
0.513281
0.771705
0.766291
0.643949
0.612135
0.441715
0.300471
0.333520
0.441715
0.127623
0.109849
0.236593
0.695863
0.897436
0.014711
0.580543
0.063362
0.829282
0.667094
0.082732
0.218844
0.496903
0.350951
0.535389
0.690166
0.063362
0.801128
0.612135
0.589144
0.744157
0.255445
0.935597
0.951979
0.848789
0.713075
0.177160
0.744157
0.808960
0.029982
0.401971
0.038094
0.157114
0.033659
0.169385
0.255445
0.166886
0.124654
0.421575
0.643949
0.566341
0.449423
0.215763
0.333520
0.566341
0.571972
0.264363
0.727244
0.023935
0.635244
0.072465
0.735726
0.527033
0.483494
0.241635
0.013654
0.922090
0.169385
0.766291
0.382926
0.153566
0.194957
0.635244
0.275424
0.394742
0.241635
0.013909
0.499678
0.290658
0.322949
0.649688
0.967937
0.021859
0.147829
0.255445
0.157114
0.306500
0.022875
0.255445
0.816691
0.002255
0.082732
0.749684
0.421575
0.084803
0.940331
0.107244
0.801128
0.779856
0.316692
0.000000
0.836720
0.478214
0.434080
0.594827
0.922090
0.294528
0.409279
0.141156
0.306500
0.649688
0.181158
0.371333
0.505064
0.139014
0.867378
0.848789
0.346575
0.787927
0.690166
0.841556
0.046970
0.643949
0.821730
0.967937
0.758020
0.357661
0.962240
0.913005
0.901408
0.735726
0.505064
0.127623
0.808960
0.215763
0.829282
0.056256
0.003965
0.094284
0.721628
0.094284
0.037099
0.927324
0.549354
0.394742
0.096609
0.060217
0.084803
0.340005
0.612135
0.962240
0.255445
0.470257
0.014711
0.848789
0.449423
0.135818
0.867378
0.801128
0.390021
0.698805
0.540922
0.067195
0.357661
0.223587
0.521553
0.867378
0.727244
0.260793
0.499678
0.658394
0.713075
0.357661
0.901408
0.077446
0.658394
0.643949
0.000125
0.704484
0.527033
0.100580
0.951979
0.000424
0.922090
0.290658
0.160731
0.118894
0.000172
0.429087
0.597771
0.284858
0.927324
0.357661
0.027164
0.658394
0.390021
0.880693
0.779856
0.829282
0.082732
0.841556
0.721628
0.063362
0.375911
0.620815
0.571972
0.364456
0.346575
0.713075
0.394742
0.107244
0.316692
0.483494
0.333520
0.275424
0.884948
0.808960
0.300471
0.316692
0.496903
0.727244
0.281082
0.220452
0.005418
0.907293
0.475494
0.681504
0.907293
0.264363
0.971109
0.690166
0.223587
0.027908
0.907293
0.749684
0.589144
0.922090
0.000402
0.566341
0.166886
0.549354
0.306500
0.580543
0.821730
0.721628
0.867378
