0.028409
0.698805
0.052535
0.001006
0.139014
0.364456
0.067775
0.855893
0.157114
0.266225
0.215763
0.006325
0.962240
0.922090
0.006511
0.643949
0.000001
0.007815
0.135818
0.698805
0.774492
0.855893
0.681504
0.340005
0.002779
0.829282
0.011425
0.003193
0.735726
0.000337
0.513281
0.449423
0.597771
0.690166
0.060217
0.543791
0.897436
0.874110
0.649688
0.829282
0.002443
0.266225
0.543791
0.643949
0.306500
0.643949
0.371333
0.454542
0.499678
0.758020
0.860501
0.157114
0.978604
0.927324
0.357661
0.011753
0.296545
0.119859
0.652656
0.394742
0.092778
0.023935
0.008436
0.220452
0.139014
0.566341
0.011425
0.130653
0.779856
0.735726
0.055312
0.000003
0.005110
0.470257
0.947760
0.166886
0.019230
0.046970
0.246759
0.635244
0.122729
0.449423
0.922090
0.203680
0.018036
0.001284
0.470257
0.529876
0.382926
0.045761
0.940331
0.269851
0.620815
0.965738
0.067775
0.513281
0.000058
0.603471
0.956001
0.829282
0.698805
0.543791
0.329292
0.907293
0.029186
0.387593
0.787927
0.306500
0.713075
0.147829
0.144460
0.965738
0.060743
0.947760
0.589144
0.704484
0.597771
0.166886
0.527033
0.023508
0.000740
0.907293
0.000047
0.013654
0.001246
0.566341
0.704484
0.000129
0.626544
0.462365
0.037099
0.001510
0.009546
0.072465
0.030798
0.281082
0.032199
0.549354
0.220452
0.170690
0.922090
0.829282
0.192150
0.658394
0.151265
0.071276
0.001774
0.690166
0.483494
0.329292
0.203680
0.667094
0.114294
0.535389
0.000899
0.127623
0.163153
0.907293
0.024158
0.690166
0.535389
0.177160
0.758020
0.897436
0.371333
0.744157
0.816691
0.491556
0.667094
0.177160
0.119859
0.015845
0.483494
0.836720
0.808960
0.008847
0.635244
0.364456
0.557828
0.704484
0.867378
0.144460
0.357661
0.006637
0.255445
0.612135
0.357661
0.414138
0.874110
0.891273
0.246759
0.626544
0.397198
0.053907
0.340005
0.074303
0.829282
0.652656
0.589144
0.199280
0.040864
0.758020
0.147829
0.086192
0.086919
0.505064
0.002146
0.012670
0.529876
0.000257
0.119859
0.049040
0.612135
0.215763
0.978604
0.153566
0.051648
0.375911
0.635244
0.589144
0.072465
0.874110
0.053907
0.166886
0.690166
0.275424
0.306500
0.652656
0.013276
0.635244
0.505064
0.491556
0.014711
0.000516
0.603471
0.620815
0.994555
0.505064
0.735726
0.597771
0.000178
0.251967
0.163153
0.322949
0.038094
0.449423
0.698805
0.306500
0.241635
0.051648
0.040864
0.001922
0.071276
0.353229
0.020886
0.312615
0.035500
0.357661
0.612135
0.220452
0.067775
0.038764
0.115226
0.620815
0.192150
0.735726
0.233315
0.962240
0.513281
0.521553
0.758020
0.147829
0.698805
0.006832
0.013909
0.012317
0.927324
0.771705
0.721628
0.375911
0.340005
0.735726
0.109849
0.643949
0.067775
0.996919
0.698805
0.475494
0.000590
0.947760
0.346575
0.294528
0.635244
0.170690
0.409279
0.196422
0.978604
0.962240
0.000013
0.109849
0.105557
0.139014
0.025274
0.401971
0.079397
0.241635
0.021859
0.177160
0.357661
0.681504
0.470257
0.467559
0.177160
0.401971
0.040864
0.483494
0.998868
0.643949
0.589144
0.000359
0.063362
0.003965
0.109849
0.151265
0.574890
0.001510
0.294528
0.025274
0.978604
0.513281
0.007593
0.364456
0.010900
0.329292
0.109849
0.589144
0.000067
0.049040
0.241635
0.041578
0.000437
0.135818
0.192150
0.119859
0.394742
0.011106
0.082732
0.774492
0.855893
0.255445
0.040864
0.462365
0.766291
0.153566
0.421575
0.513281
0.922090
0.521553
0.088340
0.043818
0.009546
0.220452
0.241635
0.228410
0.808960
0.829282
0.597771
0.037099
0.441715
0.322949
0.290658
0.521553
0.626544
0.721628
0.322949
0.088340
0.096609
0.620815
0.034568
0.454542
0.529876
0.346575
0.566341
0.658394
0.300471
0.999575
0.491556
0.971109
0.002517
0.082732
0.181158
0.927324
0.357661
0.147829
0.098985
0.007815
0.513281
0.329292
0.147829
0.566341
0.081393
0.013654
0.063362
0.008847
0.048208
0.470257
0.470257
0.566341
0.001828
0.000167
0.744157
0.795913
0.255445
0.006325
0.003039
0.007965
0.017063
0.635244
0.008597
0.037099
0.681504
0.543791
0.082732
0.012317
0.079397
0.035500
0.105557
0.947760
0.000946
0.199280
0.039801
0.421575
0.082732
0.000071
0.258960
0.048208
0.927324
0.829282
0.052535
0.196422
0.177160
0.027908
0.290658
0.449423
0.535389
0.192150
0.713075
0.808960
0.084803
0.353229
0.088340
0.284858
0.014985
0.063362
0.004288
0.816691
0.478214
0.543791
0.246759
0.557828
0.046970
0.922090
0.023508
0.766291
0.735726
0.836720
0.255445
0.821730
0.597771
0.020130
0.527033
0.157114
0.255445
0.095071
0.346575
0.891273
0.346575
0.170690
0.228410
0.667094
0.002020
0.808960
0.414138
0.505064
0.000872
0.070668
0.255445
0.635244
0.144460
0.163153
0.382926
0.441715
0.135818
0.072465
0.177160
0.021859
0.429087
0.101413
0.151265
0.011425
0.557828
0.429087
0.157114
0.000262
0.333520
0.978604
0.306500
0.401971
0.521553
0.795913
0.092778
0.457201
0.855893
0.004416
0.103042
0.135818
0.296545
0.808960
0.004043
0.690166
0.401971
0.169385
0.194957
0.470257
0.322949
0.218844
0.340005
0.074303
0.841556
0.884948
0.088340
0.290658
0.105557
0.223587
0.401971
0.025970
0.144460
0.571972
0.026438
0.848789
0.658394
0.103042
0.144460
0.147829
0.203680
0.079397
0.014305
0.211153
0.057717
0.055312
0.074303
0.962240
0.589144
0.231634
0.070668
0.163153
0.114294
0.107244
0.108126
0.643949
0.250182
0.635244
0.658394
0.250182
0.306500
0.001669
0.947760
0.215763
0.589144
0.409279
0.059212
0.020320
0.228410
0.199280
0.004868
0.340005
