0.045761
0.241635
0.346575
0.681504
0.382926
0.290658
0.000012
0.144460
0.043818
0.211153
0.848789
0.012317
0.018368
0.284858
0.187953
0.008847
0.449423
0.269851
0.462365
0.306500
0.635244
0.192150
0.346575
0.074303
0.063362
0.829282
0.284858
0.874110
0.457201
0.290658
0.312615
0.183833
0.275424
0.429087
0.491556
0.390021
0.003523
0.157114
0.033071
0.543791
0.157114
0.084803
0.713075
0.035500
0.005687
0.589144
0.001774
0.752533
0.016595
0.436675
0.884948
0.005855
0.194957
0.390021
0.006832
0.589144
0.449423
0.001059
0.173237
0.160731
0.279144
0.255445
0.088340
0.018883
0.003455
0.829282
0.672823
0.414138
0.117048
0.962240
0.589144
0.462365
0.306500
0.002808
0.922090
0.038094
0.000058
0.150086
0.170690
0.312615
0.414138
0.364456
0.103042
0.013654
0.055312
0.603471
0.004728
0.046970
0.478214
0.346575
0.059212
0.382926
0.046970
0.340005
0.667094
0.181158
0.260793
0.018883
0.077446
0.635244
0.163153
0.574890
0.998868
0.620815
0.335721
0.816691
0.031348
0.855893
0.001246
0.063362
0.005162
0.884948
0.226757
0.001324
0.025274
0.462365
0.394742
0.127623
0.513281
0.795913
0.001006
0.690166
0.690166
0.000001
0.135818
0.015409
0.597771
0.848789
0.281082
0.594827
0.860501
0.350951
0.020320
0.491556
0.491556
0.029186
0.092778
0.196422
0.014305
0.310521
0.251967
0.000002
0.187953
0.079397
0.779856
0.306500
0.211153
0.024596
0.690166
0.012670
0.922090
0.364456
0.115226
0.449423
0.061772
0.690166
0.004164
0.001774
0.005855
0.006832
0.037099
0.000609
0.951979
0.112510
0.281082
0.357661
0.462365
0.986757
0.220452
0.228410
0.462365
0.527033
0.643949
0.173237
0.981075
0.470257
0.350951
0.829282
0.635244
0.000628
0.891273
0.018883
0.211153
0.589144
0.521553
0.233315
0.446787
0.044980
0.441715
0.228410
0.401971
0.566341
0.940331
0.513281
0.449423
0.006325
0.357661
0.144460
0.951979
0.322949
0.690166
0.157114
0.144460
0.371333
0.000030
0.049040
0.698805
0.735726
0.436675
0.104694
0.034568
0.675784
0.829282
0.312615
0.766291
0.470257
0.068911
0.836720
0.801128
0.009368
0.557828
0.329292
0.072465
0.922090
0.927324
0.401971
0.312615
0.491556
0.635244
0.867378
0.935597
0.744157
0.000056
0.891273
0.074303
0.183833
0.090535
0.000899
0.103042
0.462365
0.018368
0.053907
0.003559
0.007032
0.816691
0.011425
0.478214
0.612135
0.000172
0.000106
0.063362
0.025274
0.364456
0.096609
0.907293
0.013654
0.086192
0.816691
0.001284
0.233315
0.124654
0.401971
0.000013
0.119859
0.867378
0.416665
0.049040
0.704484
0.032199
0.449423
0.177160
0.357661
0.300471
0.901408
0.795913
0.004868
0.557828
0.000740
0.907293
0.038094
0.874110
0.597771
0.095071
0.935597
0.735726
0.088340
0.203680
0.004503
0.557828
0.470257
0.406779
0.021859
0.589144
0.589144
0.059212
0.543791
0.183833
0.401971
0.001865
0.816691
0.940331
0.346575
0.390021
0.808960
0.643949
0.029186
0.228410
0.986757
0.779856
0.072465
0.187953
0.000013
0.571972
0.052535
0.312615
0.070668
0.635244
0.808960
0.897436
0.312615
0.483494
0.681504
0.409279
0.927324
0.103042
0.766291
0.340005
0.215763
0.002517
0.620815
0.215763
0.429087
0.194957
0.051648
0.025970
0.008597
0.192150
0.269851
0.787927
0.019768
0.025274
0.194957
0.001114
0.589144
0.704484
0.040864
0.491556
0.462365
0.557828
0.020692
0.296545
0.001465
0.009822
0.082732
0.690166
0.855893
0.947760
0.021268
0.935597
0.300471
0.312615
0.049040
0.215763
0.779856
0.787927
0.004503
0.157114
0.009822
0.049040
0.549354
0.401971
0.390021
0.836720
0.001246
0.589144
0.310521
0.086919
0.117048
0.018883
0.025970
0.478214
0.971109
0.499678
0.094284
0.312615
0.597771
0.727244
0.220452
0.967937
0.002808
0.228410
0.992594
0.018368
0.000027
0.874110
0.306500
0.603471
0.269851
0.667094
0.401971
0.019768
0.552238
0.491556
0.779856
0.483494
0.009822
0.003850
0.147829
0.269851
0.160731
0.758020
0.203680
0.891273
0.233315
0.306500
0.059212
0.002808
0.566341
0.004164
0.018883
0.279144
0.643949
0.382926
0.228410
0.681504
0.499678
0.121744
0.000294
0.027908
0.340005
0.371333
0.215763
0.978604
0.454542
0.635244
0.039801
0.793201
0.001828
0.053907
0.935597
0.965738
0.535389
0.025274
0.867378
0.269851
0.279144
0.300471
0.521553
0.008847
0.284858
0.401971
0.166886
0.090535
0.223587
0.787927
0.566341
0.566341
0.681504
0.758020
0.260793
0.446787
0.635244
0.010595
0.077446
0.557828
0.449423
0.177160
0.675784
0.012317
0.012317
0.228410
0.986757
0.543791
0.821730
0.649688
0.589144
0.072465
0.375911
0.557828
0.884948
0.478214
0.290658
0.867378
0.566341
0.713075
0.841556
0.312615
0.855893
0.260793
0.808960
0.266225
0.070668
0.333520
0.020320
0.829282
0.130653
0.589144
0.000005
0.022258
0.612135
0.364456
0.779856
0.040864
0.141156
0.035500
0.007168
0.855893
0.713075
0.779856
0.275424
0.266225
0.290658
0.566341
0.643949
0.916674
0.037099
0.401971
0.000222
0.483494
0.264363
0.005687
0.787927
0.007168
0.251967
0.695863
0.001981
0.329292
0.795913
0.521553
0.721628
0.907293
0.046970
0.020886
0.766291
0.003455
0.884948
0.096609
0.139014
0.069506
0.009822
0.421575
0.808960
0.535389
0.055312
0.658394
0.028409
0.580543
0.074303
0.801128
0.088340
0.021268
0.024158
0.056750
0.013909
0.521553
0.139014
0.462365
0.177160
0.014305
0.063362
0.064990
0.543791
0.147829
0.029186
0.549354
0.940331
0.055312
0.039801
0.306500
0.002146
0.000071
0.220452
0.275424
0.080707
0.010595
0.603471
