0.674340
0.674340
0.368001
0.075407
0.492618
0.681484
0.432875
0.735164
0.938859
0.414141
0.681484
0.014267
0.751585
0.800526
0.042637
0.245258
0.451997
0.930768
0.140409
0.373738
0.600163
0.685071
0.106083
0.576057
0.468766
0.491400
0.832159
0.499995
0.905643
0.391450
0.198608
0.202535
0.621128
0.701607
0.143090
0.235081
0.005081
0.130274
0.720878
0.015256
0.810769
0.867438
0.556665
0.980941
0.545659
0.441692
0.806222
0.507900
0.720878
0.080449
0.731596
0.883482
0.564546
0.383354
0.310975
0.574724
0.670770
0.890345
0.905643
0.451997
0.700402
0.214599
0.206640
0.863125
0.289785
0.292073
0.184822
0.890345
0.109759
0.674340
0.578155
0.856837
0.458600
0.077095
0.317596
0.378016
0.598842
0.109759
0.541222
0.000487
0.588458
0.501960
0.268903
0.840760
0.774086
0.471829
0.365927
0.867438
0.286319
0.812070
0.091287
0.206640
0.458600
0.959450
0.338256
0.403355
0.333401
0.372747
0.440709
0.167677
0.378509
0.626987
0.193326
0.774086
0.283046
0.890345
0.574724
0.905643
0.646845
0.633841
0.087077
0.624643
0.194636
0.963248
0.735164
0.194416
0.507316
0.735164
0.853659
0.644483
0.152012
0.800526
0.384375
0.483200
0.681484
0.408932
0.818818
0.726648
0.959450
0.251074
0.524754
0.674340
0.418492
0.863125
0.703992
0.807359
0.634032
0.850454
0.327683
0.690861
0.717303
0.884472
0.890345
0.512821
0.017249
0.626987
0.383354
0.333401
0.807359
0.172344
0.751585
0.673149
0.585188
0.723082
0.673149
0.443660
0.268903
0.349672
0.433718
0.368524
0.378016
0.011507
0.384246
0.234835
0.800526
0.118440
0.850454
0.850454
0.938859
0.600150
0.905643
0.728018
0.493673
0.564546
0.193908
0.800526
0.527864
0.531306
0.720878
0.281339
0.256900
0.531306
0.499995
0.183272
0.160550
0.522580
0.061215
0.014133
0.321368
0.109718
0.863125
0.719506
0.930768
0.597686
0.397407
0.365927
0.169575
0.980941
0.849384
0.767070
0.276733
0.777595
0.277849
0.881497
0.911105
0.626810
0.214303
0.719685
0.085536
0.419301
0.274262
0.333401
0.489459
0.198608
0.491986
0.188316
0.277849
0.774086
0.772918
0.251717
0.920683
0.440709
0.751585
0.516068
0.211592
0.621128
0.634032
0.626810
0.110698
0.039050
0.493673
0.205554
0.644483
0.853659
0.130274
0.421328
0.047126
0.640403
0.516068
0.674340
0.013406
0.268903
0.800526
0.219411
0.690861
0.305380
0.491986
0.206640
0.428439
0.884472
0.152478
0.514339
0.674340
0.371002
0.310677
0.938859
0.994346
0.634032
0.726648
0.202766
0.499995
0.490518
0.777595
0.615106
0.624643
0.178203
0.772918
0.506405
0.066966
0.373738
0.290616
0.034395
0.772918
0.086577
0.674340
0.751585
0.563407
0.963248
0.490518
0.774086
0.368524
0.499995
0.278125
0.670770
0.751585
0.107731
0.491986
0.959450
0.563407
0.387065
0.316807
0.832159
0.225295
0.100223
0.481124
0.574724
0.853659
0.106083
0.256900
0.738720
0.145878
0.139246
0.169559
0.422673
0.507316
0.624643
0.421328
0.108221
0.730219
0.424206
0.278440
0.959450
0.512821
0.556665
0.338256
0.049053
0.717303
0.681484
0.493673
0.719685
0.391450
0.856837
0.703992
0.674340
0.004886
0.596703
0.881497
0.963248
0.681484
0.943438
0.130580
0.554426
0.890345
0.390679
0.368524
0.101662
0.468766
0.440709
0.379041
0.227060
0.881497
0.218923
0.279245
0.322270
0.011116
0.601154
0.292073
0.189021
0.453995
0.980941
0.274262
0.316822
0.772918
0.281339
0.029128
0.556665
0.192888
0.645819
0.179453
0.300440
0.850454
0.994346
0.840760
0.489459
0.469636
0.198608
0.334885
0.190031
0.701607
0.850454
0.244083
0.763550
0.132100
0.742280
0.797091
0.391450
0.701607
0.911105
0.512821
0.930768
0.250331
0.994346
0.501960
0.396118
0.286319
0.753945
0.965781
0.358220
0.485127
0.720878
0.485127
0.158438
0.662261
0.763550
0.534435
0.043187
0.742280
0.325738
0.700402
0.310677
0.920683
0.774086
0.172348
0.574724
0.596703
0.806222
0.003947
0.104300
0.640403
0.681484
0.598842
0.408932
0.807359
0.468766
0.036892
0.581761
0.317596
0.601154
0.087077
0.563407
0.576057
0.539018
0.336633
0.411877
0.045184
0.336633
0.856837
0.777595
0.384375
0.127704
0.527864
0.377275
0.963248
0.087077
0.284183
0.673149
0.087038
0.920683
0.649383
0.938859
0.283467
0.431779
0.465707
0.719685
0.850454
0.297181
0.030687
0.767070
0.287736
0.421718
0.539018
0.911105
0.263775
0.807359
0.217696
0.601154
0.471829
0.394175
0.800526
0.211592
0.338256
0.776245
0.174608
0.769238
0.674340
0.594853
0.800526
0.054565
0.404421
0.720878
0.938859
0.637389
0.250047
0.105493
0.101656
0.905643
0.061805
0.662261
0.920683
0.204687
0.774086
0.489459
0.938859
0.554426
0.449599
0.818818
0.850454
0.959450
0.074849
0.397407
0.670770
0.774086
0.905643
0.532413
0.563407
0.856837
0.396129
0.980941
0.286319
0.106641
0.436623
0.193908
0.391450
0.152012
0.531306
0.603639
0.404421
0.316807
0.884472
0.873581
0.539018
0.483200
0.581761
0.061506
0.943438
0.458600
0.483200
0.644483
0.753945
0.122840
0.108836
0.498935
0.459609
0.640403
0.506405
0.461489
0.490518
0.512821
0.938859
0.657511
0.938859
0.881497
0.553306
0.626987
0.489459
0.581761
0.728018
0.731596
0.516068
0.305380
0.774086
0.277849
0.310677
0.669389
0.742280
0.416972
0.483046
0.282057
0.408932
0.338256
0.034290
0.041650
0.767070
0.097359
0.449437
0.311746
0.728018
0.726648
0.624643
0.776245
0.166323
0.441692
0.260455
0.730219
0.621128
0.384246
0.292073
0.645819
0.649383
0.943438
0.905643
0.279245
0.731596
0.222380
0.532413
0.701607
