0.921371
0.959811
0.515665
0.252022
0.528900
0.133319
0.992726
0.897183
0.070170
0.730511
0.277958
0.525146
0.486780
0.072999
0.503508
0.610680
0.919902
0.504497
0.546242
0.584492
0.255596
0.627693
0.420135
0.925936
0.220509
0.432201
0.605595
0.405506
0.669284
0.355972
0.124813
0.730273
0.420597
0.185819
0.625410
0.986605
0.862711
0.268470
0.038534
0.993368
0.128907
0.115274
0.511687
0.103619
0.960929
0.125603
0.325285
0.331331
0.016063
0.750095
0.917737
0.378557
0.937156
0.847289
0.029066
0.990518
0.450106
0.360640
0.968838
0.887808
0.704172
0.000000
0.143171
0.720198
0.025515
0.530404
0.814546
0.065251
0.641619
0.883701
0.805710
0.982325
0.643388
0.292513
0.031225
0.484824
0.175492
0.479945
0.559125
0.078953
0.522647
0.771238
0.843261
0.595170
0.101693
0.331534
0.215625
0.401437
0.661519
0.589576
0.880357
0.170752
0.345492
0.972482
0.374413
0.109582
0.684721
0.939671
0.825239
0.040942
0.392915
0.184470
0.724528
0.309303
0.233072
0.744009
0.616016
0.433837
0.324484
0.661017
0.281231
0.228934
0.610172
0.267057
0.311249
0.009643
0.396940
0.956331
0.080574
0.382945
0.756597
0.871429
0.543722
0.436648
0.266001
0.167731
0.969346
0.579665
0.939558
0.392246
0.983430
0.110826
0.688187
0.799940
0.058646
0.756597
0.061925
0.593644
0.553056
0.079895
0.114446
0.092587
0.596441
0.796272
0.124518
0.370294
0.409595
0.012186
0.433837
0.604324
0.260762
0.541707
0.519403
0.143502
0.046504
0.672282
0.751726
0.020100
0.982029
0.116852
0.610934
0.452723
0.576363
0.669784
0.890716
0.442057
0.256623
0.874903
0.377682
0.530654
0.876450
0.392915
0.489228
0.931809
0.580681
0.587796
0.645408
0.436413
0.863073
0.840158
0.706371
0.629468
0.710755
0.645913
0.776421
0.730750
0.072375
0.137853
0.358938
0.065479
0.465175
0.172918
0.611697
0.576871
0.392023
0.237589
0.469757
0.400536
0.002400
0.591864
0.098658
0.279228
0.355761
0.868968
0.069628
0.000000
0.318713
0.256109
0.331940
0.657501
0.249490
0.341351
0.346949
0.601527
0.915537
0.408912
0.321890
0.897028
0.937040
0.746121
0.855194
0.848621
0.130330
0.932538
0.230043
0.255767
0.263023
0.437586
0.959985
0.571541
0.279046
0.053060
0.345908
0.500790
0.565709
0.109140
0.714154
0.975637
0.851644
0.632763
0.175622
0.456301
0.225943
0.127196
0.764871
0.237589
0.861805
0.950500
0.467102
0.861442
0.060584
0.748928
0.166983
0.083409
0.860532
0.777094
0.303128
0.009379
0.587288
0.520151
0.644903
0.748695
0.227514
0.378119
0.730750
0.500296
0.822388
0.118920
0.064462
0.116852
0.765100
0.967803
0.926575
0.131972
0.120061
0.536426
0.499556
0.696818
0.808675
0.004062
0.062633
0.604324
0.003671
0.034577
0.484579
0.167232
0.977612
0.266001
0.091290
0.907862
0.112896
0.975882
0.846335
0.047651
0.840548
0.539694
0.453199
0.610172
0.489719
0.117507
0.947250
0.909457
0.068024
0.985909
0.947869
0.208450
0.753585
0.258515
0.639344
0.609917
0.132076
0.743069
0.938192
0.004062
0.745183
0.347157
0.198876
0.713427
0.066972
0.456540
0.302553
0.630482
0.927590
0.556595
0.773948
0.620080
0.283060
0.798001
0.338676
0.797137
0.608901
0.238728
0.710998
0.899188
0.326690
0.097369
0.869321
0.823204
0.957422
0.520401
0.909889
0.351129
0.779778
0.678015
0.483114
0.809307
0.016175
0.981779
0.790829
0.013874
0.310859
0.105404
0.619826
0.457257
0.701480
0.764643
0.525647
0.667283
0.546746
0.261109
0.490454
0.787977
0.679259
0.698046
0.024368
0.602290
0.867374
0.658255
0.600001
0.431500
0.601273
0.030991
0.315754
0.567990
0.780224
0.999044
0.383605
0.708809
0.936575
0.838792
0.548512
0.060002
0.888133
0.409140
0.029314
0.941902
0.124419
0.218362
0.069389
0.049887
0.916366
0.611188
0.067613
0.132385
0.119679
0.496598
0.106695
0.759365
0.357242
0.909024
0.528900
0.239871
0.264772
0.053250
0.379651
0.090836
0.782672
0.176531
0.079221
0.789295
0.197455
0.993988
0.638079
0.173046
0.622111
0.742127
0.746355
0.375283
0.897183
0.102443
0.999446
0.083549
0.733846
0.275070
0.304087
0.731227
0.785994
0.614746
0.091063
0.993921
0.057875
0.987120
0.192263
0.684225
0.515417
0.808675
0.680253
0.087566
0.089859
0.562416
0.309691
0.003862
0.348408
0.149450
0.569258
0.000000
0.662272
0.614238
0.421289
0.358089
0.090987
0.016079
0.051613
0.229884
0.307365
0.252191
0.862530
0.140872
0.139463
0.787317
0.884694
0.233553
0.130330
0.556595
0.867196
0.927084
0.581189
0.579157
0.924649
0.208450
0.018352
0.333769
0.077032
0.754745
0.901776
0.919094
0.098173
0.479702
0.359576
0.517907
0.386474
0.476055
0.988471
0.520900
0.699274
0.942233
0.599493
0.861260
0.693125
0.949196
0.266704
0.642377
0.086113
0.449393
0.380528
0.276511
0.309691
0.175751
0.359576
0.599238
0.825036
0.191154
0.713427
0.094444
0.389355
0.353230
0.081946
0.560137
0.639597
0.487024
0.350919
0.519153
0.808252
0.768971
0.405733
0.291951
0.293451
0.830280
0.047266
0.247645
0.608392
0.673031
0.202318
0.038286
0.429636
0.550026
0.816831
0.506478
0.178621
0.987468
0.933621
0.154185
0.939671
0.729318
0.402566
0.326489
0.978697
0.177966
0.469516
0.283060
0.241346
0.964955
0.501778
0.595424
0.849758
0.458214
0.241018
0.576363
0.278320
0.087859
0.958672
0.492663
0.646166
0.203186
0.558113
0.268116
0.400086
0.280684
0.929471
0.829478
0.014791
0.962691
0.477756
0.146395
0.489474
0.000000
0.304279
0.596187
0.312615
0.208745
0.723087
0.516661
0.712456
0.286373
0.087055
0.977321
