0.000006
0.000000
0.000000
0.000000
0.000069
0.017416
0.000000
0.000000
0.000000
0.020242
0.000000
0.034088
0.016896
0.000000
0.001765
0.000134
0.048708
0.000000
0.000001
0.011284
0.000002
0.000555
0.000000
0.000000
0.000010
0.000891
0.017952
0.000000
0.180612
0.138214
0.002453
0.000003
0.326412
0.201118
0.000000
0.005870
0.035057
0.021483
0.003504
0.000024
0.000002
0.109463
0.000762
0.000000
0.000000
0.000018
0.000012
0.000012
0.007660
0.000012
0.022790
0.000001
0.339045
0.237740
0.004627
0.000079
0.006278
0.088029
0.109463
0.141402
0.000159
0.000000
0.014949
0.000000
0.000000
0.003892
0.000000
0.000000
0.006938
0.000000
0.000265
0.057117
0.010256
0.000001
0.000677
0.035057
0.002543
0.117512
0.000035
0.000001
0.000341
0.003152
0.002121
0.006491
0.092458
0.000000
0.000000
0.063393
0.003892
0.151331
0.011647
0.000000
0.001358
0.000189
0.000000
0.000000
0.009933
0.000011
0.000000
0.051384
0.339045
0.035057
0.066747
0.012404
0.000578
0.000000
0.036050
0.015895
0.290627
0.000004
0.129001
0.024167
0.017416
0.039179
0.015895
0.161822
0.065052
0.000153
0.004319
0.068481
0.006071
0.000000
0.000128
0.000001
0.000134
0.037068
0.016896
0.000000
0.002045
0.000002
0.010932
0.000002
0.058634
0.000000
0.000206
0.000005
0.000146
0.000000
0.002636
0.000000
0.000060
0.001167
0.000000
0.077734
0.000000
0.000000
0.000003
0.000000
0.000000
0.000000
0.000000
0.000010
0.000000
0.000000
0.000000
0.001410
0.006278
0.000000
0.000001
0.000055
0.000012
0.000001
0.001081
0.000000
0.001520
0.000000
0.000000
0.000000
0.000000
0.014494
0.001308
0.038111
0.063393
0.000128
0.000000
0.000018
0.000793
0.000000
0.003504
0.001900
0.027145
0.000000
0.000002
0.073913
0.461150
0.000000
0.061771
0.003152
0.000000
0.000001
0.001259
0.000000
0.000000
0.000000
0.000436
0.001040
0.019647
0.025618
0.004470
0.013205
0.009619
0.012799
0.000012
0.000651
0.000006
0.000000
0.000000
0.000000
0.032220
0.000000
0.000000
0.000000
0.000174
0.003504
0.000000
0.000000
0.000174
0.000015
0.000001
0.000533
0.003265
0.135085
0.000058
0.000000
0.372205
0.000000
0.000063
0.000000
0.000030
0.247667
0.000000
0.123145
0.008450
0.000000
0.001520
0.060185
0.017416
0.000402
0.000002
0.028752
0.000000
0.055634
0.094742
0.038111
0.000006
0.001971
0.000002
0.000000
0.060185
0.000601
0.000000
0.004470
0.000011
0.001123
0.058634
0.015895
0.000099
0.023470
0.000891
0.001259
0.000000
0.001578
0.000000
0.209823
0.010589
0.000000
0.000793
0.000153
0.000000
0.000000
0.000234
0.034088
0.020854
0.000035
0.000265
0.014494
0.014053
0.000000
0.000108
0.000418
0.020242
0.002045
0.000166
0.000060
0.000019
0.001001
0.000001
0.001123
0.079707
0.001308
0.000000
0.000118
0.001520
0.000891
0.000090
0.218825
0.004029
0.016389
0.000000
0.068481
0.001638
0.000000
0.000234
0.007660
0.000011
0.019066
0.000000
0.000050
0.114776
0.000134
0.000075
0.001358
0.008730
0.000000
0.000000
0.000000
0.308127
0.004955
0.165447
0.001464
0.000003
0.001900
0.022128
0.007412
0.000000
0.000036
0.000000
0.151331
0.000002
0.000004
0.000000
0.000000
0.002045
0.000454
0.000000
0.002733
0.011647
0.000000
0.020242
0.000001
0.003892
0.057117
0.010256
0.021483
0.151331
0.000000
0.000651
0.000000
0.054185
0.000000
0.032220
0.004788
0.000094
0.000015
0.002200
0.006711
0.002366
0.066747
0.000024
0.000003
0.000000
0.000000
0.000000
0.000301
0.000000
0.000000
0.000000
0.000000
0.000005
0.001167
0.000038
0.000000
0.000000
0.000006
0.000000
0.002121
0.005870
0.000000
0.000000
0.000000
0.033142
0.000000
0.001040
0.000153
0.000000
0.004470
0.000003
0.000094
0.000000
0.000050
0.000000
0.000000
0.000857
0.000000
0.000651
0.006711
0.061771
0.000000
0.047417
0.000123
0.000793
0.000001
0.001971
0.000008
0.000000
0.000000
0.029587
0.003504
0.000000
0.073913
0.000019
0.014494
0.000022
0.000000
0.008450
0.000000
0.012020
0.000000
0.034088
0.000000
0.008179
0.000000
0.000000
0.010589
0.000926
0.000038
0.006071
0.000000
0.000032
0.000000
0.000012
0.001358
0.000000
0.000038
0.073913
0.000000
0.022128
0.000215
0.000000
0.000099
0.135085
0.218825
0.024167
0.000003
0.046155
0.000000
0.000040
0.001259
0.004627
0.000000
0.000000
0.228128
0.000060
0.000000
0.000000
0.000008
0.000000
0.000003
0.000000
0.000000
0.000001
0.002200
0.000000
0.000022
0.000000
0.000000
0.000000
0.000000
0.000857
0.000000
0.000000
0.000824
0.002045
0.000000
0.006071
0.011647
0.000001
0.000000
0.000000
0.000009
0.000000
0.000000
0.000000
0.006491
0.002733
0.026372
0.004029
0.000007
0.000198
0.022128
0.000436
0.009619
0.000000
0.002636
0.022790
0.002121
0.039179
0.000033
0.000033
0.010589
0.000128
0.000234
0.000000
0.001167
0.000046
0.017952
0.000007
0.001167
0.000355
0.000000
0.033142
0.000075
0.000000
0.013205
0.032220
0.003265
0.000000
0.000244
0.000198
0.000000
0.151331
0.017416
0.000000
0.000000
0.000001
0.000000
0.000000
0.000000
0.000000
0.000000
0.000000
0.000140
0.001520
0.000005
0.147960
0.000000
0.000004
0.000000
0.000000
0.000128
0.000000
0.099452
0.000000
0.000000
0.004319
0.000000
0.003042
0.112094
0.000001
0.000000
0.000000
0.001259
0.000007
0.000000
0.000234
0.000017
0.000000
0.000677
0.006071
0.000000
0.000002
0.000224
0.037068
0.031320
0.000000
0.000000
0.000000
0.000000
0.000103
0.000224
0.000000
0.006278
0.000762
0.000010
0.000153
0.068481
