0.000000
0.000008
0.000000
0.000000
0.000072
0.196875
0.000000
0.000000
0.000206
0.024883
0.000019
0.000963
0.104358
0.000007
0.000015
0.002200
0.000036
0.000014
0.001001
0.000083
0.000001
0.000000
0.000000
0.000001
0.000007
0.036050
0.000189
0.000000
0.106885
0.012020
0.002543
0.006491
0.339045
0.232895
0.000000
0.001900
0.058634
0.000626
0.001700
0.000123
0.000003
0.005304
0.010932
0.000000
0.000000
0.000314
0.000113
0.000004
0.057117
0.000000
0.019647
0.003382
0.400378
0.129001
0.001971
0.037068
0.005304
0.097073
0.003504
0.273894
0.000035
0.000000
0.022128
0.000000
0.000000
0.075803
0.000000
0.000370
0.017952
0.000000
0.037068
0.058634
0.000370
0.000289
0.013623
0.247667
0.000079
0.058634
0.000355
0.000000
0.092458
0.161822
0.034088
0.009314
0.365391
0.000000
0.000000
0.006491
0.004319
0.237740
0.000146
0.000001
0.000063
0.000762
0.000000
0.000012
0.003758
0.005127
0.000002
0.129001
0.144651
0.046155
0.106885
0.090221
0.077734
0.000000
0.000079
0.063393
0.077734
0.006071
0.029587
0.003629
0.247667
0.092458
0.000018
0.066747
0.192703
0.035057
0.012404
0.172895
0.003629
0.000000
0.001900
0.000128
0.000001
0.154764
0.024167
0.000000
0.017952
0.008450
0.000891
0.014949
0.007171
0.000063
0.000224
0.000385
0.000001
0.000000
0.106885
0.000000
0.000010
0.000189
0.000000
0.054185
0.000000
0.000000
0.000234
0.000000
0.000000
0.000000
0.000000
0.000014
0.000000
0.000000
0.000000
0.000014
0.000385
0.000000
0.000370
0.000004
0.003152
0.000000
0.000011
0.000022
0.016389
0.000000
0.000000
0.000000
0.000000
0.075803
0.030443
0.268484
0.129001
0.002281
0.001123
0.016896
0.000026
0.000000
0.000005
0.026372
0.000103
0.000003
0.011284
0.081722
0.453232
0.000000
0.001410
0.000301
0.000000
0.000016
0.144651
0.000000
0.000000
0.000000
0.001259
0.000000
0.042543
0.003042
0.000003
0.010589
0.051384
0.009619
0.001081
0.011647
0.004470
0.000000
0.000048
0.000000
0.020854
0.000000
0.000314
0.000000
0.017952
0.009017
0.000000
0.000094
0.000001
0.000050
0.002200
0.000030
0.000857
0.332684
0.046155
0.000000
0.092458
0.000000
0.026372
0.000000
0.000042
0.422476
0.000000
0.063393
0.000134
0.000000
0.014494
0.026372
0.019066
0.000677
0.001167
0.000046
0.000000
0.002045
0.004627
0.000224
0.000063
0.023470
0.001001
0.000000
0.000118
0.135085
0.000000
0.000189
0.007171
0.014053
0.001638
0.000004
0.000079
0.009314
0.000016
0.003892
0.001765
0.000000
0.000005
0.314134
0.000009
0.000000
0.010932
0.000002
0.000000
0.000000
0.000128
0.000265
0.001123
0.000011
0.000215
0.000004
0.000001
0.000000
0.000005
0.008179
0.000055
0.000075
0.000055
0.011284
0.000824
0.000011
0.000000
0.000166
0.144651
0.161822
0.000000
0.000044
0.000492
0.005304
0.000000
0.192703
0.026372
0.030443
0.000000
0.013623
0.000000
0.000001
0.007171
0.000651
0.000001
0.002733
0.000000
0.000018
0.041394
0.000086
0.000004
0.094742
0.141402
0.000000
0.000000
0.000000
0.415017
0.001520
0.020242
0.046155
0.000002
0.005870
0.000265
0.028752
0.000001
0.000002
0.000000
0.006278
0.000002
0.000010
0.000000
0.000036
0.001831
0.000001
0.000000
0.001971
0.000050
0.000000
0.165447
0.000036
0.009933
0.072062
0.001167
0.032220
0.024883
0.000000
0.020242
0.000277
0.132014
0.000000
0.002045
0.000733
0.009619
0.005127
0.009619
0.106885
0.027145
0.022790
0.000000
0.000007
0.000000
0.000000
0.000094
0.000000
0.000224
0.000000
0.000000
0.000000
0.001167
0.000001
0.000019
0.000000
0.000000
0.000000
0.004029
0.000963
0.006491
0.000000
0.000000
0.000000
0.044922
0.000000
0.003265
0.000000
0.000000
0.000013
0.000007
0.027145
0.000000
0.000001
0.000000
0.000000
0.000857
0.000000
0.001040
0.017416
0.010589
0.000000
0.001410
0.075803
0.000472
0.000385
0.010589
0.000021
0.000000
0.000000
0.022790
0.000001
0.000000
0.020854
0.008730
0.000159
0.013205
0.000000
0.296374
0.000000
0.000963
0.000705
0.000159
0.000000
0.000000
0.000000
0.000000
0.010932
0.005304
0.037068
0.000327
0.000000
0.000000
0.000000
0.010932
0.000086
0.000000
0.000002
0.002636
0.000000
0.000053
0.000206
0.000000
0.037068
0.004029
0.023470
0.015415
0.000385
0.011284
0.000000
0.016389
0.161822
0.000626
0.000000
0.000000
0.008730
0.000016
0.000001
0.000000
0.016389
0.000000
0.000009
0.000314
0.000018
0.000022
0.000014
0.000000
0.000000
0.000023
0.000000
0.000000
0.000000
0.003152
0.000000
0.000000
0.015895
0.000009
0.000000
0.000255
0.001123
0.000030
0.000000
0.000022
0.000000
0.006711
0.000012
0.008179
0.004470
0.025618
0.043718
0.000011
0.000058
0.000005
0.010932
0.000014
0.144651
0.000000
0.000244
0.009314
0.085883
0.123145
0.003152
0.000007
0.000762
0.000113
0.000000
0.000000
0.000891
0.000000
0.000001
0.004955
0.003758
0.022790
0.000000
0.004788
0.000926
0.000075
0.000113
0.007660
0.000000
0.000058
0.027145
0.000003
0.000000
0.003892
0.001900
0.000000
0.000000
0.000341
0.000000
0.000000
0.000000
0.000006
0.000000
0.000000
0.000578
0.001081
0.000000
0.048708
0.000000
0.000099
0.000003
0.000000
0.000001
0.000000
0.007916
0.000000
0.000000
0.001410
0.000000
0.003265
0.002366
0.000063
0.000000
0.000000
0.033142
0.000002
0.000000
0.008450
0.000058
0.000000
0.000454
0.057117
0.000060
0.000533
0.000289
0.001700
0.063393
0.000000
0.000000
0.000000
0.000000
0.004955
0.000000
0.000000
0.001123
0.000000
0.000000
0.001001
0.063393
