0.545806
0.072309
0.514804
0.790475
0.935312
0.854521
0.336847
0.858186
0.719665
0.815529
0.898075
0.600143
0.225300
0.059710
0.293369
0.485217
0.958726
0.546287
0.093869
0.454885
0.353746
0.060978
0.496698
0.428386
0.667821
0.606847
0.207507
0.787354
0.587043
0.143195
0.501272
0.798314
0.394147
0.725159
0.290409
0.449429
0.594259
0.773405
0.957965
0.314866
0.483160
0.054903
0.631863
0.040943
0.186897
0.162522
0.677465
0.176471
0.629887
0.458010
0.586428
0.805632
0.386176
0.287830
0.288452
0.163407
0.821658
0.424911
0.161333
0.790816
0.108449
0.159112
0.603801
0.509825
0.863300
0.489414
0.940087
0.542866
0.134113
0.185393
0.952272
0.537846
0.065430
0.994753
0.184905
0.103613
0.065067
0.927392
0.739702
0.031059
0.754596
0.924568
0.588960
0.310053
0.178631
0.171680
0.816549
0.005477
0.817626
0.255081
0.167898
0.156575
0.708273
0.562899
0.436278
0.893502
0.542321
0.854768
0.270414
0.501903
0.946566
0.239927
0.353695
0.493736
0.330855
0.077619
0.816945
0.591608
0.717926
0.322633
0.948418
0.242012
0.269542
0.630309
0.396529
0.147274
0.152225
0.498034
0.867206
0.483037
0.284926
0.337156
0.804459
0.848776
0.313537
0.360157
0.724284
0.356811
0.996192
0.090828
0.538388
0.800305
0.888658
0.568399
0.768280
0.200415
0.864089
0.860013
0.356391
0.370216
0.044258
0.827145
0.958049
0.528184
0.568068
0.956247
0.973104
0.726565
0.347086
0.204736
0.652931
0.488975
0.226580
0.848776
0.927575
0.404194
0.641572
0.056506
0.782415
0.276541
0.627983
0.367378
0.534840
0.440114
0.440770
0.993913
0.846495
0.566334
0.809413
0.633715
0.173682
0.475884
0.071820
0.838316
0.371349
0.551277
0.275452
0.742922
0.311998
0.690831
0.804452
0.136049
0.958528
0.895374
0.617458
0.452370
0.136083
0.481895
0.388085
0.667991
0.593096
0.530215
0.858491
0.433217
0.599122
0.019168
0.800751
0.717026
0.980023
0.046604
0.502444
0.368639
0.107103
0.189415
0.771314
0.361758
0.548222
0.022381
0.478959
0.585450
0.773961
0.865036
0.961178
0.169618
0.445270
0.023774
0.293407
0.902228
0.477916
0.967636
0.313216
0.311716
0.233600
0.548799
0.219563
0.528241
0.291048
0.870509
0.167694
0.376552
0.125146
0.041175
0.115089
0.614350
0.799016
0.199929
0.313893
0.971148
0.956574
0.315601
0.344268
0.434325
0.006979
0.672693
0.880726
0.885025
0.745678
0.272840
0.591711
0.631691
0.483856
0.235423
0.171884
0.660112
0.906554
0.643219
0.720402
0.134578
0.732163
0.155736
0.324760
0.589355
0.773752
0.254048
0.366843
0.335151
0.328785
0.789197
0.351185
0.421923
0.390976
0.857212
0.875259
0.732190
0.470336
0.330082
0.931927
0.450320
0.818998
0.972770
0.143824
0.578304
0.785519
0.824438
0.584255
0.040569
0.644520
0.597732
0.762690
0.502526
0.610149
0.899517
0.111113
0.290287
0.698294
0.291648
0.649969
0.493125
0.355202
0.239270
0.120309
0.474455
0.175811
0.697225
0.221057
0.666627
0.865168
0.108102
0.623105
0.435532
0.517793
0.967408
0.301506
0.168401
0.635962
0.022571
0.059176
0.284368
0.518996
0.345098
0.001435
0.826436
0.281986
0.359691
0.731393
0.882703
0.508949
0.806569
0.959612
0.766903
0.426504
0.032644
0.550107
0.815311
0.196485
0.546398
0.902549
0.350766
0.508440
0.448924
0.753845
0.945228
0.586414
0.625357
0.105303
0.449118
0.433171
0.988675
0.837767
0.576641
0.672285
0.201850
0.404618
0.924217
0.731146
0.597652
0.126972
0.669113
0.761833
0.392406
0.382887
0.936611
0.487202
0.961695
0.361174
0.152450
0.173753
0.305123
0.747093
0.794150
0.370478
0.290989
0.944750
0.787057
0.248047
0.878727
0.930763
0.696611
0.328260
0.887153
0.463902
0.700398
0.216406
0.612308
0.291130
0.419239
0.965549
0.153446
0.318230
0.757397
0.598147
0.037772
0.892839
0.436491
0.776051
0.168827
0.378481
0.928348
0.959729
0.506191
0.103130
0.490657
0.150578
0.353914
0.889974
0.066070
0.499197
0.203511
0.938111
0.967675
0.337313
0.510844
0.656536
0.719423
0.020880
0.659582
0.817909
0.924433
0.319350
0.439718
0.915070
0.001373
0.238652
0.089847
0.781143
0.206433
0.367030
0.614098
0.154548
0.985540
0.099529
0.539308
0.228615
0.553849
0.704164
0.624079
0.873475
0.014204
0.380238
0.618329
0.300649
0.013482
0.440066
0.563904
0.079372
0.461926
0.413548
0.075237
0.033515
0.273982
0.153622
0.703758
0.706840
0.273181
0.336158
0.601861
0.680761
0.462462
0.087771
0.343217
0.140238
0.897456
0.984601
0.983500
0.480902
0.111799
0.855681
0.409620
0.189987
0.152983
0.031206
0.708273
0.026581
0.812619
0.722236
0.563025
0.722614
0.093048
0.946984
0.853862
0.972900
0.265827
0.354239
0.425060
0.703443
0.430477
0.711785
0.783765
0.437490
0.201467
0.058696
0.893608
0.833541
0.113651
0.350886
0.795441
0.596860
0.800557
0.501519
0.076947
0.671505
0.702363
0.372177
0.806010
0.533089
0.844270
0.273274
0.545730
0.697613
0.141694
0.098278
0.223387
0.928767
0.514423
0.203744
0.711630
0.597229
0.195146
0.003955
0.474864
0.630944
0.272889
0.317024
0.756835
0.462720
0.309085
0.719052
0.679991
0.980699
0.837273
0.411231
0.958915
0.095637
0.929646
0.921134
0.246340
0.920278
0.595805
0.132717
0.770989
0.505961
0.905637
0.881349
0.504755
0.024091
0.260083
0.466902
0.333621
0.561910
0.201600
0.910158
0.407308
0.674516
0.700170
0.618618
0.092934
0.920567
0.410168
0.829650
0.291649
0.611372
0.669622
0.162167
0.359173
0.376294
0.311681
0.243089
0.744938
0.836199
0.291486
0.746251
0.057415
0.075967
0.444135
0.078280
0.474694
