0.049881
0.315948
0.875149
0.168571
0.856700
0.252428
0.543842
0.917318
0.363441
0.988741
0.733842
0.185688
0.510195
0.557401
0.584241
0.483244
0.863267
0.341137
0.146008
0.412589
0.866729
0.177002
0.672092
0.180153
0.630055
0.706659
0.176481
0.390582
0.279929
0.362692
0.525089
0.111597
0.822135
0.758522
0.426996
0.688091
0.810494
0.795138
0.129630
0.779614
0.682193
0.403572
0.060235
0.862510
0.992663
0.270686
0.187048
0.325724
0.378469
0.499767
0.354672
0.495300
0.063096
0.113129
0.623373
0.695495
0.946575
0.783525
0.148390
0.352465
0.847966
0.000000
0.932558
0.860533
0.920656
0.700610
0.917559
0.317859
0.337416
0.364041
0.114201
0.531497
0.828439
0.636169
0.431805
0.483420
0.269107
0.235894
0.103817
0.311205
0.350852
0.008128
0.883051
0.270443
0.910813
0.456465
0.507489
0.204306
0.135550
0.958250
0.057785
0.601095
0.463866
0.867028
0.036082
0.534436
0.277566
0.198893
0.626427
0.697201
0.584241
0.665984
0.438152
0.191548
0.365542
0.963330
0.436142
0.595214
0.389173
0.740890
0.875440
0.791462
0.760889
0.683906
0.858852
0.093518
0.393254
0.219908
0.608889
0.855155
0.091679
0.199084
0.111773
0.676669
0.300557
0.769759
0.793390
0.643815
0.861599
0.010559
0.524541
0.677812
0.201391
0.354819
0.087433
0.564687
0.099710
0.249097
0.426500
0.101745
0.238424
0.967167
0.183798
0.243435
0.522534
0.422874
0.141630
0.750841
0.282057
0.187230
0.618604
0.134169
0.848281
0.914402
0.499230
0.170499
0.312015
0.378777
0.479548
0.067563
0.365091
0.301610
0.935881
0.384030
0.822135
0.415676
0.685619
0.219287
0.053974
0.279431
0.034134
0.144609
0.525272
0.420248
0.214571
0.938910
0.670184
0.355557
0.527283
0.344018
0.694547
0.051670
0.822302
0.472024
0.352612
0.299113
0.854690
0.193316
0.537749
0.317722
0.081261
0.496549
0.736814
0.471850
0.379238
0.237102
0.162248
0.554420
0.164687
0.751024
0.036804
0.703637
0.492985
0.874711
0.020292
0.188874
0.977326
0.755236
0.443368
0.351438
0.626999
0.165507
0.974919
0.997396
0.403412
0.771918
0.735514
0.647065
0.160959
0.934605
0.748820
0.851733
0.420904
0.255093
0.129496
0.895487
0.445057
0.279057
0.977559
0.750106
0.917799
0.282811
0.073155
0.023942
0.730864
0.928924
0.364941
0.142424
0.923811
0.645153
0.666175
0.669421
0.022548
0.527100
0.676669
0.269835
0.554048
0.909055
0.101098
0.619748
0.580279
0.673618
0.888378
0.677241
0.823135
0.447598
0.653565
0.838068
0.471327
0.416490
0.864476
0.392782
0.945514
0.264891
0.651462
0.468370
0.334006
0.838391
0.133688
0.362094
0.182101
0.104700
0.011594
0.092024
0.565436
0.465596
0.536644
0.105478
0.776401
0.894272
0.407422
0.802430
0.852981
0.723206
0.485715
0.052825
0.097972
0.677622
0.824633
0.540331
0.498872
0.876747
0.010719
0.940039
0.639418
0.161280
0.155812
0.931357
0.646491
0.606226
0.654329
0.750106
0.916715
0.764881
0.089727
0.798099
0.778188
0.734585
0.821968
0.237873
0.444381
0.739039
0.607747
0.748820
0.053276
0.227791
0.784056
0.922066
0.858085
0.959658
0.820798
0.758340
0.044084
0.661400
0.941560
0.275340
0.590668
0.217021
0.325863
0.743846
0.969935
0.156987
0.221676
0.023558
0.291456
0.182992
0.537197
0.352171
0.842247
0.763068
0.200235
0.992519
0.470978
0.127509
0.450317
0.925192
0.657578
0.275957
0.241309
0.888655
0.731609
0.122147
0.885588
0.465942
0.551073
0.086120
0.313503
0.107220
0.132596
0.791638
0.203428
0.849697
0.579337
0.788650
0.068543
0.503891
0.072116
0.666175
0.860990
0.433637
0.685429
0.393727
0.455951
0.910313
0.732912
0.009566
0.431971
0.618795
0.836774
0.424026
0.138632
0.492274
0.968034
0.767774
0.115887
0.261792
0.362842
0.530030
0.477969
0.580468
0.956215
0.308786
0.889899
0.684477
0.118640
0.617841
0.181302
0.294554
0.642285
0.545508
0.609270
0.290558
0.897498
0.501020
0.776580
0.032417
0.298720
0.260489
0.136455
0.089534
0.118085
0.182012
0.717393
0.536276
0.672474
0.040222
0.746980
0.826291
0.900810
0.288511
0.172106
0.707414
0.216304
0.599007
0.797925
0.313638
0.643815
0.938186
0.964484
0.723768
0.898829
0.586319
0.321706
0.887266
0.760707
0.826291
0.439831
0.215182
0.211238
0.358816
0.088287
0.461967
0.926446
0.178134
0.118950
0.000719
0.433637
0.619748
0.539409
0.599387
0.619557
0.796184
0.854690
0.121010
0.504250
0.825794
0.165754
0.941055
0.526917
0.127706
0.431140
0.337844
0.572188
0.389486
0.214063
0.080864
0.235566
0.991212
0.218564
0.292615
0.370527
0.890313
0.566934
0.113248
0.634258
0.499767
0.053943
0.705337
0.768136
0.607747
0.678003
0.357777
0.839197
0.434972
0.987335
0.910563
0.064446
0.621846
0.800008
0.475167
0.106093
0.981550
0.794264
0.738297
0.834826
0.843365
0.387922
0.083545
0.151261
0.797055
0.436811
0.695116
0.484302
0.908803
0.593887
0.551259
0.017088
0.534620
0.197558
0.015092
0.502455
0.850325
0.090017
0.080118
0.411618
0.970073
0.842247
0.374790
0.827779
0.434137
0.198224
0.555165
0.334289
0.195852
0.018239
0.675906
0.335566
0.049204
0.718332
0.153330
0.251966
0.538302
0.570873
0.376167
0.628527
0.215283
0.079987
0.186866
0.883192
0.216816
0.397837
0.194910
0.651079
0.950614
0.862207
0.061324
0.888239
0.347496
0.009388
0.080118
0.415513
0.321292
0.578018
0.823635
0.173298
0.742923
0.649741
0.722645
0.434972
0.715514
0.388860
0.788297
0.913296
0.260725
0.304917
0.918279
0.594077
0.850638
0.027088
0.513993
0.207452
0.111655
0.712881
0.640374
0.440503
0.721521
