0.169614
0.049881
0.378119
0.315948
0.896406
0.875149
0.391578
0.168571
0.067789
0.856700
0.113897
0.252428
0.639850
0.543842
0.759365
0.917318
0.654986
0.363441
0.929346
0.988741
0.929471
0.733842
0.596187
0.185688
0.721884
0.510195
0.407776
0.557401
0.508212
0.584241
0.487759
0.483244
0.980807
0.863267
0.480432
0.341137
0.486535
0.146008
0.151745
0.412589
0.900563
0.866729
0.266176
0.177002
0.952562
0.672092
0.271489
0.180153
0.535421
0.630055
0.655238
0.706659
0.098012
0.176481
0.697309
0.390582
0.012946
0.279929
0.329713
0.362692
0.927084
0.525089
0.310080
0.111597
0.701235
0.822135
0.432902
0.758522
0.879683
0.426996
0.392915
0.688091
0.924000
0.810494
0.849380
0.795138
0.220509
0.129630
0.613730
0.779614
0.403921
0.682193
0.007952
0.403572
0.153952
0.060235
0.930708
0.862510
0.998738
0.992663
0.286558
0.270686
0.469516
0.187048
0.332346
0.325724
0.313398
0.378469
0.926830
0.499767
0.154185
0.354672
0.782894
0.495300
0.058388
0.063096
0.171133
0.113129
0.366416
0.623373
0.740477
0.695495
0.904921
0.946575
0.972949
0.783525
0.063127
0.148390
0.402340
0.352465
0.834264
0.847966
0.000000
0.000000
0.891676
0.932558
0.648436
0.860533
0.984304
0.920656
0.585763
0.700610
0.795839
0.917559
0.391801
0.317859
0.391355
0.337416
0.224381
0.364041
0.374196
0.114201
0.573825
0.531497
0.273454
0.828439
0.629215
0.636169
0.739769
0.431805
0.473145
0.483420
0.233233
0.269107
0.578395
0.235894
0.183128
0.103817
0.529902
0.311205
0.546494
0.350852
0.022430
0.008128
0.226570
0.883051
0.041470
0.270443
0.632509
0.910813
0.719957
0.456465
0.225005
0.507489
0.413018
0.204306
0.430334
0.135550
0.325686
0.958250
0.020515
0.057785
0.146620
0.601095
0.462290
0.463866
0.930338
0.867028
0.046630
0.036082
0.530153
0.534436
0.283611
0.277566
0.451770
0.198893
0.217143
0.626427
0.880357
0.697201
0.119394
0.584241
0.116014
0.665984
0.555837
0.438152
0.144165
0.191548
0.455346
0.365542
0.777990
0.963330
0.675774
0.436142
0.499309
0.595214
0.685712
0.389173
0.471934
0.740890
0.533915
0.875440
0.540701
0.791462
0.406186
0.760889
0.044728
0.683906
0.924649
0.858852
0.144165
0.093518
0.684968
0.393254
0.678512
0.219908
0.821979
0.608889
0.836240
0.855155
0.053774
0.091679
0.560643
0.199084
0.454868
0.111773
0.243323
0.676669
0.659511
0.300557
0.859436
0.769759
0.886339
0.793390
0.505982
0.643815
0.869145
0.861599
0.075925
0.010559
0.612967
0.524541
0.875248
0.677812
0.147070
0.201391
0.817452
0.354819
0.262675
0.087433
0.448918
0.564687
0.199589
0.099710
0.556848
0.249097
0.144387
0.426500
0.012675
0.101745
0.391133
0.238424
0.262849
0.967167
0.393808
0.183798
0.312420
0.243435
0.756365
0.522534
0.367276
0.422874
0.082779
0.141630
0.699028
0.750841
0.511687
0.282057
0.592627
0.187230
0.903879
0.618604
0.157013
0.134169
0.835451
0.848281
0.966361
0.914402
0.705883
0.499230
0.250332
0.170499
0.605341
0.312015
0.721643
0.378777
0.666782
0.479548
0.351129
0.067563
0.405053
0.365091
0.398287
0.301610
0.938991
0.935881
0.592881
0.384030
0.844032
0.822135
0.851268
0.415676
0.891516
0.685619
0.595932
0.219287
0.077624
0.053974
0.025320
0.279431
0.069448
0.034134
0.039868
0.144609
0.719475
0.525272
0.182060
0.420248
0.416684
0.214571
0.621857
0.938910
0.942123
0.670184
0.496352
0.355557
0.852957
0.527283
0.143391
0.344018
0.483603
0.694547
0.337035
0.051670
0.813712
0.822302
0.657752
0.472024
0.293639
0.352612
0.743069
0.299113
0.739533
0.854690
0.192680
0.193316
0.613730
0.537749
0.027642
0.317722
0.173430
0.081261
0.083620
0.496549
0.681247
0.736814
0.295521
0.471850
0.006522
0.379238
0.381186
0.237102
0.533664
0.162248
0.845761
0.554420
0.134886
0.164687
0.482138
0.751024
0.121307
0.036804
0.711727
0.703637
0.407548
0.492985
0.881030
0.874711
0.138495
0.020292
0.000001
0.188874
0.862168
0.977326
0.144165
0.755236
0.680502
0.443368
0.389133
0.351438
0.548512
0.626999
0.374848
0.165507
0.429636
0.974919
0.944081
0.997396
0.288410
0.403412
0.732418
0.771918
0.865590
0.735514
0.849569
0.647065
0.422444
0.160959
0.813712
0.934605
0.215020
0.748820
0.689670
0.851733
0.043366
0.420904
0.201022
0.255093
0.383825
0.129496
0.967578
0.895487
0.361919
0.445057
0.192959
0.279057
0.572302
0.977559
0.523147
0.750106
0.908153
0.917799
0.225005
0.282811
0.060319
0.073155
0.065935
0.023942
0.439231
0.730864
0.455107
0.928924
0.494138
0.364941
0.177182
0.142424
0.353440
0.923811
0.224381
0.645153
0.395149
0.666175
0.615000
0.669421
0.041243
0.022548
0.492663
0.527100
0.850514
0.676669
0.443709
0.269835
0.534919
0.554048
0.418063
0.909055
0.128201
0.101098
0.447732
0.619748
0.953236
0.580279
0.672781
0.673618
0.938536
0.888378
0.461809
0.677241
0.926830
0.823135
0.744244
0.447598
0.308915
0.653565
0.388024
0.838068
0.251007
0.471327
0.274172
0.416490
0.906839
0.864476
0.536426
0.392782
0.885024
0.945514
0.457257
0.264891
0.688187
0.651462
0.624395
0.468370
0.220971
0.334006
0.219280
0.838391
0.474357
0.133688
0.584746
0.362094
0.526147
0.182101
0.160483
0.104700
0.016712
0.011594
0.057978
0.092024
0.808886
0.565436
0.476784
0.465596
0.402791
0.536644
0.389577
0.105478
0.005664
0.776401
0.499556
0.894272
0.512929
0.407422
0.223292
0.802430
0.984394
0.852981
0.892632
0.723206
0.316738
0.485715
0.194776
0.052825
0.334176
0.097972
0.552804
0.677622
0.806347
0.824633
0.736457
0.540331
0.319307
0.498872
0.976729
0.876747
0.036120
0.010719
0.570780
0.940039
0.382505
0.639418
0.394701
0.161280
0.084894
0.155812
0.934694
0.931357
0.807830
0.646491
0.650201
0.606226
0.424063
0.654329
0.834264
0.750106
0.863614
0.916715
0.650201
0.764881
0.322886
0.089727
0.581951
0.798099
0.407094
0.778188
0.482138
0.734585
0.656244
0.821968
0.344869
0.237873
0.766924
0.444381
0.709296
0.739039
0.084965
0.607747
0.480676
0.748820
0.002910
0.053276
0.310664
0.227791
0.479945
0.784056
0.846717
0.922066
0.675774
0.858085
0.966744
0.959658
0.819927
0.820798
0.723327
0.758340
0.218668
0.044084
0.250164
0.661400
0.971394
0.941560
0.249995
0.275340
0.657752
0.590668
0.173046
0.217021
0.300070
0.325863
0.327293
0.743846
0.630229
0.969935
0.610934
0.156987
0.305627
0.221676
0.042235
0.023558
0.505735
0.291456
0.093744
0.182992
0.685464
0.537197
0.266528
0.352171
0.823204
0.842247
0.417833
0.763068
0.159640
0.200235
0.973672
0.992519
0.334584
0.470978
0.160363
0.127509
0.712456
0.450317
0.857231
0.925192
0.494138
0.657578
0.417603
0.275957
0.245311
0.241309
0.805498
0.888655
0.841325
0.731609
0.317725
0.122147
0.825239
0.885588
0.431734
0.465942
0.224381
0.551073
0.292513
0.086120
0.270243
0.313503
0.509204
0.107220
0.365986
0.132596
0.733846
0.791638
0.068437
0.203428
0.866840
0.849697
0.353019
0.579337
0.691892
0.788650
0.147973
0.068543
0.858886
0.503891
0.360001
0.072116
0.782450
0.666175
0.892314
0.860990
0.337650
0.433637
0.681992
0.685429
0.174975
0.393727
0.044122
0.455951
0.785994
0.910313
0.144165
0.732912
0.070534
0.009566
0.490700
0.431971
0.599238
0.618795
0.917737
0.836774
0.294015
0.424026
0.223758
0.138632
0.126398
0.492274
0.997161
0.968034
0.517907
0.767774
0.101444
0.115887
0.169740
0.261792
0.553056
0.362842
0.141416
0.530030
0.148767
0.477969
0.302744
0.580468
0.939671
0.956215
0.147070
0.308786
0.893740
0.889899
0.602798
0.684477
0.358302
0.118640
0.421289
0.617841
0.052169
0.181302
0.557101
0.294554
0.501778
0.642285
0.388467
0.545508
0.539443
0.609270
0.476055
0.290558
0.918959
0.897498
0.425453
0.501020
0.534668
0.776580
0.085037
0.032417
0.164383
0.298720
0.407776
0.260489
0.051752
0.136455
0.284346
0.089534
0.053965
0.118085
0.167232
0.182012
0.444891
0.717393
0.774398
0.536276
0.767152
0.672474
0.022322
0.040222
0.749862
0.746980
0.684473
0.826291
0.948484
0.900810
0.053250
0.288511
0.557607
0.172106
0.603053
0.707414
0.179015
0.216304
0.837616
0.599007
0.316935
0.797925
0.567990
0.313638
0.287113
0.643815
0.994376
0.938186
0.758444
0.964484
0.755440
0.723768
0.830880
0.898829
0.578141
0.586319
0.162059
0.321706
0.670284
0.887266
0.260242
0.760707
0.951095
0.826291
0.230360
0.439831
0.222516
0.215182
0.297979
0.211238
0.270421
0.358816
0.113897
0.088287
0.875075
0.461967
0.700255
0.926446
0.145389
0.178134
0.382724
0.118950
0.001206
0.000719
0.766013
0.433637
0.444418
0.619748
0.812458
0.539409
0.850702
0.599387
0.248818
0.619557
0.696326
0.796184
0.733608
0.854690
0.406640
0.121010
0.433369
0.504250
0.925808
0.825794
0.607629
0.165754
0.926064
0.941055
0.446311
0.526917
0.037795
0.127706
0.289339
0.431140
0.097770
0.337844
0.714881
0.572188
0.359151
0.389486
0.279591
0.214063
0.381625
0.080864
0.463010
0.235566
0.788637
0.991212
0.456062
0.218564
0.367060
0.292615
0.116479
0.370527
0.977959
0.890313
0.335808
0.566934
0.015285
0.113248
0.222981
0.634258
0.112624
0.499767
0.250332
0.053943
0.843261
0.705337
0.593135
0.768136
0.638332
0.607747
0.628961
0.678003
0.353019
0.357777
0.819721
0.839197
0.597967
0.434972
0.946625
0.987335
0.722606
0.910563
0.007644
0.064446
0.481651
0.621846
0.695342
0.800008
0.504250
0.475167
0.319902
0.106093
0.972750
0.981550
0.758444
0.794264
0.759596
0.738297
0.983336
0.834826
0.971669
0.843365
0.122369
0.387922
0.066222
0.083545
0.445127
0.151261
0.194355
0.797055
0.746824
0.436811
0.452961
0.695116
0.764185
0.484302
0.669534
0.908803
0.817038
0.593887
0.779108
0.551259
0.028171
0.017088
0.670284
0.534620
0.472176
0.197558
0.023812
0.015092
0.752191
0.502455
0.952755
0.850325
0.445127
0.090017
0.135940
0.080118
0.838400
0.411618
0.856677
0.970073
0.862530
0.842247
0.408685
0.374790
0.966897
0.827779
0.090685
0.434137
0.533162
0.198224
0.778661
0.555165
0.653476
0.334289
0.361919
0.195852
0.113259
0.018239
0.595170
0.675906
0.852770
0.335566
0.021205
0.049204
0.192124
0.718332
0.063514
0.153330
0.559631
0.251966
0.540701
0.538302
0.544226
0.570873
0.178097
0.376167
0.605595
0.628527
0.462530
0.215283
0.035820
0.079987
0.306785
0.186866
0.923478
0.883192
0.437352
0.216816
0.741892
0.397837
0.452961
0.194910
0.697309
0.651079
0.995793
0.950614
0.870202
0.862207
0.240198
0.061324
0.383825
0.888239
0.351129
0.347496
0.061332
0.009388
0.342177
0.080118
0.526397
0.415513
0.157369
0.321292
0.652217
0.578018
0.756134
0.823635
0.509204
0.173298
0.260936
0.742923
0.197171
0.649741
0.376155
0.722645
0.185009
0.434972
0.419444
0.715514
0.668284
0.388860
0.911179
0.788297
0.800799
0.913296
0.549521
0.260725
0.660013
0.304917
0.482138
0.918279
0.488738
0.594077
0.803581
0.850638
0.212613
0.027088
0.591610
0.513993
0.177443
0.207452
0.394701
0.111655
0.773271
0.712881
0.269533
0.640374
0.798433
0.440503
0.823612
0.721521
