0.080911
0.182760
0.612808
0.053443
0.748842
0.748842
0.046229
0.269120
0.991760
0.717742
0.039854
0.780356
0.796253
0.909549
0.488954
0.570009
0.096352
0.326516
0.748842
0.991760
0.488954
0.598384
0.151120
0.096352
0.391323
0.844429
0.909549
0.717742
0.958816
0.368902
0.022461
0.975282
0.041890
0.278172
0.515265
0.391323
0.612808
0.942367
0.080911
0.671970
0.243187
0.488954
0.598384
0.414552
0.796253
0.702362
0.296891
0.598384
0.450885
0.627383
0.243187
0.812236
0.088360
0.380011
0.018025
0.114066
0.169560
0.476075
0.260273
0.764550
0.269120
0.000005
0.402837
0.958816
0.014376
0.598384
0.438578
0.134249
0.925942
0.347298
0.542293
0.860628
0.463385
0.023708
0.336804
0.463385
0.627383
0.488954
0.438578
0.515265
0.426467
0.893194
0.925942
0.163235
0.034240
0.671970
0.584117
0.092287
0.463385
0.748842
0.005823
0.671970
0.812236
0.234946
0.702362
0.050940
0.828296
0.876885
0.612808
0.570009
0.702362
0.414552
0.796253
0.025015
0.942367
0.812236
0.306560
0.269120
0.050940
0.104913
0.717742
0.226905
0.748842
0.139703
0.570009
0.306560
0.844429
0.169560
0.380011
0.893194
0.893194
0.438578
0.450885
0.402837
0.844429
0.528691
0.991760
0.733237
0.656969
0.796253
0.528691
0.287429
0.556067
0.780356
0.488954
0.702362
0.556067
0.046229
0.128962
0.780356
0.096352
0.088360
0.296891
0.812236
0.226905
0.812236
0.357997
0.598384
0.104913
0.326516
0.269120
0.812236
0.211416
0.958816
0.243187
0.426467
0.687103
0.336804
0.893194
0.025015
0.368902
0.027817
0.780356
0.528691
0.438578
0.717742
0.219062
0.584117
0.211416
0.671970
0.064501
0.748842
0.687103
0.084569
0.402837
0.034240
0.812236
0.733237
0.306560
0.502019
0.860628
0.326516
0.780356
0.991760
0.092287
0.287429
0.118873
0.656969
0.942367
0.163235
0.702362
0.542293
0.088360
0.488954
0.656969
0.336804
0.050940
0.080911
0.671970
0.748842
0.118873
0.326516
0.812236
0.015221
0.104913
0.044015
0.368902
0.844429
0.687103
0.000732
0.260273
0.764550
0.084569
0.702362
0.151120
0.556067
0.748842
0.056047
0.748842
0.687103
0.182760
0.211416
0.357997
0.347298
0.844429
0.642105
0.598384
0.084569
0.584117
0.226905
0.357997
0.942367
0.032526
0.296891
0.368902
0.860628
0.502019
0.414552
0.612808
0.958816
0.001752
0.169560
0.176068
0.812236
0.145326
0.287429
0.096352
0.145326
0.515265
0.925942
0.316435
0.656969
0.128962
0.463385
0.050940
0.163235
0.096352
0.450885
0.025015
0.104913
0.182760
0.687103
0.598384
0.991760
0.958816
0.032526
0.528691
0.380011
0.211416
0.702362
0.163235
0.627383
0.316435
0.975282
0.942367
0.196706
0.463385
0.598384
0.584117
0.211416
0.975282
0.196706
0.476075
0.463385
0.380011
0.347298
0.844429
0.828296
0.316435
0.109414
0.368902
0.476075
0.114066
0.584117
0.077382
0.542293
0.287429
0.975282
0.046229
0.893194
0.733237
0.528691
0.748842
0.251628
0.219062
0.414552
0.612808
0.368902
0.627383
0.476075
0.612808
0.942367
0.391323
0.176068
0.942367
0.025015
0.733237
0.182760
0.656969
0.909549
0.958816
0.088360
0.316435
0.909549
0.145326
0.402837
0.702362
0.717742
0.733237
0.828296
0.030886
0.556067
0.316435
0.958816
0.780356
0.163235
0.269120
0.067542
0.748842
0.438578
0.702362
0.642105
0.438578
0.598384
0.656969
0.764550
0.380011
0.764550
0.598384
0.007474
0.570009
0.118873
0.796253
0.476075
0.163235
0.844429
0.326516
0.687103
0.287429
0.542293
0.196706
0.598384
0.380011
0.005128
0.326516
0.077382
0.570009
0.357997
0.812236
0.243187
0.426467
0.584117
0.764550
0.402837
0.542293
0.796253
0.044015
0.764550
0.025015
0.118873
0.234946
0.642105
0.326516
0.958816
0.860628
0.570009
0.556067
0.860628
0.502019
0.243187
0.717742
0.627383
0.118873
0.182760
0.278172
0.234946
0.975282
0.046229
0.528691
0.991760
0.975282
0.733237
0.598384
0.828296
0.642105
0.556067
0.925942
0.336804
0.812236
0.347298
0.023708
0.151120
0.463385
0.893194
0.764550
0.438578
0.780356
0.402837
0.109414
0.642105
0.612808
0.414552
0.991760
0.336804
0.764550
0.942367
0.368902
0.975282
0.844429
0.032526
0.844429
0.702362
0.748842
0.612808
0.584117
0.234946
0.476075
0.203964
0.780356
0.687103
0.368902
0.612808
0.515265
0.402837
0.612808
0.000022
0.812236
0.296891
0.336804
0.096352
0.380011
0.671970
0.812236
0.316435
0.542293
0.073980
0.010741
0.584117
0.502019
0.226905
0.627383
0.844429
0.015221
0.687103
0.570009
0.226905
0.958816
0.041890
0.347298
0.189638
0.219062
0.476075
0.656969
0.717742
0.357997
0.426467
0.656969
0.080911
0.157089
0.269120
0.037901
0.080911
0.104913
0.243187
0.426467
0.118873
0.009533
0.844429
0.064501
0.196706
0.096352
0.542293
0.642105
0.925942
0.163235
0.234946
0.463385
0.368902
0.234946
0.463385
0.182760
0.450885
0.316435
0.251628
0.748842
0.100560
0.975282
0.780356
0.151120
0.556067
0.909549
0.196706
0.426467
0.347298
0.958816
0.278172
0.044015
0.357997
0.975282
0.780356
0.687103
0.017044
0.109414
0.893194
0.044015
0.243187
0.219062
0.796253
0.627383
0.151120
0.942367
0.151120
0.876885
0.134249
0.687103
0.909549
0.656969
0.528691
0.243187
0.909549
0.226905
0.380011
0.893194
0.463385
0.909549
0.336804
0.203964
0.733237
0.796253
0.037901
0.296891
0.687103
0.278172
0.004809
0.109414
0.092287
0.260273
0.100560
0.828296
0.975282
0.438578
0.391323
0.542293
0.528691
0.702362
0.000000
0.426467
0.000289
0.476075
0.860628
0.598384
0.380011
0.001416
0.502019
0.058756
0.812236
