0.649688
0.848789
0.580543
0.713075
0.867378
0.236593
0.421575
0.194957
0.801128
0.401971
0.991213
0.829282
0.749684
0.874110
0.580543
0.681504
0.695863
0.735726
0.109849
0.088340
0.194957
0.255445
0.984769
0.574890
0.139014
0.681504
0.441715
0.758020
0.454542
0.067775
0.316692
0.183833
0.316692
0.612135
0.557828
0.016595
0.766291
0.483494
0.836720
0.779856
0.401971
0.557828
0.935597
0.096609
0.226757
0.144460
0.848789
0.681504
0.808960
0.483494
0.364456
0.000031
0.935597
0.978604
0.901408
0.255445
0.549354
0.867378
0.521553
0.620815
0.897436
0.612135
0.801128
0.322949
0.103042
0.626544
0.543791
0.649688
0.394742
0.491556
0.922090
0.290658
0.421575
0.094284
0.922090
0.109849
0.470257
0.557828
0.340005
0.462365
0.027652
0.927324
0.958545
0.589144
0.901408
0.557828
0.681504
0.891273
0.695863
0.236593
0.749684
0.153566
0.927324
0.549354
0.375911
0.470257
0.779856
0.132684
0.727244
0.643949
0.884948
0.290658
0.626544
0.690166
0.220452
0.930673
0.557828
0.594827
0.681504
0.922090
0.250182
0.758020
0.951979
0.241635
0.236593
0.594827
0.718717
0.612135
0.316692
0.329292
0.273514
0.758020
0.527033
0.340005
0.643949
0.144460
0.173237
0.916674
0.971109
0.848789
0.971109
0.991213
0.589144
0.643949
0.382926
0.787927
0.793201
0.727244
0.766291
0.643949
0.884948
0.695863
0.766291
0.094284
0.521553
0.284858
0.744157
0.382926
0.947760
0.173237
0.997586
0.589144
0.306500
0.922090
0.290658
0.549354
0.958545
0.183833
0.115226
0.758020
0.470257
0.269851
0.518727
0.994555
0.241635
0.626544
0.206623
0.491556
0.414138
0.860501
0.557828
0.848789
0.215763
0.758020
0.612135
0.841556
0.053907
0.984769
0.808960
0.017866
0.874110
0.951979
0.491556
0.441715
0.064431
0.727244
0.958545
0.505064
0.965738
0.704484
0.264363
0.907293
0.543791
0.543791
0.183833
0.713075
0.735726
0.867378
0.927324
0.421575
0.394742
0.860501
0.014305
0.626544
0.704484
0.580543
0.059212
0.527033
0.505064
0.357661
0.978604
0.672823
0.891273
0.294528
0.475494
0.958545
0.735726
0.296545
0.916674
0.269851
0.027164
0.901408
0.713075
0.375911
0.020692
0.735726
0.589144
0.557828
0.434080
0.499678
0.094284
0.901408
0.483494
0.039801
0.429087
0.483494
0.527033
0.513281
0.414138
0.170690
0.658394
0.821730
0.141156
0.667094
0.001588
0.566341
0.203680
0.020130
0.566341
0.117048
0.971109
0.829282
0.891273
0.735726
0.935597
0.350951
0.848789
0.327120
0.947760
0.643949
0.236593
0.177160
0.203680
0.848789
0.884948
0.589144
0.505064
0.672823
0.294528
0.749684
0.552238
0.867378
0.013654
0.962240
0.635244
0.829282
0.779856
0.901408
0.643949
0.841556
0.117048
0.978604
0.836720
0.449423
0.698805
0.394742
0.312615
0.394742
0.001310
0.649688
0.951979
0.199280
0.394742
0.316692
0.884948
0.927324
0.566341
0.300471
0.978604
0.333520
0.357661
0.984769
0.300471
0.787927
0.848789
0.394742
0.117048
0.860501
0.100580
0.401971
0.821730
0.357661
0.382926
0.916674
0.779856
0.766291
0.793201
0.571972
0.290658
0.836720
0.658394
0.127623
0.070668
0.518727
0.449423
0.951979
0.177160
0.626544
0.127623
0.177160
0.735726
0.107244
0.658394
0.000946
0.441715
0.024596
0.020692
0.867378
0.513281
0.698805
0.077446
0.329292
0.758020
0.848789
0.620815
0.483494
0.027164
0.704484
0.571972
0.322949
0.011425
0.114294
0.566341
0.399498
0.147829
0.074303
0.974087
0.357661
0.801128
0.316692
0.187953
0.005855
0.612135
0.535389
0.119859
0.513281
0.787927
0.491556
0.855893
0.771705
0.779856
0.380525
0.874110
0.394742
0.758020
0.394742
0.161896
0.505064
0.996919
0.513281
0.340005
0.236593
0.005262
0.884948
0.022258
0.594827
0.901408
0.821730
0.884948
0.505064
0.051648
0.580543
0.922090
0.375911
0.470257
0.867378
0.787927
0.394742
0.727244
0.891273
0.121744
0.617854
0.483494
0.589144
0.401971
0.475494
0.808960
0.275424
0.088340
0.310521
0.698805
0.220452
0.513281
0.518727
0.250182
0.454542
0.429087
0.199280
0.704484
0.603471
0.322949
0.505064
0.197797
0.535389
0.958545
0.704484
0.096609
0.190711
0.194957
0.891273
0.228410
0.223587
0.935597
0.557828
0.947760
0.612135
0.390021
0.382926
0.971109
0.150086
0.727244
0.513281
0.626544
0.312615
0.387593
0.088340
0.766291
0.735726
0.766291
0.891273
0.141156
0.557828
0.557828
0.401971
0.290658
0.617854
0.141156
0.848789
0.434080
0.077446
0.718717
0.312615
0.589144
0.867378
0.589144
0.124654
0.549354
0.387593
0.951979
0.589144
0.053907
0.681504
0.681504
0.848789
0.434080
0.787927
0.060217
0.316692
0.779856
0.571972
0.007032
0.855893
0.771705
0.177160
0.414138
0.462365
0.658394
0.421575
0.058699
0.907293
0.721628
0.695863
0.129613
0.375911
0.320806
0.107244
0.884948
0.801128
0.589144
0.364456
0.744157
0.580543
0.496903
0.211153
0.499678
0.454542
0.322949
0.421575
0.549354
0.429087
0.306500
0.713075
0.566341
0.713075
0.316692
0.441715
0.446787
0.414138
0.922090
0.165605
0.186540
0.153566
0.958545
0.127623
0.867378
0.897436
0.421575
0.141156
0.045761
0.246759
0.025274
0.891273
0.103042
0.878466
0.535389
0.667094
0.294528
0.218844
0.421575
0.357661
0.580543
0.557828
0.643949
0.022258
0.704484
0.527033
0.913005
0.695863
0.766291
0.053907
0.681504
0.394742
0.672823
0.566341
0.209600
0.557828
0.535389
0.130653
0.658394
0.011753
0.704484
0.855893
0.735726
0.327120
0.462365
0.721628
0.566341
0.462365
0.704484
0.135818
0.019230
0.316692
0.535389
0.449423
0.496903
0.527033
