0.962240
0.829282
0.681504
0.063362
0.159490
0.535389
0.211153
0.855893
0.543791
0.357661
0.779856
0.260793
0.316692
0.891273
0.310521
0.279144
0.681504
0.749684
0.787927
0.603471
0.603471
0.333520
0.041578
0.718717
0.801128
0.449423
0.658394
0.436675
0.675784
0.535389
0.409279
0.098985
0.930673
0.269851
0.884948
0.187953
0.758020
0.090535
0.005262
0.766291
0.589144
0.744157
0.322949
0.749684
0.589144
0.999575
0.387593
0.241635
0.808960
0.855893
0.183833
0.496903
0.096609
0.449423
0.855893
0.951979
0.681504
0.998868
0.387593
0.667094
0.695863
0.137917
0.260793
0.891273
0.543791
0.801128
0.004246
0.916674
0.269851
0.543791
0.612135
0.060217
0.496903
0.414138
0.333520
0.998868
0.454542
0.829282
0.025274
0.690166
0.269851
0.045761
0.068911
0.421575
0.836720
0.144460
0.390021
0.626544
0.457201
0.907293
0.808960
0.115226
0.916674
0.571972
0.269851
0.045761
0.483494
0.245003
0.467559
0.589144
0.891273
0.294528
0.704484
0.589144
0.382926
0.434080
0.965738
0.470257
0.190711
0.454542
0.421575
0.907293
0.758020
0.801128
0.322949
0.157114
0.462365
0.279144
0.891273
0.406779
0.951979
0.801128
0.867378
0.429087
0.441715
0.612135
0.589144
0.580543
0.766291
0.612135
0.735726
0.211153
0.848789
0.808960
0.064431
0.901408
0.922090
0.327120
0.787927
0.713075
0.103042
0.667094
0.958545
0.727244
0.962240
0.901408
0.446787
0.549354
0.821730
0.518727
0.364456
0.220452
0.667094
0.713075
0.344325
0.194957
0.971109
0.294528
0.141156
0.382926
0.930673
0.015409
0.454542
0.566341
0.848789
0.491556
0.105557
0.984769
0.181158
0.749684
0.467559
0.589144
0.192150
0.513281
0.187953
0.449423
0.589144
0.571972
0.462365
0.829282
0.566341
0.594827
0.491556
0.513281
0.658394
0.749684
0.635244
0.273514
0.513281
0.535389
0.079397
0.513281
0.549354
0.971109
0.635244
0.002950
0.470257
0.382926
0.996919
0.199280
0.635244
0.612135
0.429087
0.119859
0.187953
0.735726
0.421575
0.527033
0.727244
0.557828
0.401971
0.667094
0.566341
0.766291
0.713075
0.816691
0.163153
0.821730
0.387593
0.801128
0.951979
0.441715
0.322949
0.294528
0.681504
0.758020
0.320806
0.478214
0.698805
0.681504
0.667094
0.891273
0.446787
0.580543
0.779856
0.357661
0.483494
0.462365
0.951979
0.860501
0.801128
0.594827
0.681504
0.390021
0.549354
0.035180
0.077446
0.758020
0.779856
0.603471
0.357661
0.557828
0.535389
0.491556
0.735726
0.916674
0.059212
0.429087
0.535389
0.635244
0.082732
0.535389
0.236593
0.658394
0.322949
0.017866
0.867378
0.978604
0.535389
0.695863
0.098985
0.643949
0.816691
0.483494
0.727244
0.735726
0.401971
0.884948
0.421575
0.441715
0.357661
0.626544
0.284858
0.771705
0.322949
0.962240
0.935597
0.457201
0.483494
0.130653
0.571972
0.215763
0.891273
0.704484
0.527033
0.082732
0.779856
0.860501
0.233315
0.821730
0.364456
0.978604
0.421575
0.462365
0.808960
0.462365
0.300471
0.322949
0.997586
0.922090
0.000348
0.421575
0.667094
0.626544
0.589144
0.414138
0.749684
0.096609
0.312615
0.063362
0.362130
0.157114
0.681504
0.940331
0.121744
0.779856
0.771705
0.571972
0.735726
0.086919
0.727244
0.031348
0.735726
0.496903
0.690166
0.816691
0.020130
0.535389
0.449423
0.841556
0.713075
0.612135
0.971109
0.860501
0.016139
0.801128
0.357661
0.758020
0.000234
0.211153
0.275424
0.250182
0.246759
0.127623
0.675784
0.816691
0.288671
0.603471
0.978604
0.940331
0.236593
0.327120
0.801128
0.704484
0.401971
0.907293
0.549354
0.658394
0.241635
0.727244
0.967937
0.401971
0.571972
0.043818
0.672823
0.667094
0.364456
0.275424
0.340005
0.127623
0.394742
0.649688
0.940331
0.848789
0.535389
0.821730
0.157114
0.713075
0.223587
0.011106
0.387593
0.962240
0.434080
0.021859
0.549354
0.043818
0.084803
0.000804
0.713075
0.064990
0.491556
0.978604
0.597771
0.774492
0.603471
0.612135
0.284858
0.220452
0.841556
0.109849
0.016293
0.322949
0.394742
0.681504
0.250182
0.066084
0.947760
0.316692
0.962240
0.758020
0.075538
0.059212
0.620815
0.758020
0.491556
0.316692
0.364456
0.947760
0.962240
0.454542
0.635244
0.211153
0.284858
0.505064
0.658394
0.462365
0.269851
0.357661
0.713075
0.505064
0.100580
0.014711
0.434080
0.758020
0.375911
0.672823
0.557828
0.306500
0.962240
0.139014
0.635244
0.635244
0.279144
0.043818
0.000348
0.603471
0.672823
0.549354
0.891273
0.322949
0.935597
0.470257
0.967937
0.079397
0.527033
0.962240
0.449423
0.518727
0.749684
0.187953
0.704484
0.727244
0.041578
0.046970
0.052535
0.848789
0.597771
0.015409
0.357661
0.527033
0.527033
0.275424
0.681504
0.855893
0.589144
0.426518
0.808960
0.139014
0.364456
0.505064
0.333520
0.034568
0.072465
0.061772
0.690166
0.597771
0.135818
0.279144
0.426518
0.004503
0.169385
0.793201
0.580543
0.727244
0.681504
0.141156
0.874110
0.566341
0.446787
0.640981
0.735726
0.795913
0.620815
0.082732
0.935597
0.962240
0.808960
0.713075
0.557828
0.821730
0.333520
0.260793
0.434080
0.153566
0.394742
0.658394
0.681504
0.211153
0.346575
0.727244
0.421575
0.779856
0.043818
0.159490
0.350951
0.163153
0.667094
0.312615
0.401971
0.617854
0.821730
0.357661
0.000628
0.867378
0.836720
0.187953
0.153566
0.594827
0.279144
0.557828
0.867378
0.470257
0.721628
0.658394
0.643949
0.260793
0.147829
0.735726
0.549354
0.978604
0.695863
0.045761
0.549354
0.907293
0.744157
0.658394
0.040864
0.350951
0.513281
0.704484
0.032771
0.139014
0.855893
0.779856
0.821730
0.690166
