0.704484
0.441715
0.658394
0.808960
0.496903
0.505064
0.984769
0.163153
0.100580
0.721628
0.907293
0.241635
0.907293
0.944872
0.535389
0.821730
0.211153
0.571972
0.635244
0.462365
0.787927
0.421575
0.066084
0.922090
0.878466
0.821730
0.350951
0.040864
0.057717
0.434080
0.228410
0.713075
0.279144
0.300471
0.041578
0.449423
0.779856
0.037099
0.088340
0.166886
0.643949
0.652656
0.127623
0.350951
0.375911
0.329292
0.316692
0.758020
0.940331
0.103042
0.766291
0.150086
0.470257
0.829282
0.727244
0.951979
0.867378
0.935597
0.589144
0.096609
0.749684
0.580543
0.535389
0.194957
0.241635
0.441715
0.505064
0.329292
0.505064
0.329292
0.603471
0.483494
0.580543
0.749684
0.649688
0.215763
0.540922
0.132684
0.269851
0.346575
0.026438
0.094284
0.421575
0.031348
0.211153
0.011106
0.190711
0.758020
0.103042
0.236593
0.947760
0.203680
0.580543
0.801128
0.727244
0.001246
0.543791
0.518727
0.672823
0.971109
0.758020
0.821730
0.250182
0.779856
0.077446
0.098170
0.166886
0.040864
0.406779
0.779856
0.594827
0.421575
0.446787
0.713075
0.144460
0.032199
0.050328
0.406779
0.462365
0.758020
0.371333
0.603471
0.998463
0.795913
0.681504
0.169385
0.658394
0.513281
0.401971
0.357661
0.163153
0.513281
0.779856
0.429087
0.211153
0.901408
0.013909
0.626544
0.958545
0.749684
0.290658
0.771705
0.735726
0.589144
0.454542
0.930673
0.771705
0.779856
0.821730
0.841556
0.829282
0.927324
0.681504
0.901408
0.947760
0.333520
0.375911
0.727244
0.749684
0.346575
0.735726
0.322949
0.821730
0.735726
0.612135
0.643949
0.429087
0.357661
0.135818
0.368979
0.387593
0.978604
0.063362
0.713075
0.986757
0.787927
0.187953
0.658394
0.935597
0.907293
0.246759
0.749684
0.848789
0.626544
0.874110
0.649688
0.848789
0.192150
0.187953
0.019230
0.787927
0.290658
0.344325
0.787927
0.414138
0.002370
0.874110
0.801128
0.681504
0.269851
0.848789
0.907293
0.080707
0.429087
0.119859
0.589144
0.801128
0.967937
0.658394
0.744157
0.077446
0.141156
0.350951
0.340005
0.056256
0.006832
0.031348
0.901408
0.821730
0.867378
0.475494
0.037752
0.401971
0.603471
0.557828
0.821730
0.626544
0.105557
0.971109
0.462365
0.441715
0.094284
0.394742
0.228410
0.891273
0.072465
0.779856
0.183833
0.483494
0.362130
0.527033
0.446787
0.141156
0.974087
0.117048
0.117048
0.499678
0.801128
0.848789
0.713075
0.787927
0.808960
0.535389
0.394742
0.971109
0.414138
0.007593
0.029982
0.132684
0.891273
0.019768
0.322949
0.672823
0.521553
0.269851
0.241635
0.860501
0.626544
0.255445
0.527033
0.429087
0.951979
0.132684
0.571972
0.635244
0.215763
0.255445
0.449423
0.643949
0.535389
0.626544
0.288671
0.390021
0.426518
0.855893
0.127623
0.996919
0.521553
0.075538
0.109849
0.496903
0.153566
0.275424
0.518727
0.467559
0.589144
0.940331
0.649688
0.829282
0.940331
0.867378
0.543791
0.947760
0.375911
0.779856
0.735726
0.070668
0.543791
0.766291
0.470257
0.329292
0.978604
0.603471
0.549354
0.535389
0.294528
0.958545
0.848789
0.735726
0.151265
0.399498
0.635244
0.329292
0.279144
0.117048
0.735726
0.984769
0.441715
0.269851
0.096609
0.695863
0.368979
0.316692
0.848789
0.749684
0.927324
0.414138
0.727244
0.940331
0.454542
0.340005
0.727244
0.589144
0.727244
0.137917
0.260793
0.124654
0.117048
0.000590
0.727244
0.079397
0.848789
0.907293
0.475494
0.329292
0.951979
0.841556
0.829282
0.454542
0.675784
0.695863
0.279144
0.357661
0.375911
0.884948
0.704484
0.316692
0.000320
0.306500
0.414138
0.269851
0.281082
0.454542
0.290658
0.236593
0.063362
0.594827
0.635244
0.771705
0.333520
0.294528
0.505064
0.874110
0.279144
0.758020
0.194957
0.897436
0.441715
0.394742
0.192150
0.958545
0.744157
0.801128
0.429087
0.749684
0.652656
0.117048
0.030798
0.848789
0.004503
0.364456
0.563435
0.971109
0.620815
0.368979
0.965738
0.612135
0.535389
0.916674
0.144460
0.051648
0.421575
0.907293
0.462365
0.329292
0.779856
0.667094
0.462365
0.090535
0.749684
0.589144
0.462365
0.829282
0.808960
0.279144
0.681504
0.074303
0.333520
0.801128
0.327120
0.735726
0.322949
0.179787
0.549354
0.010795
0.187953
0.801128
0.867378
0.922090
0.580543
0.340005
0.147829
0.695863
0.713075
0.867378
0.571972
0.766291
0.018368
0.848789
0.698805
0.589144
0.841556
0.612135
0.816691
0.147829
0.007739
0.357661
0.414138
0.505064
0.589144
0.801128
0.382926
0.916674
0.855893
0.612135
0.068911
0.552238
0.491556
0.211153
0.690166
0.649688
0.124654
0.039801
0.220452
0.735726
0.951979
0.518727
0.066084
0.557828
0.273514
0.617854
0.947760
0.962240
0.357661
0.364456
0.549354
0.462365
0.081393
0.275424
0.375911
0.744157
0.072465
0.109849
0.340005
0.848789
0.329292
0.329292
0.860501
0.907293
0.066084
0.333520
0.518727
0.935597
0.269851
0.571972
0.011106
0.913005
0.965738
0.258960
0.649688
0.300471
0.421575
0.228410
0.421575
0.848789
0.543791
0.940331
0.855893
0.643949
0.735726
0.027164
0.144460
0.441715
0.513281
0.394742
0.947760
0.779856
0.153566
0.346575
0.672823
0.144460
0.672823
0.044980
0.557828
0.064431
0.144460
0.566341
0.441715
0.421575
0.580543
0.414138
0.322949
0.030798
0.940331
0.491556
0.808960
0.236593
0.713075
0.169385
0.566341
0.441715
0.491556
0.421575
0.401971
0.051648
0.787927
0.658394
0.735726
0.962240
0.250182
0.749684
0.346575
0.255445
0.368979
0.927324
0.056256
0.139014
0.958545
0.183833
0.543791
0.333520
0.260793
0.139014
0.821730
0.635244
0.867378
