0.177160
0.375911
0.535389
0.462365
0.038094
0.930673
0.735726
0.211153
0.922090
0.874110
0.496903
0.135818
0.571972
0.667094
0.922090
0.127623
0.821730
0.940331
0.454542
0.801128
0.364456
0.727244
0.808960
0.771705
0.640981
0.004728
0.166886
0.279144
0.658394
0.483494
0.801128
0.122729
0.848789
0.250182
0.513281
0.223587
0.194957
0.841556
0.228410
0.316692
0.260793
0.557828
0.808960
0.017063
0.672823
0.031348
0.947760
0.897436
0.394742
0.421575
0.245003
0.620815
0.387593
0.793201
0.779856
0.357661
0.513281
0.092008
0.245003
0.163153
0.749684
0.713075
0.658394
0.231634
0.211153
0.741289
0.713075
0.483494
0.713075
0.787927
0.566341
0.907293
0.855893
0.874110
0.617854
0.836720
0.290658
0.454542
0.275424
0.098170
0.414138
0.927324
0.779856
0.401971
0.808960
0.779856
0.612135
0.166886
0.922090
0.179787
0.801128
0.744157
0.884948
0.727244
0.589144
0.958545
0.557828
0.658394
0.421575
0.030518
0.681504
0.353229
0.414138
0.144460
0.713075
0.387593
0.241635
0.211153
0.891273
0.357661
0.681504
0.170690
0.922090
0.025274
0.549354
0.749684
0.449423
0.124654
0.223587
0.922090
0.414138
0.922090
0.749684
0.527033
0.470257
0.801128
0.000033
0.401971
0.795913
0.801128
0.273514
0.635244
0.571972
0.779856
0.016595
0.028409
0.821730
0.527033
0.436675
0.635244
0.713075
0.907293
0.333520
0.766291
0.401971
0.211153
0.211153
0.513281
0.446787
0.513281
0.350951
0.047782
0.801128
0.350951
0.958545
0.521553
0.245003
0.951979
0.505064
0.901408
0.667094
0.026438
0.816691
0.635244
0.690166
0.414138
0.505064
0.053907
0.457201
0.157114
0.649688
0.491556
0.368979
0.649688
0.771705
0.580543
0.467559
0.808960
0.421575
0.231634
0.643949
0.744157
0.068911
0.681504
0.874110
0.250182
0.978604
0.441715
0.779856
0.255445
0.279144
0.037099
0.496903
0.255445
0.749684
0.718717
0.449423
0.483494
0.250182
0.612135
0.916674
0.535389
0.543791
0.571972
0.211153
0.475494
0.279144
0.758020
0.429087
0.147829
0.406779
0.704484
0.011974
0.540922
0.340005
0.014305
0.483494
0.787927
0.978604
0.304435
0.626544
0.153566
0.061772
0.513281
0.727244
0.275424
0.681504
0.901408
0.306500
0.617854
0.421575
0.429087
0.927324
0.333520
0.927324
0.643949
0.527033
0.132684
0.496903
0.571972
0.927324
0.183833
0.940331
0.848789
0.589144
0.214182
0.527033
0.081393
0.841556
0.527033
0.667094
0.535389
0.549354
0.951979
0.947760
0.037099
0.935597
0.589144
0.727244
0.166886
0.829282
0.310521
0.779856
0.350951
0.758020
0.801128
0.139014
0.491556
0.557828
0.007032
0.322949
0.414138
0.635244
0.779856
0.829282
0.135818
0.922090
0.935597
0.672823
0.874110
0.346575
0.713075
0.922090
0.695863
0.223587
0.549354
0.070668
0.787927
0.991213
0.364456
0.045761
0.055312
0.958545
0.098170
0.658394
0.146673
0.643949
0.874110
0.025731
0.594827
0.387593
0.795913
0.021859
0.727244
0.457201
0.005855
0.649688
0.855893
0.406779
0.055312
0.521553
0.916674
0.594827
0.387593
0.279144
0.787927
0.713075
0.744157
0.589144
0.414138
0.454542
0.829282
0.643949
0.394742
0.744157
0.394742
0.206623
0.505064
0.758020
0.779856
0.940331
0.166886
0.793201
0.434080
0.704484
0.821730
0.721628
0.681504
0.306500
0.549354
0.527033
0.557828
0.704484
0.594827
0.441715
0.023508
0.958545
0.255445
0.916674
0.177160
0.860501
0.483494
0.967937
0.033659
0.681504
0.382926
0.779856
0.848789
0.394742
0.434080
0.186540
0.816691
0.406779
0.681504
0.867378
0.543791
0.821730
0.306500
0.801128
0.884948
0.971109
0.434080
0.499678
0.350951
0.713075
0.117048
0.029186
0.735726
0.194957
0.991213
0.787927
0.658394
0.190711
0.483494
0.978604
0.364456
0.884948
0.387593
0.580543
0.340005
0.848789
0.690166
0.236593
0.874110
0.727244
0.727244
0.505064
0.947760
0.032771
0.018706
0.603471
0.021859
0.005968
0.194957
0.821730
0.000320
0.012317
0.483494
0.658394
0.978604
0.521553
0.735726
0.916674
0.744157
0.357661
0.884948
0.675784
0.779856
0.935597
0.294528
0.971109
0.434080
0.927324
0.997586
0.787927
0.994555
0.967937
0.103042
0.557828
0.203680
0.007168
0.658394
0.364456
0.749684
0.255445
0.499678
0.951979
0.483494
0.779856
0.414138
0.033659
0.580543
0.449423
0.978604
0.635244
0.177160
0.603471
0.203680
0.603471
0.157114
0.704484
0.566341
0.353229
0.483494
0.992594
0.927324
0.079397
0.951979
0.250182
0.626544
0.571972
0.658394
0.409279
0.860501
0.620815
0.766291
0.901408
0.375911
0.310521
0.884948
0.821730
0.841556
0.848789
0.527033
0.787927
0.860501
0.758020
0.907293
0.779856
0.021268
0.758020
0.626544
0.821730
0.483494
0.041578
0.617854
0.643949
0.635244
0.535389
0.250182
0.409279
0.635244
0.848789
0.322949
0.958545
0.401971
0.535389
0.704484
0.080707
0.505064
0.518727
0.829282
0.346575
0.483494
0.626544
0.867378
0.704484
0.371333
0.119859
0.375911
0.253642
0.192150
0.199280
0.855893
0.357661
0.491556
0.603471
0.279144
0.907293
0.874110
0.758020
0.793201
0.667094
0.382926
0.012317
0.695863
0.649688
0.841556
0.713075
0.795913
0.779856
0.829282
0.187953
0.994555
0.922090
0.597771
0.449423
0.401971
0.103042
0.090535
0.935597
0.527033
0.215763
0.571972
0.454542
0.962240
0.779856
0.527033
0.867378
0.549354
0.713075
0.047782
0.215763
0.626544
0.228410
0.058699
0.096609
0.364456
0.907293
0.146673
0.690166
0.371333
0.787927
0.157114
0.231634
0.867378
0.766291
0.346575
0.860501
0.907293
0.855893
0.157114
0.984769
0.527033
0.441715
0.421575
