0.713075
0.011974
0.414138
0.635244
0.589144
0.855893
0.103042
0.808960
0.874110
0.454542
0.566341
0.104694
0.375911
0.779856
0.808960
0.505064
0.713075
0.163153
0.194957
0.571972
0.735726
0.153566
0.557828
0.009277
0.829282
0.109849
0.449423
0.483494
0.698805
0.779856
0.194957
0.626544
0.874110
0.735726
0.829282
0.704484
0.557828
0.173237
0.787927
0.008597
0.192150
0.470257
0.211153
0.930673
0.535389
0.375911
0.901408
0.483494
0.612135
0.626544
0.001540
0.394742
0.320806
0.008197
0.672823
0.119859
0.429087
0.672823
0.166886
0.368979
0.269851
0.505064
0.005578
0.346575
0.940331
0.821730
0.681504
0.061772
0.290658
0.246759
0.713075
0.042685
0.635244
0.913005
0.978604
0.054829
0.223587
0.951979
0.848789
0.848789
0.597771
0.080707
0.597771
0.744157
0.353229
0.409279
0.364456
0.027908
0.255445
0.836720
0.491556
0.749684
0.612135
0.144460
0.518727
0.513281
0.255445
0.052535
0.241635
0.255445
0.704484
0.134742
0.527033
0.434080
0.808960
0.557828
0.187953
0.491556
0.414138
0.787927
0.505064
0.829282
0.681504
0.907293
0.787927
0.150086
0.801128
0.362130
0.626544
0.984769
0.758020
0.690166
0.454542
0.269851
0.566341
0.735726
0.916674
0.617854
0.223587
0.704484
0.284858
0.884948
0.821730
0.557828
0.038764
0.429087
0.940331
0.667094
0.635244
0.255445
0.620815
0.382926
0.947760
0.771705
0.483494
0.884948
0.884948
0.681504
0.233315
0.787927
0.333520
0.829282
0.094284
0.681504
0.779856
0.549354
0.357661
0.935597
0.470257
0.260793
0.119859
0.513281
0.199280
0.241635
0.135818
0.779856
0.255445
0.935597
0.867378
0.064990
0.626544
0.649688
0.000040
0.996919
0.758020
0.000572
0.019768
0.758020
0.357661
0.571972
0.211153
0.019230
0.735726
0.713075
0.228410
0.816691
0.505064
0.571972
0.821730
0.009546
0.635244
0.218844
0.841556
0.566341
0.144460
0.462365
0.808960
0.681504
0.867378
0.867378
0.984769
0.940331
0.994555
0.155897
0.368979
0.891273
0.787927
0.695863
0.245003
0.612135
0.594827
0.241635
0.535389
0.758020
0.475494
0.441715
0.841556
0.991213
0.626544
0.891273
0.394742
0.429087
0.211153
0.681504
0.779856
0.672823
0.264363
0.884948
0.119859
0.603471
0.884948
0.735726
0.080707
0.667094
0.951979
0.211153
0.203680
0.779856
0.557828
0.059212
0.808960
0.260793
0.183833
0.821730
0.897436
0.571972
0.848789
0.848789
0.157114
0.387593
0.483494
0.375911
0.589144
0.855893
0.821730
0.978604
0.088340
0.566341
0.867378
0.050328
0.922090
0.829282
0.069506
0.594827
0.177160
0.698805
0.652656
0.340005
0.245003
0.735726
0.971109
0.462365
0.907293
0.727244
0.135818
0.935597
0.995551
0.294528
0.836720
0.070668
0.079397
0.718717
0.429087
0.001284
0.127623
0.922090
0.727244
0.177160
0.004868
0.589144
0.067775
0.013909
0.727244
0.023508
0.658394
0.535389
0.394742
0.264363
0.163153
0.496903
0.294528
0.449423
0.891273
0.063362
0.635244
0.144460
0.566341
0.681504
0.109849
0.333520
0.974087
0.557828
0.187953
0.421575
0.177160
0.557828
0.821730
0.557828
0.027164
0.454542
0.527033
0.571972
0.986757
0.848789
0.721628
0.513281
0.808960
0.649688
0.082732
0.382926
0.040498
0.649688
0.951979
0.294528
0.527033
0.589144
0.173237
0.704484
0.012548
0.082732
0.194957
0.667094
0.758020
0.681504
0.566341
0.021859
0.258960
0.995551
0.296545
0.496903
0.390021
0.947760
0.594827
0.119859
0.848789
0.681504
0.901408
0.333520
0.971109
0.695863
0.199280
0.020692
0.475494
0.667094
0.032199
0.122729
0.594827
0.350951
0.340005
0.521553
0.594827
0.984769
0.994555
0.181158
0.901408
0.874110
0.718717
0.771705
0.617854
0.672823
0.310521
0.801128
0.187953
0.049040
0.005013
0.989675
0.183833
0.181158
0.566341
0.250182
0.119859
0.901408
0.951979
0.322949
0.107244
0.127623
0.290658
0.077446
0.821730
0.434080
0.580543
0.245003
0.049040
0.907293
0.667094
0.144460
0.690166
0.787927
0.112510
0.652656
0.141156
0.801128
0.441715
0.304435
0.958545
0.322949
0.667094
0.421575
0.529876
0.913005
0.829282
0.594827
0.907293
0.848789
0.001080
0.695863
0.306500
0.758020
0.150086
0.821730
0.758020
0.206623
0.177160
0.758020
0.779856
0.940331
0.346575
0.024596
0.626544
0.658394
0.749684
0.603471
0.829282
0.766291
0.860501
0.117048
0.192150
0.841556
0.626544
0.758020
0.505064
0.951979
0.901408
0.306500
0.513281
0.008847
0.848789
0.322949
0.594827
0.549354
0.163153
0.034568
0.766291
0.066084
0.867378
0.787927
0.192150
0.996919
0.603471
0.340005
0.082732
0.316692
0.401971
0.499678
0.194957
0.005687
0.064431
0.727244
0.014711
0.122729
0.874110
0.829282
0.649688
0.038094
0.787927
0.013654
0.057717
0.704484
0.364456
0.233315
0.327120
0.643949
0.867378
0.727244
0.163153
0.771705
0.084803
0.907293
0.612135
0.695863
0.462365
0.749684
0.971109
0.003738
0.867378
0.713075
0.971109
0.527033
0.727244
0.672823
0.727244
0.364456
0.414138
0.891273
0.483494
0.449423
0.771705
0.744157
0.984769
0.704484
0.971109
0.312615
0.462365
0.571972
0.962240
0.023508
0.505064
0.557828
0.382926
0.787927
0.462365
0.375911
0.194957
0.758020
0.997586
0.649688
0.855893
0.801128
0.194957
0.821730
0.821730
0.603471
0.260793
0.072465
0.874110
0.357661
0.749684
0.103042
0.414138
0.589144
0.457201
0.454542
0.867378
0.557828
0.513281
0.821730
0.054829
0.771705
0.603471
0.704484
0.518727
0.333520
0.549354
0.681504
0.429087
0.658394
0.429087
0.540922
0.612135
0.421575
0.364456
0.255445
0.848789
0.557828
0.821730
0.901408
