0.801128
0.829282
0.787927
0.098985
0.594827
0.284858
0.749684
0.574890
0.275424
0.704484
0.867378
0.549354
0.112510
0.994555
0.441715
0.787927
0.580543
0.962240
0.801128
0.557828
0.540922
0.535389
0.223587
0.735726
0.434080
0.884948
0.429087
0.735726
0.735726
0.269851
0.144460
0.255445
0.793201
0.491556
0.901408
0.897436
0.100580
0.874110
0.082732
0.779856
0.000718
0.171915
0.132684
0.727244
0.795913
0.290658
0.157114
0.829282
0.884948
0.364456
0.766291
0.002645
0.446787
0.704484
0.801128
0.681504
0.549354
0.884948
0.891273
0.344325
0.181158
0.566341
0.735726
0.821730
0.387593
0.626544
0.594827
0.603471
0.043818
0.848789
0.434080
0.340005
0.947760
0.935597
0.557828
0.449423
0.704484
0.735726
0.228410
0.371333
0.589144
0.441715
0.848789
0.505064
0.150086
0.801128
0.340005
0.821730
0.203680
0.275424
0.891273
0.375911
0.552238
0.704484
0.947760
0.787927
0.382926
0.860501
0.580543
0.127623
0.009546
0.978604
0.105557
0.527033
0.535389
0.535389
0.255445
0.698805
0.951979
0.901408
0.429087
0.907293
0.594827
0.462365
0.401971
0.434080
0.597771
0.535389
0.907293
0.962240
0.848789
0.203680
0.713075
0.019230
0.580543
0.758020
0.380525
0.801128
0.310521
0.841556
0.951979
0.135818
0.470257
0.749684
0.269851
0.357661
0.913005
0.475494
0.269851
0.589144
0.766291
0.279144
0.104694
0.940331
0.884948
0.350951
0.543791
0.962240
0.236593
0.055312
0.153566
0.470257
0.922090
0.027164
0.589144
0.368979
0.907293
0.916674
0.015128
0.643949
0.640981
0.821730
0.848789
0.001960
0.127623
0.951979
0.290658
0.206623
0.264363
0.552238
0.454542
0.695863
0.491556
0.735726
0.603471
0.901408
0.841556
0.962240
0.387593
0.829282
0.179787
0.808960
0.874110
0.173237
0.589144
0.031348
0.457201
0.557828
0.141156
0.884948
0.971109
0.594827
0.801128
0.255445
0.535389
0.215763
0.290658
0.947760
0.357661
0.580543
0.766291
0.971109
0.434080
0.721628
0.368979
0.357661
0.801128
0.316692
0.594827
0.290658
0.387593
0.144460
0.177160
0.072465
0.049040
0.112510
0.867378
0.704484
0.643949
0.672823
0.681504
0.667094
0.513281
0.505064
0.557828
0.867378
0.079397
0.589144
0.003289
0.401971
0.867378
0.758020
0.003850
0.406779
0.594827
0.874110
0.357661
0.043429
0.766291
0.039801
0.004728
0.246759
0.375911
0.159490
0.000661
0.357661
0.787927
0.387593
0.667094
0.690166
0.821730
0.626544
0.505064
0.821730
0.007965
0.947760
0.021859
0.649688
0.855893
0.007965
0.649688
0.177160
0.236593
0.269851
0.916674
0.922090
0.346575
0.264363
0.549354
0.063362
0.513281
0.170690
0.434080
0.215763
0.127623
0.483494
0.649688
0.640981
0.829282
0.603471
0.039801
0.907293
0.841556
0.000424
0.513281
0.096609
0.749684
0.004728
0.368979
0.901408
0.153566
0.867378
0.549354
0.589144
0.007739
0.357661
0.107244
0.901408
0.735726
0.574890
0.144460
0.462365
0.557828
0.681504
0.329292
0.177160
0.416665
0.735726
0.409279
0.690166
0.922090
0.177160
0.340005
0.552238
0.306500
0.951979
0.874110
0.414138
0.571972
0.821730
0.119859
0.922090
0.421575
0.255445
0.327120
0.401971
0.907293
0.340005
0.801128
0.483494
0.275424
0.626544
0.264363
0.808960
0.192150
0.103042
0.848789
0.867378
0.922090
0.821730
0.916674
0.713075
0.357661
0.836720
0.015845
0.580543
0.491556
0.981075
0.658394
0.998868
0.620815
0.672823
0.462365
0.922090
0.296545
0.841556
0.446787
0.279144
0.962240
0.446787
0.258960
0.935597
0.284858
0.907293
0.704484
0.496903
0.266225
0.401971
0.144460
0.306500
0.322949
0.107244
0.306500
0.063362
0.096609
0.206623
0.549354
0.375911
0.808960
0.300471
0.994555
0.779856
0.375911
0.962240
0.986757
0.100580
0.658394
0.801128
0.163153
0.340005
0.787927
0.816691
0.986757
0.771705
0.994555
0.779856
0.491556
0.194957
0.163153
0.100580
0.329292
0.007739
0.962240
0.779856
0.049040
0.994555
0.467559
0.346575
0.727244
0.821730
0.603471
0.357661
0.690166
0.649688
0.470257
0.513281
0.597771
0.346575
0.449423
0.153566
0.344325
0.962240
0.860501
0.535389
0.483494
0.109849
0.649688
0.867378
0.294528
0.681504
0.735726
0.513281
0.357661
0.922090
0.566341
0.316692
0.340005
0.535389
0.382926
0.513281
0.891273
0.597771
0.441715
0.141156
0.998868
0.066084
0.535389
0.166886
0.177160
0.527033
0.771705
0.462365
0.779856
0.441715
0.935597
0.449423
0.603471
0.901408
0.681504
0.704484
0.891273
0.192150
0.589144
0.406779
0.836720
0.907293
0.848789
0.034568
0.758020
0.603471
0.290658
0.758020
0.375911
0.414138
0.571972
0.521553
0.787927
0.518727
0.758020
0.350951
0.801128
0.518727
0.236593
0.499678
0.401971
0.144460
0.505064
0.758020
0.177160
0.132684
0.727244
0.250182
0.603471
0.147829
0.114294
0.758020
0.787927
0.483494
0.067775
0.132684
0.766291
0.801128
0.211153
0.907293
0.421575
0.580543
0.958545
0.574890
0.300471
0.157114
0.183833
0.052535
0.557828
0.223587
0.382926
0.057717
0.704484
0.449423
0.589144
0.816691
0.735726
0.801128
0.414138
0.922090
0.306500
0.173237
0.841556
0.626544
0.994555
0.357661
0.496903
0.947760
0.766291
0.643949
0.434080
0.346575
0.986757
0.159490
0.446787
0.340005
0.187953
0.275424
0.114294
0.603471
0.758020
0.779856
0.874110
0.758020
0.202171
0.758020
0.203680
0.874110
0.300471
0.727244
0.105557
0.695863
0.470257
0.137917
0.169385
0.322949
0.836720
0.135818
0.061772
0.758020
0.649688
0.264363
0.322949
0.779856
0.713075
0.255445
0.913005
0.094284
0.513281
0.808960
0.306500
0.233315
