0.016595
0.340005
0.667094
0.649688
0.041578
0.713075
0.320806
0.245003
0.024158
0.226757
0.187953
0.096609
0.901408
0.098170
0.557828
0.117048
0.132684
0.135818
0.758020
0.513281
0.635244
0.521553
0.935597
0.974087
0.841556
0.779856
0.258960
0.658394
0.848789
0.795913
0.441715
0.891273
0.173237
0.316692
0.829282
0.667094
0.124654
0.279144
0.855893
0.066084
0.821730
0.296545
0.496903
0.017378
0.255445
0.571972
0.808960
0.787927
0.173237
0.183833
0.255445
0.735726
0.867378
0.505064
0.124654
0.991213
0.211153
0.594827
0.649688
0.141156
0.749684
0.475494
0.264363
0.075538
0.986757
0.470257
0.040864
0.867378
0.505064
0.061772
0.003289
0.414138
0.986757
0.009016
0.462365
0.228410
0.346575
0.053907
0.505064
0.327120
0.649688
0.557828
0.603471
0.340005
0.255445
0.962240
0.390021
0.368979
0.518727
0.107244
0.001465
0.239907
0.808960
0.821730
0.513281
0.499678
0.867378
0.340005
0.449423
0.566341
0.112510
0.571972
0.574890
0.713075
0.181158
0.406779
0.612135
0.704484
0.117048
0.816691
0.382926
0.491556
0.589144
0.144460
0.947760
0.771705
0.255445
0.264363
0.848789
0.098170
0.401971
0.962240
0.962240
0.390021
0.704484
0.801128
0.971109
0.153566
0.529876
0.223587
0.092008
0.007032
0.005110
0.416665
0.364456
0.153566
0.649688
0.121744
0.635244
0.103042
0.088340
0.589144
0.231634
0.779856
0.491556
0.371333
0.962240
0.681504
0.426518
0.183833
0.779856
0.166886
0.916674
0.246759
0.612135
0.735726
0.346575
0.549354
0.414138
0.183833
0.027164
0.401971
0.589144
0.727244
0.084092
0.346575
0.787927
0.000067
0.681504
0.163153
0.643949
0.052535
0.735726
0.329292
0.821730
0.557828
0.006028
0.978604
0.597771
0.574890
0.744157
0.316692
0.718717
0.057717
0.203680
0.139014
0.612135
0.901408
0.387593
0.000561
0.375911
0.922090
0.357661
0.260793
0.821730
0.749684
0.470257
0.275424
0.038764
0.001588
0.223587
0.735726
0.557828
0.543791
0.540922
0.012548
0.891273
0.922090
0.543791
0.690166
0.735726
0.735726
0.580543
0.275424
0.713075
0.333520
0.006028
0.808960
0.109849
0.060743
0.441715
0.163153
0.635244
0.011106
0.300471
0.228410
0.907293
0.612135
0.947760
0.901408
0.434080
0.260793
0.991213
0.922090
0.513281
0.499678
0.340005
0.758020
0.549354
0.333520
0.829282
0.867378
0.787927
0.704484
0.735726
0.007965
0.310521
0.620815
0.793201
0.513281
0.103042
0.974087
0.779856
0.597771
0.749684
0.499678
0.057717
0.951979
0.183833
0.147829
0.163153
0.223587
0.130653
0.034568
0.449423
0.429087
0.135818
0.713075
0.891273
0.922090
0.312615
0.749684
0.284858
0.269851
0.829282
0.518727
0.735726
0.766291
0.441715
0.173237
0.394742
0.077446
0.808960
0.049040
0.157114
0.119859
0.426518
0.681504
0.114294
0.226757
0.382926
0.681504
0.135818
0.057717
0.779856
0.177160
0.037099
0.947760
0.891273
0.414138
0.009546
0.566341
0.566341
0.350951
0.144460
0.434080
0.038094
0.713075
0.549354
0.681504
0.996919
0.758020
0.535389
0.037099
0.166886
0.401971
0.635244
0.549354
0.521553
0.571972
0.401971
0.357661
0.056256
0.350951
0.766291
0.841556
0.986757
0.841556
0.603471
0.316692
0.713075
0.620815
0.449423
0.901408
0.401971
0.940331
0.766291
0.808960
0.713075
0.518727
0.255445
0.744157
0.758020
0.322949
0.269851
0.077446
0.787927
0.874110
0.635244
0.848789
0.974087
0.436675
0.027908
0.322949
0.867378
0.649688
0.958545
0.346575
0.294528
0.357661
0.340005
0.841556
0.667094
0.713075
0.771705
0.513281
0.505064
0.695863
0.884948
0.044581
0.312615
0.371333
0.183833
0.441715
0.024596
0.795913
0.414138
0.913005
0.735726
0.874110
0.571972
0.549354
0.880693
0.390021
0.304435
0.557828
0.049040
0.223587
0.867378
0.296545
0.927324
0.527033
0.346575
0.713075
0.867378
0.681504
0.667094
0.441715
0.050328
0.483494
0.690166
0.940331
0.801128
0.387593
0.098170
0.518727
0.620815
0.483494
0.974087
0.735726
0.429087
0.626544
0.880693
0.382926
0.434080
0.080707
0.226757
0.884948
0.290658
0.290658
0.713075
0.011974
0.635244
0.635244
0.300471
0.543791
0.401971
0.913005
0.027908
0.043818
0.401971
0.316692
0.891273
0.681504
0.620815
0.357661
0.808960
0.312615
0.589144
0.779856
0.779856
0.284858
0.294528
0.571972
0.382926
0.163153
0.617854
0.239907
0.713075
0.202171
0.974087
0.362130
0.401971
0.255445
0.157114
0.027164
0.744157
0.580543
0.927324
0.046970
0.672823
0.187953
0.004164
0.927324
0.951979
0.635244
0.649688
0.092008
0.090535
0.930673
0.626544
0.322949
0.867378
0.518727
0.060217
0.011106
0.713075
0.695863
0.306500
0.206623
0.141156
0.067775
0.681504
0.907293
0.063362
0.000285
0.260793
0.401971
0.566341
0.092778
0.965738
0.589144
0.704484
0.053907
0.223587
0.891273
0.649688
0.816691
0.115226
0.350951
0.362130
0.421575
0.327120
0.475494
0.935597
0.727244
0.130653
0.258960
0.848789
0.940331
0.462365
0.690166
0.594827
0.112510
0.971109
0.206623
0.612135
0.658394
0.183833
0.986757
0.695863
0.387593
0.735726
0.635244
0.390021
0.255445
0.441715
0.353229
0.132684
0.454542
0.364456
0.860501
0.505064
0.922090
0.269851
0.958545
0.203680
0.022258
0.891273
0.346575
0.974087
0.681504
0.978604
0.340005
0.744157
0.187953
0.667094
0.023935
0.084803
0.927324
0.223587
0.007739
0.454542
0.364456
0.446787
0.241635
0.414138
0.441715
0.836720
0.848789
0.874110
0.841556
0.540922
0.927324
0.771705
0.288671
0.766291
0.808960
0.203680
0.580543
0.470257
0.132684
0.350951
0.387593
0.779856
0.978604
