0.300471
0.163153
0.029186
0.713075
0.202171
0.329292
0.518727
0.114294
0.891273
0.930673
0.364456
0.995551
0.394742
0.426518
0.462365
0.649688
0.077446
0.779856
0.475494
0.279144
0.779856
0.808960
0.088340
0.013909
0.940331
0.901408
0.744157
0.620815
0.269851
0.027164
0.499678
0.594827
0.635244
0.907293
0.672823
0.117048
0.816691
0.695863
0.978604
0.695863
0.566341
0.075538
0.589144
0.035180
0.499678
0.414138
0.626544
0.721628
0.749684
0.779856
0.255445
0.082732
0.557828
0.344325
0.357661
0.090535
0.947760
0.160731
0.346575
0.357661
0.808960
0.434080
0.300471
0.406779
0.549354
0.907293
0.884948
0.491556
0.107244
0.971109
0.867378
0.329292
0.962240
0.135818
0.698805
0.580543
0.241635
0.658394
0.771705
0.758020
0.695863
0.612135
0.727244
0.255445
0.269851
0.603471
0.808960
0.984769
0.103042
0.589144
0.603471
0.340005
0.513281
0.867378
0.132684
0.394742
0.329292
0.991213
0.279144
0.021268
0.713075
0.505064
0.713075
0.082732
0.580543
0.121744
0.187953
0.449423
0.580543
0.491556
0.801128
0.181158
0.496903
0.704484
0.771705
0.096609
0.124654
0.735726
0.793201
0.153566
0.368979
0.462365
0.940331
0.035500
0.571972
0.821730
0.727244
0.821730
0.353229
0.779856
0.340005
0.557828
0.077446
0.695863
0.758020
0.053907
0.597771
0.294528
0.801128
0.255445
0.907293
0.294528
0.571972
0.340005
0.169385
0.290658
0.414138
0.104694
0.543791
0.052535
0.109849
0.744157
0.603471
0.681504
0.146673
0.543791
0.126604
0.557828
0.362130
0.357661
0.177160
0.626544
0.549354
0.368979
0.004164
0.704484
0.603471
0.695863
0.206623
0.094284
0.025970
0.170690
0.300471
0.294528
0.491556
0.394742
0.735726
0.649688
0.364456
0.829282
0.749684
0.103042
0.166886
0.667094
0.166886
0.557828
0.801128
0.050328
0.017378
0.713075
0.713075
0.821730
0.012670
0.901408
0.129613
0.139014
0.735726
0.011425
0.566341
0.346575
0.874110
0.787927
0.441715
0.316692
0.735726
0.635244
0.084803
0.084803
0.518727
0.394742
0.779856
0.401971
0.971109
0.273514
0.177160
0.223587
0.296545
0.594827
0.867378
0.387593
0.269851
0.421575
0.735726
0.316692
0.462365
0.829282
0.962240
0.991213
0.940331
0.364456
0.557828
0.429087
0.150086
0.236593
0.375911
0.421575
0.543791
0.250182
0.141156
0.046970
0.612135
0.744157
0.580543
0.390021
0.320806
0.793201
0.994555
0.940331
0.566341
0.848789
0.245003
0.092008
0.454542
0.057717
0.867378
0.344325
0.364456
0.434080
0.160731
0.874110
0.848789
0.139014
0.704484
0.454542
0.867378
0.046554
0.040864
0.364456
0.681504
0.144460
0.971109
0.867378
0.907293
0.505064
0.947760
0.771705
0.181158
0.475494
0.771705
0.821730
0.897436
0.357661
0.580543
0.077446
0.300471
0.107244
0.947760
0.394742
0.275424
0.214182
0.153566
0.735726
0.027908
0.867378
0.758020
0.211153
0.603471
0.557828
0.907293
0.441715
0.867378
0.414138
0.467559
0.090535
0.357661
0.749684
0.779856
0.387593
0.749684
0.713075
0.223587
0.350951
0.855893
0.322949
0.901408
0.860501
0.758020
0.922090
0.470257
0.907293
0.758020
0.434080
0.535389
0.109849
0.401971
0.801128
0.020886
0.907293
0.787927
0.867378
0.901408
0.513281
0.499678
0.758020
0.124654
0.333520
0.766291
0.462365
0.475494
0.181158
0.103042
0.787927
0.947760
0.048208
0.713075
0.603471
0.132684
0.787927
0.821730
0.033659
0.557828
0.787927
0.916674
0.974087
0.409279
0.718717
0.940331
0.300471
0.989675
0.394742
0.841556
0.434080
0.344325
0.643949
0.771705
0.916674
0.891273
0.340005
0.916674
0.884948
0.177160
0.672823
0.206623
0.170690
0.884948
0.884948
0.721628
0.236593
0.603471
0.612135
0.589144
0.527033
0.250182
0.245003
0.109849
0.269851
0.401971
0.414138
0.557828
0.228410
0.535389
0.322949
0.153566
0.951979
0.056256
0.787927
0.626544
0.695863
0.758020
0.226757
0.296545
0.749684
0.446787
0.867378
0.250182
0.971109
0.124654
0.034568
0.011640
0.284858
0.821730
0.727244
0.758020
0.414138
0.375911
0.505064
0.346575
0.829282
0.989675
0.002725
0.749684
0.571972
0.521553
0.935597
0.163153
0.947760
0.848789
0.187953
0.300471
0.855893
0.401971
0.704484
0.340005
0.505064
0.179787
0.927324
0.215763
0.088340
0.867378
0.951979
0.580543
0.649688
0.867378
0.603471
0.187953
0.571972
0.475494
0.580543
0.223587
0.704484
0.603471
0.086919
0.744157
0.250182
0.535389
0.300471
0.401971
0.535389
0.635244
0.024596
0.312615
0.535389
0.246759
0.344325
0.713075
0.635244
0.672823
0.269851
0.836720
0.758020
0.250182
0.571972
0.901408
0.155897
0.841556
0.649688
0.884948
0.300471
0.340005
0.038094
0.527033
0.000527
0.215763
0.801128
0.787927
0.513281
0.312615
0.978604
0.766291
0.758020
0.829282
0.004164
0.635244
0.635244
0.603471
0.649688
0.284858
0.462365
0.121744
0.421575
0.704484
0.421575
0.050328
0.635244
0.540922
0.088340
0.612135
0.848789
0.749684
0.029982
0.758020
0.527033
0.068911
0.704484
0.155897
0.401971
0.121744
0.927324
0.901408
0.749684
0.290658
0.735726
0.612135
0.357661
0.505064
0.695863
0.999575
0.513281
0.635244
0.236593
0.236593
0.787927
0.340005
0.901408
0.935597
0.316692
0.829282
0.441715
0.874110
0.316692
0.841556
0.617854
0.279144
0.038094
0.635244
0.340005
0.421575
0.434080
0.462365
0.119859
0.190711
0.375911
0.467559
0.965738
0.011974
0.211153
0.667094
0.672823
0.984769
0.557828
0.327120
0.816691
0.557828
0.681504
0.808960
0.434080
0.704484
0.284858
0.874110
0.233315
0.535389
0.658394
0.617854
0.496903
0.695863
0.357661
