0.649688
0.580543
0.841556
0.019768
0.884948
0.007739
0.821730
0.884948
0.620815
0.322949
0.681504
0.643949
0.103042
0.223587
0.275424
0.897436
0.860501
0.829282
0.787927
0.867378
0.927324
0.766291
0.275424
0.300471
0.922090
0.603471
0.681504
0.779856
0.483494
0.704484
0.704484
0.735726
0.535389
0.070668
0.039801
0.449423
0.612135
0.829282
0.153566
0.483494
0.808960
0.031348
0.421575
0.766291
0.978604
0.499678
0.860501
0.245003
0.414138
0.848789
0.127623
0.513281
0.829282
0.540922
0.884948
0.907293
0.394742
0.580543
0.269851
0.808960
0.718717
0.434080
0.491556
0.626544
0.603471
0.978604
0.020130
0.727244
0.991213
0.766291
0.187953
0.829282
0.279144
0.695863
0.294528
0.218844
0.589144
0.475494
0.713075
0.643949
0.211153
0.907293
0.483494
0.429087
0.836720
0.787927
0.916674
0.117048
0.223587
0.643949
0.505064
0.441715
0.340005
0.836720
0.640981
0.841556
0.984769
0.449423
0.891273
0.130653
0.187953
0.635244
0.124654
0.382926
0.183833
0.535389
0.401971
0.884948
0.617854
0.000008
0.951979
0.916674
0.649688
0.084803
0.779856
0.060217
0.566341
0.848789
0.801128
0.255445
0.039801
0.571972
0.491556
0.658394
0.173237
0.874110
0.874110
0.735726
0.394742
0.312615
0.713075
0.327120
0.316692
0.557828
0.603471
0.916674
0.441715
0.429087
0.269851
0.409279
0.322949
0.070668
0.690166
0.535389
0.874110
0.057717
0.084803
0.808960
0.962240
0.245003
0.801128
0.994555
0.368979
0.505064
0.284858
0.667094
0.758020
0.935597
0.518727
0.275424
0.505064
0.333520
0.855893
0.300471
0.067775
0.566341
0.967937
0.874110
0.192150
0.829282
0.215763
0.557828
0.829282
0.658394
0.821730
0.177160
0.801128
0.513281
0.704484
0.166886
0.169385
0.907293
0.907293
0.329292
0.779856
0.916674
0.652656
0.735726
0.394742
0.035180
0.848789
0.211153
0.518727
0.513281
0.202171
0.891273
0.855893
0.935597
0.867378
0.187953
0.269851
0.245003
0.414138
0.612135
0.947760
0.766291
0.394742
0.462365
0.491556
0.658394
0.483494
0.996919
0.580543
0.758020
0.974087
0.620815
0.855893
0.626544
0.187953
0.462365
0.144460
0.713075
0.901408
0.986757
0.462365
0.306500
0.153566
0.589144
0.096609
0.006325
0.667094
0.758020
0.841556
0.017063
0.333520
0.109849
0.426518
0.855893
0.513281
0.483494
0.913005
0.704484
0.867378
0.124654
0.771705
0.074303
0.177160
0.206623
0.891273
0.816691
0.075538
0.340005
0.163153
0.566341
0.294528
0.513281
0.848789
0.241635
0.368979
0.329292
0.552238
0.072465
0.635244
0.387593
0.260793
0.190711
0.557828
0.177160
0.218844
0.072465
0.173237
0.223587
0.194957
0.552238
0.284858
0.643949
0.082732
0.206623
0.215763
0.183833
0.236593
0.014305
0.681504
0.571972
0.594827
0.250182
0.549354
0.994555
0.620815
0.589144
0.483494
0.808960
0.718717
0.340005
0.491556
0.483494
0.340005
0.327120
0.922090
0.543791
0.658394
0.787927
0.771705
0.470257
0.884948
0.061772
0.771705
0.275424
0.267971
0.340005
0.264363
0.971109
0.626544
0.897436
0.681504
0.159490
0.801128
0.250182
0.279144
0.387593
0.667094
0.922090
0.527033
0.557828
0.758020
0.203680
0.535389
0.088340
0.094284
0.505064
0.821730
0.135818
0.836720
0.672823
0.735726
0.603471
0.658394
0.704484
0.039801
0.024596
0.350951
0.478214
0.375911
0.787927
0.841556
0.068911
0.922090
0.496903
0.059212
0.135818
0.521553
0.135818
0.612135
0.401971
0.255445
0.927324
0.096609
0.007168
0.848789
0.771705
0.749684
0.658394
0.096609
0.672823
0.441715
0.603471
0.958545
0.779856
0.499678
0.187953
0.589144
0.275424
0.594827
0.406779
0.092008
0.947760
0.848789
0.112510
0.735726
0.056256
0.050328
0.190711
0.290658
0.521553
0.499678
0.891273
0.491556
0.758020
0.183833
0.053907
0.816691
0.808960
0.199280
0.483494
0.109849
0.260793
0.603471
0.940331
0.368979
0.228410
0.821730
0.127623
0.787927
0.874110
0.364456
0.406779
0.626544
0.096609
0.821730
0.978604
0.462365
0.001510
0.735726
0.449423
0.771705
0.735726
0.394742
0.084092
0.867378
0.401971
0.557828
0.281082
0.344325
0.962240
0.758020
0.037099
0.241635
0.801128
0.483494
0.535389
0.927324
0.079397
0.096609
0.353229
0.589144
0.998868
0.535389
0.454542
0.513281
0.040864
0.375911
0.491556
0.658394
0.294528
0.449423
0.029982
0.414138
0.382926
0.766291
0.181158
0.626544
0.169385
0.580543
0.758020
0.190711
0.462365
0.612135
0.829282
0.505064
0.571972
0.344325
0.470257
0.907293
0.643949
0.874110
0.375911
0.231634
0.139014
0.462365
0.177160
0.884948
0.543791
0.860501
0.075538
0.245003
0.672823
0.421575
0.787927
0.758020
0.543791
0.434080
0.566341
0.690166
0.681504
0.223587
0.375911
0.901408
0.841556
0.735726
0.103042
0.215763
0.454542
0.620815
0.635244
0.779856
0.971109
0.620815
0.658394
0.916674
0.304435
0.991213
0.018368
0.211153
0.008197
0.100580
0.127623
0.557828
0.727244
0.029982
0.187953
0.965738
0.105557
0.001048
0.947760
0.368979
0.000262
0.935597
0.137917
0.801128
0.281082
0.250182
0.011425
0.766291
0.574890
0.721628
0.104694
0.617854
0.672823
0.658394
0.571972
0.199280
0.940331
0.414138
0.848789
0.220452
0.635244
0.518727
0.107244
0.749684
0.250182
0.236593
0.617854
0.199280
0.891273
0.940331
0.947760
0.218844
0.236593
0.483494
0.922090
0.681504
0.690166
0.704484
0.848789
0.357661
0.112510
0.434080
0.848789
0.580543
0.275424
0.721628
0.024158
0.927324
0.535389
0.901408
0.082732
0.884948
0.557828
0.312615
0.626544
0.073672
0.011425
0.394742
0.192150
0.505064
0.031348
