0.150086
0.855893
0.044980
0.387593
0.841556
0.649688
0.329292
0.005013
0.454542
0.449423
0.766291
0.079397
0.194957
0.787927
0.002255
0.521553
0.947760
0.434080
0.153566
0.927324
0.566341
0.667094
0.713075
0.001721
0.658394
0.971109
0.496903
0.744157
0.218844
0.681504
0.566341
0.991213
0.951979
0.962240
0.801128
0.940331
0.535389
0.735726
0.462365
0.414138
0.704484
0.841556
0.117048
0.841556
0.658394
0.580543
0.658394
0.907293
0.491556
0.470257
0.013276
0.907293
0.855893
0.449423
0.033659
0.414138
0.107244
0.884948
0.255445
0.884948
0.935597
0.375911
0.916674
0.426518
0.766291
0.808960
0.935597
0.300471
0.658394
0.350951
0.179787
0.340005
0.758020
0.316692
0.735726
0.994555
0.991213
0.223587
0.044581
0.387593
0.855893
0.580543
0.735726
0.441715
0.449423
0.441715
0.907293
0.535389
0.060217
0.907293
0.897436
0.017866
0.127623
0.023508
0.721628
0.971109
0.462365
0.067775
0.284858
0.971109
0.382926
0.518727
0.612135
0.121744
0.874110
0.454542
0.962240
0.658394
0.505064
0.956001
0.434080
0.018368
0.855893
0.429087
0.612135
0.346575
0.594827
0.397198
0.521553
0.346575
0.045761
0.580543
0.187953
0.199280
0.035500
0.002020
0.681504
0.612135
0.916674
0.589144
0.112510
0.971109
0.211153
0.409279
0.406779
0.100580
0.269851
0.130653
0.496903
0.947760
0.144460
0.382926
0.401971
0.681504
0.566341
0.998868
0.617854
0.521553
0.513281
0.718717
0.322949
0.589144
0.401971
0.965738
0.114294
0.704484
0.364456
0.658394
0.100580
0.340005
0.916674
0.848789
0.013654
0.029186
0.394742
0.033071
0.220452
0.454542
0.589144
0.779856
0.808960
0.829282
0.779856
0.620815
0.884948
0.414138
0.421575
0.004868
0.704484
0.907293
0.901408
0.000946
0.718717
0.766291
0.557828
0.589144
0.211153
0.589144
0.190711
0.658394
0.018368
0.821730
0.594827
0.543791
0.340005
0.612135
0.322949
0.375911
0.580543
0.713075
0.643949
0.571972
0.344325
0.718717
0.281082
0.758020
0.947760
0.721628
0.491556
0.617854
0.758020
0.505064
0.922090
0.698805
0.290658
0.215763
0.695863
0.867378
0.521553
0.695863
0.260793
0.406779
0.848789
0.231634
0.721628
0.320806
0.079397
0.382926
0.951979
0.626544
0.090535
0.758020
0.329292
0.491556
0.368979
0.173237
0.368979
0.166886
0.758020
0.801128
0.441715
0.766291
0.951979
0.721628
0.394742
0.462365
0.841556
0.690166
0.344325
0.735726
0.958545
0.649688
0.505064
0.867378
0.310521
0.681504
0.779856
0.690166
0.063362
0.580543
0.258960
0.160731
0.884948
0.848789
0.029708
0.382926
0.981075
0.086192
0.177160
0.922090
0.082732
0.394742
0.038764
0.194957
0.294528
0.414138
0.364456
0.996919
0.072465
0.603471
0.491556
0.159490
0.322949
0.874110
0.801128
0.681504
0.414138
0.109849
0.426518
0.076183
0.147829
0.922090
0.269851
0.346575
0.147829
0.704484
0.793201
0.626544
0.690166
0.535389
0.401971
0.940331
0.675784
0.991213
0.024158
0.521553
0.658394
0.597771
0.390021
0.279144
0.475494
0.580543
0.491556
0.483494
0.449423
0.713075
0.223587
0.088340
0.848789
0.187953
0.589144
0.940331
0.505064
0.704484
0.841556
0.940331
0.340005
0.094284
0.394742
0.310521
0.429087
0.901408
0.044980
0.535389
0.855893
0.713075
0.264363
0.003099
0.103042
0.126604
0.880693
0.294528
0.672823
0.658394
0.727244
0.284858
0.735726
0.163153
0.667094
0.401971
0.543791
0.429087
0.269851
0.434080
0.727244
0.974087
0.779856
0.475494
0.177160
0.658394
0.848789
0.394742
0.927324
0.626544
0.300471
0.223587
0.549354
0.951979
0.029186
0.269851
0.294528
0.984769
0.496903
0.246759
0.821730
0.829282
0.667094
0.002211
0.333520
0.194957
0.735726
0.163153
0.552238
0.421575
0.228410
0.695863
0.364456
0.173237
0.483494
0.357661
0.695863
0.046970
0.346575
0.255445
0.446787
0.986757
0.681504
0.135818
0.643949
0.580543
0.978604
0.141156
0.841556
0.228410
0.951979
0.766291
0.891273
0.617854
0.535389
0.841556
0.829282
0.483494
0.643949
0.643949
0.406779
0.766291
0.144460
0.300471
0.064431
0.108126
0.566341
0.153566
0.801128
0.981075
0.414138
0.727244
0.727244
0.353229
0.491556
0.580543
0.557828
0.695863
0.208158
0.891273
0.801128
0.916674
0.104694
0.421575
0.316692
0.038094
0.986757
0.005262
0.540922
0.340005
0.362130
0.034568
0.223587
0.935597
0.994555
0.241635
0.364456
0.643949
0.462365
0.454542
0.421575
0.316692
0.916674
0.589144
0.801128
0.557828
0.401971
0.375911
0.667094
0.203680
0.001922
0.649688
0.333520
0.335721
0.462365
0.787927
0.088340
0.848789
0.635244
0.922090
0.018368
0.749684
0.105557
0.173237
0.368979
0.940331
0.557828
0.329292
0.574890
0.860501
0.194957
0.566341
0.284858
0.612135
0.281082
0.429087
0.867378
0.801128
0.000016
0.260793
0.848789
0.589144
0.808960
0.483494
0.483494
0.836720
0.260793
0.382926
0.279144
0.241635
0.049040
0.275424
0.135818
0.322949
0.829282
0.475494
0.574890
0.557828
0.228410
0.594827
0.620815
0.571972
0.681504
0.727244
0.046970
0.758020
0.483494
0.290658
0.518727
0.947760
0.721628
0.626544
0.801128
0.246759
0.421575
0.279144
0.014305
0.429087
0.907293
0.505064
0.000125
0.867378
0.236593
0.916674
0.260793
0.255445
0.371333
0.855893
0.475494
0.009546
0.535389
0.571972
0.695863
0.491556
0.206623
0.855893
0.129613
0.779856
0.626544
0.441715
0.690166
0.026438
0.496903
0.127623
0.735726
0.580543
0.667094
0.951979
0.103042
0.375911
0.187953
0.163153
0.766291
0.758020
0.513281
0.978604
0.855893
0.394742
0.771705
0.543791
0.735726
0.907293
