0.566341
0.612135
0.848789
0.236593
0.589144
0.535389
0.597771
0.793201
0.527033
0.322949
0.535389
0.704484
0.255445
0.907293
0.340005
0.986757
0.527033
0.312615
0.169385
0.535389
0.635244
0.658394
0.159490
0.787927
0.821730
0.329292
0.901408
0.527033
0.848789
0.153566
0.855893
0.658394
0.382926
0.672823
0.119859
0.626544
0.357661
0.779856
0.787927
0.306500
0.808960
0.930673
0.603471
0.571972
0.275424
0.394742
0.681504
0.042685
0.390021
0.848789
0.449423
0.394742
0.457201
0.589144
0.603471
0.922090
0.557828
0.449423
0.713075
0.801128
0.620815
0.658394
0.505064
0.382926
0.183833
0.258960
0.441715
0.117048
0.867378
0.505064
0.984769
0.758020
0.246759
0.801128
0.981075
0.617854
0.951979
0.434080
0.063362
0.612135
0.996919
0.163153
0.801128
0.612135
0.589144
0.535389
0.296545
0.907293
0.333520
0.449423
0.951979
0.981075
0.574890
0.357661
0.758020
0.695863
0.808960
0.215763
0.974087
0.675784
0.947760
0.505064
0.028409
0.735726
0.758020
0.144460
0.535389
0.114294
0.727244
0.617854
0.808960
0.779856
0.935597
0.401971
0.483494
0.513281
0.357661
0.441715
0.496903
0.353229
0.228410
0.163153
0.181158
0.279144
0.312615
0.535389
0.860501
0.635244
0.127623
0.749684
0.901408
0.441715
0.527033
0.032771
0.635244
0.597771
0.223587
0.612135
0.649688
0.290658
0.922090
0.978604
0.713075
0.986757
0.117048
0.574890
0.589144
0.801128
0.916674
0.612135
0.107244
0.841556
0.721628
0.441715
0.034568
0.571972
0.290658
0.049040
0.449423
0.211153
0.612135
0.329292
0.518727
0.074303
0.507859
0.300471
0.935597
0.117048
0.014985
0.100580
0.103042
0.002950
0.119859
0.284858
0.053907
0.350951
0.758020
0.483494
0.535389
0.978604
0.841556
0.457201
0.878466
0.951979
0.496903
0.589144
0.749684
0.626544
0.971109
0.721628
0.543791
0.971109
0.971109
0.223587
0.021268
0.535389
0.884948
0.163153
0.000234
0.046554
0.179787
0.322949
0.166886
0.793201
0.329292
0.635244
0.190711
0.891273
0.441715
0.749684
0.001393
0.045761
0.848789
0.704484
0.279144
0.421575
0.612135
0.483494
0.667094
0.922090
0.241635
0.300471
0.066084
0.088340
0.571972
0.016139
0.891273
0.039801
0.535389
0.749684
0.132684
0.836720
0.749684
0.612135
0.594827
0.470257
0.316692
0.027164
0.649688
0.566341
0.226757
0.649688
0.744157
0.505064
0.513281
0.907293
0.801128
0.766291
0.793201
0.127623
0.023508
0.044581
0.371333
0.907293
0.382926
0.112510
0.874110
0.867378
0.612135
0.231634
0.028409
0.275424
0.672823
0.063362
0.357661
0.003008
0.159490
0.867378
0.867378
0.787927
0.098985
0.901408
0.357661
0.935597
0.215763
0.368979
0.346575
0.704484
0.891273
0.971109
0.061772
0.787927
0.505064
0.713075
0.978604
0.681504
0.079397
0.144460
0.306500
0.704484
0.901408
0.513281
0.329292
0.086192
0.779856
0.144460
0.884948
0.658394
0.589144
0.039801
0.094284
0.681504
0.527033
0.922090
0.612135
0.329292
0.580543
0.681504
0.187953
0.401971
0.211153
0.250182
0.084803
0.206623
0.971109
0.978604
0.250182
0.300471
0.199280
0.008847
0.014711
0.038764
0.935597
0.357661
0.364456
0.505064
0.821730
0.867378
0.907293
0.364456
0.044581
0.927324
0.927324
0.997586
0.491556
0.612135
0.787927
0.050328
0.079397
0.241635
0.597771
0.109849
0.749684
0.635244
0.841556
0.829282
0.049040
0.658394
0.779856
0.290658
0.535389
0.394742
0.589144
0.779856
0.306500
0.033659
0.672823
0.103042
0.997586
0.749684
0.766291
0.713075
0.672823
0.000527
0.884948
0.603471
0.991213
0.454542
0.199280
0.922090
0.603471
0.449423
0.735726
0.043818
0.001540
0.848789
0.841556
0.258960
0.884948
0.421575
0.527033
0.491556
0.119859
0.375911
0.821730
0.603471
0.571972
0.322949
0.429087
0.704484
0.003099
0.543791
0.053907
0.589144
0.279144
0.082732
0.658394
0.549354
0.901408
0.816691
0.387593
0.406779
0.535389
0.310521
0.047782
0.721628
0.316692
0.984769
0.816691
0.821730
0.620815
0.793201
0.144460
0.119859
0.994555
0.690166
0.454542
0.543791
0.003193
0.643949
0.612135
0.821730
0.322949
0.199280
0.580543
0.290658
0.454542
0.884948
0.340005
0.441715
0.758020
0.382926
0.454542
0.039801
0.375911
0.672823
0.821730
0.441715
0.290658
0.350951
0.008847
0.884948
0.549354
0.183833
0.681504
0.322949
0.749684
0.505064
0.340005
0.801128
0.589144
0.434080
0.901408
0.441715
0.499678
0.475494
0.603471
0.124654
0.333520
0.535389
0.897436
0.563435
0.312615
0.801128
0.166886
0.196422
0.635244
0.922090
0.141156
0.690166
0.535389
0.884948
0.119859
0.758020
0.884948
0.322949
0.971109
0.704484
0.620815
0.884948
0.597771
0.019230
0.690166
0.478214
0.260793
0.279144
0.681504
0.002645
0.316692
0.166886
0.199280
0.891273
0.808960
0.552238
0.454542
0.462365
0.749684
0.177160
0.766291
0.122729
0.098985
0.001421
0.003099
0.543791
0.704484
0.327120
0.543791
0.758020
0.109849
0.667094
0.007739
0.758020
0.394742
0.801128
0.434080
0.390021
0.414138
0.527033
0.382926
0.867378
0.667094
0.070668
0.300471
0.000485
0.986757
0.667094
0.409279
0.829282
0.681504
0.971109
0.626544
0.779856
0.166886
0.971109
0.801128
0.449423
0.947760
0.557828
0.340005
0.848789
0.250182
0.327120
0.375911
0.159490
0.020692
0.300471
0.329292
0.643949
0.192150
0.387593
0.215763
0.496903
0.626544
0.672823
0.836720
0.434080
0.549354
0.454542
0.322949
0.535389
0.333520
0.535389
0.916674
0.704484
0.695863
0.649688
0.096609
0.300471
0.350951
0.260793
0.848789
0.306500
0.848789
0.965738
0.436675
0.867378
