0.223587
0.589144
0.375911
0.681504
0.999892
0.475494
0.690166
0.884948
0.801128
0.626544
0.260793
0.414138
0.672823
0.112510
0.626544
0.300471
0.406779
0.306500
0.173237
0.603471
0.704484
0.704484
0.294528
0.848789
0.891273
0.005855
0.884948
0.416665
0.735726
0.535389
0.571972
0.245003
0.874110
0.848789
0.390021
0.228410
0.643949
0.394742
0.421575
0.147829
0.672823
0.580543
0.267971
0.018706
0.681504
0.414138
0.744157
0.364456
0.635244
0.169385
0.409279
0.084803
0.994555
0.808960
0.766291
0.874110
0.294528
0.635244
0.557828
0.951979
0.183833
0.202171
0.513281
0.088340
0.841556
0.375911
0.088340
0.122729
0.380525
0.927324
0.401971
0.996919
0.137917
0.357661
0.681504
0.557828
0.735726
0.907293
0.005855
0.557828
0.163153
0.190711
0.215763
0.306500
0.470257
0.744157
0.505064
0.557828
0.187953
0.821730
0.718717
0.454542
0.290658
0.144460
0.589144
0.672823
0.236593
0.749684
0.940331
0.340005
0.927324
0.713075
0.947760
0.211153
0.922090
0.086919
0.102197
0.039801
0.310521
0.144460
0.549354
0.801128
0.713075
0.031348
0.626544
0.535389
0.913005
0.612135
0.340005
0.821730
0.603471
0.467559
0.566341
0.406779
0.667094
0.375911
0.974087
0.766291
0.353229
0.589144
0.211153
0.940331
0.635244
0.940331
0.749684
0.000456
0.264363
0.357661
0.139014
0.153566
0.036127
0.658394
0.357661
0.518727
0.119859
0.787927
0.103042
0.841556
0.658394
0.927324
0.749684
0.513281
0.927324
0.557828
0.860501
0.549354
0.141156
0.008117
0.414138
0.496903
0.821730
0.117048
0.922090
0.951979
0.821730
0.907293
0.255445
0.752533
0.821730
0.801128
0.867378
0.635244
0.409279
0.758020
0.177160
0.704484
0.183833
0.147829
0.513281
0.940331
0.013909
0.166886
0.215763
0.086192
0.758020
0.997586
0.996919
0.316692
0.521553
0.704484
0.971109
0.884948
0.620815
0.491556
0.014711
0.884948
0.421575
0.935597
0.962240
0.808960
0.635244
0.735726
0.264363
0.884948
0.649688
0.467559
0.049040
0.855893
0.513281
0.241635
0.382926
0.801128
0.721628
0.103042
0.483494
0.704484
0.421575
0.144460
0.589144
0.735726
0.203680
0.223587
0.557828
0.401971
0.206623
0.279144
0.394742
0.117048
0.779856
0.513281
0.255445
0.571972
0.884948
0.698805
0.884948
0.441715
0.901408
0.667094
0.821730
0.612135
0.394742
0.594827
0.984769
0.808960
0.275424
0.690166
0.518727
0.681504
0.557828
0.241635
0.867378
0.594827
0.228410
0.978604
0.163153
0.901408
0.571972
0.958545
0.829282
0.867378
0.971109
0.695863
0.527033
0.454542
0.141156
0.505064
0.382926
0.901408
0.177160
0.557828
0.901408
0.727244
0.037099
0.199280
0.681504
0.721628
0.690166
0.884948
0.264363
0.951979
0.801128
0.727244
0.255445
0.626544
0.874110
0.571972
0.103042
0.329292
0.940331
0.913005
0.667094
0.766291
0.821730
0.192150
0.483494
0.401971
0.557828
0.183833
0.643949
0.996919
0.829282
0.264363
0.041578
0.612135
0.462365
0.441715
0.735726
0.535389
0.245003
0.744157
0.681504
0.978604
0.250182
0.681504
0.454542
0.255445
0.241635
0.704484
0.100580
0.269851
0.527033
0.032199
0.010298
0.434080
0.557828
0.667094
0.269851
0.454542
0.744157
0.841556
0.434080
0.658394
0.103042
0.880693
0.518727
0.454542
0.038764
0.038094
0.462365
0.127623
0.061772
0.290658
0.681504
0.901408
0.574890
0.758020
0.940331
0.034568
0.672823
0.462365
0.006144
0.552238
0.867378
0.540922
0.215763
0.030518
0.449423
0.958545
0.922090
0.483494
0.935597
0.357661
0.981075
0.390021
0.382926
0.594827
0.695863
0.867378
0.197797
0.771705
0.962240
0.867378
0.462365
0.163153
0.779856
0.294528
0.163153
0.658394
0.269851
0.626544
0.441715
0.119859
0.801128
0.144460
0.971109
0.258960
0.930673
0.357661
0.357661
0.672823
0.927324
0.139014
0.250182
0.429087
0.836720
0.626544
0.836720
0.022258
0.067195
0.681504
0.571972
0.891273
0.829282
0.245003
0.927324
0.505064
0.801128
0.667094
0.713075
0.713075
0.704484
0.884948
0.829282
0.340005
0.029708
0.368979
0.491556
0.496903
0.300471
0.250182
0.867378
0.491556
0.848789
0.580543
0.340005
0.771705
0.211153
0.735726
0.394742
0.057717
0.401971
0.594827
0.821730
0.253642
0.401971
0.667094
0.658394
0.223587
0.090535
0.801128
0.414138
0.306500
0.429087
0.255445
0.563435
0.322949
0.441715
0.787927
0.787927
0.681504
0.540922
0.935597
0.067775
0.535389
0.015409
0.518727
0.603471
0.521553
0.779856
0.462365
0.535389
0.574890
0.735726
0.049040
0.382926
0.951979
0.462365
0.626544
0.916674
0.814067
0.086192
0.049886
0.771705
0.255445
0.491556
0.117048
0.935597
0.922090
0.044980
0.867378
0.382926
0.401971
0.713075
0.566341
0.491556
0.999892
0.897436
0.801128
0.357661
0.667094
0.467559
0.713075
0.426518
0.114294
0.206623
0.580543
0.543791
0.215763
0.166886
0.884948
0.821730
0.141156
0.635244
0.499678
0.039801
0.962240
0.003354
0.226757
0.306500
0.884948
0.462365
0.995551
0.275424
0.744157
0.727244
0.690166
0.779856
0.793201
0.414138
0.571972
0.527033
0.766291
0.163153
0.499678
0.329292
0.801128
0.635244
0.008197
0.874110
0.255445
0.801128
0.382926
0.808960
0.901408
0.829282
0.649688
0.006637
0.978604
0.640981
0.821730
0.279144
0.557828
0.491556
0.978604
0.884948
0.223587
0.549354
0.758020
0.658394
0.535389
0.901408
0.994555
0.540922
0.284858
0.226757
0.681504
0.749684
0.196422
0.350951
0.626544
0.549354
0.836720
0.735726
0.848789
0.571972
0.350951
0.401971
0.649688
0.580543
0.236593
0.021859
0.557828
0.304435
0.203680
0.159490
0.483494
