0.589144
0.100580
0.284858
0.626544
0.429087
0.867378
0.414138
0.264363
0.557828
0.922090
0.467559
0.284858
0.467559
0.836720
0.643949
0.153566
0.300471
0.535389
0.848789
0.927324
0.704484
0.626544
0.589144
0.163153
0.239907
0.322949
0.635244
0.884948
0.643949
0.884948
0.626544
0.441715
0.816691
0.088340
0.105557
0.088340
0.434080
0.922090
0.549354
0.454542
0.855893
0.141156
0.535389
0.787927
0.267971
0.070668
0.935597
0.290658
0.626544
0.513281
0.375911
0.177160
0.340005
0.294528
0.841556
0.088340
0.057717
0.626544
0.159490
0.382926
0.787927
0.848789
0.223587
0.061772
0.735726
0.088340
0.874110
0.124654
0.449423
0.779856
0.429087
0.787927
0.470257
0.170690
0.901408
0.394742
0.394742
0.727244
0.758020
0.028409
0.612135
0.907293
0.082732
0.981075
0.884948
0.215763
0.867378
0.153566
0.269851
0.387593
0.867378
0.527033
0.704484
0.401971
0.429087
0.335721
0.808960
0.927324
0.566341
0.033659
0.690166
0.012670
0.867378
0.364456
0.421575
0.020130
0.758020
0.935597
0.401971
0.801128
0.429087
0.018368
0.057717
0.037099
0.197797
0.927324
0.441715
0.157114
0.612135
0.735726
0.704484
0.612135
0.199280
0.695863
0.880693
0.658394
0.704484
0.758020
0.698805
0.695863
0.163153
0.382926
0.505064
0.329292
0.603471
0.080707
0.672823
0.344325
0.462365
0.787927
0.829282
0.667094
0.382926
0.101413
0.793201
0.612135
0.340005
0.617854
0.580543
0.005262
0.454542
0.727244
0.771705
0.994555
0.878466
0.322949
0.821730
0.612135
0.070668
0.907293
0.192150
0.026438
0.940331
0.350951
0.580543
0.549354
0.884948
0.246759
0.690166
0.294528
0.368979
0.874110
0.821730
0.170690
0.704484
0.441715
0.695863
0.284858
0.066084
0.057717
0.927324
0.483494
0.273514
0.681504
0.434080
0.250182
0.449423
0.013909
0.462365
0.279144
0.316692
0.527033
0.695863
0.891273
0.771705
0.320806
0.011315
0.159490
0.848789
0.787927
0.327120
0.346575
0.935597
0.901408
0.294528
0.913005
0.521553
0.049040
0.364456
0.084803
0.821730
0.236593
0.382926
0.901408
0.499678
0.033659
0.483494
0.620815
0.935597
0.594827
0.626544
0.449423
0.907293
0.368979
0.829282
0.766291
0.284858
0.344325
0.127623
0.300471
0.199280
0.580543
0.290658
0.114294
0.364456
0.971109
0.327120
0.735726
0.841556
0.779856
0.744157
0.223587
0.940331
0.199280
0.394742
0.454542
0.672823
0.690166
0.779856
0.231634
0.947760
0.037099
0.626544
0.867378
0.935597
0.009277
0.867378
0.978604
0.801128
0.069506
0.907293
0.947760
0.092008
0.603471
0.612135
0.771705
0.173237
0.521553
0.821730
0.012317
0.713075
0.004246
0.771705
0.986757
0.989675
0.787927
0.821730
0.841556
0.190711
0.215763
0.521553
0.649688
0.867378
0.635244
0.333520
0.223587
0.735726
0.241635
0.758020
0.658394
0.241635
0.063362
0.449423
0.350951
0.394742
0.916674
0.626544
0.836720
0.049040
0.713075
0.735726
0.147829
0.039801
0.672823
0.971109
0.105557
0.226757
0.132684
0.589144
0.105557
0.513281
0.294528
0.594827
0.250182
0.907293
0.574890
0.649688
0.375911
0.357661
0.483494
0.617854
0.808960
0.951979
0.808960
0.667094
0.340005
0.907293
0.284858
0.566341
0.643949
0.855893
0.290658
0.667094
0.779856
0.505064
0.640981
0.940331
0.505064
0.340005
0.434080
0.958545
0.535389
0.718717
0.967937
0.667094
0.096609
0.829282
0.109849
0.399498
0.255445
0.771705
0.801128
0.223587
0.039801
0.421575
0.589144
0.589144
0.603471
0.414138
0.264363
0.467559
0.139014
0.649688
0.735726
0.766291
0.053907
0.543791
0.127623
0.421575
0.375911
0.829282
0.183833
0.004637
0.001540
0.829282
0.043818
0.052535
0.279144
0.496903
0.947760
0.779856
0.505064
0.414138
0.434080
0.860501
0.801128
0.340005
0.255445
0.401971
0.421575
0.269851
0.557828
0.346575
0.203680
0.690166
0.947760
0.951979
0.475494
0.535389
0.116102
0.965738
0.513281
0.006447
0.114294
0.779856
0.470257
0.025274
0.199280
0.557828
0.483494
0.462365
0.434080
0.322949
0.187953
0.241635
0.771705
0.069506
0.867378
0.103042
0.749684
0.462365
0.749684
0.040498
0.749684
0.109849
0.971109
0.603471
0.779856
0.727244
0.880693
0.049040
0.357661
0.002370
0.704484
0.603471
0.260793
0.483494
0.340005
0.421575
0.681504
0.375911
0.874110
0.589144
0.475494
0.667094
0.727244
0.475494
0.901408
0.521553
0.000310
0.346575
0.965738
0.713075
0.527033
0.978604
0.884948
0.105557
0.082732
0.749684
0.449423
0.958545
0.793201
0.690166
0.462365
0.483494
0.779856
0.279144
0.713075
0.571972
0.454542
0.320806
0.082037
0.394742
0.867378
0.597771
0.971109
0.690166
0.166886
0.922090
0.340005
0.187953
0.306500
0.758020
0.771705
0.126604
0.362130
0.401971
0.306500
0.004637
0.626544
0.441715
0.901408
0.513281
0.000355
0.907293
0.281082
0.290658
0.491556
0.922090
0.350951
0.518727
0.449423
0.364456
0.505064
0.867378
0.649688
0.626544
0.003193
0.470257
0.340005
0.446787
0.735726
0.080707
0.557828
0.922090
0.109849
0.749684
0.505064
0.382926
0.681504
0.635244
0.414138
0.744157
0.589144
0.690166
0.667094
0.310521
0.426518
0.947760
0.956001
0.264363
0.075538
0.986757
0.215763
0.414138
0.045761
0.690166
0.275424
0.927324
0.421575
0.580543
0.884948
0.951979
0.779856
0.132684
0.491556
0.867378
0.704484
0.991213
0.020692
0.470257
0.867378
0.566341
0.749684
0.375911
0.211153
0.801128
0.014985
0.255445
0.594827
0.787927
0.499678
0.203680
0.462365
0.848789
0.971109
0.006637
0.090535
0.454542
0.135818
0.884948
0.139014
0.571972
0.549354
0.771705
0.658394
