0.075538
0.290658
0.002146
0.617854
0.357661
0.901408
0.401971
0.981075
0.991213
0.394742
0.470257
0.658394
0.194957
0.022875
0.735726
0.269851
0.264363
0.721628
0.496903
0.612135
0.441715
0.571972
0.421575
0.808960
0.322949
0.848789
0.984769
0.848789
0.399498
0.264363
0.236593
0.935597
0.135818
0.159490
0.758020
0.951979
0.681504
0.394742
0.580543
0.978604
0.264363
0.603471
0.867378
0.626544
0.829282
0.340005
0.967937
0.521553
0.236593
0.940331
0.884948
0.681504
0.901408
0.022875
0.612135
0.223587
0.540922
0.470257
0.001271
0.220452
0.594827
0.801128
0.187953
0.098985
0.371333
0.009822
0.758020
0.589144
0.340005
0.260793
0.779856
0.462365
0.228410
0.382926
0.394742
0.758020
0.124654
0.310521
0.971109
0.340005
0.808960
0.801128
0.589144
0.848789
0.557828
0.951979
0.649688
0.603471
0.704484
0.744157
0.059212
0.100580
0.211153
0.364456
0.018368
0.375911
0.766291
0.333520
0.994555
0.867378
0.878466
0.735726
0.681504
0.061772
0.867378
0.470257
0.580543
0.543791
0.916674
0.612135
0.199280
0.211153
0.290658
0.626544
0.571972
0.672823
0.884948
0.643949
0.457201
0.771705
0.387593
0.612135
0.589144
0.340005
0.045761
0.513281
0.206623
0.867378
0.513281
0.704484
0.667094
0.557828
0.401971
0.749684
0.922090
0.874110
0.135818
0.429087
0.394742
0.808960
0.462365
0.206623
0.046970
0.681504
0.991213
0.000846
0.429087
0.357661
0.211153
0.269851
0.001922
0.112510
0.574890
0.935597
0.019768
0.658394
0.971109
0.100580
0.300471
0.163153
0.566341
0.829282
0.275424
0.017866
0.306500
0.597771
0.000000
0.603471
0.848789
0.916674
0.199280
0.269851
0.603471
0.177160
0.649688
0.612135
0.409279
0.124654
0.040498
0.382926
0.727244
0.322949
0.566341
0.401971
0.446787
0.557828
0.478214
0.080707
0.231634
0.203680
0.050328
0.077446
0.470257
0.228410
0.681504
0.521553
0.096609
0.779856
0.589144
0.635244
0.922090
0.119859
0.114294
0.513281
0.841556
0.571972
0.735726
0.787927
0.236593
0.153566
0.144460
0.072465
0.617854
0.329292
0.690166
0.527033
0.284858
0.672823
0.350951
0.620815
0.951979
0.749684
0.658394
0.635244
0.434080
0.228410
0.040864
0.635244
0.913005
0.549354
0.177160
0.549354
0.713075
0.589144
0.626544
0.462365
0.557828
0.013276
0.978604
0.594827
0.364456
0.053907
0.855893
0.475494
0.264363
0.470257
0.064990
0.735726
0.704484
0.965738
0.306500
0.635244
0.816691
0.713075
0.907293
0.779856
0.086192
0.787927
0.543791
0.109849
0.260793
0.749684
0.246759
0.597771
0.007739
0.907293
0.329292
0.543791
0.649688
0.279144
0.250182
0.951979
0.505064
0.037099
0.483494
0.144460
0.940331
0.940331
0.867378
0.884948
0.284858
0.816691
0.549354
0.848789
0.922090
0.008354
0.499678
0.787927
0.104694
0.306500
0.867378
0.421575
0.848789
0.874110
0.340005
0.735726
0.316692
0.070668
0.021268
0.829282
0.667094
0.935597
0.513281
0.279144
0.112510
0.681504
0.160731
0.681504
0.735726
0.013276
0.255445
0.382926
0.513281
0.401971
0.922090
0.927324
0.535389
0.779856
0.387593
0.897436
0.913005
0.004503
0.454542
0.913005
0.626544
0.681504
0.357661
0.829282
0.513281
0.612135
0.907293
0.793201
0.749684
0.594827
0.002443
0.038764
0.409279
0.023508
0.340005
0.713075
0.766291
0.758020
0.434080
0.675784
0.848789
0.901408
0.574890
0.203680
0.779856
0.012670
0.836720
0.353229
0.290658
0.250182
0.771705
0.779856
0.429087
0.082732
0.483494
0.935597
0.375911
0.177160
0.090535
0.947760
0.681504
0.114294
0.220452
0.951979
0.009104
0.907293
0.907293
0.163153
0.288671
0.612135
0.441715
0.867378
0.183833
0.483494
0.013276
0.713075
0.721628
0.382926
0.018368
0.808960
0.543791
0.867378
0.047782
0.962240
0.884948
0.589144
0.884948
0.063362
0.364456
0.874110
0.901408
0.086919
0.787927
0.658394
0.801128
0.557828
0.496903
0.409279
0.364456
0.779856
0.082732
0.658394
0.226757
0.589144
0.236593
0.713075
0.429087
0.079397
0.322949
0.527033
0.922090
0.801128
0.681504
0.848789
0.860501
0.173237
0.626544
0.841556
0.681504
0.557828
0.566341
0.552238
0.927324
0.382926
0.290658
0.401971
0.535389
0.045761
0.989675
0.672823
0.971109
0.346575
0.658394
0.597771
0.250182
0.223587
0.580543
0.053907
0.713075
0.346575
0.884948
0.808960
0.104694
0.704484
0.394742
0.226757
0.132684
0.589144
0.394742
0.947760
0.139014
0.913005
0.667094
0.962240
0.499678
0.114294
0.290658
0.867378
0.891273
0.000641
0.543791
0.947760
0.350951
0.192150
0.927324
0.612135
0.779856
0.513281
0.505064
0.749684
0.884948
0.119859
0.245003
0.771705
0.034568
0.177160
0.978604
0.004246
0.884948
0.996919
0.025274
0.329292
0.001981
0.470257
0.855893
0.000696
0.874110
0.406779
0.713075
0.626544
0.643949
0.557828
0.059212
0.000779
0.368979
0.053907
0.535389
0.672823
0.462365
0.901408
0.603471
0.527033
0.159490
0.549354
0.996919
0.192150
0.211153
0.103042
0.304435
0.821730
0.612135
0.580543
0.867378
0.017543
0.649688
0.758020
0.475494
0.350951
0.848789
0.092008
0.981075
0.316692
0.922090
0.260793
0.635244
0.690166
0.382926
0.721628
0.401971
0.132684
0.300471
0.112510
0.346575
0.958545
0.571972
0.036127
0.340005
0.086192
0.006832
0.513281
0.566341
0.284858
0.312615
0.454542
0.672823
0.042685
0.250182
0.766291
0.635244
0.371333
0.971109
0.255445
0.557828
0.704484
0.092778
0.057717
0.766291
0.965738
0.033659
0.245003
0.368979
0.027164
0.306500
0.135818
0.667094
0.543791
0.594827
0.406779
0.848789
0.965738
0.913005
0.513281
