0.940331
0.735726
0.294528
0.429087
0.060217
0.626544
0.241635
0.658394
0.695863
0.454542
0.690166
0.141156
0.166886
0.649688
0.787927
0.042685
0.787927
0.269851
0.971109
0.965738
0.557828
0.246759
0.454542
0.079397
0.340005
0.557828
0.891273
0.744157
0.704484
0.004246
0.744157
0.626544
0.704484
0.183833
0.117048
0.102197
0.867378
0.635244
0.107244
0.206623
0.233315
0.571972
0.157114
0.821730
0.922090
0.758020
0.962240
0.114294
0.273514
0.907293
0.848789
0.284858
0.884948
0.103042
0.735726
0.971109
0.316692
0.891273
0.192150
0.387593
0.112510
0.612135
0.620815
0.749684
0.159490
0.340005
0.029708
0.996919
0.855893
0.771705
0.626544
0.862861
0.157114
0.025274
0.594827
0.018883
0.346575
0.236593
0.690166
0.228410
0.612135
0.036127
0.434080
0.421575
0.350951
0.848789
0.672823
0.704484
0.039801
0.056256
0.518727
0.681504
0.130653
0.867378
0.414138
0.535389
0.067775
0.177160
0.014305
0.589144
0.626544
0.183833
0.860501
0.223587
0.758020
0.603471
0.483494
0.962240
0.279144
0.181158
0.713075
0.190711
0.643949
0.119859
0.951979
0.978604
0.346575
0.124654
0.429087
0.821730
0.901408
0.505064
0.667094
0.401971
0.821730
0.672823
0.130653
0.368979
0.194957
0.139014
0.758020
0.401971
0.505064
0.165605
0.052535
0.390021
0.713075
0.382926
0.290658
0.557828
0.922090
0.681504
0.971109
0.626544
0.006637
0.557828
0.357661
0.884948
0.382926
0.368979
0.236593
0.704484
0.635244
0.040864
0.566341
0.713075
0.956001
0.848789
0.779856
0.153566
0.867378
0.603471
0.947760
0.394742
0.758020
0.322949
0.306500
0.499678
0.549354
0.635244
0.779856
0.649688
0.470257
0.414138
0.580543
0.758020
0.836720
0.031348
0.109849
0.589144
0.518727
0.752533
0.935597
0.228410
0.829282
0.061772
0.787927
0.891273
0.884948
0.013276
0.795913
0.022466
0.927324
0.971109
0.166886
0.316692
0.521553
0.612135
0.758020
0.040498
0.566341
0.077446
0.675784
0.557828
0.187953
0.557828
0.841556
0.543791
0.409279
0.067775
0.491556
0.166886
0.111596
0.144460
0.860501
0.603471
0.475494
0.867378
0.735726
0.766291
0.787927
0.187953
0.233315
0.635244
0.001421
0.344325
0.978604
0.681504
0.821730
0.203680
0.127623
0.727244
0.306500
0.580543
0.406779
0.947760
0.808960
0.429087
0.713075
0.787927
0.821730
0.166886
0.414138
0.612135
0.421575
0.329292
0.667094
0.505064
0.112510
0.808960
0.841556
0.380525
0.527033
0.010298
0.153566
0.626544
0.566341
0.027652
0.513281
0.103042
0.267971
0.667094
0.223587
0.940331
0.874110
0.034568
0.316692
0.364456
0.962240
0.841556
0.183833
0.658394
0.727244
0.414138
0.147829
0.667094
0.649688
0.549354
0.406779
0.475494
0.042685
0.346575
0.626544
0.260793
0.808960
0.166886
0.704484
0.401971
0.368979
0.401971
0.401971
0.690166
0.505064
0.557828
0.449423
0.704484
0.194957
0.829282
0.082732
0.766291
0.215763
0.897436
0.024158
0.620815
0.233315
0.635244
0.749684
0.100580
0.571972
0.744157
0.855893
0.735726
0.571972
0.643949
0.067775
0.159490
0.998868
0.527033
0.414138
0.935597
0.483494
0.603471
0.279144
0.667094
0.401971
0.658394
0.187953
0.203680
0.119859
0.848789
0.635244
0.375911
0.491556
0.322949
0.139014
0.007965
0.940331
0.867378
0.771705
0.971109
0.874110
0.080707
0.801128
0.821730
0.658394
0.635244
0.962240
0.821730
0.258960
0.401971
0.667094
0.962240
0.441715
0.255445
0.594827
0.690166
0.984769
0.310521
0.346575
0.068911
0.150086
0.727244
0.958545
0.540922
0.206623
0.667094
0.927324
0.457201
0.170690
0.589144
0.333520
0.290658
0.620815
0.603471
0.744157
0.284858
0.947760
0.434080
0.250182
0.681504
0.513281
0.491556
0.940331
0.187953
0.094284
0.658394
0.571972
0.075538
0.557828
0.897436
0.672823
0.241635
0.901408
0.907293
0.535389
0.434080
0.236593
0.635244
0.340005
0.672823
0.300471
0.901408
0.735726
0.766291
0.380525
0.855893
0.350951
0.549354
0.124654
0.061772
0.787927
0.499678
0.774492
0.306500
0.100580
0.566341
0.192150
0.061772
0.132684
0.971109
0.589144
0.951979
0.033659
0.255445
0.483494
0.649688
0.055312
0.446787
0.333520
0.829282
0.907293
0.749684
0.037099
0.727244
0.483494
0.829282
0.179787
0.779856
0.144460
0.962240
0.499678
0.304435
0.269851
0.029186
0.387593
0.269851
0.344325
0.000899
0.681504
0.793201
0.401971
0.594827
0.000628
0.199280
0.951979
0.187953
0.996919
0.735726
0.612135
0.603471
0.901408
0.335721
0.690166
0.350951
0.981075
0.855893
0.787927
0.874110
0.916674
0.491556
0.449423
0.181158
0.475494
0.478214
0.401971
0.749684
0.462365
0.557828
0.874110
0.173237
0.499678
0.053907
0.916674
0.226757
0.935597
0.867378
0.141156
0.340005
0.766291
0.981075
0.173237
0.967937
0.543791
0.690166
0.521553
0.589144
0.153566
0.907293
0.681504
0.112510
0.916674
0.808960
0.218844
0.153566
0.306500
0.177160
0.841556
0.269851
0.350951
0.658394
0.022258
0.947760
0.626544
0.236593
0.491556
0.117048
0.612135
0.159490
0.483494
0.749684
0.462365
0.236593
0.787927
0.434080
0.978604
0.032199
0.060217
0.766291
0.991213
0.112510
0.589144
0.082732
0.549354
0.589144
0.499678
0.867378
0.635244
0.884948
0.183833
0.187953
0.713075
0.962240
0.079397
0.421575
0.462365
0.035180
0.574890
0.018368
0.312615
0.543791
0.589144
0.978604
0.478214
0.306500
0.513281
0.109849
0.185229
0.462365
0.897436
0.589144
0.132684
0.003193
0.978604
0.643949
0.350951
0.612135
0.375911
0.513281
0.808960
0.364456
0.727244
0.187953
0.475494
0.862861
0.580543
0.901408
