0.094284
0.470257
0.808960
0.571972
0.808960
0.429087
0.368979
0.978604
0.130653
0.467559
0.603471
0.779856
0.387593
0.808960
0.787927
0.994555
0.962240
0.077446
0.735726
0.401971
0.808960
0.401971
0.916674
0.462365
0.690166
0.042685
0.057717
0.004868
0.340005
0.375911
0.231634
0.808960
0.382926
0.744157
0.029186
0.962240
0.658394
0.535389
0.901408
0.000075
0.045761
0.000609
0.901408
0.127623
0.112510
0.429087
0.513281
0.144460
0.867378
0.368979
0.940331
0.382926
0.233315
0.589144
0.421575
0.375911
0.771705
0.382926
0.808960
0.907293
0.357661
0.183833
0.117048
0.146673
0.986757
0.279144
0.329292
0.000718
0.681504
0.203680
0.279144
0.947760
0.478214
0.023935
0.907293
0.031348
0.549354
0.874110
0.704484
0.064431
0.527033
0.036127
0.721628
0.218844
0.962240
0.771705
0.589144
0.364456
0.264363
0.978604
0.713075
0.171915
0.978604
0.505064
0.246759
0.771705
0.033659
0.721628
0.026438
0.958545
0.927324
0.021859
0.986757
0.527033
0.000079
0.749684
0.779856
0.231634
0.429087
0.211153
0.401971
0.409279
0.132684
0.635244
0.103042
0.269851
0.841556
0.421575
0.109849
0.867378
0.072465
0.713075
0.505064
0.829282
0.667094
0.206623
0.713075
0.626544
0.557828
0.727244
0.072465
0.001351
0.294528
0.505064
0.744157
0.169385
0.855893
0.434080
0.901408
0.649688
0.649688
0.580543
0.913005
0.566341
0.011640
0.050328
0.499678
0.713075
0.279144
0.496903
0.163153
0.401971
0.253642
0.557828
0.940331
0.047782
0.421575
0.269851
0.527033
0.300471
0.994555
0.364456
0.922090
0.801128
0.612135
0.951979
0.496903
0.940331
0.281082
0.449423
0.681504
0.011425
0.159490
0.375911
0.735726
0.603471
0.603471
0.153566
0.382926
0.713075
0.690166
0.571972
0.758020
0.735726
0.867378
0.429087
0.109849
0.848789
0.580543
0.808960
0.672823
0.758020
0.173237
0.312615
0.350951
0.421575
0.884948
0.907293
0.300471
0.211153
0.322949
0.462365
0.922090
0.829282
0.940331
0.841556
0.779856
0.690166
0.974087
0.394742
0.279144
0.626544
0.658394
0.401971
0.635244
0.346575
0.077446
0.269851
0.603471
0.048208
0.284858
0.117048
0.795913
0.344325
0.549354
0.603471
0.236593
0.874110
0.462365
0.884948
0.117048
0.147829
0.187953
0.549354
0.264363
0.779856
0.940331
0.916674
0.013276
0.612135
0.194957
0.713075
0.860501
0.406779
0.867378
0.322949
0.557828
0.187953
0.635244
0.382926
0.340005
0.340005
0.884948
0.884948
0.322949
0.288671
0.626544
0.867378
0.635244
0.626544
0.462365
0.382926
0.429087
0.626544
0.589144
0.429087
0.589144
0.060743
0.935597
0.000446
0.727244
0.667094
0.643949
0.470257
0.409279
0.462365
0.617854
0.084803
0.518727
0.727244
0.667094
0.951979
0.255445
0.333520
0.574890
0.543791
0.518727
0.327120
0.589144
0.375911
0.801128
0.958545
0.951979
0.735726
0.566341
0.409279
0.364456
0.124654
0.008436
0.284858
0.513281
0.779856
0.429087
0.157114
0.626544
0.357661
0.675784
0.159490
0.406779
0.387593
0.218844
0.808960
0.535389
0.063362
0.867378
0.375911
0.025731
0.312615
0.758020
0.000996
0.011640
0.603471
0.029186
0.749684
0.409279
0.649688
0.612135
0.496903
0.273514
0.930673
0.779856
0.036456
0.421575
0.421575
0.643949
0.491556
0.041578
0.173237
0.635244
0.649688
0.901408
0.491556
0.816691
0.978604
0.971109
0.779856
0.589144
0.891273
0.667094
0.727244
0.119859
0.019768
0.183833
0.080707
0.672823
0.421575
0.306500
0.658394
0.549354
0.758020
0.527033
0.735726
0.884948
0.681504
0.891273
0.766291
0.475494
0.177160
0.643949
0.513281
0.535389
0.475494
0.981075
0.821730
0.779856
0.284858
0.735726
0.013276
0.713075
0.801128
0.382926
0.860501
0.269851
0.535389
0.612135
0.704484
0.580543
0.672823
0.860501
0.771705
0.749684
0.409279
0.649688
0.787927
0.382926
0.891273
0.231634
0.922090
0.192150
0.441715
0.513281
0.795913
0.735726
0.310521
0.672823
0.414138
0.527033
0.962240
0.597771
0.231634
0.787927
0.462365
0.033659
0.491556
0.603471
0.649688
0.284858
0.749684
0.269851
0.223587
0.316692
0.535389
0.187953
0.758020
0.766291
0.580543
0.597771
0.421575
0.549354
0.100580
0.549354
0.821730
0.255445
0.333520
0.594827
0.055312
0.855893
0.795913
0.681504
0.744157
0.050328
0.801128
0.821730
0.867378
0.421575
0.491556
0.589144
0.467559
0.907293
0.821730
0.681504
0.003193
0.848789
0.962240
0.922090
0.401971
0.340005
0.310521
0.994555
0.028409
0.787927
0.986757
0.597771
0.571972
0.203680
0.147829
0.626544
0.841556
0.571972
0.821730
0.038094
0.012317
0.549354
0.821730
0.394742
0.441715
0.233315
0.841556
0.841556
0.513281
0.011106
0.236593
0.483494
0.462365
0.322949
0.064431
0.513281
0.643949
0.214182
0.891273
0.779856
0.000846
0.841556
0.821730
0.758020
0.082732
0.867378
0.429087
0.429087
0.414138
0.518727
0.513281
0.574890
0.626544
0.779856
0.922090
0.713075
0.867378
0.829282
0.749684
0.695863
0.958545
0.626544
0.001588
0.580543
0.094284
0.401971
0.658394
0.306500
0.462365
0.821730
0.916674
0.801128
0.727244
0.713075
0.141156
0.040864
0.513281
0.394742
0.829282
0.589144
0.978604
0.801128
0.690166
0.269851
0.958545
0.401971
0.264363
0.236593
0.965738
0.681504
0.940331
0.199280
0.927324
0.713075
0.031348
0.935597
0.382926
0.543791
0.513281
0.001208
0.046970
0.017063
0.643949
0.394742
0.135818
0.112510
0.153566
0.015128
0.848789
0.808960
0.958545
0.808960
0.848789
0.884948
0.527033
0.721628
0.513281
0.462365
0.589144
0.499678
0.779856
0.429087
0.163153
0.589144
0.704484
