0.603471
0.441715
0.300471
0.409279
0.329292
0.848789
0.713075
0.183833
0.241635
0.203680
0.848789
0.658394
0.177160
0.549354
0.335721
0.346575
0.499678
0.901408
0.192150
0.394742
0.962240
0.566341
0.513281
0.436675
0.620815
0.079397
0.499678
0.549354
0.098170
0.626544
0.505064
0.364456
0.758020
0.368979
0.346575
0.421575
0.284858
0.571972
0.215763
0.999892
0.513281
0.491556
0.016293
0.652656
0.884948
0.114294
0.758020
0.749684
0.046970
0.984769
0.009016
0.901408
0.026438
0.635244
0.441715
0.735726
0.649688
0.357661
0.275424
0.186540
0.635244
0.897436
0.821730
0.771705
0.907293
0.891273
0.935597
0.518727
0.735726
0.057717
0.394742
0.543791
0.098170
0.260793
0.597771
0.513281
0.255445
0.127623
0.612135
0.269851
0.855893
0.275424
0.364456
0.594827
0.441715
0.766291
0.082732
0.766291
0.462365
0.951979
0.387593
0.159490
0.643949
0.758020
0.821730
0.032771
0.626544
0.808960
0.848789
0.421575
0.163153
0.163153
0.667094
0.878466
0.304435
0.620815
0.166886
0.922090
0.874110
0.927324
0.808960
0.808960
0.829282
0.025274
0.088340
0.571972
0.346575
0.406779
0.735726
0.935597
0.808960
0.932372
0.535389
0.409279
0.394742
0.901408
0.867378
0.275424
0.275424
0.421575
0.951979
0.020130
0.223587
0.557828
0.070668
0.543791
0.978604
0.401971
0.421575
0.787927
0.228410
0.566341
0.841556
0.704484
0.269851
0.190711
0.153566
0.382926
0.054829
0.643949
0.084803
0.620815
0.434080
0.557828
0.109849
0.094284
0.635244
0.199280
0.382926
0.801128
0.088340
0.241635
0.173237
0.947760
0.401971
0.290658
0.612135
0.626544
0.346575
0.483494
0.203680
0.922090
0.470257
0.901408
0.329292
0.620815
0.984769
0.974087
0.183833
0.612135
0.603471
0.801128
0.836720
0.183833
0.228410
0.617854
0.549354
0.867378
0.491556
0.003193
0.094284
0.241635
0.084803
0.114294
0.958545
0.119859
0.744157
0.603471
0.241635
0.549354
0.228410
0.357661
0.127623
0.808960
0.808960
0.250182
0.084803
0.075538
0.978604
0.306500
0.034568
0.793201
0.527033
0.269851
0.897436
0.454542
0.441715
0.226757
0.940331
0.375911
0.836720
0.667094
0.603471
0.566341
0.620815
0.713075
0.177160
0.735726
0.406779
0.294528
0.491556
0.260793
0.013276
0.907293
0.000696
0.589144
0.698805
0.907293
0.635244
0.749684
0.364456
0.346575
0.690166
0.294528
0.177160
0.848789
0.049040
0.023935
0.880693
0.333520
0.690166
0.454542
0.829282
0.483494
0.088340
0.496903
0.603471
0.449423
0.978604
0.470257
0.891273
0.527033
0.279144
0.874110
0.401971
0.891273
0.855893
0.907293
0.057717
0.165605
0.505064
0.141156
0.241635
0.808960
0.672823
0.137917
0.028672
0.867378
0.100580
0.066084
0.940331
0.635244
0.884948
0.771705
0.829282
0.306500
0.406779
0.434080
0.401971
0.406779
0.062816
0.808960
0.986757
0.884948
0.306500
0.457201
0.053907
0.231634
0.612135
0.421575
0.867378
0.566341
0.246759
0.787927
0.368979
0.267971
0.112510
0.387593
0.421575
0.681504
0.364456
0.346575
0.766291
0.109849
0.470257
0.364456
0.884948
0.001865
0.429087
0.848789
0.357661
0.891273
0.978604
0.357661
0.535389
0.779856
0.612135
0.215763
0.603471
0.449423
0.215763
0.483494
0.127623
0.013654
0.649688
0.735726
0.771705
0.109849
0.155897
0.540922
0.357661
0.462365
0.836720
0.000899
0.971109
0.580543
0.306500
0.787927
0.233315
0.557828
0.612135
0.965738
0.306500
0.153566
0.177160
0.649688
0.658394
0.735726
0.658394
0.867378
0.867378
0.626544
0.951979
0.589144
0.681504
0.690166
0.771705
0.475494
0.566341
0.434080
0.387593
0.829282
0.194957
0.787927
0.322949
0.375911
0.364456
0.100580
0.947760
0.626544
0.014305
0.947760
0.907293
0.922090
0.836720
0.698805
0.884948
0.951979
0.475494
0.727244
0.874110
0.848789
0.340005
0.322949
0.958545
0.139014
0.046970
0.735726
0.962240
0.382926
0.055312
0.009277
0.279144
0.375911
0.050328
0.505064
0.821730
0.135818
0.521553
0.672823
0.549354
0.704484
0.177160
0.306500
0.518727
0.454542
0.681504
0.042685
0.787927
0.491556
0.829282
0.793201
0.758020
0.620815
0.549354
0.470257
0.779856
0.779856
0.429087
0.375911
0.626544
0.884948
0.426518
0.499678
0.462365
0.848789
0.855893
0.310521
0.580543
0.043818
0.096609
0.635244
0.848789
0.922090
0.735726
0.626544
0.312615
0.103042
0.907293
0.441715
0.612135
0.003559
0.183833
0.962240
0.260793
0.496903
0.787927
0.901408
0.801128
0.841556
0.927324
0.406779
0.350951
0.626544
0.441715
0.117048
0.535389
0.173237
0.173237
0.026438
0.505064
0.255445
0.884948
0.626544
0.001774
0.382926
0.016293
0.787927
0.310521
0.063362
0.922090
0.566341
0.033659
0.130653
0.322949
0.446787
0.312615
0.958545
0.978604
0.771705
0.090535
0.320806
0.922090
0.962240
0.589144
0.462365
0.571972
0.228410
0.344325
0.034568
0.597771
0.735726
0.658394
0.199280
0.434080
0.346575
0.829282
0.215763
0.713075
0.758020
0.462365
0.594827
0.236593
0.612135
0.255445
0.994555
0.867378
0.681504
0.199280
0.779856
0.971109
0.704484
0.190711
0.000578
0.169385
0.891273
0.867378
0.557828
0.177160
0.836720
0.841556
0.290658
0.211153
0.449423
0.159490
0.073672
0.312615
0.357661
0.127623
0.962240
0.470257
0.100580
0.124654
0.962240
0.867378
0.434080
0.793201
0.199280
0.681504
0.187953
0.401971
0.836720
0.735726
0.340005
0.721628
0.855893
0.971109
0.322949
0.284858
0.166886
0.667094
0.394742
0.206623
0.023508
0.574890
0.333520
0.958545
0.704484
0.543791
0.513281
0.039801
0.322949
0.974087
0.836720
0.589144
0.766291
