0.801128
0.499678
0.580543
0.681504
0.170690
0.312615
0.462365
0.571972
0.147829
0.829282
0.829282
0.117048
0.223587
0.947760
0.409279
0.603471
0.070668
0.250182
0.112510
0.072465
0.275424
0.535389
0.713075
0.774492
0.312615
0.401971
0.153566
0.808960
0.930673
0.557828
0.690166
0.829282
0.981075
0.121744
0.758020
0.275424
0.658394
0.617854
0.056256
0.884948
0.978604
0.329292
0.069506
0.266225
0.891273
0.620815
0.962240
0.771705
0.290658
0.766291
0.150086
0.967937
0.057717
0.491556
0.884948
0.206623
0.387593
0.096609
0.721628
0.916674
0.981075
0.962240
0.940331
0.394742
0.144460
0.333520
0.984769
0.658394
0.698805
0.368979
0.704484
0.340005
0.672823
0.643949
0.346575
0.580543
0.649688
0.021268
0.787927
0.255445
0.421575
0.119859
0.011974
0.467559
0.829282
0.429087
0.390021
0.649688
0.635244
0.264363
0.589144
0.513281
0.329292
0.841556
0.704484
0.766291
0.704484
0.867378
0.475494
0.713075
0.279144
0.535389
0.795913
0.735726
0.446787
0.557828
0.505064
0.958545
0.357661
0.907293
0.971109
0.496903
0.635244
0.096609
0.173237
0.758020
0.848789
0.821730
0.589144
0.566341
0.246759
0.255445
0.203680
0.082732
0.290658
0.727244
0.603471
0.382926
0.855893
0.735726
0.211153
0.779856
0.023508
0.713075
0.880693
0.434080
0.867378
0.470257
0.681504
0.801128
0.580543
0.535389
0.454542
0.978604
0.241635
0.829282
0.681504
0.467559
0.226757
0.821730
0.147829
0.698805
0.580543
0.603471
0.387593
0.100580
0.874110
0.421575
0.269851
0.758020
0.874110
0.329292
0.211153
0.333520
0.177160
0.401971
0.505064
0.891273
0.635244
0.150086
0.090535
0.441715
0.981075
0.829282
0.940331
0.241635
0.394742
0.535389
0.290658
0.681504
0.527033
0.901408
0.096609
0.867378
0.787927
0.848789
0.658394
0.626544
0.031348
0.045761
0.527033
0.028409
0.698805
0.375911
0.947760
0.181158
0.409279
0.978604
0.132684
0.749684
0.001922
0.401971
0.029186
0.173237
0.841556
0.589144
0.119859
0.441715
0.290658
0.449423
0.375911
0.821730
0.375911
0.505064
0.626544
0.441715
0.340005
0.186540
0.891273
0.649688
0.220452
0.758020
0.758020
0.907293
0.589144
0.658394
0.100580
0.580543
0.681504
0.543791
0.124654
0.658394
0.057717
0.505064
0.483494
0.991213
0.429087
0.246759
0.462365
0.787927
0.667094
0.884948
0.382926
0.491556
0.056256
0.483494
0.153566
0.681504
0.013276
0.475494
0.649688
0.672823
0.505064
0.971109
0.049040
0.713075
0.187953
0.891273
0.475494
0.927324
0.340005
0.322949
0.727244
0.535389
0.829282
0.735726
0.340005
0.072465
0.300471
0.350951
0.779856
0.284858
0.594827
0.245003
0.658394
0.787927
0.290658
0.690166
0.401971
0.114294
0.801128
0.962240
0.867378
0.380525
0.580543
0.907293
0.380525
0.039801
0.329292
0.829282
0.667094
0.971109
0.521553
0.223587
0.713075
0.306500
0.023508
0.194957
0.296545
0.241635
0.884948
0.907293
0.855893
0.620815
0.202171
0.496903
0.758020
0.414138
0.470257
0.836720
0.535389
0.203680
0.275424
0.557828
0.535389
0.829282
0.169385
0.008847
0.829282
0.884948
0.245003
0.940331
0.848789
0.011106
0.779856
0.758020
0.056256
0.513281
0.758020
0.589144
0.543791
0.173237
0.620815
0.147829
0.958545
0.727244
0.132684
0.203680
0.626544
0.907293
0.414138
0.704484
0.491556
0.001465
0.070065
0.951979
0.580543
0.978604
0.284858
0.580543
0.821730
0.090535
0.855893
0.589144
0.144460
0.749684
0.940331
0.771705
0.821730
0.884948
0.901408
0.462365
0.429087
0.294528
0.787927
0.612135
0.333520
0.394742
0.275424
0.947760
0.505064
0.672823
0.922090
0.713075
0.667094
0.916674
0.478214
0.667094
0.316692
0.454542
0.867378
0.589144
0.758020
0.907293
0.935597
0.675784
0.409279
0.483494
0.406779
0.375911
0.635244
0.603471
0.350951
0.649688
0.589144
0.620815
0.470257
0.735726
0.695863
0.491556
0.643949
0.681504
0.971109
0.787927
0.901408
0.350951
0.491556
0.758020
0.521553
0.617854
0.241635
0.557828
0.322949
0.690166
0.557828
0.269851
0.867378
0.038764
0.333520
0.177160
0.808960
0.801128
0.626544
0.203680
0.446787
0.306500
0.333520
0.434080
0.390021
0.927324
0.947760
0.144460
0.159490
0.449423
0.927324
0.801128
0.236593
0.549354
0.848789
0.667094
0.025274
0.713075
0.499678
0.061772
0.713075
0.368979
0.009822
0.103042
0.940331
0.505064
0.002370
0.177160
0.635244
0.626544
0.566341
0.505064
0.269851
0.617854
0.357661
0.441715
0.940331
0.727244
0.153566
0.518727
0.130653
0.808960
0.119859
0.841556
0.766291
0.620815
0.557828
0.667094
0.749684
0.855893
0.059212
0.350951
0.051648
0.170690
0.231634
0.401971
0.922090
0.690166
0.112510
0.187953
0.394742
0.718717
0.281082
0.695863
0.808960
0.505064
0.082732
0.434080
0.626544
0.155897
0.269851
0.649688
0.962240
0.449423
0.426518
0.312615
0.713075
0.223587
0.779856
0.891273
0.867378
0.891273
0.061772
0.290658
0.940331
0.808960
0.771705
0.209600
0.441715
0.483494
0.441715
0.971109
0.986757
0.867378
0.153566
0.891273
0.978604
0.406779
0.580543
0.016293
0.475494
0.958545
0.513281
0.951979
0.713075
0.727244
0.978604
0.667094
0.005262
0.897436
0.032199
0.681504
0.981075
0.749684
0.421575
0.580543
0.063362
0.566341
0.713075
0.368979
0.491556
0.183833
0.118894
0.612135
0.333520
0.241635
0.821730
0.080707
0.401971
0.187953
0.121744
0.907293
0.250182
0.246759
0.658394
0.177160
0.284858
0.801128
0.543791
0.612135
0.434080
0.446787
0.521553
0.055312
0.620815
0.867378
0.527033
0.421575
0.984769
0.153566
0.483494
0.329292
