0.037099
0.011106
0.848789
0.371333
0.002020
0.084803
0.470257
0.971109
0.829282
0.829282
0.704484
0.275424
0.454542
0.589144
0.626544
0.681504
0.401971
0.704484
0.260793
0.913005
0.535389
0.100580
0.566341
0.518727
0.000012
0.758020
0.704484
0.848789
0.681504
0.698805
0.013654
0.513281
0.518727
0.132684
0.344325
0.063362
0.329292
0.713075
0.429087
0.000008
0.513281
0.635244
0.649688
0.808960
0.055312
0.951979
0.449423
0.284858
0.206623
0.421575
0.713075
0.855893
0.749684
0.612135
0.940331
0.098985
0.907293
0.491556
0.521553
0.483494
0.718717
0.649688
0.064431
0.357661
0.779856
0.096609
0.449423
0.535389
0.549354
0.340005
0.340005
0.907293
0.491556
0.344325
0.518727
0.758020
0.002950
0.594827
0.296545
0.414138
0.505064
0.543791
0.022875
0.513281
0.549354
0.462365
0.141156
0.620815
0.394742
0.848789
0.971109
0.836720
0.306500
0.681504
0.513281
0.505064
0.535389
0.594827
0.434080
0.589144
0.989675
0.787927
0.100580
0.735726
0.211153
0.037099
0.867378
0.681504
0.635244
0.496903
0.713075
0.124654
0.401971
0.860501
0.098170
0.836720
0.527033
0.037099
0.046970
0.001208
0.322949
0.704484
0.401971
0.025274
0.357661
0.978604
0.090535
0.667094
0.603471
0.199280
0.971109
0.183833
0.454542
0.223587
0.306500
0.704484
0.322949
0.521553
0.414138
0.088340
0.603471
0.375911
0.441715
0.867378
0.004637
0.284858
0.589144
0.139014
0.052535
0.322949
0.779856
0.333520
0.620815
0.169385
0.130653
0.571972
0.874110
0.940331
0.884948
0.380525
0.626544
0.597771
0.940331
0.075538
0.260793
0.100580
0.449423
0.749684
0.535389
0.394742
0.139014
0.177160
0.206623
0.273514
0.491556
0.199280
0.821730
0.364456
0.008597
0.658394
0.549354
0.916674
0.649688
0.199280
0.735726
0.406779
0.907293
0.704484
0.971109
0.999892
0.223587
0.013276
0.340005
0.935597
0.907293
0.127623
0.947760
0.043818
0.000411
0.401971
0.081393
0.505064
0.362130
0.260793
0.124654
0.727244
0.635244
0.203680
0.357661
0.704484
0.766291
0.040864
0.667094
0.808960
0.100580
0.758020
0.462365
0.220452
0.177160
0.255445
0.766291
0.855893
0.874110
0.513281
0.462365
0.549354
0.766291
0.695863
0.597771
0.475494
0.779856
0.589144
0.008597
0.626544
0.808960
0.984769
0.643949
0.612135
0.971109
0.357661
0.735726
0.170690
0.491556
0.375911
0.867378
0.153566
0.901408
0.681504
0.012317
0.454542
0.891273
0.414138
0.290658
0.695863
0.907293
0.626544
0.006832
0.543791
0.147829
0.635244
0.821730
0.986757
0.951979
0.855893
0.187953
0.306500
0.935597
0.086192
0.620815
0.690166
0.275424
0.499678
0.429087
0.787927
0.394742
0.300471
0.250182
0.735726
0.127623
0.989675
0.947760
0.290658
0.112510
0.387593
0.620815
0.228410
0.375911
0.080707
0.891273
0.310521
0.421575
0.779856
0.296545
0.758020
0.127623
0.127623
0.801128
0.867378
0.165605
0.580543
0.079397
0.475494
0.350951
0.704484
0.150086
0.535389
0.907293
0.597771
0.766291
0.848789
0.346575
0.077446
0.940331
0.000890
0.094284
0.132684
0.441715
0.597771
0.499678
0.787927
0.470257
0.779856
0.787927
0.394742
0.483494
0.821730
0.364456
0.119859
0.346575
0.284858
0.387593
0.462365
0.978604
0.350951
0.185229
0.951979
0.284858
0.228410
0.122729
0.816691
0.913005
0.829282
0.766291
0.787927
0.749684
0.279144
0.848789
0.024596
0.749684
0.566341
0.814067
0.387593
0.505064
0.483494
0.589144
0.269851
0.223587
0.421575
0.801128
0.260793
0.269851
0.211153
0.690166
0.580543
0.316692
0.357661
0.483494
0.070668
0.907293
0.543791
0.080707
0.922090
0.735726
0.255445
0.874110
0.984769
0.566341
0.971109
0.340005
0.306500
0.635244
0.713075
0.470257
0.658394
0.112510
0.801128
0.177160
0.821730
0.333520
0.779856
0.527033
0.848789
0.505064
0.401971
0.658394
0.483494
0.177160
0.566341
0.999575
0.836720
0.867378
0.344325
0.163153
0.766291
0.867378
0.011753
0.233315
0.603471
0.045761
0.135818
0.290658
0.401971
0.681504
0.505064
0.368979
0.649688
0.829282
0.130653
0.874110
0.801128
0.984769
0.991213
0.901408
0.077446
0.566341
0.019230
0.860501
0.194957
0.449423
0.635244
0.215763
0.499678
0.612135
0.821730
0.580543
0.006963
0.088340
0.006144
0.543791
0.199280
0.758020
0.704484
0.991213
0.766291
0.255445
0.042685
0.603471
0.727244
0.974087
0.901408
0.003850
0.901408
0.907293
0.922090
0.612135
0.011106
0.144460
0.566341
0.288671
0.032199
0.434080
0.829282
0.884948
0.766291
0.063362
0.414138
0.327120
0.137917
0.801128
0.036765
0.223587
0.255445
0.721628
0.215763
0.956001
0.499678
0.275424
0.667094
0.801128
0.401971
0.011425
0.211153
0.032199
0.643949
0.454542
0.088340
0.617854
0.269851
0.294528
0.713075
0.690166
0.787927
0.306500
0.127623
0.704484
0.364456
0.491556
0.667094
0.951979
0.635244
0.037099
0.086919
0.916674
0.080707
0.100580
0.867378
0.635244
0.499678
0.269851
0.927324
0.462365
0.001149
0.150086
0.808960
0.527033
0.350951
0.867378
0.187953
0.401971
0.139014
0.375911
0.228410
0.215763
0.649688
0.075538
0.284858
0.483494
0.132684
0.499678
0.848789
0.046970
0.552238
0.951979
0.635244
0.855893
0.375911
0.713075
0.626544
0.322949
0.094284
0.978604
0.275424
0.658394
0.566341
0.735726
0.426518
0.269851
0.015845
0.681504
0.566341
0.527033
0.294528
0.475494
0.855893
0.275424
0.163153
0.173237
0.867378
0.147829
0.491556
0.037099
0.436675
0.658394
0.135818
0.346575
0.434080
0.603471
0.132684
0.316692
0.080707
0.801128
0.449423
0.034568
0.580543
0.279144
0.491556
