0.441715
0.649688
0.549354
0.612135
0.643949
0.971109
0.612135
0.147829
0.922090
0.483494
0.848789
0.064431
0.245003
0.749684
0.626544
0.223587
0.414138
0.327120
0.981075
0.727244
0.233315
0.594827
0.930673
0.329292
0.094284
0.901408
0.255445
0.841556
0.040864
0.421575
0.429087
0.088340
0.580543
0.390021
0.080707
0.074303
0.758020
0.434080
0.713075
0.414138
0.721628
0.316692
0.269851
0.187953
0.496903
0.935597
0.698805
0.594827
0.916674
0.060743
0.735726
0.808960
0.380525
0.112510
0.159490
0.971109
0.382926
0.991213
0.690166
0.704484
0.891273
0.597771
0.127623
0.971109
0.364456
0.922090
0.821730
0.635244
0.100580
0.951979
0.241635
0.434080
0.808960
0.316692
0.211153
0.727244
0.891273
0.322949
0.406779
0.808960
0.658394
0.284858
0.535389
0.535389
0.129613
0.478214
0.808960
0.082732
0.867378
0.884948
0.527033
0.998463
0.848789
0.441715
0.940331
0.855893
0.414138
0.470257
0.269851
0.421575
0.457201
0.223587
0.406779
0.462365
0.735726
0.382926
0.255445
0.475494
0.241635
0.026438
0.891273
0.580543
0.978604
0.978604
0.589144
0.211153
0.051648
0.228410
0.312615
0.090535
0.766291
0.157114
0.848789
0.580543
0.658394
0.981075
0.375911
0.927324
0.039801
0.067775
0.867378
0.340005
0.986757
0.527033
0.245003
0.713075
0.483494
0.891273
0.470257
0.758020
0.620815
0.540922
0.962240
0.049886
0.026438
0.735726
0.146673
0.643949
0.617854
0.713075
0.002370
0.848789
0.594827
0.037752
0.012317
0.766291
0.771705
0.922090
0.735726
0.695863
0.141156
0.841556
0.255445
0.829282
0.690166
0.496903
0.190711
0.658394
0.290658
0.047782
0.927324
0.333520
0.841556
0.491556
0.290658
0.874110
0.935597
0.535389
0.829282
0.104694
0.060743
0.603471
0.426518
0.284858
0.166886
0.626544
0.727244
0.566341
0.183833
0.978604
0.135818
0.672823
0.649688
0.867378
0.935597
0.996919
0.269851
0.022875
0.704484
0.387593
0.416665
0.462365
0.704484
0.375911
0.829282
0.462365
0.382926
0.231634
0.118894
0.414138
0.375911
0.672823
0.134742
0.580543
0.535389
0.144460
0.163153
0.690166
0.951979
0.721628
0.884948
0.333520
0.727244
0.275424
0.521553
0.429087
0.072465
0.947760
0.127623
0.571972
0.991213
0.505064
0.718717
0.867378
0.735726
0.199280
0.698805
0.454542
0.090535
0.150086
0.643949
0.357661
0.907293
0.181158
0.255445
0.340005
0.681504
0.513281
0.535389
0.986757
0.713075
0.557828
0.421575
0.021268
0.771705
0.063362
0.147829
0.095071
0.279144
0.462365
0.023508
0.836720
0.049040
0.144460
0.658394
0.617854
0.672823
0.527033
0.901408
0.981075
0.922090
0.681504
0.035180
0.779856
0.771705
0.821730
0.704484
0.218844
0.275424
0.922090
0.907293
0.958545
0.580543
0.749684
0.153566
0.144460
0.215763
0.250182
0.681504
0.971109
0.766291
0.594827
0.029186
0.994555
0.922090
0.414138
0.907293
0.114294
0.094284
0.290658
0.986757
0.513281
0.206623
0.974087
0.346575
0.922090
0.163153
0.867378
0.916674
0.690166
0.867378
0.153566
0.860501
0.421575
0.667094
0.626544
0.907293
0.557828
0.672823
0.695863
0.098170
0.044581
0.779856
0.597771
0.603471
0.971109
0.922090
0.434080
0.735726
0.294528
0.079397
0.264363
0.704484
0.643949
0.043818
0.015409
0.758020
0.935597
0.603471
0.194957
0.557828
0.426518
0.441715
0.658394
0.787927
0.667094
0.801128
0.368979
0.107244
0.940331
0.841556
0.713075
0.626544
0.117048
0.429087
0.758020
0.478214
0.535389
0.021268
0.187953
0.549354
0.704484
0.241635
0.658394
0.860501
0.758020
0.316692
0.947760
0.821730
0.269851
0.951979
0.031348
0.808960
0.284858
0.735726
0.540922
0.626544
0.250182
0.727244
0.013654
0.223587
0.935597
0.658394
0.594827
0.173237
0.475494
0.454542
0.927324
0.681504
0.333520
0.304435
0.161896
0.124654
0.077446
0.226757
0.681504
0.543791
0.681504
0.284858
0.557828
0.051194
0.387593
0.322949
0.364456
0.878466
0.571972
0.841556
0.475494
0.183833
0.816691
0.197797
0.922090
0.557828
0.294528
0.766291
0.635244
0.940331
0.829282
0.594827
0.571972
0.658394
0.829282
0.357661
0.821730
0.414138
0.643949
0.962240
0.795913
0.643949
0.394742
0.981075
0.995551
0.884948
0.166886
0.426518
0.681504
0.294528
0.394742
0.986757
0.787927
0.930673
0.306500
0.364456
0.626544
0.382926
0.935597
0.704484
0.816691
0.275424
0.916674
0.749684
0.124654
0.971109
0.079397
0.040498
0.994555
0.357661
0.329292
0.951979
0.958545
0.891273
0.053907
0.566341
0.364456
0.046970
0.793201
0.470257
0.177160
0.521553
0.841556
0.364456
0.340005
0.105557
0.364456
0.779856
0.787927
0.836720
0.829282
0.118894
0.535389
0.922090
0.580543
0.454542
0.766291
0.109849
0.329292
0.192150
0.255445
0.060217
0.449423
0.112510
0.163153
0.867378
0.801128
0.867378
0.223587
0.667094
0.015845
0.462365
0.779856
0.749684
0.057717
0.241635
0.557828
0.429087
0.007593
0.021859
0.801128
0.290658
0.766291
0.414138
0.540922
0.658394
0.421575
0.107244
0.190711
0.491556
0.821730
0.066084
0.153566
0.421575
0.063362
0.364456
0.340005
0.350951
0.766291
0.996919
0.635244
0.766291
0.718717
0.907293
0.127623
0.698805
0.922090
0.658394
0.801128
0.713075
0.620815
0.718717
0.513281
0.346575
0.000433
0.005013
0.787927
0.867378
0.316692
0.107244
0.000162
0.177160
0.290658
0.940331
0.269851
0.491556
0.521553
0.079397
0.144460
0.704484
0.470257
0.603471
0.986757
0.496903
0.306500
0.603471
0.713075
0.467559
0.382926
0.612135
0.382926
0.891273
0.927324
0.704484
0.491556
0.462365
0.255445
0.557828
0.951979
