0.681504
0.580543
0.727244
0.620815
0.475494
0.063362
0.264363
0.620815
0.382926
0.829282
0.649688
0.829282
0.350951
0.414138
0.260793
0.505064
0.250182
0.543791
0.891273
0.603471
0.001184
0.275424
0.019768
0.346575
0.766291
0.681504
0.173237
0.884948
0.046970
0.390021
0.612135
0.023935
0.658394
0.357661
0.090535
0.874110
0.841556
0.935597
0.965738
0.549354
0.643949
0.779856
0.962240
0.056256
0.177160
0.891273
0.867378
0.884948
0.667094
0.681504
0.208158
0.483494
0.580543
0.841556
0.643949
0.513281
0.884948
0.449423
0.434080
0.153566
0.496903
0.580543
0.667094
0.667094
0.121744
0.690166
0.387593
0.978604
0.000008
0.922090
0.157114
0.340005
0.462365
0.571972
0.907293
0.103042
0.916674
0.183833
0.296545
0.897436
0.571972
0.635244
0.713075
0.821730
0.401971
0.117048
0.375911
0.211153
0.690166
0.513281
0.527033
0.922090
0.163153
0.241635
0.214182
0.082732
0.333520
0.035180
0.612135
0.375911
0.220452
0.589144
0.049040
0.421575
0.589144
0.340005
0.649688
0.779856
0.672823
0.874110
0.695863
0.394742
0.620815
0.029186
0.855893
0.333520
0.658394
0.940331
0.513281
0.947760
0.779856
0.173237
0.907293
0.231634
0.279144
0.713075
0.144460
0.255445
0.984769
0.066084
0.635244
0.027652
0.836720
0.744157
0.916674
0.667094
0.214182
0.496903
0.269851
0.025970
0.462365
0.375911
0.981075
0.695863
0.675784
0.059212
0.000996
0.695863
0.057717
0.580543
0.333520
0.357661
0.860501
0.001774
0.589144
0.269851
0.000820
0.821730
0.505064
0.649688
0.718717
0.462365
0.050328
0.557828
0.005578
0.387593
0.779856
0.026438
0.855893
0.643949
0.329292
0.362130
0.518727
0.300471
0.829282
0.821730
0.874110
0.294528
0.488801
0.329292
0.821730
0.991213
0.704484
0.779856
0.470257
0.183833
0.064431
0.667094
0.527033
0.626544
0.589144
0.704484
0.279144
0.475494
0.146673
0.557828
0.981075
0.855893
0.779856
0.801128
0.169385
0.434080
0.557828
0.927324
0.971109
0.690166
0.357661
0.505064
0.543791
0.891273
0.649688
0.907293
0.429087
0.003099
0.260793
0.597771
0.059212
0.250182
0.874110
0.157114
0.958545
0.867378
0.096609
0.829282
0.965738
0.907293
0.322949
0.779856
0.603471
0.246759
0.223587
0.166886
0.505064
0.318816
0.874110
0.275424
0.626544
0.387593
0.090535
0.940331
0.808960
0.513281
0.848789
0.364456
0.421575
0.255445
0.187953
0.620815
0.620815
0.177160
0.483494
0.971109
0.042685
0.255445
0.658394
0.884948
0.387593
0.589144
0.306500
0.643949
0.144460
0.103042
0.132684
0.779856
0.927324
0.681504
0.913005
0.211153
0.771705
0.135818
0.704484
0.382926
0.513281
0.690166
0.470257
0.441715
0.735726
0.978604
0.346575
0.589144
0.290658
0.758020
0.401971
0.758020
0.867378
0.884948
0.304435
0.962240
0.055312
0.441715
0.681504
0.264363
0.935597
0.836720
0.713075
0.681504
0.223587
0.429087
0.841556
0.050328
0.922090
0.211153
0.527033
0.357661
0.549354
0.050328
0.470257
0.735726
0.375911
0.801128
0.771705
0.310521
0.626544
0.971109
0.808960
0.744157
0.821730
0.031348
0.103042
0.491556
0.821730
0.382926
0.801128
0.312615
0.072465
0.891273
0.127623
0.357661
0.061772
0.779856
0.620815
0.449423
0.513281
0.713075
0.434080
0.808960
0.086192
0.779856
0.626544
0.042685
0.704484
0.218844
0.779856
0.063362
0.056256
0.808960
0.999575
0.695863
0.635244
0.557828
0.010595
0.667094
0.855893
0.848789
0.050328
0.901408
0.203680
0.658394
0.855893
0.401971
0.462365
0.935597
0.878466
0.414138
0.353229
0.406779
0.069506
0.635244
0.927324
0.434080
0.758020
0.153566
0.787927
0.421575
0.998868
0.574890
0.566341
0.260793
0.137917
0.000176
0.462365
0.375911
0.643949
0.841556
0.635244
0.483494
0.273514
0.901408
0.713075
0.971109
0.787927
0.223587
0.153566
0.513281
0.250182
0.721628
0.375911
0.649688
0.829282
0.496903
0.462365
0.421575
0.086919
0.269851
0.236593
0.940331
0.112510
0.643949
0.040864
0.543791
0.505064
0.635244
0.649688
0.203680
0.787927
0.589144
0.535389
0.935597
0.000996
0.808960
0.626544
0.589144
0.935597
0.913005
0.088340
0.695863
0.019768
0.245003
0.978604
0.181158
0.322949
0.713075
0.589144
0.090535
0.057717
0.629509
0.350951
0.127623
0.749684
0.434080
0.082732
0.069506
0.620815
0.557828
0.874110
0.836720
0.421575
0.000069
0.672823
0.362130
0.821730
0.284858
0.848789
0.543791
0.258960
0.603471
0.294528
0.449423
0.527033
0.215763
0.112510
0.401971
0.446787
0.177160
0.848789
0.566341
0.344325
0.470257
0.884948
0.867378
0.275424
0.704484
0.927324
0.499678
0.161896
0.658394
0.499678
0.829282
0.996919
0.681504
0.704484
0.470257
0.124654
0.426518
0.935597
0.958545
0.075538
0.231634
0.867378
0.183833
0.922090
0.901408
0.535389
0.617854
0.986757
0.580543
0.241635
0.255445
0.981075
0.159490
0.173237
0.749684
0.566341
0.681504
0.744157
0.269851
0.279144
0.672823
0.449423
0.744157
0.127623
0.971109
0.150086
0.535389
0.580543
0.821730
0.571972
0.901408
0.940331
0.264363
0.513281
0.855893
0.907293
0.816691
0.513281
0.462365
0.496903
0.580543
0.713075
0.333520
0.571972
0.478214
0.681504
0.394742
0.907293
0.947760
0.434080
0.884948
0.414138
0.695863
0.922090
0.713075
0.284858
0.951979
0.121744
0.758020
0.580543
0.300471
0.421575
0.296545
0.681504
0.626544
0.535389
0.406779
0.658394
0.672823
0.394742
0.000276
0.626544
0.874110
0.275424
0.290658
0.816691
0.749684
0.306500
0.947760
0.535389
0.414138
0.667094
0.421575
0.023291
0.589144
0.704484
0.281082
0.039801
0.635244
