0.163153
0.557828
0.855893
0.203680
0.211153
0.478214
0.695863
0.021859
0.513281
0.612135
0.462365
0.166886
0.589144
0.821730
0.357661
0.727244
0.951979
0.594827
0.913005
0.971109
0.766291
0.940331
0.045761
0.690166
0.223587
0.279144
0.039801
0.117048
0.766291
0.470257
0.695863
0.513281
0.518727
0.300471
0.557828
0.996919
0.300471
0.947760
0.690166
0.105557
0.758020
0.848789
0.340005
0.867378
0.974087
0.012548
0.049040
0.406779
0.306500
0.658394
0.177160
0.801128
0.092008
0.269851
0.449423
0.589144
0.557828
0.163153
0.084803
0.848789
0.250182
0.086192
0.306500
0.165605
0.658394
0.108126
0.829282
0.279144
0.867378
0.713075
0.986757
0.441715
0.505064
0.821730
0.589144
0.848789
0.603471
0.543791
0.441715
0.779856
0.409279
0.994555
0.808960
0.082732
0.626544
0.704484
0.557828
0.787927
0.023291
0.082732
0.589144
0.626544
0.626544
0.491556
0.867378
0.223587
0.223587
0.387593
0.766291
0.884948
0.635244
0.855893
0.829282
0.971109
0.350951
0.340005
0.000204
0.038764
0.505064
0.947760
0.406779
0.513281
0.907293
0.848789
0.449423
0.036127
0.241635
0.333520
0.643949
0.250182
0.269851
0.997586
0.491556
0.310521
0.147829
0.940331
0.105557
0.527033
0.779856
0.535389
0.821730
0.034568
0.557828
0.269851
0.094284
0.971109
0.626544
0.727244
0.454542
0.166886
0.340005
0.643949
0.713075
0.884948
0.962240
0.046970
0.566341
0.667094
0.052535
0.284858
0.357661
0.043818
0.300471
0.557828
0.704484
0.704484
0.758020
0.470257
0.690166
0.114294
0.543791
0.068911
0.245003
0.681504
0.695863
0.901408
0.010009
0.940331
0.766291
0.255445
0.735726
0.421575
0.491556
0.681504
0.462365
0.269851
0.441715
0.208158
0.290658
0.589144
0.793201
0.211153
0.033659
0.362130
0.848789
0.612135
0.727244
0.801128
0.874110
0.211153
0.344325
0.735726
0.549354
0.658394
0.574890
0.658394
0.557828
0.612135
0.192150
0.779856
0.978604
0.467559
0.157114
0.491556
0.626544
0.010198
0.211153
0.704484
0.727244
0.880693
0.848789
0.475494
0.446787
0.774492
0.505064
0.552238
0.513281
0.779856
0.848789
0.211153
0.589144
0.727244
0.132684
0.801128
0.462365
0.549354
0.513281
0.357661
0.981075
0.228410
0.951979
0.284858
0.127623
0.429087
0.073672
0.052535
0.434080
0.491556
0.940331
0.543791
0.441715
0.612135
0.884948
0.962240
0.801128
0.505064
0.787927
0.387593
0.260793
0.543791
0.862861
0.704484
0.735726
0.603471
0.228410
0.635244
0.635244
0.449423
0.173237
0.121744
0.787927
0.603471
0.779856
0.340005
0.007965
0.916674
0.362130
0.368979
0.771705
0.462365
0.612135
0.045761
0.078727
0.024596
0.922090
0.658394
0.690166
0.483494
0.055312
0.001669
0.009822
0.414138
0.991213
0.589144
0.049040
0.713075
0.096609
0.077446
0.441715
0.327120
0.821730
0.173237
0.626544
0.557828
0.414138
0.187953
0.874110
0.713075
0.935597
0.375911
0.635244
0.357661
0.090535
0.041578
0.766291
0.801128
0.658394
0.306500
0.371333
0.279144
0.779856
0.177160
0.744157
0.816691
0.223587
0.981075
0.236593
0.971109
0.255445
0.007739
0.672823
0.441715
0.867378
0.947760
0.901408
0.364456
0.056256
0.758020
0.499678
0.300471
0.779856
0.884948
0.913005
0.571972
0.779856
0.104694
0.971109
0.382926
0.015845
0.077446
0.681504
0.414138
0.470257
0.074303
0.667094
0.070668
0.649688
0.787927
0.836720
0.808960
0.965738
0.340005
0.094284
0.874110
0.758020
0.288671
0.808960
0.808960
0.557828
0.290658
0.620815
0.744157
0.340005
0.233315
0.971109
0.037099
0.401971
0.735726
0.194957
0.518727
0.288671
0.067775
0.690166
0.094284
0.103042
0.078727
0.483494
0.667094
0.698805
0.329292
0.643949
0.470257
0.279144
0.787927
0.364456
0.744157
0.107244
0.994555
0.766291
0.958545
0.390021
0.394742
0.635244
0.421575
0.527033
0.130653
0.713075
0.704484
0.260793
0.695863
0.183833
0.927324
0.612135
0.971109
0.441715
0.032771
0.962240
0.236593
0.704484
0.518727
0.962240
0.049040
0.580543
0.962240
0.848789
0.884948
0.306500
0.371333
0.228410
0.147829
0.626544
0.245003
0.543791
0.414138
0.566341
0.401971
0.535389
0.449423
0.749684
0.829282
0.935597
0.635244
0.940331
0.643949
0.821730
0.766291
0.981075
0.483494
0.829282
0.483494
0.011425
0.114294
0.749684
0.449423
0.192150
0.033659
0.589144
0.401971
0.566341
0.735726
0.557828
0.597771
0.557828
0.049040
0.382926
0.672823
0.364456
0.787927
0.470257
0.557828
0.667094
0.626544
0.808960
0.269851
0.848789
0.470257
0.454542
0.566341
0.147829
0.194957
0.940331
0.300471
0.922090
0.658394
0.766291
0.935597
0.620815
0.429087
0.215763
0.727244
0.681504
0.589144
0.316692
0.183833
0.429087
0.922090
0.521553
0.635244
0.394742
0.867378
0.922090
0.284858
0.329292
0.681504
0.626544
0.779856
0.594827
0.434080
0.816691
0.002645
0.713075
0.346575
0.620815
0.000249
0.007032
0.848789
0.808960
0.127623
0.223587
0.779856
0.603471
0.913005
0.901408
0.580543
0.635244
0.589144
0.483494
0.008847
0.170690
0.409279
0.109849
0.571972
0.357661
0.454542
0.681504
0.867378
0.107244
0.580543
0.667094
0.978604
0.612135
0.947760
0.368979
0.855893
0.382926
0.766291
0.441715
0.935597
0.475494
0.549354
0.462365
0.626544
0.316692
0.269851
0.951979
0.935597
0.434080
0.135818
0.801128
0.626544
0.192150
0.260793
0.382926
0.617854
0.867378
0.483494
0.944872
0.462365
0.467559
0.535389
0.454542
0.364456
0.496903
0.771705
0.884948
0.513281
0.147829
0.382926
0.187953
0.658394
0.441715
0.036127
0.713075
0.922090
0.787927
0.808960
