0.144460
0.771705
0.884948
0.211153
0.735726
0.658394
0.340005
0.483494
0.357661
0.821730
0.026438
0.681504
0.174566
0.206623
0.580543
0.260793
0.007965
0.513281
0.290658
0.038094
0.935597
0.203680
0.971109
0.382926
0.159490
0.727244
0.649688
0.922090
0.066084
0.012317
0.612135
0.322949
0.333520
0.891273
0.449423
0.209600
0.483494
0.039801
0.958545
0.153566
0.119859
0.416665
0.643949
0.735726
0.749684
0.727244
0.022875
0.513281
0.273514
0.951979
0.264363
0.612135
0.874110
0.704484
0.499678
0.141156
0.357661
0.316692
0.829282
0.117048
0.612135
0.981075
0.603471
0.658394
0.758020
0.749684
0.462365
0.698805
0.449423
0.203680
0.681504
0.580543
0.513281
0.891273
0.672823
0.505064
0.649688
0.063362
0.922090
0.429087
0.841556
0.787927
0.088340
0.320806
0.121744
0.658394
0.518727
0.994555
0.557828
0.505064
0.078727
0.161896
0.181158
0.316692
0.163153
0.922090
0.603471
0.535389
0.535389
0.012907
0.848789
0.535389
0.075538
0.250182
0.147829
0.891273
0.612135
0.808960
0.449423
0.566341
0.690166
0.994555
0.635244
0.566341
0.241635
0.513281
0.491556
0.340005
0.246759
0.704484
0.907293
0.940331
0.935597
0.874110
0.340005
0.470257
0.018368
0.658394
0.327120
0.040864
0.643949
0.787927
0.203680
0.375911
0.357661
0.829282
0.927324
0.255445
0.935597
0.958545
0.051648
0.978604
0.312615
0.935597
0.521553
0.505064
0.766291
0.841556
0.181158
0.626544
0.284858
0.306500
0.135818
0.409279
0.109849
0.470257
0.364456
0.735726
0.779856
0.766291
0.626544
0.695863
0.667094
0.166886
0.848789
0.105557
0.874110
0.192150
0.821730
0.594827
0.643949
0.112510
0.867378
0.971109
0.713075
0.713075
0.046970
0.557828
0.927324
0.364456
0.518727
0.429087
0.177160
0.505064
0.279144
0.255445
0.127623
0.535389
0.690166
0.015409
0.855893
0.907293
0.340005
0.713075
0.940331
0.907293
0.580543
0.986757
0.571972
0.643949
0.401971
0.829282
0.026438
0.930673
0.566341
0.867378
0.434080
0.105557
0.884948
0.580543
0.127623
0.801128
0.296545
0.658394
0.557828
0.779856
0.294528
0.947760
0.074303
0.275424
0.357661
0.194957
0.971109
0.571972
0.141156
0.294528
0.643949
0.505064
0.771705
0.758020
0.643949
0.603471
0.848789
0.552238
0.801128
0.401971
0.580543
0.681504
0.635244
0.907293
0.467559
0.004868
0.518727
0.690166
0.758020
0.721628
0.862861
0.774492
0.935597
0.513281
0.206623
0.821730
0.446787
0.236593
0.499678
0.228410
0.841556
0.836720
0.449423
0.021268
0.922090
0.643949
0.290658
0.884948
0.150086
0.019768
0.704484
0.672823
0.470257
0.735726
0.808960
0.063362
0.771705
0.821730
0.098170
0.294528
0.496903
0.441715
0.749684
0.749684
0.340005
0.816691
0.996919
0.170690
0.566341
0.779856
0.981075
0.580543
0.357661
0.758020
0.867378
0.779856
0.179787
0.228410
0.181158
0.290658
0.658394
0.612135
0.829282
0.867378
0.513281
0.658394
0.566341
0.462365
0.147829
0.344325
0.916674
0.779856
0.258960
0.891273
0.100580
0.718717
0.031348
0.935597
0.368979
0.594827
0.350951
0.017063
0.344325
0.284858
0.543791
0.867378
0.635244
0.658394
0.505064
0.978604
0.658394
0.021268
0.808960
0.698805
0.947760
0.557828
0.434080
0.028409
0.543791
0.063362
0.357661
0.096609
0.300471
0.483494
0.735726
0.357661
0.029186
0.457201
0.991213
0.357661
0.135818
0.077446
0.153566
0.907293
0.002950
0.766291
0.144460
0.074303
0.421575
0.527033
0.612135
0.855893
0.681504
0.441715
0.001721
0.527033
0.704484
0.350951
0.749684
0.658394
0.159490
0.086919
0.965738
0.916674
0.916674
0.153566
0.704484
0.462365
0.421575
0.557828
0.758020
0.329292
0.874110
0.704484
0.132684
0.346575
0.594827
0.264363
0.177160
0.294528
0.173237
0.206623
0.144460
0.787927
0.594827
0.192150
0.867378
0.535389
0.067775
0.329292
0.011974
0.409279
0.177160
0.962240
0.250182
0.001721
0.300471
0.535389
0.901408
0.681504
0.074303
0.290658
0.446787
0.018883
0.779856
0.995551
0.658394
0.766291
0.681504
0.836720
0.855893
0.626544
0.284858
0.626544
0.891273
0.340005
0.594827
0.022875
0.340005
0.269851
0.574890
0.401971
0.940331
0.681504
0.779856
0.255445
0.250182
0.049886
0.779856
0.269851
0.749684
0.855893
0.368979
0.005262
0.704484
0.483494
0.441715
0.808960
0.922090
0.199280
0.597771
0.848789
0.194957
0.421575
0.962240
0.192150
0.177160
0.681504
0.649688
0.316692
0.483494
0.132684
0.206623
0.014985
0.557828
0.018883
0.891273
0.340005
0.927324
0.801128
0.357661
0.935597
0.364456
0.199280
0.046970
0.521553
0.695863
0.496903
0.421575
0.362130
0.114294
0.449423
0.364456
0.829282
0.119859
0.935597
0.880693
0.580543
0.421575
0.821730
0.667094
0.421575
0.749684
0.462365
0.884948
0.867378
0.867378
0.421575
0.848789
0.695863
0.037099
0.958545
0.141156
0.421575
0.077446
0.535389
0.070668
0.690166
0.177160
0.082732
0.310521
0.290658
0.019768
0.829282
0.681504
0.620815
0.994555
0.907293
0.735726
0.350951
0.394742
0.821730
0.312615
0.005262
0.033659
0.735726
0.916674
0.045761
0.060217
0.039801
0.521553
0.441715
0.901408
0.203680
0.132684
0.340005
0.518727
0.357661
0.848789
0.255445
0.333520
0.053907
0.375911
0.766291
0.758020
0.566341
0.013909
0.401971
0.667094
0.867378
0.766291
0.589144
0.884948
0.848789
0.947760
0.996919
0.867378
0.649688
0.589144
0.994555
0.935597
0.096609
0.552238
0.735726
0.681504
0.603471
0.535389
0.836720
0.304435
0.364456
0.735726
0.779856
0.382926
0.997586
0.727244
0.496903
0.557828
0.135818
0.251967
0.907293
