0.255445
0.907293
0.344325
0.801128
0.874110
0.779856
0.557828
0.014711
0.557828
0.557828
0.316692
0.527033
0.157114
0.787927
0.998463
0.958545
0.483494
0.922090
0.060217
0.672823
0.153566
0.368979
0.967937
0.907293
0.157114
0.518727
0.874110
0.521553
0.449423
0.884948
0.808960
0.100580
0.505064
0.119859
0.758020
0.836720
0.841556
0.329292
0.029982
0.057717
0.078727
0.401971
0.984769
0.353229
0.169385
0.000424
0.518727
0.513281
0.364456
0.612135
0.658394
0.082732
0.690166
0.836720
0.166886
0.340005
0.922090
0.589144
0.124654
0.491556
0.897436
0.735726
0.183833
0.462365
0.112510
0.779856
0.206623
0.144460
0.690166
0.183833
0.626544
0.414138
0.540922
0.951979
0.434080
0.635244
0.758020
0.009727
0.094284
0.884948
0.163153
0.462365
0.258960
0.003289
0.978604
0.340005
0.306500
0.126604
0.233315
0.284858
0.978604
0.390021
0.612135
0.316692
0.375911
0.449423
0.566341
0.421575
0.635244
0.004637
0.082732
0.766291
0.316692
0.505064
0.434080
0.594827
0.269851
0.441715
0.735726
0.441715
0.394742
0.096609
0.935597
0.727244
0.603471
0.962240
0.421575
0.801128
0.580543
0.223587
0.758020
0.801128
0.787927
0.766291
0.496903
0.758020
0.513281
0.891273
0.681504
0.011106
0.100580
0.119859
0.279144
0.672823
0.821730
0.290658
0.704484
0.483494
0.505064
0.255445
0.978604
0.612135
0.441715
0.357661
0.626544
0.704484
0.144460
0.848789
0.421575
0.470257
0.246759
0.667094
0.967937
0.505064
0.981075
0.250182
0.779856
0.483494
0.597771
0.643949
0.483494
0.518727
0.061772
0.300471
0.635244
0.704484
0.978604
0.543791
0.340005
0.357661
0.594827
0.829282
0.727244
0.626544
0.255445
0.758020
0.658394
0.496903
0.362130
0.357661
0.971109
0.836720
0.690166
0.454542
0.434080
0.549354
0.350951
0.316692
0.429087
0.255445
0.635244
0.183833
0.589144
0.021268
0.801128
0.744157
0.594827
0.626544
0.667094
0.527033
0.727244
0.580543
0.779856
0.612135
0.978604
0.672823
0.462365
0.194957
0.829282
0.340005
0.867378
0.527033
0.462365
0.483494
0.821730
0.454542
0.535389
0.211153
0.218844
0.329292
0.157114
0.867378
0.907293
0.218844
0.070668
0.306500
0.829282
0.848789
0.758020
0.340005
0.589144
0.279144
0.986757
0.603471
0.344325
0.998868
0.387593
0.991213
0.177160
0.340005
0.124654
0.454542
0.935597
0.557828
0.704484
0.603471
0.399498
0.320806
0.203680
0.020320
0.867378
0.836720
0.368979
0.922090
0.483494
0.594827
0.000337
0.173237
0.907293
0.922090
0.306500
0.206623
0.499678
0.658394
0.478214
0.199280
0.713075
0.187953
0.535389
0.394742
0.364456
0.429087
0.821730
0.260793
0.916674
0.371333
0.557828
0.382926
0.462365
0.884948
0.848789
0.916674
0.543791
0.617854
0.340005
0.901408
0.958545
0.316692
0.535389
0.135818
0.867378
0.357661
0.913005
0.681504
0.958545
0.382926
0.658394
0.744157
0.009016
0.713075
0.727244
0.166886
0.589144
0.441715
0.635244
0.958545
0.074303
0.187953
0.779856
0.137917
0.294528
0.406779
0.483494
0.549354
0.855893
0.535389
0.421575
0.848789
0.394742
0.698805
0.626544
0.177160
0.009104
0.241635
0.836720
0.974087
0.275424
0.462365
0.543791
0.916674
0.159490
0.344325
0.620815
0.962240
0.454542
0.124654
0.867378
0.907293
0.449423
0.478214
0.312615
0.571972
0.649688
0.557828
0.612135
0.901408
0.146673
0.052535
0.744157
0.304435
0.771705
0.414138
0.223587
0.557828
0.552238
0.462365
0.092778
0.109849
0.527033
0.841556
0.841556
0.681504
0.635244
0.771705
0.821730
0.491556
0.382926
0.958545
0.362130
0.681504
0.603471
0.681504
0.119859
0.999575
0.028409
0.157114
0.713075
0.246759
0.406779
0.704484
0.571972
0.387593
0.228410
0.340005
0.603471
0.375911
0.779856
0.658394
0.771705
0.727244
0.735726
0.940331
0.713075
0.907293
0.787927
0.414138
0.457201
0.175815
0.640981
0.340005
0.264363
0.589144
0.557828
0.758020
0.557828
0.170690
0.816691
0.103042
0.344325
0.030518
0.557828
0.836720
0.821730
0.927324
0.057717
0.027908
0.704484
0.264363
0.159490
0.771705
0.245003
0.566341
0.300471
0.306500
0.749684
0.922090
0.735726
0.690166
0.375911
0.475494
0.129613
0.713075
0.434080
0.735726
0.269851
0.335721
0.649688
0.713075
0.735726
0.454542
0.218844
0.626544
0.333520
0.375911
0.635244
0.658394
0.496903
0.375911
0.024158
0.426518
0.491556
0.787927
0.146673
0.483494
0.713075
0.735726
0.907293
0.626544
0.429087
0.362130
0.483494
0.105557
0.275424
0.649688
0.643949
0.306500
0.233315
0.947760
0.913005
0.119859
0.874110
0.836720
0.735726
0.658394
0.067775
0.848789
0.375911
0.589144
0.848789
0.441715
0.672823
0.779856
0.527033
0.535389
0.713075
0.998868
0.039801
0.478214
0.483494
0.771705
0.874110
0.704484
0.491556
0.913005
0.199280
0.580543
0.013276
0.046970
0.462365
0.130653
0.991213
0.713075
0.998868
0.236593
0.801128
0.218844
0.848789
0.075538
0.940331
0.994555
0.434080
0.771705
0.635244
0.681504
0.441715
0.001636
0.340005
0.787927
0.414138
0.771705
0.704484
0.580543
0.057717
0.617854
0.153566
0.984769
0.362130
0.543791
0.241635
0.527033
0.735726
0.658394
0.766291
0.521553
0.375911
0.829282
0.916674
0.279144
0.916674
0.375911
0.974087
0.549354
0.401971
0.766291
0.096609
0.907293
0.695863
0.535389
0.322949
0.300471
0.306500
0.991213
0.808960
0.100580
0.346575
0.658394
0.658394
0.801128
0.521553
0.147829
0.107244
0.513281
0.713075
0.434080
0.218844
0.007168
0.255445
0.971109
0.901408
0.580543
0.394742
0.033659
0.829282
0.187953
0.779856
0.891273
