0.566341
0.808960
0.121744
0.884948
0.003738
0.758020
0.177160
0.300471
0.922090
0.329292
0.014711
0.808960
0.521553
0.505064
0.139014
0.068911
0.690166
0.901408
0.194957
0.159490
0.304435
0.088340
0.499678
0.721628
0.375911
0.006447
0.382926
0.704484
0.891273
0.513281
0.735726
0.132684
0.046970
0.288671
0.749684
0.071848
0.290658
0.821730
0.401971
0.698805
0.040864
0.571972
0.199280
0.057717
0.951979
0.173237
0.867378
0.362130
0.571972
0.010009
0.649688
0.518727
0.758020
0.978604
0.635244
0.063362
0.658394
0.329292
0.483494
0.306500
0.589144
0.635244
0.241635
0.643949
0.718717
0.041578
0.329292
0.940331
0.421575
0.617854
0.535389
0.940331
0.068911
0.758020
0.273514
0.947760
0.513281
0.860501
0.867378
0.808960
0.382926
0.183833
0.409279
0.316692
0.050328
0.518727
0.978604
0.787927
0.935597
0.991213
0.848789
0.159490
0.704484
0.620815
0.306500
0.250182
0.208158
0.829282
0.357661
0.681504
0.327120
0.166886
0.127623
0.344325
0.090535
0.566341
0.658394
0.589144
0.821730
0.231634
0.690166
0.194957
0.643949
0.306500
0.449423
0.053907
0.322949
0.250182
0.916674
0.187953
0.000210
0.994555
0.075538
0.103042
0.449423
0.727244
0.758020
0.549354
0.014571
0.635244
0.597771
0.496903
0.368979
0.245003
0.401971
0.916674
0.808960
0.901408
0.704484
0.978604
0.375911
0.922090
0.994555
0.643949
0.246759
0.061772
0.264363
0.891273
0.922090
0.884948
0.681504
0.390021
0.357661
0.962240
0.394742
0.199280
0.574890
0.907293
0.143326
0.103042
0.203680
0.333520
0.704484
0.935597
0.829282
0.535389
0.913005
0.672823
0.255445
0.884948
0.003354
0.275424
0.187953
0.540922
0.462365
0.117048
0.891273
0.015845
0.681504
0.057717
0.421575
0.603471
0.316692
0.996919
0.681504
0.907293
0.727244
0.557828
0.874110
0.505064
0.084803
0.401971
0.275424
0.449423
0.855893
0.855893
0.841556
0.580543
0.194957
0.255445
0.580543
0.749684
0.075538
0.829282
0.620815
0.077446
0.829282
0.922090
0.153566
0.958545
0.269851
0.874110
0.758020
0.382926
0.446787
0.462365
0.529876
0.269851
0.499678
0.557828
0.801128
0.901408
0.603471
0.132684
0.891273
0.626544
0.681504
0.231634
0.986757
0.758020
0.019230
0.935597
0.672823
0.635244
0.749684
0.233315
0.518727
0.884948
0.260793
0.421575
0.000185
0.690166
0.829282
0.284858
0.947760
0.300471
0.848789
0.698805
0.255445
0.290658
0.166886
0.199280
0.026438
0.199280
0.024158
0.441715
0.117048
0.322949
0.228410
0.475494
0.401971
0.157114
0.855893
0.635244
0.540922
0.340005
0.505064
0.434080
0.364456
0.779856
0.441715
0.132684
0.704484
0.329292
0.848789
0.986757
0.290658
0.163153
0.922090
0.035500
0.878466
0.203680
0.340005
0.406779
0.090535
0.462365
0.080707
0.275424
0.713075
0.841556
0.159490
0.958545
0.394742
0.080707
0.160731
0.462365
0.043818
0.275424
0.107244
0.027164
0.000561
0.958545
0.169385
0.580543
0.907293
0.206623
0.589144
0.112510
0.414138
0.829282
0.011753
0.115226
0.491556
0.010595
0.250182
0.940331
0.211153
0.275424
0.603471
0.340005
0.690166
0.603471
0.779856
0.916674
0.704484
0.999892
0.986757
0.681504
0.916674
0.974087
0.981075
0.454542
0.916674
0.462365
0.956001
0.744157
0.031348
0.020320
0.441715
0.096609
0.771705
0.241635
0.051648
0.907293
0.571972
0.635244
0.223587
0.649688
0.897436
0.951979
0.766291
0.296545
0.322949
0.153566
0.704484
0.744157
0.848789
0.543791
0.203680
0.144460
0.947760
0.658394
0.704484
0.020130
0.192150
0.549354
0.758020
0.935597
0.518727
0.096609
0.072465
0.006832
0.667094
0.290658
0.346575
0.821730
0.045761
0.667094
0.766291
0.787927
0.250182
0.695863
0.236593
0.023935
0.571972
0.727244
0.215763
0.394742
0.535389
0.375911
0.077446
0.727244
0.867378
0.048208
0.956001
0.744157
0.681504
0.246759
0.649688
0.228410
0.535389
0.441715
0.499678
0.808960
0.215763
0.603471
0.841556
0.264363
0.643949
0.329292
0.744157
0.014305
0.841556
0.340005
0.801128
0.681504
0.011640
0.947760
0.322949
0.848789
0.907293
0.253642
0.496903
0.643949
0.978604
0.300471
0.612135
0.658394
0.177160
0.951979
0.470257
0.951979
0.034568
0.513281
0.344325
0.306500
0.056256
0.026438
0.848789
0.513281
0.135818
0.096609
0.250182
0.801128
0.518727
0.962240
0.350951
0.841556
0.681504
0.007593
0.266225
0.316692
0.137917
0.991213
0.935597
0.236593
0.566341
0.543791
0.518727
0.658394
0.916674
0.364456
0.672823
0.557828
0.021268
0.603471
0.454542
0.808960
0.749684
0.470257
0.589144
0.150086
0.690166
0.841556
0.142275
0.643949
0.394742
0.470257
0.978604
0.552238
0.505064
0.368979
0.836720
0.346575
0.470257
0.603471
0.350951
0.620815
0.704484
0.166886
0.255445
0.316692
0.429087
0.357661
0.375911
0.916674
0.744157
0.346575
0.681504
0.713075
0.540922
0.690166
0.735726
0.603471
0.749684
0.787927
0.146673
0.991213
0.364456
0.130653
0.704484
0.499678
0.141156
0.441715
0.264363
0.860501
0.667094
0.913005
0.971109
0.316692
0.749684
0.513281
0.077446
0.067775
0.771705
0.483494
0.371333
0.350951
0.935597
0.860501
0.589144
0.284858
0.269851
0.223587
0.695863
0.549354
0.382926
0.273514
0.322949
0.626544
0.947760
0.658394
0.626544
0.727244
0.513281
0.907293
0.255445
0.897436
0.848789
0.012317
0.867378
0.704484
0.643949
0.037099
0.947760
0.470257
0.246759
0.340005
0.312615
0.771705
0.496903
0.848789
0.245003
0.109849
0.275424
0.951979
0.549354
0.735726
0.177160
0.891273
0.107244
0.735726
0.483494
0.275424
0.626544
0.867378
