0.603471
0.027908
0.721628
0.364456
0.617854
0.758020
0.603471
0.031906
0.080707
0.713075
0.009822
0.574890
0.984769
0.901408
0.690166
0.986757
0.603471
0.649688
0.446787
0.067775
0.260793
0.557828
0.375911
0.681504
0.518727
0.449423
0.260793
0.401971
0.025970
0.658394
0.074303
0.220452
0.132684
0.079397
0.250182
0.529876
0.635244
0.543791
0.434080
0.203680
0.223587
0.457201
0.483494
0.808960
0.704484
0.499678
0.394742
0.181158
0.340005
0.032199
0.612135
0.848789
0.867378
0.658394
0.446787
0.690166
0.658394
0.793201
0.290658
0.557828
0.867378
0.667094
0.340005
0.346575
0.991213
0.658394
0.218844
0.658394
0.766291
0.549354
0.304435
0.867378
0.779856
0.749684
0.649688
0.048208
0.793201
0.114294
0.855893
0.470257
0.044581
0.310521
0.135818
0.202171
0.203680
0.884948
0.922090
0.015409
0.364456
0.228410
0.907293
0.766291
0.031348
0.947760
0.496903
0.119859
0.057717
0.848789
0.441715
0.362130
0.414138
0.333520
0.241635
0.897436
0.357661
0.571972
0.521553
0.018883
0.574890
0.387593
0.718717
0.681504
0.406779
0.690166
0.462365
0.414138
0.643949
0.051194
0.829282
0.626544
0.462365
0.535389
0.901408
0.779856
0.855893
0.255445
0.322949
0.884948
0.260793
0.681504
0.119859
0.173237
0.958545
0.181158
0.027908
0.426518
0.202171
0.571972
0.491556
0.766291
0.119859
0.695863
0.132684
0.075538
0.387593
0.414138
0.626544
0.580543
0.994555
0.690166
0.316692
0.829282
0.612135
0.841556
0.916674
0.084092
0.042685
0.387593
0.406779
0.346575
0.907293
0.034568
0.518727
0.077446
0.787927
0.166886
0.643949
0.603471
0.206623
0.758020
0.571972
0.557828
0.357661
0.290658
0.907293
0.215763
0.233315
0.421575
0.962240
0.795913
0.121744
0.064431
0.884948
0.735726
0.483494
0.626544
0.913005
0.050328
0.658394
0.978604
0.409279
0.103042
0.518727
0.999892
0.884948
0.177160
0.940331
0.421575
0.735726
0.147829
0.122729
0.735726
0.218844
0.690166
0.589144
0.340005
0.635244
0.690166
0.690166
0.019768
0.543791
0.643949
0.787927
0.557828
0.394742
0.000018
0.375911
0.566341
0.535389
0.801128
0.563435
0.022258
0.024596
0.241635
0.971109
0.594827
0.549354
0.390021
0.947760
0.549354
0.958545
0.346575
0.735726
0.441715
0.855893
0.513281
0.940331
0.758020
0.070668
0.058699
0.070668
0.958545
0.107244
0.098985
0.626544
0.064431
0.891273
0.829282
0.513281
0.557828
0.935597
0.049040
0.940331
0.491556
0.658394
0.024596
0.499678
0.643949
0.841556
0.491556
0.005855
0.284858
0.749684
0.552238
0.007168
0.055312
0.855893
0.829282
0.368979
0.414138
0.566341
0.505064
0.029708
0.518727
0.855893
0.603471
0.023508
0.848789
0.521553
0.855893
0.000167
0.387593
0.357661
0.821730
0.986757
0.153566
0.721628
0.077446
0.255445
0.132684
0.913005
0.004503
0.566341
0.300471
0.279144
0.139014
0.160731
0.971109
0.322949
0.907293
0.735726
0.281082
0.505064
0.907293
0.340005
0.848789
0.255445
0.260793
0.698805
0.658394
0.170690
0.681504
0.884948
0.441715
0.290658
0.771705
0.223587
0.557828
0.483494
0.643949
0.580543
0.513281
0.000675
0.394742
0.421575
0.829282
0.801128
0.527033
0.787927
0.766291
0.231634
0.793201
0.779856
0.260793
0.749684
0.795913
0.571972
0.649688
0.787927
0.441715
0.163153
0.045761
0.034568
0.082732
0.394742
0.228410
0.322949
0.269851
0.033659
0.958545
0.521553
0.513281
0.643949
0.947760
0.434080
0.766291
0.962240
0.779856
0.236593
0.880693
0.829282
0.557828
0.589144
0.874110
0.535389
0.470257
0.255445
0.082732
0.721628
0.470257
0.860501
0.082732
0.527033
0.543791
0.112510
0.144460
0.368979
0.105557
0.269851
0.223587
0.163153
0.088340
0.635244
0.801128
0.333520
0.421575
0.382926
0.056256
0.962240
0.000829
0.808960
0.916674
0.603471
0.316692
0.626544
0.713075
0.024596
0.045761
0.322949
0.891273
0.612135
0.557828
0.981075
0.144460
0.124654
0.713075
0.190711
0.779856
0.441715
0.612135
0.055312
0.434080
0.557828
0.316692
0.035500
0.059212
0.183833
0.080707
0.185229
0.594827
0.364456
0.103042
0.499678
0.829282
0.681504
0.103042
0.013654
0.821730
0.362130
0.658394
0.496903
0.766291
0.603471
0.058699
0.000097
0.467559
0.801128
0.658394
0.589144
0.322949
0.449423
0.105557
0.916674
0.306500
0.236593
0.603471
0.998868
0.144460
0.163153
0.421575
0.215763
0.387593
0.031348
0.620815
0.290658
0.024596
0.907293
0.300471
0.801128
0.801128
0.566341
0.907293
0.475494
0.566341
0.848789
0.273514
0.727244
0.808960
0.019768
0.449423
0.884948
0.848789
0.382926
0.031348
0.454542
0.194957
0.617854
0.612135
0.269851
0.209600
0.749684
0.956001
0.566341
0.620815
0.096609
0.350951
0.290658
0.470257
0.658394
0.681504
0.808960
0.874110
0.082732
0.380525
0.787927
0.635244
0.758020
0.340005
0.884948
0.513281
0.735726
0.375911
0.867378
0.016139
0.779856
0.020320
0.704484
0.880693
0.190711
0.557828
0.594827
0.316692
0.735726
0.829282
0.597771
0.841556
0.387593
0.874110
0.787927
0.013654
0.316692
0.269851
0.771705
0.589144
0.907293
0.690166
0.989675
0.357661
0.192150
0.527033
0.100580
0.649688
0.012670
0.449423
0.275424
0.027164
0.421575
0.094284
0.163153
0.316692
0.143326
0.441715
0.690166
0.821730
0.421575
0.749684
0.434080
0.306500
0.808960
0.891273
0.260793
0.891273
0.766291
0.223587
0.874110
0.139014
0.483494
0.681504
0.974087
0.114294
0.594827
0.535389
0.228410
0.749684
0.907293
0.294528
0.228410
0.483494
0.357661
0.449423
0.250182
0.141156
0.470257
0.848789
0.566341
0.470257
