0.965738
0.040864
0.236593
0.521553
0.169385
0.779856
0.382926
0.329292
0.077446
0.077446
0.000795
0.258960
0.658394
0.635244
0.971109
0.241635
0.766291
0.549354
0.808960
0.255445
0.108126
0.005418
0.177160
0.151265
0.907293
0.535389
0.566341
0.744157
0.566341
0.306500
0.429087
0.658394
0.891273
0.635244
0.312615
0.063362
0.874110
0.350951
0.658394
0.017543
0.940331
0.002370
0.357661
0.082732
0.362130
0.713075
0.535389
0.181158
0.018883
0.821730
0.891273
0.766291
0.079397
0.549354
0.264363
0.401971
0.589144
0.991213
0.848789
0.649688
0.695863
0.350951
0.394742
0.382926
0.571972
0.390021
0.340005
0.527033
0.027652
0.375911
0.279144
0.727244
0.104694
0.801128
0.441715
0.203680
0.640981
0.940331
0.211153
0.580543
0.713075
0.414138
0.170690
0.589144
0.014985
0.004416
0.513281
0.454542
0.000516
0.047782
0.808960
0.255445
0.907293
0.643949
0.749684
0.603471
0.947760
0.026438
0.119859
0.100580
0.012317
0.153566
0.986757
0.672823
0.527033
0.223587
0.505064
0.223587
0.901408
0.098985
0.867378
0.117048
0.991213
0.039801
0.829282
0.279144
0.426518
0.021859
0.672823
0.000009
0.635244
0.566341
0.364456
0.063362
0.681504
0.387593
0.571972
0.153566
0.521553
0.589144
0.019768
0.801128
0.735726
0.142275
0.475494
0.940331
0.867378
0.589144
0.795913
0.549354
0.779856
0.039801
0.300471
0.068911
0.829282
0.003039
0.658394
0.478214
0.000097
0.049040
0.269851
0.449423
0.991213
0.414138
0.713075
0.163153
0.124654
0.580543
0.357661
0.667094
0.056256
0.713075
0.434080
0.300471
0.163153
0.260793
0.758020
0.867378
0.006144
0.414138
0.284858
0.344325
0.179787
0.543791
0.758020
0.294528
0.766291
0.749684
0.209600
0.215763
0.704484
0.848789
0.735726
0.841556
0.771705
0.549354
0.758020
0.571972
0.981075
0.821730
0.848789
0.275424
0.001588
0.672823
0.027164
0.119859
0.275424
0.290658
0.052535
0.808960
0.771705
0.649688
0.036127
0.758020
0.077446
0.401971
0.626544
0.727244
0.940331
0.159490
0.513281
0.024596
0.088340
0.269851
0.529876
0.552238
0.884948
0.329292
0.039801
0.394742
0.020692
0.214182
0.620815
0.135818
0.884948
0.549354
0.922090
0.008847
0.346575
0.721628
0.429087
0.808960
0.513281
0.713075
0.382926
0.014305
0.375911
0.350951
0.394742
0.000804
0.387593
0.505064
0.014985
0.246759
0.635244
0.166886
0.958545
0.491556
0.142275
0.462365
0.491556
0.499678
0.475494
0.867378
0.300471
0.801128
0.758020
0.329292
0.364456
0.935597
0.090535
0.031348
0.449423
0.603471
0.922090
0.543791
0.027908
0.006703
0.916674
0.962240
0.310521
0.513281
0.855893
0.144460
0.032199
0.951979
0.913005
0.758020
0.190711
0.394742
0.269851
0.505064
0.922090
0.199280
0.901408
0.535389
0.401971
0.698805
0.153566
0.935597
0.074303
0.907293
0.187953
0.132684
0.096609
0.735726
0.260793
0.787927
0.527033
0.033659
0.758020
0.735726
0.264363
0.594827
0.667094
0.658394
0.470257
0.978604
0.695863
0.658394
0.068911
0.041578
0.147829
0.316692
0.935597
0.643949
0.704484
0.255445
0.766291
0.382926
0.626544
0.107244
0.594827
0.907293
0.260793
0.695863
0.475494
0.967937
0.173237
0.855893
0.557828
0.127623
0.088340
0.535389
0.457201
0.333520
0.441715
0.401971
0.821730
0.543791
0.414138
0.965738
0.350951
0.284858
0.454542
0.092778
0.052535
0.690166
0.177160
0.157114
0.848789
0.779856
0.483494
0.695863
0.215763
0.255445
0.771705
0.005418
0.947760
0.475494
0.040864
0.580543
0.947760
0.233315
0.025970
0.368979
0.130653
0.296545
0.681504
0.007378
0.025274
0.841556
0.141156
0.260793
0.744157
0.557828
0.758020
0.029982
0.340005
0.907293
0.012670
0.414138
0.255445
0.011425
0.144460
0.470257
0.194957
0.947760
0.067775
0.441715
0.203680
0.927324
0.787927
0.215763
0.426518
0.566341
0.177160
0.401971
0.063362
0.829282
0.891273
0.187953
0.774492
0.329292
0.375911
0.874110
0.841556
0.157114
0.086919
0.190711
0.867378
0.457201
0.090535
0.077446
0.333520
0.340005
0.681504
0.294528
0.521553
0.690166
0.922090
0.787927
0.543791
0.749684
0.064990
0.505064
0.744157
0.070668
0.935597
0.446787
0.566341
0.829282
0.181158
0.018368
0.535389
0.658394
0.159490
0.808960
0.387593
0.994555
0.603471
0.032199
0.951979
0.077446
0.322949
0.215763
0.264363
0.721628
0.867378
0.086919
0.867378
0.215763
0.475494
0.698805
0.316692
0.848789
0.947760
0.521553
0.704484
0.557828
0.284858
0.255445
0.749684
0.808960
0.015409
0.727244
0.808960
0.612135
0.681504
0.072465
0.119859
0.571972
0.744157
0.704484
0.891273
0.483494
0.157114
0.855893
0.594827
0.421575
0.749684
0.779856
0.821730
0.808960
0.901408
0.223587
0.916674
0.940331
0.557828
0.744157
0.735726
0.667094
0.177160
0.557828
0.901408
0.901408
0.414138
0.891273
0.333520
0.046970
0.907293
0.681504
0.603471
0.491556
0.574890
0.529876
0.922090
0.589144
0.421575
0.958545
0.306500
0.913005
0.064990
0.153566
0.139014
0.643949
0.202171
0.574890
0.947760
0.916674
0.527033
0.122729
0.258960
0.119859
0.922090
0.203680
0.177160
0.306500
0.543791
0.779856
0.441715
0.927324
0.836720
0.589144
0.766291
0.681504
0.681504
0.557828
0.441715
0.483494
0.589144
0.273514
0.005418
0.603471
0.951979
0.000359
0.698805
0.635244
0.031348
0.874110
0.557828
0.441715
0.023508
0.922090
0.658394
0.127623
0.241635
0.329292
0.874110
0.704484
0.735726
0.077446
0.028409
0.672823
0.962240
0.236593
0.672823
0.930673
0.034568
0.891273
0.635244
0.077446
0.014305
0.962240
0.223587
0.821730
