0.441715
0.801128
0.449423
0.527033
0.005013
0.041578
0.580543
0.096609
0.275424
0.258960
0.004503
0.612135
0.150086
0.394742
0.215763
0.552238
0.681504
0.194957
0.364456
0.264363
0.672823
0.808960
0.470257
0.157114
0.901408
0.088340
0.173237
0.978604
0.327120
0.322949
0.540922
0.082732
0.357661
0.681504
0.246759
0.965738
0.927324
0.241635
0.848789
0.855893
0.626544
0.059212
0.735726
0.884948
0.441715
0.727244
0.935597
0.491556
0.275424
0.984769
0.867378
0.382926
0.978604
0.821730
0.294528
0.072465
0.454542
0.594827
0.907293
0.306500
0.426518
0.580543
0.816691
0.264363
0.667094
0.449423
0.808960
0.829282
0.758020
0.246759
0.147829
0.002020
0.364456
0.020320
0.901408
0.713075
0.787927
0.470257
0.080707
0.695863
0.718717
0.821730
0.357661
0.658394
0.421575
0.735726
0.364456
0.681504
0.848789
0.808960
0.011425
0.672823
0.816691
0.690166
0.241635
0.300471
0.549354
0.779856
0.306500
0.441715
0.808960
0.594827
0.787927
0.034568
0.566341
0.117048
0.246759
0.749684
0.787927
0.891273
0.322949
0.787927
0.779856
0.045761
0.279144
0.996919
0.220452
0.855893
0.612135
0.258960
0.916674
0.129613
0.612135
0.215763
0.357661
0.241635
0.589144
0.007378
0.787927
0.527033
0.681504
0.721628
0.042685
0.749684
0.787927
0.713075
0.255445
0.124654
0.275424
0.935597
0.913005
0.620815
0.421575
0.667094
0.316692
0.192150
0.675784
0.557828
0.273514
0.441715
0.057717
0.907293
0.829282
0.744157
0.589144
0.070668
0.735726
0.357661
0.727244
0.010795
0.880693
0.067775
0.015409
0.672823
0.986757
0.787927
0.004164
0.829282
0.927324
0.394742
0.153566
0.867378
0.513281
0.003388
0.978604
0.441715
0.017063
0.626544
0.927324
0.951979
0.029982
0.801128
0.406779
0.566341
0.491556
0.163153
0.816691
0.749684
0.394742
0.353229
0.779856
0.350951
0.159490
0.766291
0.228410
0.029186
0.034568
0.150086
0.211153
0.117048
0.112510
0.233315
0.255445
0.275424
0.594827
0.695863
0.521553
0.681504
0.543791
0.735726
0.390021
0.580543
0.878466
0.260793
0.779856
0.046554
0.340005
0.505064
0.874110
0.329292
0.829282
0.375911
0.368979
0.098985
0.874110
0.034568
0.364456
0.177160
0.907293
0.612135
0.907293
0.527033
0.884948
0.758020
0.566341
0.574890
0.082732
0.211153
0.787927
0.935597
0.260793
0.306500
0.787927
0.958545
0.421575
0.008197
0.333520
0.139014
0.540922
0.139014
0.228410
0.139014
0.848789
0.566341
0.563435
0.913005
0.409279
0.922090
0.543791
0.300471
0.589144
0.394742
0.020320
0.010298
0.029982
0.758020
0.441715
0.025274
0.667094
0.535389
0.260793
0.003811
0.211153
0.454542
0.771705
0.073672
0.267971
0.048208
0.329292
0.962240
0.223587
0.478214
0.223587
0.057717
0.513281
0.177160
0.829282
0.821730
0.649688
0.042685
0.333520
0.557828
0.478214
0.971109
0.771705
0.612135
0.241635
0.322949
0.808960
0.483494
0.927324
0.483494
0.543791
0.958545
0.306500
0.449423
0.401971
0.364456
0.527033
0.421575
0.916674
0.549354
0.441715
0.024596
0.571972
0.470257
0.052535
0.421575
0.808960
0.965738
0.109849
0.829282
0.009727
0.387593
0.215763
0.357661
0.357661
0.236593
0.505064
0.491556
0.981075
0.096609
0.860501
0.848789
0.236593
0.643949
0.132684
0.787927
0.441715
0.996919
0.897436
0.382926
0.922090
0.053907
0.018368
0.056256
0.667094
0.346575
0.269851
0.122729
0.927324
0.667094
0.470257
0.994555
0.958545
0.073672
0.749684
0.962240
0.801128
0.375911
0.135818
0.505064
0.090535
0.072465
0.672823
0.005110
0.821730
0.104694
0.907293
0.027164
0.496903
0.421575
0.713075
0.855893
0.779856
0.196422
0.236593
0.735726
0.635244
0.589144
0.183833
0.779856
0.574890
0.241635
0.735726
0.236593
0.333520
0.350951
0.462365
0.829282
0.617854
0.322949
0.491556
0.499678
0.527033
0.571972
0.658394
0.483494
0.199280
0.294528
0.594827
0.727244
0.787927
0.279144
0.603471
0.681504
0.758020
0.414138
0.991213
0.974087
0.290658
0.483494
0.649688
0.848789
0.028409
0.535389
0.704484
0.401971
0.913005
0.300471
0.513281
0.758020
0.333520
0.462365
0.566341
0.713075
0.005687
0.072465
0.074303
0.000187
0.306500
0.589144
0.907293
0.557828
0.698805
0.787927
0.713075
0.181158
0.462365
0.848789
0.505064
0.922090
0.333520
0.744157
0.836720
0.771705
0.527033
0.718717
0.801128
0.617854
0.409279
0.540922
0.266225
0.306500
0.513281
0.027908
0.681504
0.704484
0.306500
0.006325
0.344325
0.935597
0.409279
0.667094
0.215763
0.867378
0.713075
0.787927
0.829282
0.766291
0.183833
0.094284
0.907293
0.496903
0.841556
0.228410
0.681504
0.194957
0.364456
0.203680
0.202171
0.223587
0.801128
0.150086
0.014305
0.962240
0.006511
0.088340
0.401971
0.965738
0.991213
0.241635
0.848789
0.040864
0.681504
0.401971
0.658394
0.018883
0.130653
0.635244
0.681504
0.922090
0.483494
0.368979
0.713075
0.704484
0.312615
0.672823
0.984769
0.003965
0.787927
0.260793
0.626544
0.132684
0.991213
0.264363
0.884948
0.094284
0.612135
0.077446
0.245003
0.801128
0.255445
0.199280
0.401971
0.371333
0.535389
0.390021
0.016595
0.727244
0.003455
0.718717
0.124654
0.462365
0.002370
0.947760
0.199280
0.002443
0.535389
0.795913
0.220452
0.255445
0.092778
0.035500
0.907293
0.643949
0.124654
0.414138
0.667094
0.449423
0.281082
0.080707
0.155897
0.620815
0.603471
0.144460
0.329292
0.557828
0.203680
0.658394
0.449423
0.681504
0.922090
0.907293
0.718717
0.848789
0.183833
0.079397
0.441715
0.721628
0.421575
0.375911
0.406779
0.250182
0.891273
0.951979
