0.394742
0.004288
0.787927
0.033071
0.449423
0.884948
0.245003
0.049040
0.375911
0.635244
0.483494
0.454542
0.571972
0.891273
0.704484
0.594827
0.401971
0.891273
0.626544
0.421575
0.589144
0.735726
0.801128
0.901408
0.867378
0.296545
0.139014
0.841556
0.855893
0.499678
0.284858
0.483494
0.333520
0.269851
0.695863
0.194957
0.589144
0.758020
0.223587
0.681504
0.346575
0.658394
0.382926
0.571972
0.211153
0.543791
0.836720
0.462365
0.052535
0.571972
0.429087
0.429087
0.867378
0.475494
0.273514
0.795913
0.681504
0.215763
0.121744
0.387593
0.124654
0.029186
0.032771
0.704484
0.414138
0.956001
0.713075
0.947760
0.758020
0.117048
0.649688
0.382926
0.082732
0.947760
0.821730
0.414138
0.766291
0.566341
0.713075
0.735726
0.841556
0.483494
0.260793
0.907293
0.019230
0.114294
0.036127
0.978604
0.005523
0.491556
0.971109
0.690166
0.951979
0.491556
0.496903
0.290658
0.771705
0.620815
0.978604
0.329292
0.018368
0.048208
0.962240
0.139014
0.589144
0.088340
0.001465
0.051648
0.072465
0.144460
0.649688
0.971109
0.462365
0.513281
0.322949
0.434080
0.735726
0.672823
0.357661
0.787927
0.735726
0.787927
0.867378
0.727244
0.368979
0.566341
0.095071
0.000348
0.907293
0.513281
0.787927
0.549354
0.635244
0.006144
0.962240
0.203680
0.557828
0.269851
0.382926
0.758020
0.643949
0.223587
0.922090
0.991213
0.947760
0.589144
0.543791
0.690166
0.166886
0.218844
0.119859
0.779856
0.499678
0.557828
0.681504
0.901408
0.580543
0.491556
0.801128
0.735726
0.690166
0.801128
0.735726
0.543791
0.119859
0.382926
0.557828
0.231634
0.981075
0.589144
0.040864
0.741289
0.505064
0.260793
0.635244
0.401971
0.801128
0.513281
0.316692
0.713075
0.199280
0.779856
0.947760
0.891273
0.513281
0.727244
0.986757
0.704484
0.357661
0.014305
0.053907
0.841556
0.483494
0.612135
0.329292
0.260793
0.958545
0.000017
0.557828
0.874110
0.986757
0.346575
0.698805
0.935597
0.535389
0.316692
0.364456
0.462365
0.300471
0.690166
0.084803
0.306500
0.513281
0.241635
0.787927
0.787927
0.079397
0.074303
0.978604
0.012907
0.698805
0.774492
0.153566
0.103042
0.744157
0.713075
0.499678
0.060217
0.549354
0.527033
0.984769
0.025970
0.766291
0.038764
0.449423
0.735726
0.350951
0.848789
0.727244
0.077446
0.922090
0.026438
0.766291
0.884948
0.690166
0.971109
0.695863
0.704484
0.829282
0.580543
0.978604
0.075538
0.042685
0.681504
0.787927
0.867378
0.013276
0.008197
0.421575
0.098170
0.181158
0.316692
0.672823
0.421575
0.011425
0.020886
0.513281
0.382926
0.375911
0.557828
0.658394
0.535389
0.735726
0.626544
0.808960
0.273514
0.779856
0.231634
0.284858
0.779856
0.090535
0.808960
0.139014
0.704484
0.787927
0.626544
0.958545
0.387593
0.735726
0.698805
0.036127
0.916674
0.612135
0.269851
0.483494
0.867378
0.795913
0.518727
0.758020
0.672823
0.100580
0.153566
0.401971
0.306500
0.483494
0.916674
0.250182
0.483494
0.421575
0.387593
0.322949
0.801128
0.505064
0.441715
0.566341
0.434080
0.103042
0.144460
0.935597
0.535389
0.241635
0.603471
0.340005
0.187953
0.801128
0.017063
0.620815
0.496903
0.187953
0.006832
0.626544
0.821730
0.891273
0.891273
0.787927
0.449423
0.612135
0.540922
0.880693
0.022875
0.749684
0.713075
0.867378
0.801128
0.907293
0.441715
0.626544
0.273514
0.721628
0.958545
0.884948
0.971109
0.675784
0.991213
0.626544
0.457201
0.855893
0.801128
0.535389
0.269851
0.067775
0.364456
0.245003
0.246759
0.169385
0.236593
0.246759
0.867378
0.375911
0.157114
0.855893
0.704484
0.284858
0.462365
0.658394
0.735726
0.141156
0.011425
0.346575
0.414138
0.187953
0.434080
0.557828
0.635244
0.132684
0.153566
0.667094
0.940331
0.643949
0.884948
0.090535
0.387593
0.951979
0.202171
0.316692
0.793201
0.841556
0.580543
0.000872
0.310521
0.841556
0.409279
0.836720
0.841556
0.357661
0.034568
0.350951
0.470257
0.855893
0.362130
0.284858
0.288671
0.681504
0.202171
0.170690
0.002370
0.597771
0.649688
0.139014
0.658394
0.557828
0.787927
0.084803
0.344325
0.159490
0.079397
0.922090
0.478214
0.518727
0.306500
0.505064
0.860501
0.658394
0.300471
0.667094
0.829282
0.346575
0.848789
0.635244
0.603471
0.364456
0.727244
0.713075
0.779856
0.153566
0.163153
0.170690
0.690166
0.129613
0.414138
0.233315
0.255445
0.658394
0.620815
0.441715
0.735726
0.974087
0.635244
0.535389
0.951979
0.658394
0.414138
0.535389
0.829282
0.475494
0.039801
0.758020
0.187953
0.096609
0.779856
0.766291
0.626544
0.527033
0.024596
0.010298
0.518727
0.771705
0.981075
0.735726
0.867378
0.082732
0.177160
0.236593
0.971109
0.935597
0.874110
0.566341
0.527033
0.527033
0.016595
0.580543
0.713075
0.119859
0.658394
0.704484
0.640981
0.166886
0.543791
0.801128
0.223587
0.721628
0.913005
0.690166
0.907293
0.421575
0.996919
0.462365
0.421575
0.884948
0.211153
0.119859
0.371333
0.163153
0.787927
0.649688
0.513281
0.718717
0.535389
0.462365
0.913005
0.991213
0.704484
0.580543
0.580543
0.346575
0.626544
0.228410
0.401971
0.690166
0.535389
0.771705
0.018706
0.218844
0.821730
0.228410
0.829282
0.589144
0.758020
0.312615
0.306500
0.475494
0.144460
0.947760
0.421575
0.483494
0.829282
0.375911
0.935597
0.513281
0.387593
0.597771
0.589144
0.927324
0.382926
0.626544
0.681504
0.269851
0.333520
0.387593
0.984769
0.860501
0.129613
0.841556
0.375911
0.897436
0.264363
0.483494
0.483494
0.117048
0.704484
0.855893
0.612135
0.557828
0.306500
0.269851
0.735726
