0.132684
0.147829
0.491556
0.357661
0.067775
0.109849
0.916674
0.401971
0.429087
0.922090
0.008197
0.368979
0.310521
0.096609
0.907293
0.203680
0.294528
0.211153
0.690166
0.594827
0.429087
0.449423
0.521553
0.958545
0.462365
0.044581
0.300471
0.527033
0.891273
0.891273
0.364456
0.429087
0.387593
0.322949
0.441715
0.364456
0.414138
0.749684
0.907293
0.935597
0.163153
0.971109
0.643949
0.117048
0.735726
0.231634
0.557828
0.340005
0.808960
0.144460
0.215763
0.223587
0.077446
0.170690
0.681504
0.401971
0.766291
0.194957
0.043818
0.744157
0.884948
0.704484
0.021859
0.758020
0.749684
0.971109
0.284858
0.821730
0.127623
0.771705
0.829282
0.007965
0.220452
0.557828
0.766291
0.672823
0.744157
0.735726
0.749684
0.300471
0.580543
0.082732
0.557828
0.808960
0.603471
0.535389
0.635244
0.499678
0.380525
0.704484
0.499678
0.766291
0.387593
0.672823
0.989675
0.132684
0.758020
0.940331
0.951979
0.250182
0.821730
0.245003
0.316692
0.429087
0.927324
0.462365
0.119859
0.063362
0.434080
0.429087
0.279144
0.947760
0.350951
0.681504
0.658394
0.496903
0.000470
0.735726
0.626544
0.704484
0.649688
0.513281
0.127623
0.215763
0.836720
0.146673
0.056256
0.052535
0.340005
0.713075
0.829282
0.505064
0.491556
0.001310
0.203680
0.153566
0.589144
0.026438
0.454542
0.350951
0.958545
0.499678
0.344325
0.483494
0.690166
0.327120
0.194957
0.787927
0.758020
0.010795
0.704484
0.316692
0.454542
0.658394
0.173237
0.043818
0.320806
0.062816
0.294528
0.105557
0.375911
0.991213
0.848789
0.986757
0.340005
0.535389
0.327120
0.597771
0.368979
0.779856
0.801128
0.020692
0.434080
0.922090
0.513281
0.357661
0.962240
0.000215
0.368979
0.698805
0.449423
0.658394
0.727244
0.002255
0.082732
0.429087
0.106369
0.258960
0.364456
0.766291
0.935597
0.603471
0.183833
0.758020
0.357661
0.197797
0.589144
0.218844
0.163153
0.589144
0.020130
0.681504
0.766291
0.434080
0.157114
0.999575
0.557828
0.434080
0.603471
0.147829
0.409279
0.535389
0.848789
0.441715
0.312615
0.848789
0.290658
0.543791
0.535389
0.907293
0.744157
0.749684
0.160731
0.721628
0.364456
0.991213
0.258960
0.649688
0.258960
0.626544
0.382926
0.527033
0.246759
0.867378
0.038764
0.294528
0.462365
0.603471
0.449423
0.086192
0.907293
0.543791
0.107244
0.527033
0.130653
0.766291
0.704484
0.023291
0.766291
0.255445
0.713075
0.779856
0.922090
0.470257
0.103042
0.218844
0.505064
0.362130
0.603471
0.848789
0.884948
0.072465
0.362130
0.808960
0.032199
0.829282
0.589144
0.006144
0.635244
0.901408
0.690166
0.394742
0.046970
0.042685
0.255445
0.626544
0.649688
0.033659
0.801128
0.916674
0.829282
0.643949
0.054829
0.414138
0.505064
0.046970
0.603471
0.808960
0.594827
0.275424
0.922090
0.409279
0.294528
0.735726
0.033659
0.779856
0.333520
0.061772
0.246759
0.199280
0.327120
0.269851
0.867378
0.848789
0.829282
0.907293
0.300471
0.390021
0.187953
0.082732
0.951979
0.211153
0.119859
0.211153
0.375911
0.300471
0.808960
0.801128
0.340005
0.758020
0.907293
0.681504
0.173237
0.667094
0.177160
0.059212
0.109849
0.727244
0.429087
0.571972
0.521553
0.127623
0.312615
0.434080
0.891273
0.907293
0.527033
0.741289
0.202171
0.521553
0.521553
0.364456
0.194957
0.612135
0.026438
0.643949
0.483494
0.527033
0.117048
0.907293
0.626544
0.322949
0.704484
0.340005
0.922090
0.878466
0.658394
0.137917
0.002517
0.907293
0.916674
0.013276
0.758020
0.139014
0.462365
0.951979
0.350951
0.735726
0.096609
0.421575
0.808960
0.150086
0.574890
0.566341
0.454542
0.535389
0.958545
0.414138
0.771705
0.855893
0.690166
0.635244
0.603471
0.246759
0.779856
0.978604
0.166886
0.290658
0.521553
0.040864
0.808960
0.860501
0.284858
0.884948
0.375911
0.589144
0.855893
0.483494
0.000359
0.199280
0.414138
0.462365
0.072465
0.340005
0.375911
0.258960
0.962240
0.787927
0.991213
0.406779
0.766291
0.801128
0.357661
0.557828
0.462365
0.038764
0.035180
0.047782
0.848789
0.505064
0.940331
0.971109
0.967937
0.202171
0.269851
0.513281
0.612135
0.187953
0.620815
0.518727
0.626544
0.594827
0.038764
0.284858
0.848789
0.483494
0.483494
0.749684
0.079397
0.891273
0.033659
0.787927
0.429087
0.527033
0.340005
0.100580
0.649688
0.096609
0.223587
0.589144
0.713075
0.166886
0.132684
0.667094
0.965738
0.620815
0.986757
0.907293
0.891273
0.958545
0.580543
0.462365
0.333520
0.808960
0.163153
0.115226
0.620815
0.371333
0.801128
0.787927
0.901408
0.153566
0.075538
0.064990
0.571972
0.958545
0.199280
0.821730
0.483494
0.211153
0.727244
0.368979
0.231634
0.867378
0.978604
0.771705
0.713075
0.891273
0.927324
0.535389
0.779856
0.749684
0.589144
0.713075
0.197797
0.092778
0.082732
0.038764
0.557828
0.771705
0.922090
0.672823
0.279144
0.766291
0.695863
0.119859
0.401971
0.860501
0.927324
0.766291
0.022875
0.695863
0.035500
0.457201
0.300471
0.269851
0.848789
0.535389
0.589144
0.626544
0.884948
0.344325
0.147829
0.594827
0.713075
0.470257
0.549354
0.306500
0.626544
0.612135
0.409279
0.829282
0.187953
0.364456
0.173237
0.535389
0.117048
0.199280
0.223587
0.470257
0.535389
0.446787
0.094284
0.643949
0.635244
0.346575
0.721628
0.269851
0.808960
0.364456
0.061772
0.306500
0.470257
0.290658
0.771705
0.667094
0.713075
0.735726
0.574890
0.603471
0.316692
0.574890
0.211153
0.758020
0.867378
0.199280
0.357661
0.300471
0.735726
0.744157
0.672823
0.884948
0.808960
0.505064
0.382926
0.958545
