0.183833
0.821730
0.771705
0.735726
0.022875
0.787927
0.322949
0.306500
0.077446
0.981075
0.028409
0.907293
0.962240
0.935597
0.015409
0.935597
0.867378
0.704484
0.690166
0.758020
0.795913
0.672823
0.144460
0.752533
0.874110
0.399498
0.779856
0.735726
0.350951
0.281082
0.141156
0.371333
0.816691
0.401971
0.971109
0.050328
0.090535
0.713075
0.014985
0.535389
0.867378
0.241635
0.470257
0.635244
0.241635
0.603471
0.059212
0.855893
0.211153
0.364456
0.183833
0.269851
0.426518
0.681504
0.612135
0.114294
0.368979
0.690166
0.449423
0.867378
0.766291
0.867378
0.000446
0.695863
0.956001
0.771705
0.947760
0.496903
0.779856
0.884948
0.891273
0.658394
0.922090
0.470257
0.758020
0.228410
0.032199
0.414138
0.218844
0.013909
0.848789
0.690166
0.223587
0.192150
0.462365
0.867378
0.333520
0.059212
0.114294
0.821730
0.357661
0.470257
0.279144
0.340005
0.557828
0.855893
0.322949
0.867378
0.935597
0.855893
0.020130
0.557828
0.088340
0.543791
0.499678
0.350951
0.255445
0.169385
0.421575
0.279144
0.390021
0.965738
0.658394
0.467559
0.306500
0.713075
0.382926
0.203680
0.103042
0.787927
0.793201
0.111596
0.322949
0.603471
0.549354
0.488801
0.658394
0.643949
0.088340
0.007739
0.855893
0.300471
0.333520
0.072465
0.233315
0.867378
0.409279
0.535389
0.589144
0.029186
0.223587
0.749684
0.884948
0.211153
0.041578
0.103042
0.667094
0.153566
0.294528
0.296545
0.589144
0.253642
0.612135
0.441715
0.312615
0.848789
0.371333
0.434080
0.612135
0.848789
0.029982
0.322949
0.513281
0.704484
0.181158
0.713075
0.346575
0.947760
0.316692
0.421575
0.808960
0.571972
0.260793
0.505064
0.035500
0.505064
0.441715
0.521553
0.658394
0.984769
0.658394
0.867378
0.513281
0.535389
0.940331
0.971109
0.368979
0.758020
0.901408
0.808960
0.612135
0.829282
0.255445
0.382926
0.104694
0.462365
0.039801
0.589144
0.296545
0.491556
0.340005
0.223587
0.390021
0.991213
0.357661
0.375911
0.100580
0.496903
0.891273
0.540922
0.119859
0.690166
0.449423
0.007168
0.922090
0.821730
0.735726
0.580543
0.612135
0.535389
0.462365
0.620815
0.211153
0.884948
0.787927
0.290658
0.529876
0.223587
0.310521
0.841556
0.053907
0.127623
0.025970
0.414138
0.483494
0.483494
0.649688
0.658394
0.681504
0.867378
0.527033
0.063362
0.513281
0.211153
0.211153
0.758020
0.848789
0.690166
0.922090
0.681504
0.454542
0.333520
0.053907
0.009016
0.039801
0.409279
0.704484
0.421575
0.603471
0.758020
0.735726
0.264363
0.375911
0.294528
0.491556
0.117048
0.901408
0.695863
0.566341
0.434080
0.787927
0.231634
0.758020
0.704484
0.387593
0.566341
0.635244
0.491556
0.841556
0.741289
0.867378
0.016902
0.042685
0.068911
0.741289
0.346575
0.300471
0.612135
0.241635
0.801128
0.749684
0.922090
0.962240
0.704484
0.589144
0.867378
0.884948
0.470257
0.801128
0.841556
0.580543
0.994555
0.884948
0.704484
0.505064
0.713075
0.218844
0.017063
0.527033
0.878466
0.808960
0.566341
0.958545
0.962240
0.658394
0.327120
0.350951
0.901408
0.390021
0.124654
0.441715
0.294528
0.449423
0.346575
0.635244
0.758020
0.681504
0.612135
0.557828
0.848789
0.000485
0.916674
0.483494
0.841556
0.589144
0.470257
0.612135
0.947760
0.166886
0.626544
0.907293
0.357661
0.264363
0.698805
0.483494
0.304435
0.658394
0.364456
0.580543
0.704484
0.841556
0.801128
0.978604
0.557828
0.141156
0.787927
0.505064
0.571972
0.880693
0.935597
0.867378
0.766291
0.109849
0.039801
0.635244
0.166886
0.779856
0.690166
0.971109
0.144460
0.119859
0.922090
0.801128
0.951979
0.704484
0.072465
0.470257
0.483494
0.364456
0.549354
0.589144
0.922090
0.260793
0.571972
0.048208
0.203680
0.491556
0.589144
0.144460
0.041578
0.084803
0.146673
0.429087
0.029982
0.855893
0.603471
0.491556
0.449423
0.947760
0.144460
0.727244
0.462365
0.483494
0.603471
0.994555
0.974087
0.441715
0.681504
0.566341
0.617854
0.744157
0.454542
0.082732
0.357661
0.375911
0.848789
0.704484
0.441715
0.084803
0.695863
0.159490
0.971109
0.527033
0.223587
0.269851
0.203680
0.002255
0.153566
0.269851
0.758020
0.279144
0.991213
0.841556
0.758020
0.505064
0.513281
0.766291
0.787927
0.855893
0.090535
0.557828
0.236593
0.187953
0.681504
0.771705
0.300471
0.163153
0.658394
0.884948
0.557828
0.196422
0.226757
0.557828
0.727244
0.429087
0.304435
0.667094
0.626544
0.387593
0.505064
0.589144
0.848789
0.617854
0.643949
0.067775
0.382926
0.049040
0.155897
0.340005
0.922090
0.513281
0.346575
0.672823
0.173237
0.357661
0.246759
0.008597
0.690166
0.304435
0.483494
0.275424
0.916674
0.808960
0.612135
0.836720
0.513281
0.821730
0.163153
0.135818
0.721628
0.848789
0.821730
0.483494
0.505064
0.571972
0.779856
0.055312
0.421575
0.808960
0.635244
0.401971
0.704484
0.594827
0.470257
0.594827
0.007168
0.141156
0.491556
0.603471
0.082732
0.935597
0.513281
0.096609
0.026438
0.884948
0.382926
0.867378
0.382926
0.505064
0.535389
0.194957
0.891273
0.713075
0.594827
0.808960
0.300471
0.891273
0.187953
0.566341
0.513281
0.141156
0.233315
0.491556
0.421575
0.333520
0.505064
0.704484
0.690166
0.470257
0.223587
0.704484
0.141156
0.580543
0.340005
0.199280
0.322949
0.527033
0.329292
0.974087
0.206623
0.535389
0.173237
0.387593
0.891273
0.787927
0.878466
0.273514
0.821730
0.346575
0.357661
0.986757
0.096609
0.913005
0.727244
0.275424
0.002443
0.096609
0.483494
0.635244
0.053907
0.884948
0.223587
0.566341
0.816691
0.058699
0.312615
