0.505064
0.390021
0.907293
0.166886
0.119859
0.183833
0.357661
0.159490
0.735726
0.951979
0.779856
0.483494
0.462365
0.744157
0.300471
0.475494
0.626544
0.771705
0.744157
0.829282
0.199280
0.129613
0.206623
0.771705
0.690166
0.199280
0.166886
0.940331
0.787927
0.382926
0.329292
0.986757
0.073672
0.454542
0.649688
0.713075
0.521553
0.467559
0.275424
0.594827
0.346575
0.940331
0.658394
0.867378
0.991213
0.891273
0.387593
0.766291
0.401971
0.635244
0.749684
0.958545
0.901408
0.951979
0.672823
0.513281
0.643949
0.658394
0.446787
0.203680
0.549354
0.141156
0.406779
0.749684
0.513281
0.821730
0.269851
0.566341
0.829282
0.449423
0.874110
0.483494
0.922090
0.758020
0.758020
0.394742
0.698805
0.566341
0.084803
0.672823
0.704484
0.483494
0.362130
0.035180
0.527033
0.107244
0.022466
0.681504
0.007378
0.884948
0.874110
0.505064
0.475494
0.713075
0.557828
0.771705
0.375911
0.935597
0.320806
0.727244
0.766291
0.971109
0.874110
0.364456
0.245003
0.211153
0.951979
0.704484
0.855893
0.594827
0.891273
0.491556
0.821730
0.475494
0.841556
0.368979
0.829282
0.713075
0.333520
0.884948
0.727244
0.153566
0.449423
0.175815
0.922090
0.891273
0.001865
0.316692
0.382926
0.779856
0.075538
0.658394
0.135818
0.322949
0.620815
0.793201
0.922090
0.067775
0.978604
0.951979
0.801128
0.766291
0.594827
0.749684
0.470257
0.749684
0.518727
0.001246
0.211153
0.294528
0.281082
0.187953
0.117048
0.848789
0.821730
0.483494
0.434080
0.269851
0.649688
0.169385
0.967937
0.635244
0.690166
0.092008
0.735726
0.643949
0.935597
0.414138
0.401971
0.922090
0.441715
0.704484
0.589144
0.165605
0.409279
0.612135
0.462365
0.100580
0.008597
0.758020
0.124654
0.704484
0.288671
0.394742
0.713075
0.029982
0.086192
0.260793
0.368979
0.061772
0.177160
0.658394
0.571972
0.984769
0.192150
0.163153
0.962240
0.211153
0.119859
0.000153
0.971109
0.371333
0.006144
0.901408
0.056256
0.690166
0.620815
0.255445
0.787927
0.713075
0.535389
0.535389
0.429087
0.103042
0.344325
0.284858
0.901408
0.241635
0.935597
0.387593
0.962240
0.974087
0.333520
0.421575
0.211153
0.462365
0.829282
0.505064
0.228410
0.922090
0.157114
0.166886
0.589144
0.801128
0.589144
0.387593
0.841556
0.030518
0.279144
0.771705
0.470257
0.475494
0.978604
0.681504
0.163153
0.940331
0.603471
0.698805
0.947760
0.079397
0.024158
0.681504
0.635244
0.357661
0.658394
0.144460
0.067775
0.991213
0.001378
0.163153
0.382926
0.064431
0.061772
0.535389
0.316692
0.947760
0.296545
0.779856
0.053907
0.758020
0.690166
0.462365
0.246759
0.470257
0.907293
0.922090
0.211153
0.735726
0.672823
0.649688
0.658394
0.580543
0.589144
0.612135
0.855893
0.454542
0.322949
0.333520
0.163153
0.236593
0.394742
0.690166
0.462365
0.758020
0.635244
0.971109
0.470257
0.429087
0.035180
0.557828
0.690166
0.557828
0.005968
0.841556
0.022875
0.951979
0.146673
0.855893
0.364456
0.907293
0.312615
0.368979
0.848789
0.513281
0.505064
0.658394
0.505064
0.160731
0.744157
0.836720
0.421575
0.166886
0.836720
0.787927
0.727244
0.787927
0.306500
0.626544
0.922090
0.566341
0.704484
0.449423
0.821730
0.505064
0.017063
0.475494
0.067775
0.916674
0.346575
0.088340
0.935597
0.626544
0.357661
0.930673
0.357661
0.994555
0.848789
0.821730
0.704484
0.344325
0.067775
0.672823
0.841556
0.001774
0.867378
0.147829
0.735726
0.346575
0.387593
0.316692
0.612135
0.884948
0.387593
0.793201
0.978604
0.771705
0.066084
0.821730
0.690166
0.635244
0.012317
0.441715
0.997586
0.159490
0.223587
0.962240
0.779856
0.090535
0.749684
0.449423
0.594827
0.382926
0.173237
0.698805
0.727244
0.004043
0.169385
0.380525
0.454542
0.626544
0.462365
0.704484
0.681504
0.557828
0.092008
0.836720
0.749684
0.566341
0.535389
0.394742
0.124654
0.421575
0.749684
0.922090
0.735726
0.867378
0.766291
0.958545
0.713075
0.260793
0.940331
0.626544
0.793201
0.958545
0.848789
0.771705
0.649688
0.246759
0.626544
0.836720
0.449423
0.965738
0.181158
0.612135
0.124654
0.421575
0.718717
0.364456
0.829282
0.713075
0.589144
0.848789
0.766291
0.991213
0.557828
0.357661
0.907293
0.375911
0.643949
0.462365
0.557828
0.264363
0.449423
0.153566
0.088340
0.049040
0.855893
0.255445
0.758020
0.836720
0.695863
0.223587
0.635244
0.228410
0.255445
0.704484
0.505064
0.414138
0.491556
0.394742
0.409279
0.036127
0.394742
0.916674
0.704484
0.157114
0.727244
0.483494
0.462365
0.434080
0.603471
0.284858
0.848789
0.052535
0.603471
0.713075
0.922090
0.947760
0.640981
0.017063
0.947760
0.589144
0.294528
0.766291
0.033659
0.387593
0.316692
0.935597
0.713075
0.841556
0.053907
0.958545
0.690166
0.483494
0.053907
0.333520
0.004043
0.704484
0.211153
0.421575
0.099752
0.527033
0.727244
0.704484
0.727244
0.518727
0.991213
0.543791
0.649688
0.580543
0.704484
0.667094
0.105557
0.009546
0.513281
0.947760
0.011106
0.891273
0.681504
0.018883
0.704484
0.096609
0.199280
0.744157
0.580543
0.801128
0.132684
0.199280
0.771705
0.951979
0.269851
0.690166
0.735726
0.475494
0.808960
0.658394
0.612135
0.255445
0.884948
0.441715
0.891273
0.951979
0.070668
0.333520
0.635244
0.462365
0.090535
0.695863
0.867378
0.935597
0.340005
0.958545
0.090535
0.394742
0.053907
0.127623
0.092008
0.643949
0.362130
0.183833
0.382926
0.867378
0.603471
0.290658
0.690166
0.031348
0.375911
0.758020
0.255445
0.566341
0.061772
0.681504
0.681504
0.446787
0.364456
0.192150
