0.016139
0.187953
0.735726
0.635244
0.535389
0.406779
0.364456
0.704484
0.368979
0.907293
0.215763
0.735726
0.704484
0.529876
0.375911
0.749684
0.916674
0.667094
0.626544
0.245003
0.009277
0.527033
0.821730
0.913005
0.758020
0.006325
0.916674
0.862861
0.690166
0.667094
0.617854
0.571972
0.779856
0.483494
0.004868
0.667094
0.382926
0.901408
0.025731
0.290658
0.749684
0.006637
0.426518
0.028409
0.406779
0.808960
0.787927
0.690166
0.034568
0.649688
0.322949
0.449423
0.727244
0.704484
0.290658
0.962240
0.375911
0.922090
0.094284
0.068911
0.387593
0.695863
0.421575
0.589144
0.620815
0.681504
0.535389
0.045761
0.718717
0.766291
0.211153
0.635244
0.114294
0.288671
0.617854
0.414138
0.758020
0.275424
0.031348
0.984769
0.505064
0.300471
0.698805
0.620815
0.082732
0.940331
0.279144
0.421575
0.758020
0.749684
0.475494
0.483494
0.571972
0.394742
0.922090
0.527033
0.409279
0.483494
0.603471
0.935597
0.878466
0.580543
0.672823
0.429087
0.749684
0.329292
0.031906
0.203680
0.214182
0.255445
0.927324
0.667094
0.744157
0.199280
0.150086
0.121744
0.357661
0.841556
0.026438
0.406779
0.922090
0.821730
0.758020
0.749684
0.829282
0.535389
0.971109
0.956001
0.157114
0.080707
0.695863
0.690166
0.011974
0.874110
0.901408
0.594827
0.848789
0.580543
0.147829
0.884948
0.829282
0.971109
0.667094
0.727244
0.543791
0.107244
0.421575
0.375911
0.891273
0.978604
0.978604
0.626544
0.821730
0.223587
0.930673
0.368979
0.441715
0.231634
0.771705
0.306500
0.758020
0.092008
0.848789
0.787927
0.421575
0.836720
0.103042
0.913005
0.316692
0.074303
0.829282
0.667094
0.597771
0.986757
0.713075
0.994555
0.375911
0.787927
0.779856
0.922090
0.042685
0.316692
0.021859
0.462365
0.429087
0.995551
0.580543
0.727244
0.612135
0.749684
0.758020
0.394742
0.951979
0.681504
0.063362
0.962240
0.072465
0.236593
0.978604
0.848789
0.829282
0.808960
0.375911
0.704484
0.867378
0.617854
0.255445
0.758020
0.364456
0.364456
0.340005
0.958545
0.421575
0.300471
0.808960
0.649688
0.312615
0.580543
0.848789
0.228410
0.017543
0.499678
0.603471
0.589144
0.454542
0.316692
0.603471
0.848789
0.681504
0.211153
0.322949
0.626544
0.672823
0.306500
0.672823
0.483494
0.194957
0.401971
0.935597
0.079397
0.643949
0.821730
0.779856
0.513281
0.735726
0.187953
0.505064
0.704484
0.867378
0.658394
0.513281
0.612135
0.000461
0.735726
0.382926
0.649688
0.672823
0.658394
0.483494
0.758020
0.589144
0.540922
0.635244
0.047782
0.735726
0.141156
0.260793
0.801128
0.340005
0.935597
0.603471
0.617854
0.187953
0.483494
0.690166
0.049040
0.758020
0.626544
0.056256
0.978604
0.478214
0.496903
0.179787
0.580543
0.658394
0.603471
0.375911
0.667094
0.913005
0.713075
0.380525
0.163153
0.681504
0.119859
0.173237
0.127623
0.735726
0.421575
0.922090
0.922090
0.787927
0.527033
0.635244
0.884948
0.821730
0.816691
0.483494
0.092008
0.695863
0.203680
0.382926
0.967937
0.462365
0.891273
0.744157
0.505064
0.478214
0.350951
0.033659
0.787927
0.294528
0.211153
0.124654
0.801128
0.897436
0.552238
0.401971
0.749684
0.907293
0.978604
0.454542
0.713075
0.779856
0.449423
0.749684
0.375911
0.808960
0.907293
0.429087
0.808960
0.322949
0.090535
0.535389
0.718717
0.478214
0.951979
0.449423
0.053907
0.874110
0.801128
0.017378
0.296545
0.841556
0.467559
0.470257
0.681504
0.139014
0.483494
0.801128
0.092008
0.199280
0.962240
0.322949
0.043818
0.013909
0.557828
0.406779
0.144460
0.304435
0.454542
0.821730
0.441715
0.513281
0.086192
0.549354
0.549354
0.032771
0.183833
0.758020
0.771705
0.649688
0.394742
0.401971
0.187953
0.269851
0.344325
0.771705
0.535389
0.096609
0.368979
0.612135
0.690166
0.557828
0.620815
0.962240
0.594827
0.449423
0.107244
0.018706
0.483494
0.426518
0.721628
0.228410
0.044581
0.597771
0.375911
0.626544
0.421575
0.603471
0.127623
0.884948
0.132684
0.667094
0.658394
0.027652
0.626544
0.735726
0.362130
0.020130
0.771705
0.848789
0.255445
0.333520
0.867378
0.052535
0.421575
0.727244
0.672823
0.829282
0.612135
0.690166
0.867378
0.316692
0.672823
0.260793
0.816691
0.527033
0.029186
0.057717
0.971109
0.375911
0.690166
0.589144
0.441715
0.344325
0.021268
0.951979
0.566341
0.808960
0.446787
0.771705
0.672823
0.003850
0.620815
0.049040
0.829282
0.421575
0.014711
0.974087
0.434080
0.046970
0.364456
0.434080
0.000756
0.483494
0.897436
0.535389
0.681504
0.978604
0.916674
0.421575
0.258960
0.357661
0.117048
0.429087
0.064990
0.766291
0.269851
0.157114
0.375911
0.535389
0.681504
0.491556
0.704484
0.643949
0.758020
0.698805
0.758020
0.513281
0.935597
0.387593
0.117048
0.571972
0.989675
0.749684
0.704484
0.429087
0.429087
0.275424
0.735726
0.002920
0.146673
0.513281
0.051648
0.067775
0.620815
0.066084
0.713075
0.002863
0.951979
0.434080
0.364456
0.127623
0.965738
0.454542
0.612135
0.727244
0.749684
0.462365
0.327120
0.916674
0.070668
0.255445
0.874110
0.470257
0.867378
0.808960
0.081393
0.962240
0.026438
0.406779
0.690166
0.978604
0.513281
0.867378
0.206623
0.001721
0.984769
0.841556
0.867378
0.907293
0.713075
0.127623
0.779856
0.478214
0.032771
0.549354
0.787927
0.829282
0.922090
0.177160
0.935597
0.426518
0.080707
0.518727
0.527033
0.549354
0.922090
0.434080
0.801128
0.935597
0.808960
0.867378
0.462365
0.025274
0.060217
0.306500
0.779856
0.978604
0.801128
0.566341
0.279144
0.518727
0.874110
0.387593
0.118894
