0.540922
0.884948
0.462365
0.855893
0.375911
0.157114
0.333520
0.505064
0.518727
0.635244
0.930673
0.667094
0.187953
0.098985
0.052535
0.401971
0.766291
0.721628
0.690166
0.144460
0.848789
0.897436
0.117048
0.087602
0.658394
0.667094
0.127623
0.434080
0.603471
0.667094
0.704484
0.300471
0.199280
0.462365
0.264363
0.951979
0.346575
0.801128
0.891273
0.290658
0.727244
0.994555
0.069506
0.100580
0.922090
0.643949
0.829282
0.127623
0.779856
0.603471
0.922090
0.821730
0.766291
0.557828
0.028409
0.940331
0.549354
0.064431
0.505064
0.878466
0.907293
0.557828
0.891273
0.075538
0.255445
0.704484
0.163153
0.112510
0.549354
0.643949
0.667094
0.535389
0.787927
0.513281
0.884948
0.935597
0.312615
0.829282
0.535389
0.112510
0.580543
0.371333
0.597771
0.023508
0.043818
0.612135
0.350951
0.107244
0.612135
0.001059
0.429087
0.874110
0.793201
0.758020
0.801128
0.549354
0.814067
0.117048
0.329292
0.672823
0.491556
0.543791
0.549354
0.290658
0.557828
0.421575
0.667094
0.264363
0.088340
0.643949
0.867378
0.535389
0.192150
0.255445
0.236593
0.690166
0.940331
0.173237
0.994555
0.157114
0.441715
0.121744
0.808960
0.749684
0.643949
0.620815
0.884948
0.181158
0.387593
0.409279
0.068911
0.446787
0.913005
0.103042
0.907293
0.441715
0.340005
0.081393
0.801128
0.478214
0.040864
0.991213
0.566341
0.246759
0.264363
0.394742
0.027164
0.141156
0.199280
0.236593
0.483494
0.310521
0.901408
0.483494
0.779856
0.008597
0.290658
0.147829
0.406779
0.069506
0.580543
0.357661
0.429087
0.735726
0.414138
0.766291
0.836720
0.260793
0.169385
0.518727
0.147829
0.236593
0.690166
0.884948
0.667094
0.357661
0.527033
0.104694
0.096609
0.016293
0.505064
0.658394
0.350951
0.620815
0.446787
0.848789
0.008436
0.021859
0.727244
0.958545
0.808960
0.658394
0.681504
0.056256
0.557828
0.981075
0.566341
0.491556
0.713075
0.704484
0.848789
0.771705
0.971109
0.076183
0.848789
0.294528
0.441715
0.080707
0.690166
0.390021
0.626544
0.109849
0.867378
0.117048
0.266225
0.535389
0.829282
0.070668
0.713075
0.117048
0.255445
0.206623
0.491556
0.713075
0.836720
0.681504
0.144460
0.566341
0.513281
0.055312
0.907293
0.958545
0.491556
0.713075
0.018368
0.713075
0.787927
0.848789
0.704484
0.406779
0.016902
0.117048
0.112510
0.011974
0.269851
0.808960
0.922090
0.907293
0.681504
0.005578
0.016902
0.166886
0.704484
0.177160
0.962240
0.350951
0.891273
0.119859
0.199280
0.072465
0.557828
0.667094
0.483494
0.306500
0.527033
0.779856
0.836720
0.457201
0.658394
0.127623
0.454542
0.187953
0.075538
0.255445
0.808960
0.103042
0.836720
0.491556
0.557828
0.907293
0.907293
0.281082
0.997586
0.409279
0.255445
0.107244
0.589144
0.965738
0.690166
0.449423
0.061772
0.329292
0.375911
0.652656
0.922090
0.563435
0.962240
0.721628
0.260793
0.891273
0.535389
0.557828
0.535389
0.907293
0.947760
0.010009
0.635244
0.589144
0.594827
0.681504
0.513281
0.594827
0.884948
0.947760
0.855893
0.231634
0.109849
0.658394
0.199280
0.649688
0.436675
0.962240
0.527033
0.962240
0.958545
0.513281
0.194957
0.626544
0.635244
0.635244
0.675784
0.658394
0.300471
0.718717
0.401971
0.258960
0.612135
0.695863
0.643949
0.505064
0.019768
0.690166
0.727244
0.001540
0.364456
0.727244
0.181158
0.612135
0.787927
0.100580
0.017063
0.913005
0.735726
0.100580
0.135818
0.499678
0.215763
0.350951
0.991213
0.228410
0.022466
0.008597
0.088340
0.020886
0.294528
0.967937
0.079397
0.306500
0.513281
0.215763
0.727244
0.250182
0.020692
0.681504
0.704484
0.179787
0.462365
0.971109
0.478214
0.147829
0.024158
0.589144
0.441715
0.053907
0.808960
0.549354
0.874110
0.478214
0.454542
0.874110
0.535389
0.003850
0.801128
0.183833
0.194957
0.434080
0.907293
0.322949
0.643949
0.306500
0.535389
0.626544
0.927324
0.922090
0.836720
0.067775
0.449423
0.322949
0.829282
0.340005
0.070668
0.103042
0.037099
0.927324
0.414138
0.962240
0.891273
0.962240
0.727244
0.521553
0.018368
0.003738
0.771705
0.922090
0.072465
0.390021
0.779856
0.681504
0.429087
0.951979
0.513281
0.057717
0.002189
0.521553
0.082732
0.014305
0.187953
0.449423
0.913005
0.681504
0.483494
0.177160
0.681504
0.620815
0.401971
0.940331
0.962240
0.994555
0.779856
0.527033
0.267971
0.362130
0.527033
0.470257
0.787927
0.841556
0.088340
0.589144
0.821730
0.930673
0.177160
0.387593
0.109849
0.727244
0.491556
0.380525
0.414138
0.312615
0.401971
0.163153
0.049040
0.446787
0.409279
0.082732
0.165605
0.981075
0.829282
0.984769
0.109849
0.401971
0.496903
0.181158
0.916674
0.984769
0.387593
0.713075
0.306500
0.429087
0.603471
0.649688
0.000109
0.288671
0.951979
0.527033
0.535389
0.984769
0.470257
0.183833
0.109849
0.260793
0.855893
0.836720
0.387593
0.513281
0.067775
0.557828
0.063362
0.848789
0.236593
0.153566
0.907293
0.603471
0.329292
0.454542
0.681504
0.421575
0.194957
0.147829
0.284858
0.002255
0.821730
0.470257
0.735726
0.855893
0.597771
0.368979
0.059212
0.848789
0.300471
0.505064
0.667094
0.681504
0.441715
0.228410
0.808960
0.025274
0.779856
0.848789
0.779856
0.228410
0.144460
0.695863
0.518727
0.874110
0.306500
0.255445
0.603471
0.206623
0.626544
0.867378
0.829282
0.620815
0.070668
0.275424
0.220452
0.150086
0.084092
0.984769
0.350951
0.483494
0.055312
0.017063
0.187953
0.971109
0.007593
0.470257
0.441715
0.758020
0.994555
0.316692
0.958545
0.063362
0.594827
0.635244
0.203680
0.499678
