0.491556
0.462365
0.907293
0.667094
0.322949
0.721628
0.105557
0.269851
0.245003
0.821730
0.033659
0.571972
0.409279
0.132684
0.922090
0.462365
0.255445
0.521553
0.758020
0.475494
0.535389
0.884948
0.649688
0.505064
0.187953
0.916674
0.589144
0.829282
0.340005
0.103042
0.007815
0.916674
0.483494
0.281082
0.251967
0.467559
0.177160
0.475494
0.434080
0.518727
0.808960
0.080707
0.808960
0.357661
0.620815
0.695863
0.829282
0.814067
0.801128
0.070668
0.867378
0.658394
0.181158
0.901408
0.382926
0.884948
0.730141
0.436675
0.695863
0.681504
0.021268
0.649688
0.617854
0.098985
0.735726
0.535389
0.971109
0.867378
0.603471
0.072465
0.199280
0.913005
0.141156
0.322949
0.206623
0.848789
0.594827
0.951979
0.549354
0.589144
0.371333
0.414138
0.357661
0.518727
0.658394
0.821730
0.635244
0.704484
0.446787
0.951979
0.801128
0.922090
0.829282
0.340005
0.612135
0.675784
0.483494
0.086192
0.603471
0.306500
0.329292
0.978604
0.612135
0.589144
0.744157
0.922090
0.112510
0.062816
0.144460
0.105557
0.069506
0.513281
0.749684
0.527033
0.491556
0.779856
0.962240
0.758020
0.695863
0.947760
0.414138
0.228410
0.449423
0.290658
0.449423
0.907293
0.557828
0.382926
0.231634
0.350951
0.491556
0.617854
0.008847
0.357661
0.574890
0.294528
0.543791
0.841556
0.357661
0.626544
0.540922
0.667094
0.758020
0.549354
0.426518
0.901408
0.543791
0.382926
0.549354
0.612135
0.589144
0.132684
0.907293
0.848789
0.922090
0.801128
0.774492
0.394742
0.940331
0.974087
0.681504
0.279144
0.513281
0.300471
0.841556
0.449423
0.841556
0.483494
0.173237
0.211153
0.491556
0.667094
0.795913
0.749684
0.144460
0.787927
0.907293
0.603471
0.505064
0.766291
0.603471
0.744157
0.836720
0.017063
0.891273
0.801128
0.236593
0.779856
0.617854
0.672823
0.874110
0.735726
0.984769
0.153566
0.860501
0.166886
0.947760
0.907293
0.024596
0.491556
0.643949
0.499678
0.223587
0.135818
0.535389
0.787927
0.643949
0.758020
0.228410
0.681504
0.382926
0.470257
0.649688
0.958545
0.022258
0.681504
0.098985
0.563435
0.483494
0.787927
0.521553
0.589144
0.344325
0.603471
0.513281
0.635244
0.333520
0.421575
0.096609
0.421575
0.801128
0.603471
0.962240
0.401971
0.658394
0.913005
0.306500
0.036127
0.260793
0.000092
0.713075
0.206623
0.991213
0.566341
0.816691
0.096609
0.867378
0.058699
0.462365
0.787927
0.084803
0.163153
0.991213
0.821730
0.018883
0.681504
0.218844
0.429087
0.223587
0.446787
0.045761
0.735726
0.496903
0.357661
0.829282
0.040864
0.390021
0.635244
0.901408
0.836720
0.713075
0.749684
0.589144
0.658394
0.771705
0.070668
0.978604
0.848789
0.203680
0.996919
0.421575
0.603471
0.808960
0.557828
0.202171
0.269851
0.884948
0.441715
0.002020
0.549354
0.364456
0.808960
0.294528
0.566341
0.364456
0.218844
0.045761
0.994555
0.549354
0.483494
0.080707
0.766291
0.907293
0.836720
0.135818
0.421575
0.962240
0.264363
0.223587
0.971109
0.505064
0.079397
0.766291
0.063362
0.658394
0.346575
0.612135
0.958545
0.109849
0.571972
0.119859
0.713075
0.635244
0.667094
0.429087
0.698805
0.808960
0.108126
0.549354
0.016902
0.281082
0.475494
0.199280
0.571972
0.658394
0.499678
0.758020
0.635244
0.594827
0.549354
0.940331
0.124654
0.932372
0.090535
0.316692
0.867378
0.033071
0.241635
0.290658
0.855893
0.594827
0.841556
0.808960
0.557828
0.008197
0.483494
0.036127
0.103042
0.884948
0.052535
0.187953
0.449423
0.491556
0.322949
0.891273
0.535389
0.340005
0.978604
0.441715
0.139014
0.958545
0.848789
0.984769
0.821730
0.597771
0.364456
0.867378
0.801128
0.250182
0.821730
0.635244
0.935597
0.829282
0.028409
0.643949
0.117048
0.183833
0.552238
0.434080
0.672823
0.382926
0.690166
0.690166
0.027164
0.382926
0.434080
0.848789
0.978604
0.535389
0.454542
0.878466
0.513281
0.704484
0.867378
0.357661
0.626544
0.518727
0.192150
0.612135
0.429087
0.793201
0.580543
0.962240
0.867378
0.187953
0.316692
0.454542
0.713075
0.681504
0.518727
0.190711
0.793201
0.483494
0.962240
0.935597
0.166886
0.434080
0.026438
0.974087
0.513281
0.449423
0.322949
0.978604
0.848789
0.340005
0.333520
0.192150
0.394742
0.462365
0.505064
0.421575
0.829282
0.016293
0.016595
0.779856
0.984769
0.150086
0.029982
0.940331
0.284858
0.527033
0.922090
0.991213
0.907293
0.333520
0.940331
0.974087
0.350951
0.075538
0.880693
0.441715
0.290658
0.119859
0.414138
0.907293
0.571972
0.935597
0.166886
0.874110
0.333520
0.144460
0.635244
0.841556
0.951979
0.580543
0.340005
0.549354
0.681504
0.681504
0.202171
0.535389
0.901408
0.635244
0.316692
0.620815
0.441715
0.867378
0.758020
0.704484
0.922090
0.951979
0.203680
0.787927
0.635244
0.649688
0.986757
0.566341
0.549354
0.535389
0.617854
0.036127
0.215763
0.681504
0.499678
0.749684
0.177160
0.060217
0.394742
0.061772
0.829282
0.032771
0.580543
0.269851
0.203680
0.801128
0.978604
0.984769
0.779856
0.978604
0.421575
0.284858
0.672823
0.860501
0.215763
0.718717
0.571972
0.394742
0.718717
0.375911
0.064431
0.364456
0.077446
0.907293
0.808960
0.535389
0.499678
0.829282
0.916674
0.704484
0.491556
0.300471
0.801128
0.867378
0.848789
0.421575
0.836720
0.521553
0.718717
0.848789
0.114294
0.821730
0.421575
0.727244
0.483494
0.159490
0.891273
0.962240
0.226757
0.190711
0.000000
0.981075
0.643949
0.836720
0.535389
0.446787
0.907293
0.454542
0.867378
0.535389
0.491556
0.603471
0.066084
0.316692
0.441715
0.401971
0.166886
