0.848789
0.096609
0.965738
0.793201
0.580543
0.194957
0.441715
0.215763
0.549354
0.922090
0.275424
0.994555
0.258960
0.357661
0.535389
0.157114
0.727244
0.658394
0.394742
0.010298
0.312615
0.580543
0.077446
0.626544
0.475494
0.597771
0.187953
0.206623
0.346575
0.978604
0.626544
0.290658
0.279144
0.499678
0.264363
0.069506
0.907293
0.744157
0.922090
0.246759
0.978604
0.462365
0.250182
0.884948
0.884948
0.119859
0.535389
0.364456
0.194957
0.081393
0.795913
0.891273
0.269851
0.434080
0.884948
0.643949
0.279144
0.462365
0.375911
0.635244
0.414138
0.635244
0.829282
0.721628
0.735726
0.483494
0.758020
0.836720
0.163153
0.704484
0.111596
0.965738
0.935597
0.357661
0.327120
0.018368
0.470257
0.758020
0.690166
0.907293
0.333520
0.704484
0.269851
0.649688
0.264363
0.735726
0.470257
0.758020
0.109849
0.144460
0.549354
0.535389
0.690166
0.580543
0.947760
0.241635
0.066084
0.643949
0.483494
0.771705
0.250182
0.758020
0.322949
0.927324
0.057717
0.014305
0.322949
0.000899
0.115226
0.505064
0.808960
0.635244
0.958545
0.267971
0.449423
0.049040
0.597771
0.681504
0.146673
0.594827
0.505064
0.513281
0.434080
0.258960
0.580543
0.357661
0.046970
0.612135
0.984769
0.649688
0.375911
0.922090
0.290658
0.177160
0.010900
0.414138
0.927324
0.867378
0.589144
0.499678
0.306500
0.727244
0.350951
0.033659
0.316692
0.549354
0.566341
0.626544
0.940331
0.436675
0.375911
0.032199
0.043818
0.421575
0.766291
0.848789
0.141156
0.527033
0.491556
0.002950
0.557828
0.401971
0.612135
0.040864
0.521553
0.340005
0.580543
0.007168
0.045761
0.867378
0.758020
0.005162
0.612135
0.727244
0.681504
0.025274
0.055312
0.580543
0.521553
0.241635
0.940331
0.236593
0.891273
0.704484
0.947760
0.387593
0.096609
0.867378
0.549354
0.612135
0.816691
0.215763
0.223587
0.758020
0.727244
0.457201
0.935597
0.721628
0.394742
0.006511
0.940331
0.766291
0.649688
0.620815
0.109849
0.346575
0.491556
0.566341
0.166886
0.264363
0.390021
0.713075
0.997586
0.132684
0.072465
0.266225
0.394742
0.829282
0.984769
0.357661
0.860501
0.103042
0.860501
0.223587
0.333520
0.681504
0.779856
0.897436
0.713075
0.727244
0.672823
0.491556
0.667094
0.589144
0.808960
0.300471
0.974087
0.821730
0.690166
0.901408
0.075538
0.290658
0.260793
0.139014
0.036127
0.535389
0.306500
0.612135
0.053907
0.394742
0.967937
0.429087
0.597771
0.704484
0.144460
0.153566
0.401971
0.513281
0.640981
0.891273
0.335721
0.375911
0.947760
0.589144
0.033659
0.626544
0.880693
0.364456
0.368979
0.867378
0.779856
0.090535
0.129613
0.635244
0.499678
0.681504
0.306500
0.580543
0.907293
0.449423
0.505064
0.884948
0.092008
0.094284
0.012907
0.147829
0.667094
0.513281
0.166886
0.527033
0.867378
0.135818
0.829282
0.194957
0.884948
0.318816
0.353229
0.704484
0.787927
0.978604
0.340005
0.166886
0.322949
0.300471
0.884948
0.922090
0.658394
0.848789
0.357661
0.580543
0.246759
0.527033
0.690166
0.891273
0.527033
0.947760
0.163153
0.441715
0.557828
0.935597
0.643949
0.658394
0.867378
0.327120
0.119859
0.012670
0.962240
0.735726
0.829282
0.103042
0.603471
0.814067
0.793201
0.449423
0.758020
0.000187
0.589144
0.841556
0.580543
0.329292
0.306500
0.848789
0.667094
0.088340
0.090535
0.414138
0.322949
0.096609
0.449423
0.690166
0.007593
0.935597
0.284858
0.626544
0.997586
0.848789
0.269851
0.927324
0.571972
0.429087
0.454542
0.163153
0.505064
0.690166
0.194957
0.922090
0.414138
0.275424
0.574890
0.122729
0.916674
0.901408
0.421575
0.808960
0.836720
0.907293
0.947760
0.074303
0.690166
0.681504
0.150086
0.357661
0.801128
0.357661
0.821730
0.821730
0.758020
0.935597
0.535389
0.897436
0.535389
0.044980
0.727244
0.779856
0.597771
0.357661
0.462365
0.513281
0.166886
0.255445
0.535389
0.316692
0.322949
0.658394
0.690166
0.082732
0.255445
0.364456
0.580543
0.147829
0.041578
0.258960
0.735726
0.470257
0.007593
0.046970
0.357661
0.505064
0.574890
0.549354
0.017063
0.144460
0.306500
0.649688
0.690166
0.114294
0.064990
0.814067
0.749684
0.549354
0.758020
0.855893
0.094284
0.316692
0.566341
0.930673
0.589144
0.470257
0.735726
0.220452
0.603471
0.557828
0.566341
0.922090
0.635244
0.681504
0.635244
0.441715
0.735726
0.580543
0.635244
0.290658
0.150086
0.891273
0.566341
0.144460
0.462365
0.364456
0.269851
0.543791
0.090535
0.984769
0.922090
0.147829
0.155897
0.121744
0.878466
0.364456
0.037099
0.897436
0.997586
0.951979
0.867378
0.713075
0.821730
0.829282
0.841556
0.721628
0.382926
0.327120
0.947760
0.566341
0.144460
0.037099
0.984769
0.094284
0.922090
0.346575
0.406779
0.667094
0.940331
0.735726
0.394742
0.137917
0.081393
0.371333
0.787927
0.429087
0.821730
0.269851
0.202171
0.549354
0.779856
0.626544
0.779856
0.005013
0.454542
0.401971
0.406779
0.557828
0.927324
0.603471
0.496903
0.513281
0.296545
0.867378
0.617854
0.901408
0.166886
0.401971
0.010795
0.735726
0.922090
0.357661
0.658394
0.157114
0.867378
0.441715
0.421575
0.829282
0.368979
0.557828
0.094284
0.971109
0.040864
0.855893
0.296545
0.084803
0.922090
0.231634
0.426518
0.483494
0.907293
0.971109
0.340005
0.357661
0.704484
0.535389
0.346575
0.499678
0.231634
0.713075
0.557828
0.055312
0.050328
0.260793
0.024596
0.878466
0.173237
0.173237
0.571972
0.978604
0.199280
0.626544
0.704484
0.580543
0.589144
0.749684
0.483494
0.470257
0.173237
0.907293
0.947760
0.758020
0.566341
0.907293
