0.441715
0.848789
0.829282
0.241635
0.329292
0.112510
0.255445
0.035180
0.003455
0.816691
0.082732
0.635244
0.626544
0.203680
0.580543
0.766291
0.681504
0.034568
0.744157
0.067775
0.316692
0.907293
0.173237
0.399498
0.940331
0.816691
0.521553
0.483494
0.119859
0.223587
0.039801
0.077446
0.414138
0.032199
0.829282
0.067775
0.779856
0.947760
0.841556
0.978604
0.012907
0.166886
0.779856
0.808960
0.340005
0.026438
0.521553
0.991213
0.971109
0.557828
0.566341
0.935597
0.044980
0.779856
0.346575
0.421575
0.218844
0.153566
0.962240
0.658394
0.549354
0.316692
0.104694
0.421575
0.141156
0.816691
0.527033
0.340005
0.462365
0.626544
0.153566
0.713075
0.829282
0.695863
0.927324
0.787927
0.470257
0.394742
0.749684
0.758020
0.491556
0.462365
0.884948
0.441715
0.867378
0.086919
0.434080
0.549354
0.884948
0.454542
0.922090
0.891273
0.002324
0.462365
0.940331
0.075538
0.771705
0.401971
0.114294
0.535389
0.260793
0.269851
0.333520
0.557828
0.199280
0.571972
0.357661
0.571972
0.279144
0.051648
0.387593
0.543791
0.421575
0.387593
0.300471
0.848789
0.603471
0.704484
0.032199
0.758020
0.779856
0.077446
0.821730
0.635244
0.187953
0.848789
0.032199
0.203680
0.264363
0.241635
0.981075
0.409279
0.454542
0.496903
0.557828
0.841556
0.681504
0.429087
0.001027
0.594827
0.449423
0.008436
0.160731
0.891273
0.246759
0.228410
0.543791
0.658394
0.940331
0.397198
0.483494
0.109849
0.612135
0.735726
0.956001
0.935597
0.203680
0.290658
0.922090
0.103042
0.927324
0.529876
0.112510
0.241635
0.454542
0.771705
0.121744
0.329292
0.124654
0.658394
0.597771
0.457201
0.462365
0.401971
0.916674
0.860501
0.589144
0.771705
0.483494
0.166886
0.306500
0.104694
0.290658
0.848789
0.787927
0.801128
0.951979
0.169385
0.401971
0.153566
0.436675
0.867378
0.228410
0.779856
0.042685
0.672823
0.414138
0.958545
0.557828
0.927324
0.801128
0.483494
0.867378
0.681504
0.574890
0.340005
0.114294
0.801128
0.329292
0.971109
0.434080
0.290658
0.658394
0.290658
0.713075
0.000804
0.635244
0.758020
0.387593
0.255445
0.672823
0.947760
0.681504
0.003099
0.566341
0.779856
0.793201
0.001059
0.035500
0.163153
0.940331
0.130653
0.971109
0.394742
0.978604
0.375911
0.483494
0.375911
0.713075
0.051648
0.978604
0.353229
0.258960
0.406779
0.681504
0.029186
0.884948
0.758020
0.891273
0.478214
0.713075
0.042685
0.801128
0.300471
0.000037
0.758020
0.766291
0.836720
0.397198
0.236593
0.690166
0.612135
0.233315
0.513281
0.884948
0.612135
0.635244
0.552238
0.153566
0.119859
0.016595
0.704484
0.643949
0.294528
0.401971
0.935597
0.727244
0.441715
0.094284
0.483494
0.848789
0.713075
0.107244
0.557828
0.454542
0.695863
0.793201
0.505064
0.401971
0.236593
0.907293
0.429087
0.387593
0.401971
0.935597
0.787927
0.340005
0.316692
0.695863
0.907293
0.681504
0.306500
0.658394
0.603471
0.096609
0.429087
0.721628
0.535389
0.040864
0.874110
0.787927
0.735726
0.357661
0.874110
0.940331
0.766291
0.758020
0.727244
0.312615
0.978604
0.199280
0.034568
0.462365
0.874110
0.021859
0.333520
0.375911
0.643949
0.107244
0.051648
0.163153
0.375911
0.434080
0.203680
0.382926
0.004288
0.496903
0.000411
0.681504
0.549354
0.704484
0.499678
0.470257
0.119859
0.000106
0.364456
0.787927
0.491556
0.922090
0.215763
0.042685
0.414138
0.874110
0.269851
0.449423
0.704484
0.340005
0.017543
0.527033
0.304435
0.013654
0.981075
0.766291
0.801128
0.462365
0.758020
0.626544
0.681504
0.643949
0.491556
0.922090
0.860501
0.758020
0.829282
0.735726
0.574890
0.119859
0.884948
0.884948
0.808960
0.695863
0.005687
0.986757
0.084803
0.658394
0.808960
0.441715
0.264363
0.758020
0.984769
0.406779
0.166886
0.255445
0.013276
0.848789
0.296545
0.020886
0.549354
0.626544
0.913005
0.617854
0.690166
0.390021
0.107244
0.382926
0.867378
0.922090
0.012670
0.375911
0.096609
0.441715
0.649688
0.513281
0.082732
0.483494
0.713075
0.999575
0.947760
0.787927
0.080707
0.043429
0.935597
0.357661
0.049040
0.483494
0.096609
0.643949
0.401971
0.290658
0.974087
0.821730
0.521553
0.264363
0.441715
0.020320
0.470257
0.003193
0.434080
0.971109
0.518727
0.735726
0.675784
0.958545
0.916674
0.441715
0.100580
0.927324
0.612135
0.867378
0.483494
0.226757
0.841556
0.566341
0.457201
0.690166
0.808960
0.264363
0.387593
0.527033
0.394742
0.333520
0.409279
0.215763
0.779856
0.414138
0.350951
0.727244
0.801128
0.935597
0.672823
0.704484
0.446787
0.841556
0.284858
0.223587
0.483494
0.077446
0.306500
0.552238
0.357661
0.340005
0.612135
0.003559
0.023508
0.063362
0.958545
0.848789
0.312615
0.808960
0.478214
0.891273
0.236593
0.483494
0.867378
0.884948
0.901408
0.816691
0.649688
0.434080
0.129613
0.300471
0.300471
0.829282
0.340005
0.032771
0.974087
0.421575
0.327120
0.913005
0.177160
0.658394
0.357661
0.073672
0.667094
0.163153
0.382926
0.603471
0.441715
0.375911
0.038764
0.208158
0.667094
0.867378
0.808960
0.787927
0.635244
0.124654
0.275424
0.779856
0.017378
0.380525
0.146673
0.513281
0.096609
0.922090
0.382926
0.597771
0.312615
0.940331
0.084803
0.836720
0.557828
0.434080
0.129613
0.147829
0.457201
0.170690
0.255445
0.535389
0.984769
0.695863
0.491556
0.426518
0.535389
0.457201
0.758020
0.050328
0.223587
0.571972
0.991213
0.626544
0.947760
0.279144
0.855893
0.727244
0.100580
0.922090
0.771705
0.049886
0.727244
0.735726
0.449423
0.612135
0.658394
0.744157
0.269851
