0.434080
0.735726
0.704484
0.406779
0.322949
0.626544
0.612135
0.475494
0.005262
0.105557
0.421575
0.681504
0.779856
0.333520
0.124654
0.260793
0.306500
0.382926
0.073672
0.429087
0.478214
0.194957
0.344325
0.658394
0.000890
0.088340
0.589144
0.978604
0.535389
0.603471
0.907293
0.580543
0.801128
0.589144
0.658394
0.394742
0.884948
0.329292
0.147829
0.513281
0.173237
0.620815
0.848789
0.290658
0.310521
0.690166
0.183833
0.429087
0.231634
0.766291
0.695863
0.166886
0.236593
0.635244
0.816691
0.779856
0.801128
0.594827
0.141156
0.124654
0.626544
0.316692
0.672823
0.421575
0.183833
0.681504
0.940331
0.816691
0.841556
0.053907
0.574890
0.300471
0.749684
0.612135
0.626544
0.535389
0.483494
0.891273
0.011974
0.927324
0.107244
0.449423
0.848789
0.643949
0.255445
0.483494
0.496903
0.994555
0.758020
0.096609
0.901408
0.462365
0.166886
0.971109
0.962240
0.121744
0.401971
0.147829
0.779856
0.092008
0.891273
0.496903
0.401971
0.394742
0.350951
0.808960
0.727244
0.643949
0.922090
0.758020
0.505064
0.228410
0.626544
0.084803
0.218844
0.181158
0.779856
0.322949
0.681504
0.658394
0.947760
0.499678
0.475494
0.211153
0.801128
0.535389
0.978604
0.350951
0.127623
0.483494
0.218844
0.635244
0.491556
0.409279
0.690166
0.580543
0.884948
0.766291
0.543791
0.635244
0.032199
0.250182
0.801128
0.513281
0.951979
0.667094
0.197797
0.421575
0.557828
0.177160
0.620815
0.061772
0.891273
0.867378
0.603471
0.333520
0.681504
0.986757
0.779856
0.571972
0.704484
0.478214
0.269851
0.401971
0.535389
0.996919
0.901408
0.962240
0.078727
0.070668
0.867378
0.795913
0.787927
0.549354
0.306500
0.258960
0.434080
0.897436
0.414138
0.727244
0.088340
0.346575
0.867378
0.052535
0.681504
0.491556
0.375911
0.580543
0.231634
0.667094
0.077446
0.557828
0.874110
0.300471
0.848789
0.187953
0.855893
0.126604
0.449423
0.635244
0.183833
0.841556
0.571972
0.491556
0.310521
0.766291
0.310521
0.084803
0.250182
0.483494
0.626544
0.695863
0.157114
0.626544
0.901408
0.153566
0.462365
0.179787
0.841556
0.284858
0.779856
0.496903
0.000359
0.667094
0.787927
0.808960
0.727244
0.867378
0.549354
0.153566
0.382926
0.228410
0.672823
0.787927
0.947760
0.841556
0.557828
0.922090
0.434080
0.173237
0.557828
0.527033
0.521553
0.962240
0.658394
0.658394
0.860501
0.801128
0.483494
0.454542
0.094284
0.192150
0.808960
0.137917
0.153566
0.020320
0.749684
0.505064
0.129613
0.441715
0.612135
0.344325
0.135818
0.255445
0.535389
0.499678
0.340005
0.801128
0.441715
0.907293
0.971109
0.333520
0.626544
0.718717
0.203680
0.672823
0.744157
0.735726
0.727244
0.049040
0.521553
0.808960
0.346575
0.382926
0.667094
0.165605
0.779856
0.867378
0.884948
0.829282
0.281082
0.513281
0.300471
0.394742
0.364456
0.414138
0.758020
0.112510
0.808960
0.310521
0.549354
0.744157
0.290658
0.557828
0.382926
0.045761
0.346575
0.441715
0.505064
0.808960
0.986757
0.667094
0.916674
0.727244
0.836720
0.010106
0.117048
0.322949
0.446787
0.907293
0.690166
0.211153
0.255445
0.947760
0.491556
0.749684
0.333520
0.005110
0.727244
0.704484
0.223587
0.505064
0.543791
0.340005
0.672823
0.884948
0.098170
0.981075
0.612135
0.704484
0.549354
0.821730
0.713075
0.867378
0.535389
0.357661
0.808960
0.848789
0.649688
0.014985
0.322949
0.109849
0.173237
0.635244
0.735726
0.067775
0.057717
0.031348
0.306500
0.801128
0.965738
0.947760
0.103042
0.260793
0.344325
0.891273
0.841556
0.808960
0.153566
0.002082
0.491556
0.521553
0.322949
0.380525
0.675784
0.901408
0.713075
0.808960
0.571972
0.735726
0.816691
0.414138
0.730141
0.998868
0.901408
0.028409
0.884948
0.496903
0.922090
0.884948
0.139014
0.735726
0.978604
0.603471
0.061772
0.549354
0.947760
0.749684
0.727244
0.032199
0.434080
0.690166
0.994555
0.346575
0.690166
0.211153
0.521553
0.344325
0.649688
0.721628
0.535389
0.236593
0.771705
0.491556
0.667094
0.557828
0.713075
0.603471
0.316692
0.454542
0.521553
0.187953
0.108126
0.211153
0.713075
0.580543
0.860501
0.981075
0.808960
0.375911
0.635244
0.057717
0.589144
0.589144
0.112510
0.821730
0.141156
0.690166
0.962240
0.052535
0.364456
0.922090
0.874110
0.758020
0.246759
0.015409
0.056256
0.603471
0.275424
0.951979
0.203680
0.978604
0.721628
0.808960
0.891273
0.124654
0.808960
0.704484
0.387593
0.513281
0.597771
0.199280
0.159490
0.927324
0.635244
0.491556
0.589144
0.028409
0.079397
0.603471
0.039801
0.072465
0.766291
0.771705
0.241635
0.475494
0.527033
0.681504
0.829282
0.681504
0.801128
0.758020
0.294528
0.037099
0.290658
0.462365
0.478214
0.521553
0.984769
0.752533
0.787927
0.841556
0.557828
0.962240
0.036127
0.454542
0.214182
0.962240
0.913005
0.008197
0.829282
0.406779
0.290658
0.070668
0.787927
0.169385
0.000937
0.513281
0.922090
0.580543
0.344325
0.076791
0.491556
0.971109
0.340005
0.454542
0.491556
0.421575
0.245003
0.053907
0.199280
0.421575
0.364456
0.135818
0.612135
0.735726
0.496903
0.035180
0.316692
0.449423
0.462365
0.018706
0.382926
0.749684
0.836720
0.163153
0.269851
0.836720
0.947760
0.233315
0.880693
0.935597
0.735726
0.505064
0.021268
0.901408
0.690166
0.626544
0.241635
0.279144
0.316692
0.441715
0.368979
0.362130
0.635244
0.626544
0.192150
0.199280
0.867378
0.626544
0.649688
0.068911
0.241635
0.300471
0.727244
0.758020
0.194957
0.013276
0.387593
0.681504
0.329292
0.771705
0.766291
0.821730
0.672823
0.032199
