0.771705
0.380525
0.612135
0.566341
0.300471
0.177160
0.535389
0.594827
0.255445
0.518727
0.771705
0.010298
0.779856
0.357661
0.090535
0.322949
0.218844
0.000241
0.483494
0.496903
0.132684
0.808960
0.771705
0.434080
0.061772
0.211153
0.421575
0.603471
0.557828
0.103042
0.163153
0.322949
0.672823
0.074303
0.907293
0.394742
0.166886
0.907293
0.236593
0.808960
0.808960
0.382926
0.884948
0.322949
0.449423
0.801128
0.681504
0.821730
0.749684
0.801128
0.483494
0.521553
0.039801
0.658394
0.306500
0.350951
0.735726
0.690166
0.344325
0.098170
0.368979
0.163153
0.901408
0.079397
0.930673
0.580543
0.183833
0.675784
0.068911
0.795913
0.891273
0.901408
0.901408
0.103042
0.449423
0.901408
0.779856
0.580543
0.940331
0.449423
0.801128
0.922090
0.698805
0.017866
0.177160
0.294528
0.766291
0.079397
0.771705
0.426518
0.571972
0.787927
0.672823
0.401971
0.340005
0.557828
0.821730
0.658394
0.620815
0.357661
0.281082
0.535389
0.001027
0.135818
0.867378
0.695863
0.187953
0.947760
0.978604
0.375911
0.245003
0.603471
0.429087
0.107244
0.617854
0.658394
0.179787
0.713075
0.681504
0.793201
0.713075
0.462365
0.203680
0.010298
0.380525
0.290658
0.215763
0.958545
0.401971
0.535389
0.132684
0.947760
0.721628
0.612135
0.836720
0.144460
0.626544
0.126604
0.357661
0.199280
0.260793
0.496903
0.922090
0.357661
0.434080
0.513281
0.649688
0.096609
0.079397
0.483494
0.821730
0.194957
0.626544
0.855893
0.580543
0.153566
0.012907
0.958545
0.690166
0.935597
0.483494
0.518727
0.513281
0.310521
0.617854
0.496903
0.446787
0.157114
0.296545
0.927324
0.382926
0.127623
0.991213
0.421575
0.801128
0.449423
0.109849
0.483494
0.199280
0.779856
0.589144
0.667094
0.927324
0.275424
0.394742
0.434080
0.690166
0.306500
0.749684
0.241635
0.991213
0.346575
0.935597
0.316692
0.771705
0.028409
0.535389
0.793201
0.362130
0.940331
0.829282
0.449423
0.927324
0.816691
0.306500
0.290658
0.483494
0.984769
0.357661
0.617854
0.421575
0.250182
0.779856
0.922090
0.580543
0.867378
0.535389
0.984769
0.580543
0.290658
0.557828
0.713075
0.483494
0.848789
0.118894
0.414138
0.483494
0.203680
0.296545
0.962240
0.290658
0.758020
0.414138
0.357661
0.322949
0.000215
0.491556
0.187953
0.441715
0.801128
0.275424
0.426518
0.024596
0.557828
0.454542
0.947760
0.375911
0.103042
0.406779
0.816691
0.787927
0.589144
0.236593
0.821730
0.884948
0.922090
0.874110
0.907293
0.922090
0.571972
0.084803
0.841556
0.649688
0.371333
0.612135
0.779856
0.922090
0.103042
0.475494
0.808960
0.897436
0.535389
0.406779
0.940331
0.211153
0.597771
0.284858
0.401971
0.421575
0.449423
0.951979
0.421575
0.829282
0.855893
0.062816
0.296545
0.211153
0.947760
0.020320
0.793201
0.300471
0.821730
0.557828
0.147829
0.603471
0.470257
0.690166
0.884948
0.829282
0.626544
0.394742
0.121744
0.441715
0.246759
0.787927
0.658394
0.704484
0.727244
0.124654
0.891273
0.874110
0.255445
0.867378
0.690166
0.269851
0.346575
0.901408
0.350951
0.223587
0.829282
0.935597
0.255445
0.483494
0.597771
0.008197
0.771705
0.744157
0.690166
0.350951
0.192150
0.927324
0.779856
0.543791
0.999892
0.135818
0.008597
0.735726
0.269851
0.779856
0.884948
0.922090
0.594827
0.316692
0.836720
0.269851
0.429087
0.147829
0.119859
0.594827
0.211153
0.414138
0.483494
0.026438
0.704484
0.375911
0.698805
0.841556
0.771705
0.496903
0.153566
0.635244
0.801128
0.020320
0.681504
0.316692
0.612135
0.294528
0.394742
0.848789
0.462365
0.316692
0.449423
0.848789
0.626544
0.971109
0.557828
0.017543
0.758020
0.211153
0.527033
0.986757
0.735726
0.264363
0.183833
0.779856
0.211153
0.907293
0.816691
0.704484
0.594827
0.978604
0.401971
0.594827
0.375911
0.704484
0.735726
0.580543
0.132684
0.300471
0.294528
0.884948
0.364456
0.855893
0.735726
0.491556
0.357661
0.563435
0.109849
0.236593
0.848789
0.978604
0.735726
0.163153
0.470257
0.092778
0.084803
0.617854
0.617854
0.971109
0.801128
0.667094
0.236593
0.991213
0.284858
0.449423
0.246759
0.855893
0.855893
0.995551
0.962240
0.108126
0.281082
0.364456
0.290658
0.878466
0.801128
0.787927
0.505064
0.518727
0.147829
0.713075
0.434080
0.801128
0.021268
0.294528
0.758020
0.250182
0.758020
0.258960
0.758020
0.245003
0.496903
0.589144
0.771705
0.557828
0.449423
0.901408
0.239907
0.187953
0.269851
0.362130
0.940331
0.020320
0.406779
0.049040
0.658394
0.434080
0.409279
0.744157
0.984769
0.672823
0.829282
0.922090
0.571972
0.787927
0.434080
0.549354
0.744157
0.357661
0.635244
0.003455
0.841556
0.382926
0.658394
0.841556
0.316692
0.157114
0.080707
0.080707
0.012907
0.406779
0.074303
0.779856
0.603471
0.491556
0.667094
0.626544
0.206623
0.294528
0.368979
0.269851
0.589144
0.704484
0.001828
0.454542
0.135818
0.344325
0.913005
0.626544
0.658394
0.163153
0.649688
0.375911
0.187953
0.449423
0.620815
0.771705
0.304435
0.177160
0.994555
0.836720
0.406779
0.672823
0.951979
0.073672
0.829282
0.940331
0.129613
0.829282
0.749684
0.340005
0.414138
0.994555
0.713075
0.070668
0.635244
0.721628
0.163153
0.462365
0.727244
0.364456
0.269851
0.141156
0.612135
0.991213
0.215763
0.137917
0.749684
0.962240
0.267971
0.626544
0.483494
0.000516
0.155897
0.808960
0.978604
0.441715
0.250182
0.022258
0.001421
0.124654
0.594827
0.808960
0.505064
0.658394
0.848789
0.475494
0.527033
0.491556
0.312615
0.667094
0.589144
0.841556
0.401971
0.603471
0.037099
