0.935597
0.394742
0.867378
0.884948
0.340005
0.119859
0.884948
0.681504
0.801128
0.779856
0.891273
0.357661
0.749684
0.153566
0.571972
0.758020
0.387593
0.667094
0.672823
0.080707
0.103042
0.434080
0.187953
0.808960
0.727244
0.039801
0.557828
0.848789
0.382926
0.922090
0.255445
0.589144
0.744157
0.884948
0.907293
0.045761
0.009016
0.675784
0.394742
0.350951
0.375911
0.749684
0.306500
0.704484
0.513281
0.050328
0.157114
0.571972
0.860501
0.279144
0.735726
0.713075
0.793201
0.304435
0.962240
0.000366
0.505064
0.066084
0.535389
0.643949
0.103042
0.421575
0.916674
0.114294
0.557828
0.612135
0.808960
0.580543
0.045761
0.333520
0.612135
0.362130
0.744157
0.643949
0.978604
0.557828
0.394742
0.801128
0.971109
0.064431
0.821730
0.211153
0.194957
0.935597
0.518727
0.434080
0.658394
0.449423
0.901408
0.215763
0.457201
0.801128
0.401971
0.316692
0.441715
0.557828
0.848789
0.215763
0.744157
0.346575
0.306500
0.612135
0.978604
0.491556
0.735726
0.874110
0.771705
0.346575
0.836720
0.275424
0.695863
0.368979
0.658394
0.984769
0.635244
0.144460
0.521553
0.375911
0.279144
0.086192
0.535389
0.597771
0.922090
0.194957
0.978604
0.187953
0.030798
0.279144
0.035500
0.867378
0.658394
0.967937
0.049040
0.421575
0.368979
0.496903
0.549354
0.340005
0.867378
0.264363
0.874110
0.394742
0.940331
0.505064
0.620815
0.635244
0.612135
0.580543
0.727244
0.094284
0.808960
0.357661
0.066084
0.603471
0.626544
0.231634
0.329292
0.401971
0.008354
0.667094
0.441715
0.081393
0.891273
0.612135
0.394742
0.421575
0.626544
0.250182
0.635244
0.000036
0.003289
0.771705
0.597771
0.816691
0.177160
0.312615
0.848789
0.340005
0.672823
0.350951
0.535389
0.491556
0.496903
0.695863
0.390021
0.718717
0.713075
0.690166
0.124654
0.173237
0.139014
0.513281
0.206623
0.236593
0.173237
0.269851
0.801128
0.441715
0.681504
0.260793
0.721628
0.231634
0.580543
0.735726
0.935597
0.000946
0.829282
0.549354
0.549354
0.014305
0.612135
0.874110
0.597771
0.535389
0.350951
0.891273
0.382926
0.177160
0.075538
0.357661
0.364456
0.409279
0.589144
0.013276
0.153566
0.483494
0.483494
0.183833
0.057717
0.231634
0.749684
0.077446
0.357661
0.275424
0.580543
0.039801
0.779856
0.704484
0.505064
0.017866
0.382926
0.771705
0.275424
0.704484
0.940331
0.483494
0.721628
0.635244
0.002808
0.727244
0.098985
0.429087
0.014305
0.483494
0.874110
0.884948
0.043818
0.549354
0.603471
0.074303
0.513281
0.026438
0.704484
0.967937
0.284858
0.426518
0.557828
0.475494
0.281082
0.787927
0.758020
0.019768
0.891273
0.907293
0.449423
0.322949
0.626544
0.787927
0.306500
0.672823
0.935597
0.112510
0.958545
0.387593
0.878466
0.635244
0.901408
0.446787
0.836720
0.046970
0.771705
0.891273
0.088340
0.984769
0.658394
0.105557
0.690166
0.387593
0.346575
0.986757
0.855893
0.394742
0.340005
0.187953
0.758020
0.521553
0.649688
0.192150
0.981075
0.848789
0.119859
0.916674
0.491556
0.382926
0.821730
0.841556
0.981075
0.160731
0.421575
0.787927
0.620815
0.543791
0.441715
0.549354
0.947760
0.364456
0.368979
0.008847
0.801128
0.454542
0.306500
0.421575
0.880693
0.612135
0.549354
0.978604
0.483494
0.848789
0.269851
0.649688
0.878466
0.626544
0.766291
0.103042
0.749684
0.690166
0.491556
0.779856
0.322949
0.000433
0.779856
0.401971
0.310521
0.744157
0.454542
0.236593
0.626544
0.543791
0.643949
0.787927
0.749684
0.072465
0.816691
0.505064
0.255445
0.787927
0.566341
0.884948
0.109849
0.635244
0.357661
0.057717
0.635244
0.194957
0.026438
0.371333
0.829282
0.478214
0.206623
0.037752
0.612135
0.434080
0.589144
0.986757
0.897436
0.051648
0.499678
0.194957
0.848789
0.340005
0.566341
0.333520
0.429087
0.310521
0.901408
0.505064
0.704484
0.421575
0.170690
0.199280
0.681504
0.312615
0.513281
0.580543
0.236593
0.304435
0.681504
0.300471
0.107244
0.922090
0.787927
0.721628
0.874110
0.589144
0.382926
0.681504
0.127623
0.848789
0.470257
0.491556
0.543791
0.891273
0.434080
0.681504
0.197797
0.100580
0.421575
0.635244
0.897436
0.269851
0.981075
0.721628
0.727244
0.163153
0.766291
0.368979
0.612135
0.727244
0.462365
0.241635
0.009104
0.713075
0.012548
0.589144
0.808960
0.462365
0.860501
0.829282
0.735726
0.913005
0.250182
0.727244
0.649688
0.727244
0.848789
0.353229
0.160731
0.000779
0.296545
0.884948
0.735726
0.491556
0.874110
0.658394
0.589144
0.779856
0.635244
0.603471
0.192150
0.499678
0.935597
0.543791
0.829282
0.177160
0.589144
0.518727
0.045761
0.535389
0.019768
0.269851
0.322949
0.027908
0.681504
0.454542
0.394742
0.250182
0.643949
0.771705
0.491556
0.340005
0.594827
0.462365
0.117048
0.053907
0.011425
0.658394
0.603471
0.735726
0.704484
0.672823
0.940331
0.951979
0.821730
0.203680
0.255445
0.658394
0.491556
0.124654
0.027164
0.907293
0.421575
0.901408
0.535389
0.155897
0.698805
0.037752
0.163153
0.375911
0.612135
0.735726
0.316692
0.190711
0.667094
0.245003
0.329292
0.998868
0.594827
0.215763
0.801128
0.690166
0.535389
0.940331
0.907293
0.774492
0.483494
0.441715
0.935597
0.002324
0.801128
0.199280
0.279144
0.246759
0.421575
0.017866
0.574890
0.535389
0.159490
0.594827
0.540922
0.543791
0.971109
0.470257
0.073672
0.814067
0.829282
0.322949
0.045761
0.620815
0.141156
0.922090
0.340005
0.215763
0.535389
0.300471
0.241635
0.258960
0.940331
0.124654
0.000077
0.094284
0.135818
0.735726
0.414138
0.104694
0.884948
0.246759
