0.316692
0.681504
0.100580
0.867378
0.401971
0.414138
0.744157
0.620815
0.150086
0.667094
0.580543
0.801128
0.667094
0.727244
0.801128
0.557828
0.255445
0.505064
0.771705
0.557828
0.935597
0.907293
0.667094
0.269851
0.848789
0.958545
0.441715
0.962240
0.971109
0.462365
0.394742
0.390021
0.649688
0.735726
0.758020
0.269851
0.580543
0.557828
0.382926
0.874110
0.001922
0.454542
0.667094
0.635244
0.290658
0.346575
0.117048
0.566341
0.793201
0.114294
0.690166
0.681504
0.617854
0.612135
0.179787
0.658394
0.223587
0.241635
0.635244
0.175815
0.364456
0.690166
0.029982
0.658394
0.068911
0.557828
0.649688
0.927324
0.787927
0.848789
0.441715
0.066084
0.290658
0.236593
0.658394
0.612135
0.441715
0.357661
0.284858
0.986757
0.867378
0.527033
0.935597
0.758020
0.667094
0.322949
0.056256
0.039801
0.294528
0.103042
0.848789
0.884948
0.721628
0.194957
0.635244
0.891273
0.010298
0.658394
0.821730
0.974087
0.364456
0.505064
0.255445
0.357661
0.635244
0.382926
0.284858
0.774492
0.997586
0.626544
0.821730
0.978604
0.153566
0.704484
0.203680
0.202171
0.884948
0.072465
0.913005
0.667094
0.940331
0.051648
0.874110
0.109849
0.004372
0.159490
0.320806
0.821730
0.848789
0.930673
0.721628
0.626544
0.394742
0.727244
0.088340
0.241635
0.112510
0.808960
0.971109
0.119859
0.329292
0.589144
0.672823
0.848789
0.984769
0.891273
0.322949
0.922090
0.215763
0.855893
0.046970
0.557828
0.951979
0.035500
0.183833
0.462365
0.626544
0.540922
0.643949
0.612135
0.922090
0.718717
0.801128
0.002863
0.874110
0.672823
0.194957
0.129613
0.226757
0.246759
0.056256
0.841556
0.096609
0.499678
0.901408
0.100580
0.414138
0.808960
0.269851
0.159490
0.527033
0.758020
0.284858
0.449423
0.635244
0.589144
0.421575
0.491556
0.962240
0.867378
0.829282
0.549354
0.414138
0.491556
0.749684
0.279144
0.223587
0.039801
0.643949
0.250182
0.603471
0.518727
0.414138
0.681504
0.594827
0.505064
0.491556
0.635244
0.483494
0.027908
0.681504
0.658394
0.816691
0.626544
0.192150
0.589144
0.527033
0.535389
0.848789
0.250182
0.913005
0.124654
0.749684
0.821730
0.891273
0.250182
0.713075
0.848789
0.046970
0.735726
0.690166
0.478214
0.079397
0.169385
0.672823
0.698805
0.401971
0.617854
0.322949
0.409279
0.470257
0.038094
0.269851
0.406779
0.115226
0.713075
0.491556
0.649688
0.927324
0.141156
0.978604
0.483494
0.267971
0.971109
0.907293
0.483494
0.096609
0.635244
0.855893
0.067775
0.124654
0.088340
0.306500
0.907293
0.922090
0.612135
0.203680
0.867378
0.771705
0.022466
0.357661
0.160731
0.907293
0.061772
0.612135
0.935597
0.426518
0.626544
0.766291
0.300471
0.166886
0.255445
0.580543
0.039801
0.181158
0.074303
0.779856
0.211153
0.981075
0.986757
0.329292
0.340005
0.848789
0.340005
0.086192
0.935597
0.580543
0.867378
0.997586
0.429087
0.018368
0.848789
0.571972
0.135818
0.346575
0.429087
0.449423
0.306500
0.721628
0.340005
0.690166
0.034568
0.421575
0.897436
0.727244
0.735726
0.549354
0.231634
0.758020
0.549354
0.535389
0.901408
0.322949
0.922090
0.901408
0.749684
0.962240
0.984769
0.695863
0.766291
0.589144
0.930673
0.100580
0.749684
0.203680
0.008354
0.958545
0.916674
0.860501
0.612135
0.483494
0.808960
0.549354
0.290658
0.713075
0.940331
0.028409
0.275424
0.414138
0.626544
0.166886
0.779856
0.496903
0.874110
0.364456
0.758020
0.735726
0.350951
0.470257
0.704484
0.841556
0.031348
0.127623
0.513281
0.787927
0.566341
0.059212
0.513281
0.735726
0.067775
0.505064
0.264363
0.649688
0.092778
0.513281
0.357661
0.467559
0.394742
0.166886
0.401971
0.801128
0.612135
0.382926
0.935597
0.022875
0.294528
0.454542
0.947760
0.681504
0.421575
0.284858
0.322949
0.998463
0.518727
0.821730
0.144460
0.947760
0.821730
0.045761
0.364456
0.040864
0.000500
0.290658
0.153566
0.483494
0.635244
0.695863
0.836720
0.566341
0.594827
0.446787
0.044980
0.236593
0.387593
0.009277
0.163153
0.667094
0.566341
0.589144
0.079397
0.483494
0.580543
0.483494
0.808960
0.521553
0.491556
0.821730
0.867378
0.566341
0.187953
0.971109
0.100580
0.643949
0.848789
0.401971
0.681504
0.011974
0.829282
0.971109
0.483494
0.713075
0.220452
0.566341
0.236593
0.199280
0.042685
0.066084
0.177160
0.483494
0.129613
0.735726
0.429087
0.462365
0.401971
0.580543
0.135818
0.549354
0.916674
0.462365
0.922090
0.690166
0.090535
0.829282
0.681504
0.986757
0.779856
0.766291
0.421575
0.766291
0.401971
0.269851
0.401971
0.735726
0.491556
0.527033
0.371333
0.375911
0.986757
0.215763
0.441715
0.779856
0.681504
0.962240
0.170690
0.228410
0.007965
0.704484
0.137917
0.462365
0.483494
0.695863
0.088340
0.589144
0.801128
0.169385
0.426518
0.211153
0.721628
0.462365
0.051194
0.535389
0.829282
0.557828
0.626544
0.401971
0.749684
0.346575
0.491556
0.434080
0.758020
0.441715
0.421575
0.749684
0.483494
0.117048
0.821730
0.984769
0.603471
0.735726
0.543791
0.068911
0.075538
0.557828
0.713075
0.228410
0.255445
0.401971
0.357661
0.749684
0.141156
0.672823
0.947760
0.962240
0.135818
0.306500
0.045761
0.695863
0.947760
0.496903
0.228410
0.284858
0.735726
0.758020
0.255445
0.105557
0.727244
0.935597
0.779856
0.129613
0.589144
0.867378
0.907293
0.612135
0.231634
0.597771
0.829282
0.357661
0.779856
0.279144
0.658394
0.927324
0.192150
0.867378
0.958545
0.159490
0.841556
0.649688
0.258960
0.223587
0.951979
0.940331
0.316692
0.867378
0.986757
0.841556
0.643949
