0.566341
0.566341
0.137917
0.690166
0.119859
0.446787
0.612135
0.150086
0.454542
0.735726
0.821730
0.635244
0.521553
0.409279
0.566341
0.018368
0.350951
0.855893
0.394742
0.779856
0.088340
0.483494
0.527033
0.092778
0.580543
0.891273
0.995551
0.290658
0.735726
0.491556
0.177160
0.535389
0.635244
0.496903
0.163153
0.535389
0.758020
0.884948
0.236593
0.535389
0.997586
0.206623
0.441715
0.690166
0.907293
0.713075
0.649688
0.044581
0.003738
0.206623
0.727244
0.947760
0.310521
0.053907
0.491556
0.965738
0.690166
0.357661
0.150086
0.284858
0.426518
0.589144
0.580543
0.394742
0.816691
0.801128
0.483494
0.039801
0.557828
0.672823
0.111596
0.187953
0.535389
0.947760
0.429087
0.617854
0.916674
0.296545
0.421575
0.635244
0.704484
0.346575
0.884948
0.441715
0.962240
0.749684
0.749684
0.322949
0.505064
0.329292
0.082732
0.713075
0.399498
0.082732
0.375911
0.658394
0.014305
0.016595
0.024596
0.132684
0.197797
0.316692
0.907293
0.166886
0.672823
0.429087
0.199280
0.951979
0.441715
0.279144
0.173237
0.643949
0.340005
0.005523
0.867378
0.061772
0.916674
0.958545
0.040864
0.446787
0.032771
0.124654
0.922090
0.535389
0.211153
0.007032
0.771705
0.735726
0.483494
0.350951
0.104694
0.821730
0.030518
0.250182
0.446787
0.441715
0.223587
0.543791
0.246759
0.518727
0.211153
0.079397
0.421575
0.801128
0.194957
0.146673
0.045761
0.022258
0.971109
0.030518
0.566341
0.771705
0.382926
0.414138
0.766291
0.333520
0.446787
0.231634
0.713075
0.004503
0.527033
0.505064
0.333520
0.897436
0.208158
0.704484
0.907293
0.279144
0.090535
0.098985
0.147829
0.100580
0.962240
0.181158
0.643949
0.907293
0.626544
0.320806
0.589144
0.364456
0.597771
0.681504
0.098985
0.275424
0.246759
0.141156
0.681504
0.535389
0.387593
0.535389
0.037099
0.009546
0.580543
0.749684
0.916674
0.947760
0.350951
0.635244
0.727244
0.874110
0.571972
0.513281
0.491556
0.922090
0.260793
0.884948
0.649688
0.874110
0.867378
0.744157
0.612135
0.571972
0.454542
0.475494
0.580543
0.009454
0.037099
0.620815
0.264363
0.462365
0.000424
0.951979
0.421575
0.626544
0.571972
0.727244
0.640981
0.421575
0.454542
0.991213
0.250182
0.375911
0.505064
0.571972
0.557828
0.681504
0.255445
0.658394
0.635244
0.667094
0.144460
0.382926
0.003738
0.884948
0.594827
0.891273
0.962240
0.681504
0.557828
0.163153
0.429087
0.521553
0.713075
0.016595
0.505064
0.002020
0.025041
0.231634
0.571972
0.364456
0.971109
0.350951
0.306500
0.015845
0.774492
0.401971
0.080707
0.169385
0.364456
0.695863
0.250182
0.535389
0.704484
0.821730
0.231634
0.064431
0.603471
0.617854
0.848789
0.626544
0.147829
0.135818
0.206623
0.306500
0.441715
0.566341
0.109849
0.841556
0.713075
0.075538
0.540922
0.462365
0.478214
0.841556
0.357661
0.690166
0.406779
0.543791
0.264363
0.735726
0.031348
0.801128
0.233315
0.935597
0.483494
0.521553
0.930673
0.727244
0.713075
0.836720
0.199280
0.658394
0.527033
0.620815
0.774492
0.727244
0.940331
0.801128
0.744157
0.157114
0.891273
0.884948
0.088340
0.758020
0.290658
0.364456
0.470257
0.064431
0.649688
0.215763
0.704484
0.290658
0.344325
0.907293
0.047782
0.357661
0.166886
0.067775
0.043818
0.070668
0.462365
0.001721
0.771705
0.454542
0.855893
0.907293
0.855893
0.566341
0.690166
0.231634
0.884948
0.735726
0.771705
0.884948
0.643949
0.901408
0.589144
0.103042
0.441715
0.245003
0.626544
0.901408
0.236593
0.181158
0.056256
0.109849
0.505064
0.290658
0.344325
0.958545
0.179787
0.241635
0.529876
0.635244
0.848789
0.713075
0.475494
0.749684
0.713075
0.612135
0.922090
0.245003
0.744157
0.491556
0.658394
0.749684
0.947760
0.758020
0.527033
0.603471
0.841556
0.612135
0.312615
0.816691
0.758020
0.304435
0.594827
0.496903
0.874110
0.594827
0.387593
0.275424
0.499678
0.028409
0.566341
0.658394
0.695863
0.316692
0.496903
0.194957
0.142275
0.183833
0.236593
0.414138
0.758020
0.350951
0.930673
0.744157
0.409279
0.884948
0.878466
0.580543
0.218844
0.406779
0.357661
0.040864
0.483494
0.231634
0.635244
0.543791
0.449423
0.836720
0.907293
0.114294
0.003738
0.620815
0.704484
0.478214
0.401971
0.907293
0.620815
0.658394
0.848789
0.640981
0.121744
0.855893
0.135818
0.429087
0.269851
0.409279
0.012317
0.454542
0.275424
0.394742
0.491556
0.357661
0.132684
0.119859
0.735726
0.649688
0.795913
0.549354
0.496903
0.483494
0.483494
0.927324
0.340005
0.779856
0.124654
0.011974
0.173237
0.062816
0.855893
0.758020
0.027908
0.774492
0.241635
0.962240
0.231634
0.306500
0.557828
0.951979
0.250182
0.527033
0.241635
0.387593
0.704484
0.022875
0.643949
0.841556
0.749684
0.284858
0.594827
0.119859
0.549354
0.612135
0.891273
0.829282
0.505064
0.589144
0.557828
0.571972
0.266225
0.340005
0.163153
0.462365
0.340005
0.112510
0.978604
0.076183
0.513281
0.855893
0.250182
0.801128
0.202171
0.704484
0.454542
0.891273
0.704484
0.771705
0.434080
0.250182
0.727244
0.088340
0.978604
0.255445
0.971109
0.042685
0.681504
0.727244
0.626544
0.779856
0.211153
0.795913
0.603471
0.344325
0.721628
0.513281
0.996919
0.535389
0.421575
0.787927
0.139014
0.211153
0.092778
0.749684
0.255445
0.513281
0.901408
0.300471
0.491556
0.253642
0.236593
0.527033
0.141156
0.049040
0.446787
0.434080
0.031348
0.935597
0.721628
0.250182
0.549354
0.228410
0.096609
0.612135
0.462365
0.236593
0.951979
0.951979
0.626544
0.603471
0.549354
0.643949
0.387593
0.749684
