0.414138
0.935597
0.470257
0.935597
0.841556
0.056256
0.829282
0.206623
0.549354
0.543791
0.698805
0.947760
0.626544
0.513281
0.801128
0.206623
0.829282
0.241635
0.922090
0.901408
0.119859
0.635244
0.978604
0.163153
0.997586
0.006832
0.935597
0.649688
0.891273
0.935597
0.513281
0.153566
0.357661
0.947760
0.457201
0.038764
0.059212
0.390021
0.727244
0.643949
0.829282
0.658394
0.429087
0.779856
0.100580
0.153566
0.855893
0.727244
0.672823
0.441715
0.144460
0.649688
0.518727
0.566341
0.206623
0.290658
0.044581
0.132684
0.088340
0.816691
0.010009
0.940331
0.037099
0.394742
0.999575
0.080707
0.449423
0.841556
0.127623
0.749684
0.620815
0.540922
0.429087
0.306500
0.947760
0.316692
0.173237
0.829282
0.821730
0.077446
0.478214
0.821730
0.362130
0.901408
0.467559
0.978604
0.829282
0.499678
0.070668
0.228410
0.927324
0.617854
0.441715
0.446787
0.441715
0.211153
0.978604
0.771705
0.981075
0.557828
0.901408
0.989675
0.527033
0.346575
0.060217
0.620815
0.635244
0.649688
0.028409
0.735726
0.821730
0.231634
0.821730
0.434080
0.793201
0.350951
0.690166
0.014305
0.855893
0.375911
0.082732
0.203680
0.357661
0.387593
0.808960
0.045761
0.971109
0.801128
0.050328
0.557828
0.635244
0.749684
0.153566
0.103042
0.901408
0.989675
0.580543
0.246759
0.907293
0.848789
0.867378
0.735726
0.779856
0.749684
0.269851
0.231634
0.144460
0.001027
0.848789
0.183833
0.635244
0.557828
0.721628
0.681504
0.901408
0.744157
0.211153
0.127623
0.434080
0.557828
0.947760
0.698805
0.758020
0.566341
0.375911
0.727244
0.672823
0.269851
0.147829
0.543791
0.034568
0.922090
0.543791
0.571972
0.166886
0.566341
0.848789
0.255445
0.211153
0.681504
0.527033
0.027164
0.061772
0.658394
0.441715
0.978604
0.771705
0.177160
0.779856
0.779856
0.049040
0.965738
0.327120
0.535389
0.626544
0.241635
0.962240
0.141156
0.141156
0.357661
0.462365
0.135818
0.150086
0.704484
0.269851
0.001149
0.681504
0.860501
0.137917
0.290658
0.329292
0.429087
0.735726
0.449423
0.594827
0.808960
0.580543
0.409279
0.421575
0.897436
0.808960
0.181158
0.635244
0.151265
0.626544
0.801128
0.192150
0.580543
0.758020
0.695863
0.603471
0.082732
0.375911
0.449423
0.816691
0.414138
0.704484
0.211153
0.414138
0.801128
0.612135
0.821730
0.635244
0.821730
0.758020
0.667094
0.014711
0.735726
0.004637
0.580543
0.000125
0.744157
0.039801
0.284858
0.594827
0.922090
0.867378
0.922090
0.829282
0.275424
0.867378
0.891273
0.077446
0.649688
0.704484
0.300471
0.104694
0.202171
0.039801
0.059212
0.681504
0.566341
0.421575
0.848789
0.735726
0.177160
0.643949
0.079397
0.079397
0.935597
0.626544
0.401971
0.571972
0.947760
0.884948
0.566341
0.635244
0.540922
0.316692
0.183833
0.649688
0.779856
0.454542
0.951979
0.505064
0.032199
0.867378
0.947760
0.005162
0.922090
0.043818
0.159490
0.279144
0.117048
0.620815
0.039801
0.855893
0.855893
0.690166
0.350951
0.211153
0.340005
0.951979
0.236593
0.848789
0.848789
0.045761
0.020886
0.144460
0.117048
0.181158
0.260793
0.340005
0.916674
0.380525
0.991213
0.394742
0.275424
0.566341
0.434080
0.183833
0.057717
0.829282
0.109849
0.884948
0.454542
0.019230
0.635244
0.884948
0.549354
0.672823
0.250182
0.727244
0.758020
0.387593
0.635244
0.557828
0.535389
0.075538
0.279144
0.414138
0.617854
0.947760
0.008197
0.540922
0.340005
0.801128
0.690166
0.462365
0.290658
0.891273
0.543791
0.978604
0.771705
0.643949
0.603471
0.005262
0.922090
0.829282
0.841556
0.749684
0.166886
0.329292
0.375911
0.364456
0.036127
0.571972
0.735726
0.046554
0.003811
0.589144
0.935597
0.891273
0.496903
0.549354
0.916674
0.891273
0.649688
0.867378
0.223587
0.557828
0.749684
0.059212
0.603471
0.713075
0.543791
0.951979
0.441715
0.597771
0.744157
0.891273
0.199280
0.535389
0.821730
0.704484
0.841556
0.329292
0.891273
0.157114
0.713075
0.072465
0.855893
0.589144
0.521553
0.801128
0.589144
0.084803
0.974087
0.132684
0.421575
0.316692
0.989675
0.612135
0.294528
0.197797
0.002863
0.874110
0.907293
0.067775
0.874110
0.414138
0.643949
0.223587
0.255445
0.177160
0.228410
0.766291
0.163153
0.735726
0.290658
0.066084
0.269851
0.075538
0.793201
0.612135
0.779856
0.821730
0.557828
0.041578
0.635244
0.801128
0.027908
0.134742
0.867378
0.848789
0.779856
0.922090
0.491556
0.051648
0.860501
0.080707
0.867378
0.801128
0.922090
0.019768
0.220452
0.658394
0.821730
0.449423
0.483494
0.390021
0.421575
0.475494
0.005262
0.958545
0.771705
0.255445
0.681504
0.040864
0.841556
0.157114
0.667094
0.483494
0.801128
0.549354
0.658394
0.907293
0.540922
0.658394
0.109849
0.467559
0.462365
0.070668
0.713075
0.779856
0.499678
0.672823
0.951979
0.935597
0.153566
0.978604
0.672823
0.841556
0.038764
0.635244
0.927324
0.848789
0.215763
0.499678
0.727244
0.505064
0.681504
0.855893
0.100580
0.612135
0.223587
0.758020
0.962240
0.434080
0.333520
0.787927
0.907293
0.255445
0.571972
0.922090
0.907293
0.535389
0.127623
0.971109
0.907293
0.603471
0.513281
0.927324
0.449423
0.787927
0.681504
0.340005
0.589144
0.003354
0.446787
0.626544
0.597771
0.375911
0.008197
0.429087
0.643949
0.014985
0.255445
0.704484
0.147829
0.971109
0.974087
0.322949
0.947760
0.177160
0.153566
0.028409
0.667094
0.483494
0.884948
0.603471
0.483494
0.735726
0.018883
0.491556
0.441715
0.441715
0.557828
0.084803
0.086192
0.009546
0.406779
0.505064
0.063362
0.704484
0.086192
