0.690166
0.414138
0.766291
0.718717
0.793201
0.449423
0.042685
0.787927
0.153566
0.571972
0.658394
0.513281
0.808960
0.312615
0.421575
0.727244
0.449423
0.048208
0.801128
0.956001
0.037752
0.922090
0.013276
0.255445
0.874110
0.275424
0.829282
0.603471
0.005364
0.434080
0.667094
0.007168
0.744157
0.236593
0.589144
0.004503
0.333520
0.766291
0.183833
0.014305
0.974087
0.649688
0.958545
0.695863
0.808960
0.713075
0.255445
0.063362
0.557828
0.223587
0.333520
0.483494
0.971109
0.223587
0.580543
0.505064
0.984769
0.421575
0.255445
0.429087
0.658394
0.935597
0.571972
0.166886
0.543791
0.007032
0.269851
0.350951
0.626544
0.124654
0.580543
0.414138
0.958545
0.375911
0.018368
0.421575
0.421575
0.681504
0.801128
0.077446
0.612135
0.294528
0.749684
0.735726
0.284858
0.984769
0.741289
0.018368
0.848789
0.848789
0.179787
0.275424
0.112510
0.010595
0.107244
0.264363
0.521553
0.049040
0.626544
0.771705
0.470257
0.836720
0.441715
0.269851
0.766291
0.038764
0.426518
0.024596
0.462365
0.090535
0.119859
0.063362
0.535389
0.454542
0.958545
0.340005
0.264363
0.984769
0.192150
0.426518
0.808960
0.053907
0.860501
0.612135
0.001636
0.947760
0.535389
0.505064
0.483494
0.922090
0.290658
0.013276
0.643949
0.951979
0.721628
0.306500
0.008847
0.329292
0.496903
0.535389
0.535389
0.064431
0.264363
0.897436
0.836720
0.478214
0.947760
0.197797
0.046970
0.808960
0.353229
0.690166
0.006637
0.185229
0.279144
0.015845
0.449423
0.117048
0.589144
0.603471
0.681504
0.300471
0.233315
0.032199
0.316692
0.001721
0.011753
0.357661
0.801128
0.284858
0.947760
0.855893
0.357661
0.927324
0.141156
0.612135
0.103042
0.535389
0.704484
0.891273
0.749684
0.951979
0.836720
0.505064
0.749684
0.098985
0.364456
0.808960
0.135818
0.000661
0.346575
0.922090
0.192150
0.535389
0.749684
0.698805
0.927324
0.173237
0.986757
0.848789
0.626544
0.382926
0.166886
0.109849
0.787927
0.241635
0.518727
0.284858
0.364456
0.329292
0.499678
0.127623
0.907293
0.922090
0.019412
0.130653
0.462365
0.626544
0.787927
0.306500
0.801128
0.841556
0.082732
0.927324
0.491556
0.026438
0.667094
0.891273
0.535389
0.194957
0.364456
0.177160
0.034568
0.255445
0.744157
0.681504
0.848789
0.157114
0.051648
0.206623
0.821730
0.848789
0.215763
0.779856
0.012670
0.549354
0.043818
0.290658
0.829282
0.658394
0.930673
0.829282
0.098985
0.215763
0.808960
0.535389
0.867378
0.721628
0.279144
0.795913
0.409279
0.357661
0.414138
0.057717
0.735726
0.203680
0.603471
0.749684
0.713075
0.884948
0.779856
0.922090
0.132684
0.935597
0.409279
0.429087
0.491556
0.566341
0.549354
0.491556
0.346575
0.390021
0.855893
0.713075
0.884948
0.031348
0.346575
0.322949
0.086192
0.401971
0.635244
0.027164
0.518727
0.401971
0.513281
0.836720
0.147829
0.829282
0.454542
0.322949
0.521553
0.984769
0.690166
0.535389
0.704484
0.294528
0.940331
0.681504
0.021268
0.300471
0.130653
0.098985
0.284858
0.036127
0.467559
0.965738
0.713075
0.994555
0.316692
0.535389
0.721628
0.000899
0.143326
0.470257
0.978604
0.557828
0.421575
0.667094
0.306500
0.187953
0.735726
0.681504
0.406779
0.016595
0.199280
0.779856
0.070668
0.075538
0.571972
0.203680
0.635244
0.223587
0.758020
0.795913
0.543791
0.264363
0.457201
0.027164
0.364456
0.139014
0.199280
0.057717
0.483494
0.874110
0.947760
0.727244
0.260793
0.269851
0.907293
0.999575
0.518727
0.050328
0.795913
0.401971
0.449423
0.848789
0.306500
0.084803
0.690166
0.255445
0.557828
0.208158
0.643949
0.462365
0.787927
0.962240
0.306500
0.543791
0.007815
0.135818
0.322949
0.021859
0.340005
0.000003
0.513281
0.375911
0.713075
0.478214
0.401971
0.275424
0.115226
0.001465
0.981075
0.306500
0.635244
0.130653
0.147829
0.758020
0.056256
0.874110
0.284858
0.015845
0.187953
0.269851
0.829282
0.157114
0.382926
0.787927
0.527033
0.829282
0.327120
0.021268
0.035500
0.223587
0.991213
0.199280
0.132684
0.079397
0.327120
0.901408
0.690166
0.057717
0.003099
0.350951
0.076183
0.144460
0.744157
0.947760
0.690166
0.223587
0.681504
0.010298
0.043818
0.231634
0.808960
0.025274
0.978604
0.429087
0.144460
0.658394
0.144460
0.159490
0.589144
0.589144
0.518727
0.951979
0.566341
0.962240
0.571972
0.848789
0.897436
0.713075
0.884948
0.643949
0.037099
0.801128
0.848789
0.390021
0.290658
0.643949
0.766291
0.829282
0.434080
0.580543
0.735726
0.290658
0.406779
0.346575
0.801128
0.981075
0.727244
0.306500
0.173237
0.612135
0.329292
0.874110
0.704484
0.635244
0.543791
0.505064
0.829282
0.801128
0.401971
0.135818
0.429087
0.956001
0.566341
0.139014
0.040864
0.000065
0.166886
0.721628
0.907293
0.620815
0.322949
0.103042
0.557828
0.951979
0.072465
0.012907
0.115226
0.100580
0.070668
0.758020
0.151265
0.874110
0.713075
0.183833
0.672823
0.848789
0.340005
0.203680
0.129613
0.848789
0.874110
0.094284
0.346575
0.115226
0.175815
0.658394
0.922090
0.612135
0.364456
0.821730
0.907293
0.848789
0.401971
0.698805
0.922090
0.698805
0.986757
0.371333
0.821730
0.951979
0.011425
0.940331
0.795913
0.787927
0.056256
0.907293
0.718717
0.269851
0.409279
0.300471
0.612135
0.880693
0.997586
0.779856
0.749684
0.436675
0.231634
0.340005
0.441715
0.974087
0.986757
0.260793
0.549354
0.681504
0.255445
0.449423
0.620815
0.067775
0.589144
0.962240
0.603471
0.382926
0.040864
0.130653
0.658394
0.735726
0.163153
0.333520
0.779856
0.643949
0.981075
0.441715
