0.681504
0.475494
0.446787
0.749684
0.505064
0.434080
0.749684
0.681504
0.690166
0.236593
0.434080
0.454542
0.841556
0.041578
0.275424
0.891273
0.039801
0.962240
0.829282
0.735726
0.589144
0.364456
0.603471
0.233315
0.727244
0.658394
0.612135
0.996919
0.056256
0.475494
0.867378
0.891273
0.132684
0.043818
0.478214
0.096609
0.571972
0.275424
0.426518
0.801128
0.535389
0.779856
0.927324
0.124654
0.808960
0.549354
0.535389
0.829282
0.635244
0.940331
0.727244
0.557828
0.867378
0.144460
0.758020
0.008597
0.681504
0.316692
0.808960
0.574890
0.913005
0.566341
0.496903
0.829282
0.187953
0.779856
0.300471
0.986757
0.441715
0.368979
0.202171
0.194957
0.808960
0.735726
0.454542
0.635244
0.626544
0.181158
0.566341
0.021859
0.199280
0.505064
0.000089
0.434080
0.795913
0.496903
0.901408
0.394742
0.984769
0.346575
0.364456
0.658394
0.635244
0.913005
0.962240
0.713075
0.462365
0.434080
0.364456
0.821730
0.566341
0.962240
0.986757
0.543791
0.727244
0.774492
0.672823
0.475494
0.357661
0.483494
0.421575
0.860501
0.075538
0.766291
0.223587
0.190711
0.658394
0.855893
0.940331
0.124654
0.470257
0.063362
0.153566
0.023508
0.039801
0.962240
0.434080
0.991213
0.521553
0.050328
0.006028
0.940331
0.962240
0.007168
0.114294
0.163153
0.064990
0.159490
0.594827
0.357661
0.505064
0.958545
0.907293
0.995551
0.491556
0.306500
0.907293
0.246759
0.649688
0.612135
0.922090
0.612135
0.199280
0.279144
0.907293
0.127623
0.984769
0.003099
0.177160
0.518727
0.994555
0.421575
0.409279
0.594827
0.981075
0.649688
0.255445
0.007739
0.535389
0.119859
0.951979
0.260793
0.253642
0.713075
0.312615
0.681504
0.821730
0.626544
0.333520
0.454542
0.255445
0.841556
0.141156
0.260793
0.779856
0.527033
0.491556
0.475494
0.061772
0.375911
0.250182
0.635244
0.441715
0.312615
0.758020
0.157114
0.329292
0.260793
0.758020
0.215763
0.192150
0.467559
0.672823
0.357661
0.801128
0.346575
0.658394
0.000461
0.658394
0.549354
0.312615
0.211153
0.991213
0.727244
0.808960
0.612135
0.967937
0.483494
0.075538
0.144460
0.475494
0.170690
0.194957
0.589144
0.414138
0.368979
0.499678
0.557828
0.008847
0.449423
0.808960
0.801128
0.394742
0.306500
0.704484
0.580543
0.117048
0.206623
0.215763
0.387593
0.269851
0.019768
0.566341
0.190711
0.436675
0.290658
0.491556
0.571972
0.589144
0.449423
0.406779
0.434080
0.475494
0.441715
0.375911
0.566341
0.766291
0.096609
0.571972
0.457201
0.082732
0.027164
0.194957
0.070668
0.978604
0.310521
0.874110
0.414138
0.749684
0.951979
0.441715
0.163153
0.867378
0.867378
0.223587
0.496903
0.557828
0.364456
0.015845
0.333520
0.901408
0.086192
0.557828
0.368979
0.681504
0.275424
0.026438
0.566341
0.483494
0.779856
0.269851
0.612135
0.907293
0.557828
0.475494
0.867378
0.255445
0.897436
0.144460
0.518727
0.649688
0.867378
0.658394
0.049040
0.829282
0.066084
0.346575
0.884948
0.681504
0.153566
0.801128
0.246759
0.434080
0.808960
0.269851
0.340005
0.015409
0.635244
0.566341
0.004164
0.421575
0.916674
0.758020
0.735726
0.649688
0.557828
0.580543
0.580543
0.470257
0.135818
0.836720
0.658394
0.801128
0.441715
0.935597
0.264363
0.557828
0.218844
0.643949
0.094284
0.947760
0.375911
0.005013
0.505064
0.612135
0.675784
0.260793
0.557828
0.580543
0.179787
0.971109
0.962240
0.041578
0.223587
0.310521
0.470257
0.566341
0.401971
0.916674
0.801128
0.735726
0.626544
0.907293
0.109849
0.003354
0.454542
0.681504
0.543791
0.922090
0.749684
0.258960
0.566341
0.721628
0.304435
0.203680
0.916674
0.566341
0.375911
0.801128
0.681504
0.096609
0.269851
0.394742
0.100580
0.049476
0.916674
0.836720
0.513281
0.521553
0.779856
0.816691
0.316692
0.194957
0.620815
0.867378
0.749684
0.758020
0.867378
0.940331
0.233315
0.901408
0.704484
0.483494
0.566341
0.173237
0.441715
0.250182
0.329292
0.063362
0.718717
0.681504
0.122729
0.935597
0.346575
0.064431
0.441715
0.382926
0.300471
0.304435
0.414138
0.860501
0.571972
0.275424
0.322949
0.518727
0.364456
0.589144
0.566341
0.557828
0.690166
0.867378
0.179787
0.704484
0.103042
0.947760
0.891273
0.449423
0.449423
0.535389
0.735726
0.557828
0.758020
0.947760
0.014711
0.922090
0.801128
0.940331
0.008597
0.971109
0.821730
0.258960
0.848789
0.135818
0.574890
0.589144
0.658394
0.211153
0.513281
0.649688
0.329292
0.658394
0.603471
0.698805
0.250182
0.535389
0.836720
0.067775
0.667094
0.382926
0.994555
0.713075
0.340005
0.984769
0.626544
0.695863
0.566341
0.181158
0.070668
0.635244
0.475494
0.855893
0.034568
0.867378
0.316692
0.429087
0.312615
0.021268
0.580543
0.612135
0.306500
0.535389
0.290658
0.643949
0.580543
0.774492
0.862861
0.340005
0.566341
0.457201
0.163153
0.513281
0.787927
0.163153
0.549354
0.264363
0.211153
0.848789
0.965738
0.100580
0.787927
0.499678
0.406779
0.246759
0.779856
0.713075
0.394742
0.046970
0.801128
0.357661
0.543791
0.223587
0.947760
0.801128
0.735726
0.891273
0.017063
0.017063
0.940331
0.922090
0.814067
0.690166
0.880693
0.951979
0.884948
0.958545
0.300471
0.255445
0.566341
0.672823
0.557828
0.029186
0.241635
0.340005
0.978604
0.218844
0.978604
0.603471
0.050328
0.658394
0.082732
0.206623
0.566341
0.258960
0.025274
0.695863
0.086919
0.951979
0.635244
0.667094
0.031348
0.462365
0.022875
0.096609
0.170690
0.505064
0.543791
0.735726
0.721628
0.132684
0.187953
0.322949
0.070668
0.022875
0.426518
0.394742
0.995551
