0.518727
0.749684
0.382926
0.735726
0.758020
0.821730
0.620815
0.901408
0.002146
0.540922
0.470257
0.766291
0.449423
0.194957
0.449423
0.211153
0.667094
0.704484
0.346575
0.978604
0.233315
0.991213
0.860501
0.620815
0.429087
0.994555
0.821730
0.626544
0.594827
0.884948
0.535389
0.821730
0.907293
0.962240
0.718717
0.922090
0.414138
0.429087
0.187953
0.795913
0.382926
0.744157
0.808960
0.922090
0.269851
0.672823
0.153566
0.916674
0.681504
0.255445
0.557828
0.521553
0.340005
0.375911
0.916674
0.744157
0.290658
0.821730
0.766291
0.491556
0.787927
0.557828
0.793201
0.855893
0.557828
0.978604
0.848789
0.061772
0.350951
0.808960
0.181158
0.658394
0.758020
0.603471
0.094284
0.986757
0.199280
0.233315
0.935597
0.884948
0.364456
0.231634
0.867378
0.084803
0.603471
0.713075
0.681504
0.387593
0.626544
0.836720
0.848789
0.117048
0.004164
0.281082
0.991213
0.449423
0.848789
0.159490
0.094284
0.284858
0.681504
0.801128
0.434080
0.483494
0.571972
0.499678
0.958545
0.603471
0.132684
0.150086
0.275424
0.766291
0.557828
0.916674
0.721628
0.434080
0.981075
0.935597
0.362130
0.540922
0.306500
0.808960
0.223587
0.967937
0.821730
0.199280
0.749684
0.357661
0.971109
0.401971
0.658394
0.891273
0.658394
0.491556
0.406779
0.735726
0.971109
0.935597
0.801128
0.643949
0.197797
0.130653
0.316692
0.986757
0.779856
0.153566
0.617854
0.821730
0.029186
0.735726
0.771705
0.109849
0.681504
0.499678
0.441715
0.907293
0.387593
0.821730
0.166886
0.114294
0.264363
0.241635
0.922090
0.441715
0.387593
0.801128
0.571972
0.758020
0.483494
0.557828
0.499678
0.475494
0.462365
0.808960
0.758020
0.462365
0.513281
0.681504
0.084803
0.333520
0.491556
0.346575
0.643949
0.667094
0.119859
0.044581
0.344325
0.080707
0.922090
0.704484
0.269851
0.007168
0.000532
0.269851
0.333520
0.333520
0.357661
0.333520
0.273514
0.007965
0.580543
0.940331
0.153566
0.441715
0.927324
0.658394
0.527033
0.801128
0.103042
0.758020
0.867378
0.617854
0.848789
0.580543
0.362130
0.907293
0.275424
0.069506
0.612135
0.316692
0.766291
0.749684
0.643949
0.025731
0.082732
0.612135
0.801128
0.499678
0.446787
0.414138
0.951979
0.626544
0.907293
0.571972
0.082732
0.183833
0.048208
0.521553
0.649688
0.821730
0.264363
0.034568
0.540922
0.177160
0.916674
0.744157
0.434080
0.951979
0.199280
0.215763
0.690166
0.891273
0.617854
0.236593
0.141156
0.322949
0.518727
0.549354
0.907293
0.971109
0.344325
0.194957
0.620815
0.163153
0.499678
0.735726
0.672823
0.681504
0.597771
0.088340
0.787927
0.194957
0.649688
0.698805
0.867378
0.245003
0.521553
0.571972
0.907293
0.434080
0.779856
0.821730
0.681504
0.462365
0.867378
0.580543
0.891273
0.371333
0.635244
0.766291
0.387593
0.279144
0.649688
0.549354
0.449423
0.004963
0.695863
0.779856
0.246759
0.580543
0.187953
0.275424
0.557828
0.290658
0.884948
0.793201
0.940331
0.848789
0.003455
0.150086
0.718717
0.414138
0.194957
0.549354
0.316692
0.758020
0.543791
0.635244
0.475494
0.958545
0.203680
0.190711
0.375911
0.513281
0.758020
0.021268
0.004246
0.215763
0.735726
0.414138
0.690166
0.170690
0.177160
0.163153
0.357661
0.672823
0.967937
0.841556
0.100580
0.029708
0.981075
0.727244
0.518727
0.735726
0.848789
0.612135
0.279144
0.491556
0.566341
0.681504
0.901408
0.986757
0.346575
0.483494
0.127623
0.147829
0.394742
0.916674
0.382926
0.203680
0.713075
0.771705
0.617854
0.401971
0.690166
0.521553
0.401971
0.878466
0.382926
0.441715
0.434080
0.414138
0.766291
0.690166
0.300471
0.922090
0.758020
0.974087
0.962240
0.086192
0.787927
0.475494
0.066084
0.991213
0.264363
0.884948
0.132684
0.382926
0.704484
0.527033
0.997586
0.758020
0.024596
0.690166
0.246759
0.491556
0.901408
0.281082
0.571972
0.566341
0.084803
0.597771
0.935597
0.940331
0.037099
0.260793
0.779856
0.704484
0.557828
0.901408
0.053907
0.429087
0.053907
0.801128
0.589144
0.891273
0.922090
0.808960
0.589144
0.971109
0.927324
0.535389
0.779856
0.401971
0.535389
0.793201
0.218844
0.991213
0.375911
0.390021
0.401971
0.704484
0.340005
0.061772
0.974087
0.721628
0.721628
0.535389
0.994555
0.690166
0.527033
0.612135
0.228410
0.255445
0.187953
0.375911
0.994555
0.907293
0.907293
0.003455
0.891273
0.241635
0.119859
0.713075
0.779856
0.971109
0.114294
0.147829
0.749684
0.704484
0.557828
0.808960
0.096609
0.375911
0.667094
0.962240
0.658394
0.649688
0.527033
0.434080
0.429087
0.340005
0.808960
0.513281
0.571972
0.566341
0.215763
0.340005
0.991213
0.491556
0.626544
0.005687
0.808960
0.891273
0.995551
0.597771
0.758020
0.978604
0.250182
0.039115
0.223587
0.649688
0.092008
0.061772
0.874110
0.166886
0.626544
0.310521
0.094284
0.025970
0.333520
0.891273
0.594827
0.643949
0.808960
0.211153
0.290658
0.580543
0.930673
0.698805
0.255445
0.055312
0.499678
0.014985
0.290658
0.771705
0.340005
0.848789
0.333520
0.704484
0.766291
0.643949
0.215763
0.527033
0.808960
0.322949
0.375911
0.241635
0.971109
0.867378
0.947760
0.068911
0.310521
0.681504
0.075538
0.793201
0.916674
0.421575
0.434080
0.821730
0.766291
0.078727
0.672823
0.535389
0.414138
0.771705
0.357661
0.735726
0.704484
0.340005
0.808960
0.891273
0.211153
0.124654
0.848789
0.718717
0.884948
0.421575
0.779856
0.848789
0.034568
0.971109
0.695863
0.589144
0.496903
0.821730
0.357661
0.991213
0.264363
0.322949
0.177160
0.211153
0.580543
0.713075
0.649688
0.300471
