0.013909
0.667094
0.779856
0.749684
0.735726
0.513281
0.075538
0.020692
0.203680
0.958545
0.022258
0.206623
0.505064
0.749684
0.667094
0.066084
0.406779
0.527033
0.916674
0.470257
0.986757
0.749684
0.518727
0.571972
0.626544
0.635244
0.841556
0.612135
0.513281
0.491556
0.223587
0.557828
0.779856
0.333520
0.535389
0.658394
0.589144
0.801128
0.211153
0.462365
0.891273
0.913005
0.241635
0.421575
0.787927
0.681504
0.766291
0.758020
0.940331
0.004372
0.306500
0.296545
0.250182
0.072465
0.971109
0.695863
0.483494
0.382926
0.704484
0.749684
0.082732
0.004868
0.061772
0.475494
0.449423
0.470257
0.808960
0.199280
0.808960
0.557828
0.194957
0.855893
0.112510
0.758020
0.658394
0.704484
0.192150
0.441715
0.808960
0.891273
0.382926
0.829282
0.907293
0.681504
0.690166
0.901408
0.135818
0.002443
0.159490
0.362130
0.978604
0.245003
0.043818
0.612135
0.612135
0.727244
0.735726
0.958545
0.327120
0.779856
0.306500
0.535389
0.322949
0.580543
0.922090
0.758020
0.346575
0.340005
0.105557
0.013276
0.144460
0.038094
0.821730
0.795913
0.801128
0.667094
0.513281
0.566341
0.340005
0.766291
0.166886
0.758020
0.940331
0.612135
0.421575
0.643949
0.470257
0.808960
0.426518
0.735726
0.183833
0.626544
0.801128
0.173237
0.947760
0.681504
0.387593
0.416665
0.589144
0.594827
0.275424
0.787927
0.075538
0.394742
0.612135
0.667094
0.580543
0.603471
0.735726
0.406779
0.649688
0.535389
0.916674
0.096609
0.626544
0.075538
0.147829
0.758020
0.513281
0.117048
0.749684
0.375911
0.884948
0.574890
0.681504
0.181158
0.779856
0.454542
0.580543
0.580543
0.394742
0.808960
0.907293
0.727244
0.215763
0.491556
0.454542
0.364456
0.416665
0.094284
0.951979
0.007965
0.907293
0.029186
0.612135
0.836720
0.475494
0.698805
0.635244
0.649688
0.978604
0.626544
0.848789
0.382926
0.521553
0.848789
0.713075
0.000996
0.935597
0.986757
0.192150
0.704484
0.159490
0.258960
0.429087
0.758020
0.557828
0.999575
0.971109
0.340005
0.540922
0.025731
0.574890
0.206623
0.462365
0.414138
0.186540
0.475494
0.535389
0.841556
0.306500
0.867378
0.735726
0.426518
0.043818
0.279144
0.566341
0.974087
0.626544
0.033659
0.566341
0.884948
0.962240
0.749684
0.603471
0.316692
0.878466
0.421575
0.855893
0.310521
0.135818
0.727244
0.475494
0.316692
0.042685
0.306500
0.821730
0.603471
0.226757
0.922090
0.316692
0.617854
0.635244
0.901408
0.371333
0.457201
0.518727
0.626544
0.994555
0.947760
0.801128
0.147829
0.166886
0.549354
0.672823
0.690166
0.100580
0.046970
0.735726
0.580543
0.935597
0.273514
0.264363
0.749684
0.002324
0.406779
0.228410
0.236593
0.112510
0.505064
0.635244
0.177160
0.306500
0.300471
0.965738
0.382926
0.121744
0.050328
0.658394
0.855893
0.829282
0.695863
0.039801
0.821730
0.340005
0.462365
0.483494
0.040498
0.940331
0.245003
0.467559
0.401971
0.713075
0.421575
0.414138
0.821730
0.067775
0.063362
0.346575
0.991213
0.922090
0.475494
0.635244
0.375911
0.841556
0.375911
0.231634
0.064431
0.109849
0.867378
0.390021
0.620815
0.848789
0.483494
0.974087
0.574890
0.860501
0.612135
0.505064
0.935597
0.101413
0.649688
0.340005
0.735726
0.177160
0.829282
0.603471
0.333520
0.300471
0.258960
0.571972
0.543791
0.042685
0.962240
0.063362
0.166886
0.357661
0.566341
0.658394
0.258960
0.290658
0.470257
0.499678
0.922090
0.658394
0.024158
0.681504
0.704484
0.603471
0.940331
0.183833
0.867378
0.223587
0.867378
0.382926
0.264363
0.672823
0.033659
0.483494
0.144460
0.236593
0.088340
0.695863
0.017378
0.075538
0.971109
0.350951
0.346575
0.603471
0.874110
0.421575
0.434080
0.612135
0.984769
0.991213
0.394742
0.940331
0.907293
0.727244
0.907293
0.362130
0.306500
0.135818
0.735726
0.029982
0.269851
0.801128
0.414138
0.589144
0.681504
0.735726
0.470257
0.901408
0.513281
0.956001
0.033659
0.727244
0.994555
0.483494
0.793201
0.449423
0.513281
0.836720
0.310521
0.399498
0.771705
0.264363
0.907293
0.947760
0.867378
0.787927
0.401971
0.989675
0.867378
0.704484
0.779856
0.901408
0.441715
0.958545
0.107244
0.821730
0.779856
0.571972
0.340005
0.475494
0.612135
0.962240
0.275424
0.011974
0.612135
0.406779
0.141156
0.434080
0.183833
0.867378
0.758020
0.194957
0.082732
0.275424
0.231634
0.727244
0.518727
0.667094
0.829282
0.986757
0.727244
0.681504
0.039801
0.821730
0.462365
0.749684
0.401971
0.346575
0.974087
0.057717
0.916674
0.695863
0.375911
0.114294
0.264363
0.421575
0.144460
0.626544
0.891273
0.241635
0.279144
0.652656
0.841556
0.951979
0.068911
0.779856
0.681504
0.449423
0.787927
0.978604
0.848789
0.535389
0.226757
0.612135
0.483494
0.316692
0.829282
0.105557
0.704484
0.160731
0.260793
0.635244
0.626544
0.989675
0.801128
0.626544
0.306500
0.704484
0.153566
0.527033
0.649688
0.177160
0.177160
0.327120
0.129613
0.086919
0.350951
0.635244
0.808960
0.513281
0.652656
0.135818
0.848789
0.082732
0.322949
0.566341
0.779856
0.916674
0.947760
0.382926
0.387593
0.527033
0.927324
0.891273
0.947760
0.223587
0.441715
0.922090
0.891273
0.088340
0.150086
0.971109
0.273514
0.690166
0.986757
0.119859
0.681504
0.580543
0.841556
0.015409
0.779856
0.549354
0.704484
0.793201
0.013909
0.612135
0.793201
0.090535
0.275424
0.368979
0.749684
0.275424
0.758020
0.958545
0.090535
0.069506
0.483494
0.088340
0.233315
0.421575
0.441715
0.758020
0.236593
0.766291
0.580543
0.947760
0.667094
0.187953
0.275424
0.571972
0.250182
