0.371333
0.916674
0.094284
0.032771
0.513281
0.157114
0.829282
0.922090
0.241635
0.927324
0.667094
0.215763
0.867378
0.580543
0.735726
0.860501
0.566341
0.033659
0.947760
0.801128
0.082732
0.643949
0.190711
0.183833
0.368979
0.521553
0.375911
0.150086
0.992594
0.042685
0.766291
0.387593
0.951979
0.290658
0.059212
0.434080
0.962240
0.387593
0.735726
0.612135
0.897436
0.695863
0.394742
0.927324
0.658394
0.935597
0.787927
0.620815
0.264363
0.991213
0.947760
0.382926
0.233315
0.698805
0.986757
0.860501
0.421575
0.935597
0.375911
0.025274
0.940331
0.279144
0.505064
0.300471
0.681504
0.758020
0.306500
0.049040
0.306500
0.935597
0.727244
0.829282
0.749684
0.329292
0.260793
0.829282
0.540922
0.211153
0.535389
0.505064
0.470257
0.848789
0.940331
0.626544
0.429087
0.713075
0.316692
0.884948
0.179787
0.986757
0.635244
0.340005
0.620815
0.816691
0.867378
0.357661
0.658394
0.681504
0.667094
0.589144
0.003193
0.290658
0.139014
0.771705
0.279144
0.643949
0.022875
0.795913
0.930673
0.340005
0.867378
0.947760
0.880693
0.667094
0.521553
0.971109
0.394742
0.907293
0.269851
0.566341
0.566341
0.721628
0.371333
0.947760
0.718717
0.246759
0.695863
0.294528
0.521553
0.603471
0.779856
0.483494
0.557828
0.612135
0.795913
0.620815
0.296545
0.057717
0.801128
0.192150
0.496903
0.513281
0.907293
0.626544
0.704484
0.922090
0.643949
0.947760
0.935597
0.935597
0.406779
0.681504
0.855893
0.316692
0.713075
0.064990
0.612135
0.749684
0.626544
0.275424
0.350951
0.505064
0.004043
0.483494
0.649688
0.779856
0.922090
0.147829
0.211153
0.713075
0.891273
0.187953
0.984769
0.801128
0.695863
0.971109
0.255445
0.135818
0.658394
0.951979
0.284858
0.062816
0.649688
0.409279
0.695863
0.340005
0.549354
0.475494
0.223587
0.401971
0.801128
0.749684
0.441715
0.275424
0.483494
0.658394
0.505064
0.962240
0.316692
0.279144
0.114294
0.421575
0.406779
0.483494
0.483494
0.808960
0.135818
0.758020
0.681504
0.643949
0.059212
0.000527
0.496903
0.713075
0.409279
0.211153
0.967937
0.935597
0.874110
0.779856
0.935597
0.203680
0.874110
0.491556
0.394742
0.107244
0.467559
0.779856
0.612135
0.978604
0.690166
0.626544
0.304435
0.667094
0.672823
0.681504
0.603471
0.529876
0.841556
0.549354
0.766291
0.620815
0.978604
0.962240
0.867378
0.771705
0.658394
0.612135
0.446787
0.787927
0.549354
0.499678
0.061772
0.549354
0.394742
0.735726
0.744157
0.771705
0.382926
0.449423
0.322949
0.594827
0.617854
0.401971
0.434080
0.667094
0.698805
0.187953
0.483494
0.039445
0.681504
0.667094
0.401971
0.401971
0.749684
0.064431
0.603471
0.758020
0.620815
0.808960
0.690166
0.603471
0.874110
0.913005
0.695863
0.441715
0.284858
0.667094
0.758020
0.454542
0.535389
0.513281
0.288671
0.935597
0.978604
0.956001
0.084803
0.364456
0.527033
0.429087
0.571972
0.421575
0.316692
0.073672
0.069506
0.829282
0.981075
0.951979
0.855893
0.995551
0.316692
0.867378
0.527033
0.039801
0.935597
0.643949
0.245003
0.947760
0.177160
0.306500
0.779856
0.690166
0.114294
0.040864
0.165605
0.441715
0.855893
0.387593
0.000348
0.672823
0.159490
0.779856
0.589144
0.612135
0.727244
0.735726
0.867378
0.758020
0.867378
0.000015
0.462365
0.735726
0.394742
0.211153
0.841556
0.603471
0.735726
0.951979
0.749684
0.316692
0.086192
0.203680
0.296545
0.672823
0.368979
0.829282
0.907293
0.173237
0.571972
0.557828
0.563435
0.635244
0.322949
0.930673
0.713075
0.077446
0.580543
0.626544
0.549354
0.884948
0.867378
0.322949
0.441715
0.333520
0.035180
0.749684
0.499678
0.727244
0.371333
0.414138
0.958545
0.246759
0.848789
0.441715
0.808960
0.387593
0.735726
0.855893
0.735726
0.603471
0.922090
0.543791
0.350951
0.997586
0.166886
0.557828
0.695863
0.382926
0.571972
0.901408
0.543791
0.940331
0.922090
0.535389
0.513281
0.499678
0.478214
0.211153
0.094284
0.409279
0.194957
0.672823
0.994555
0.749684
0.535389
0.375911
0.496903
0.695863
0.626544
0.735726
0.340005
0.119859
0.771705
0.390021
0.220452
0.704484
0.727244
0.141156
0.068911
0.940331
0.713075
0.483494
0.958545
0.174566
0.922090
0.098170
0.626544
0.713075
0.475494
0.264363
0.901408
0.304435
0.375911
0.382926
0.056256
0.340005
0.867378
0.690166
0.603471
0.518727
0.841556
0.721628
0.518727
0.279144
0.401971
0.735726
0.294528
0.245003
0.375911
0.580543
0.649688
0.658394
0.698805
0.874110
0.279144
0.718717
0.801128
0.557828
0.667094
0.082732
0.935597
0.527033
0.310521
0.971109
0.779856
0.695863
0.434080
0.496903
0.535389
0.535389
0.927324
0.814067
0.658394
0.475494
0.179787
0.202171
0.821730
0.052535
0.984769
0.223587
0.255445
0.758020
0.787927
0.749684
0.930673
0.867378
0.540922
0.758020
0.713075
0.758020
0.401971
0.108126
0.922090
0.713075
0.878466
0.749684
0.594827
0.901408
0.499678
0.557828
0.434080
0.935597
0.141156
0.223587
0.848789
0.974087
0.698805
0.233315
0.316692
0.635244
0.177160
0.273514
0.935597
0.991213
0.429087
0.779856
0.672823
0.316692
0.434080
0.787927
0.836720
0.589144
0.049040
0.974087
0.603471
0.357661
0.375911
0.935597
0.179787
0.357661
0.003738
0.681504
0.771705
0.681504
0.814067
0.749684
0.029982
0.758020
0.735726
0.771705
0.062816
0.681504
0.211153
0.749684
0.333520
0.690166
0.434080
0.704484
0.245003
0.935597
0.027908
0.695863
0.364456
0.758020
0.454542
0.916674
0.527033
0.916674
0.037752
0.005968
0.795913
0.635244
0.441715
0.978604
0.258960
0.066084
