0.758020
0.368979
0.414138
0.626544
0.867378
0.681504
0.626544
0.505064
0.521553
0.962240
0.527033
0.779856
0.704484
0.236593
0.836720
0.566341
0.255445
0.974087
0.667094
0.279144
0.836720
0.499678
0.284858
0.000330
0.535389
0.991213
0.203680
0.916674
0.223587
0.368979
0.549354
0.589144
0.499678
0.050328
0.421575
0.766291
0.860501
0.042685
0.454542
0.727244
0.177160
0.779856
0.643949
0.009277
0.057717
0.821730
0.884948
0.434080
0.766291
0.735726
0.316692
0.841556
0.067775
0.589144
0.017866
0.119859
0.260793
0.434080
0.658394
0.029982
0.891273
0.704484
0.375911
0.513281
0.121744
0.617854
0.316692
0.082732
0.991213
0.004963
0.749684
0.594827
0.874110
0.597771
0.279144
0.441715
0.787927
0.658394
0.036127
0.187953
0.527033
0.891273
0.449423
0.250182
0.801128
0.640981
0.245003
0.137917
0.848789
0.855893
0.306500
0.848789
0.907293
0.589144
0.382926
0.269851
0.223587
0.749684
0.951979
0.571972
0.228410
0.758020
0.300471
0.681504
0.649688
0.848789
0.916674
0.829282
0.462365
0.279144
0.390021
0.978604
0.681504
0.275424
0.499678
0.549354
0.284858
0.922090
0.735726
0.206623
0.766291
0.672823
0.401971
0.255445
0.290658
0.901408
0.649688
0.698805
0.084803
0.015409
0.187953
0.421575
0.829282
0.462365
0.023935
0.441715
0.436675
0.075538
0.518727
0.015845
0.626544
0.907293
0.496903
0.462365
0.202171
0.848789
0.505064
0.246759
0.749684
0.907293
0.658394
0.483494
0.891273
0.549354
0.505064
0.597771
0.907293
0.681504
0.874110
0.695863
0.808960
0.414138
0.626544
0.749684
0.246759
0.704484
0.620815
0.470257
0.306500
0.014305
0.994555
0.635244
0.357661
0.421575
0.589144
0.483494
0.434080
0.316692
0.132684
0.681504
0.153566
0.454542
0.978604
0.891273
0.580543
0.658394
0.269851
0.549354
0.096609
0.199280
0.635244
0.014711
0.962240
0.246759
0.681504
0.394742
0.346575
0.513281
0.357661
0.454542
0.821730
0.496903
0.681504
0.183833
0.571972
0.667094
0.580543
0.038094
0.192150
0.421575
0.478214
0.153566
0.735726
0.713075
0.236593
0.255445
0.580543
0.922090
0.557828
0.449423
0.635244
0.066656
0.758020
0.549354
0.690166
0.226757
0.127623
0.141156
0.296545
0.735726
0.821730
0.041578
0.735726
0.681504
0.192150
0.779856
0.535389
0.594827
0.002950
0.475494
0.275424
0.009546
0.470257
0.462365
0.499678
0.513281
0.690166
0.387593
0.527033
0.658394
0.066084
0.223587
0.118894
0.535389
0.658394
0.409279
0.236593
0.170690
0.681504
0.130653
0.183833
0.855893
0.874110
0.867378
0.947760
0.231634
0.549354
0.255445
0.735726
0.758020
0.549354
0.401971
0.589144
0.483494
0.513281
0.467559
0.841556
0.462365
0.346575
0.107244
0.907293
0.779856
0.279144
0.117048
0.088340
0.241635
0.096609
0.836720
0.098170
0.535389
0.141156
0.713075
0.951979
0.704484
0.774492
0.535389
0.721628
0.971109
0.543791
0.821730
0.771705
0.166886
0.727244
0.829282
0.350951
0.429087
0.566341
0.704484
0.779856
0.003193
0.991213
0.713075
0.884948
0.681504
0.808960
0.612135
0.713075
0.119859
0.306500
0.069506
0.603471
0.821730
0.658394
0.124654
0.727244
0.279144
0.681504
0.690166
0.612135
0.192150
0.218844
0.241635
0.155897
0.962240
0.589144
0.658394
0.816691
0.635244
0.169385
0.594827
0.808960
0.290658
0.658394
0.779856
0.187953
0.580543
0.260793
0.228410
0.008597
0.821730
0.821730
0.901408
0.821730
0.375911
0.727244
0.470257
0.735726
0.150086
0.735726
0.829282
0.801128
0.540922
0.612135
0.483494
0.183833
0.617854
0.483494
0.535389
0.922090
0.695863
0.540922
0.401971
0.340005
0.672823
0.787927
0.626544
0.255445
0.801128
0.735726
0.368979
0.713075
0.364456
0.414138
0.223587
0.844036
0.382926
0.015409
0.053907
0.891273
0.382926
0.681504
0.269851
0.141156
0.535389
0.758020
0.082732
0.713075
0.580543
0.681504
0.174566
0.901408
0.462365
0.907293
0.215763
0.821730
0.649688
0.667094
0.766291
0.499678
0.771705
0.371333
0.340005
0.005687
0.643949
0.658394
0.612135
0.626544
0.441715
0.841556
0.667094
0.808960
0.962240
0.119859
0.441715
0.681504
0.795913
0.375911
0.103042
0.612135
0.690166
0.884948
0.758020
0.245003
0.192150
0.505064
0.713075
0.907293
0.927324
0.901408
0.505064
0.940331
0.589144
0.884948
0.940331
0.626544
0.735726
0.055312
0.003008
0.801128
0.901408
0.681504
0.375911
0.322949
0.241635
0.491556
0.787927
0.603471
0.505064
0.215763
0.414138
0.364456
0.236593
0.470257
0.163153
0.119859
0.147829
0.130653
0.137917
0.974087
0.940331
0.215763
0.978604
0.841556
0.821730
0.603471
0.236593
0.690166
0.718717
0.735726
0.649688
0.382926
0.009546
0.505064
0.891273
0.290658
0.891273
0.005418
0.940331
0.264363
0.603471
0.061772
0.808960
0.017063
0.446787
0.119859
0.922090
0.997586
0.766291
0.033071
0.958545
0.907293
0.566341
0.312615
0.022258
0.177160
0.375911
0.082732
0.635244
0.011106
0.557828
0.429087
0.617854
0.978604
0.357661
0.340005
0.552238
0.855893
0.421575
0.527033
0.589144
0.543791
0.848789
0.718717
0.566341
0.535389
0.246759
0.000285
0.884948
0.690166
0.913005
0.434080
0.978604
0.927324
0.667094
0.026438
0.015409
0.098985
0.159490
0.658394
0.036127
0.907293
0.086192
0.935597
0.984769
0.241635
0.557828
0.681504
0.040864
0.971109
0.414138
0.132684
0.449423
0.028409
0.967937
0.901408
0.160731
0.401971
0.947760
0.965738
0.023508
0.829282
0.042685
0.429087
0.364456
0.867378
0.658394
0.505064
0.978604
0.557828
0.891273
0.275424
0.841556
0.187953
0.462365
0.364456
0.996919
