0.540922
0.735726
0.470257
0.364456
0.549354
0.290658
0.121744
0.779856
0.117048
0.667094
0.603471
0.181158
0.749684
0.375911
0.371333
0.626544
0.744157
0.387593
0.306500
0.735726
0.166886
0.557828
0.617854
0.406779
0.014985
0.206623
0.135818
0.848789
0.146673
0.067775
0.042685
0.667094
0.867378
0.580543
0.744157
0.901408
0.414138
0.454542
0.119859
0.779856
0.580543
0.527033
0.681504
0.571972
0.829282
0.612135
0.002020
0.612135
0.779856
0.698805
0.672823
0.194957
0.241635
0.098985
0.848789
0.462365
0.580543
0.333520
0.855893
0.401971
0.086919
0.364456
0.571972
0.333520
0.535389
0.187953
0.026438
0.986757
0.346575
0.603471
0.009727
0.947760
0.884948
0.491556
0.088340
0.927324
0.874110
0.848789
0.681504
0.829282
0.141156
0.589144
0.421575
0.053907
0.603471
0.603471
0.766291
0.589144
0.441715
0.077446
0.429087
0.368979
0.401971
0.478214
0.414138
0.382926
0.296545
0.478214
0.483494
0.612135
0.028919
0.333520
0.364456
0.387593
0.787927
0.288671
0.675784
0.446787
0.612135
0.940331
0.589144
0.922090
0.995551
0.574890
0.012907
0.103042
0.406779
0.025970
0.779856
0.310521
0.038764
0.891273
0.779856
0.848789
0.088340
0.779856
0.749684
0.483494
0.166886
0.540922
0.690166
0.335721
0.003354
0.991213
0.704484
0.771705
0.867378
0.874110
0.801128
0.491556
0.801128
0.077446
0.170690
0.340005
0.749684
0.170690
0.203680
0.434080
0.183833
0.020320
0.695863
0.387593
0.079397
0.793201
0.401971
0.658394
0.406779
0.025274
0.329292
0.454542
0.344325
0.947760
0.279144
0.475494
0.658394
0.192150
0.211153
0.044581
0.109849
0.527033
0.394742
0.322949
0.096609
0.758020
0.935597
0.027652
0.855893
0.989675
0.236593
0.434080
0.974087
0.527033
0.462365
0.727244
0.170690
0.557828
0.841556
0.848789
0.505064
0.194957
0.429087
0.594827
0.713075
0.698805
0.041578
0.499678
0.947760
0.947760
0.368979
0.300471
0.153566
0.801128
0.626544
0.566341
0.333520
0.735726
0.681504
0.713075
0.327120
0.758020
0.202171
0.294528
0.901408
0.194957
0.626544
0.571972
0.922090
0.499678
0.749684
0.429087
0.166886
0.557828
0.163153
0.695863
0.735726
0.667094
0.681504
0.713075
0.527033
0.070668
0.050328
0.878466
0.475494
0.749684
0.434080
0.612135
0.947760
0.144460
0.635244
0.626544
0.907293
0.038094
0.779856
0.105557
0.793201
0.151265
0.563435
0.557828
0.971109
0.236593
0.037752
0.009104
0.387593
0.749684
0.047782
0.327120
0.253642
0.016438
0.635244
0.951979
0.891273
0.273514
0.260793
0.535389
0.357661
0.211153
0.620815
0.441715
0.986757
0.067775
0.672823
0.594827
0.002443
0.000115
0.457201
0.362130
0.000718
0.779856
0.681504
0.241635
0.527033
0.690166
0.281082
0.183833
0.406779
0.236593
0.787927
0.580543
0.597771
0.483494
0.153566
0.884948
0.275424
0.557828
0.947760
0.962240
0.991213
0.103042
0.721628
0.441715
0.220452
0.290658
0.021268
0.829282
0.245003
0.382926
0.891273
0.344325
0.566341
0.306500
0.735726
0.867378
0.867378
0.667094
0.735726
0.005013
0.147829
0.704484
0.986757
0.901408
0.643949
0.793201
0.571972
0.713075
0.121744
0.801128
0.382926
0.039801
0.090535
0.836720
0.434080
0.535389
0.557828
0.086919
0.446787
0.922090
0.169385
0.580543
0.394742
0.967937
0.958545
0.483494
0.231634
0.527033
0.306500
0.649688
0.758020
0.483494
0.571972
0.026438
0.620815
0.491556
0.922090
0.364456
0.867378
0.658394
0.758020
0.260793
0.056256
0.951979
0.829282
0.009277
0.346575
0.206623
0.922090
0.513281
0.350951
0.535389
0.499678
0.266225
0.441715
0.329292
0.603471
0.255445
0.190711
0.296545
0.735726
0.056750
0.571972
0.496903
0.848789
0.441715
0.557828
0.658394
0.467559
0.052535
0.808960
0.681504
0.901408
0.333520
0.836720
0.612135
0.867378
0.907293
0.246759
0.907293
0.187953
0.667094
0.199280
0.090535
0.072465
0.580543
0.855893
0.454542
0.735726
0.129613
0.135818
0.426518
0.971109
0.713075
0.329292
0.132684
0.594827
0.050328
0.037099
0.841556
0.228410
0.958545
0.841556
0.626544
0.306500
0.867378
0.704484
0.246759
0.649688
0.082732
0.617854
0.211153
0.340005
0.382926
0.922090
0.462365
0.397198
0.922090
0.713075
0.454542
0.667094
0.457201
0.535389
0.041578
0.766291
0.446787
0.057717
0.916674
0.023935
0.414138
0.958545
0.779856
0.801128
0.316692
0.704484
0.316692
0.264363
0.962240
0.454542
0.173237
0.727244
0.100580
0.552238
0.681504
0.340005
0.040498
0.704484
0.884948
0.375911
0.981075
0.521553
0.821730
0.001465
0.766291
0.470257
0.316692
0.658394
0.749684
0.163153
0.027164
0.667094
0.860501
0.779856
0.000718
0.907293
0.316692
0.907293
0.475494
0.626544
0.340005
0.129613
0.475494
0.681504
0.580543
0.658394
0.454542
0.053907
0.375911
0.971109
0.535389
0.962240
0.617854
0.467559
0.001246
0.927324
0.557828
0.080707
0.971109
0.137917
0.491556
0.043818
0.589144
0.735726
0.109849
0.996919
0.713075
0.483494
0.867378
0.223587
0.401971
0.496903
0.971109
0.300471
0.513281
0.758020
0.735726
0.974087
0.169385
0.290658
0.907293
0.543791
0.483494
0.284858
0.620815
0.962240
0.340005
0.155897
0.223587
0.774492
0.612135
0.841556
0.658394
0.462365
0.300471
0.034568
0.250182
0.801128
0.269851
0.483494
0.333520
0.329292
0.114294
0.580543
0.907293
0.580543
0.855893
0.672823
0.496903
0.808960
0.940331
0.620815
0.971109
0.649688
0.061772
0.144460
0.758020
0.535389
0.735726
0.848789
0.612135
0.491556
0.801128
0.267971
0.667094
0.187953
0.758020
0.032199
0.984769
0.860501
0.088340
