0.316692
0.658394
0.192150
0.855893
0.255445
0.013276
0.626544
0.505064
0.197797
0.434080
0.758020
0.312615
0.005262
0.010795
0.513281
0.971109
0.457201
0.046970
0.312615
0.658394
0.690166
0.867378
0.808960
0.527033
0.211153
0.713075
0.779856
0.462365
0.135818
0.170690
0.935597
0.672823
0.867378
0.962240
0.253642
0.375911
0.744157
0.264363
0.470257
0.143326
0.779856
0.310521
0.829282
0.867378
0.357661
0.681504
0.192150
0.211153
0.771705
0.123655
0.163153
0.779856
0.935597
0.231634
0.690166
0.808960
0.704484
0.927324
0.192150
0.635244
0.192150
0.016139
0.643949
0.713075
0.337784
0.187953
0.333520
0.203680
0.253642
0.690166
0.190711
0.981075
0.635244
0.177160
0.704484
0.275424
0.855893
0.626544
0.617854
0.884948
0.340005
0.874110
0.821730
0.000366
0.801128
0.626544
0.446787
0.290658
0.681504
0.211153
0.003455
0.922090
0.155897
0.867378
0.228410
0.829282
0.013909
0.779856
0.829282
0.603471
0.190711
0.779856
0.951979
0.566341
0.173237
0.649688
0.848789
0.296545
0.067775
0.269851
0.549354
0.787927
0.690166
0.255445
0.735726
0.250182
0.713075
0.635244
0.848789
0.037099
0.037752
0.658394
0.290658
0.744157
0.947760
0.454542
0.978604
0.808960
0.394742
0.094284
0.505064
0.704484
0.505064
0.557828
0.690166
0.179787
0.364456
0.787927
0.626544
0.312615
0.735726
0.801128
0.779856
0.429087
0.505064
0.233315
0.727244
0.211153
0.163153
0.571972
0.092008
0.401971
0.161896
0.907293
0.513281
0.236593
0.557828
0.173237
0.294528
0.316692
0.991213
0.075538
0.454542
0.829282
0.681504
0.284858
0.362130
0.475494
0.475494
0.658394
0.100580
0.658394
0.228410
0.793201
0.475494
0.626544
0.635244
0.001208
0.758020
0.357661
0.011106
0.027164
0.913005
0.333520
0.667094
0.735726
0.357661
0.836720
0.375911
0.848789
0.690166
0.698805
0.597771
0.829282
0.935597
0.170690
0.483494
0.011425
0.022466
0.462365
0.275424
0.441715
0.109849
0.690166
0.491556
0.704484
0.698805
0.629509
0.187953
0.513281
0.998463
0.357661
0.913005
0.801128
0.901408
0.380525
0.935597
0.107244
0.401971
0.612135
0.406779
0.264363
0.010298
0.043818
0.449423
0.658394
0.255445
0.454542
0.414138
0.220452
0.421575
0.997586
0.421575
0.382926
0.816691
0.449423
0.557828
0.626544
0.907293
0.306500
0.269851
0.695863
0.496903
0.704484
0.088340
0.454542
0.096609
0.166886
0.040864
0.801128
0.141156
0.194957
0.884948
0.269851
0.612135
0.434080
0.958545
0.527033
0.974087
0.177160
0.978604
0.675784
0.962240
0.434080
0.202171
0.203680
0.399498
0.681504
0.675784
0.340005
0.021656
0.612135
0.375911
0.771705
0.935597
0.421575
0.580543
0.801128
0.626544
0.626544
0.884948
0.535389
0.935597
0.643949
0.194957
0.223587
0.026438
0.867378
0.801128
0.401971
0.848789
0.535389
0.620815
0.594827
0.557828
0.057717
0.045761
0.727244
0.505064
0.922090
0.441715
0.141156
0.771705
0.316692
0.109849
0.540922
0.675784
0.991213
0.690166
0.962240
0.166886
0.380525
0.491556
0.190711
0.462365
0.557828
0.704484
0.612135
0.246759
0.470257
0.821730
0.626544
0.057717
0.603471
0.779856
0.470257
0.246759
0.153566
0.907293
0.821730
0.521553
0.296545
0.571972
0.394742
0.848789
0.001048
0.306500
0.690166
0.779856
0.713075
0.429087
0.390021
0.891273
0.940331
0.816691
0.848789
0.571972
0.535389
0.801128
0.874110
0.927324
0.681504
0.947760
0.390021
0.667094
0.779856
0.984769
0.727244
0.808960
0.874110
0.300471
0.667094
0.543791
0.074303
0.749684
0.011640
0.808960
0.667094
0.549354
0.855893
0.105557
0.241635
0.749684
0.015845
0.566341
0.695863
0.787927
0.496903
0.690166
0.117048
0.406779
0.075538
0.907293
0.995551
0.718717
0.322949
0.916674
0.612135
0.264363
0.566341
0.907293
0.037099
0.077446
0.406779
0.643949
0.001865
0.635244
0.540922
0.027164
0.294528
0.434080
0.626544
0.483494
0.695863
0.236593
0.901408
0.064431
0.275424
0.401971
0.362130
0.821730
0.801128
0.612135
0.540922
0.727244
0.681504
0.141156
0.836720
0.951979
0.829282
0.401971
0.051194
0.027164
0.258960
0.491556
0.322949
0.801128
0.211153
0.364456
0.996919
0.117048
0.907293
0.907293
0.658394
0.041578
0.375911
0.995551
0.194957
0.250182
0.620815
0.816691
0.255445
0.394742
0.971109
0.681504
0.382926
0.681504
0.589144
0.821730
0.698805
0.449423
0.063362
0.233315
0.643949
0.667094
0.658394
0.603471
0.406779
0.735726
0.935597
0.597771
0.612135
0.589144
0.571972
0.429087
0.549354
0.496903
0.114294
0.867378
0.215763
0.288671
0.044581
0.779856
0.617854
0.649688
0.364456
0.681504
0.446787
0.266225
0.046970
0.935597
0.829282
0.821730
0.735726
0.364456
0.916674
0.401971
0.183833
0.855893
0.690166
0.897436
0.483494
0.449423
0.808960
0.527033
0.766291
0.643949
0.231634
0.173237
0.704484
0.927324
0.667094
0.001636
0.269851
0.580543
0.470257
0.667094
0.713075
0.649688
0.051648
0.382926
0.867378
0.901408
0.223587
0.462365
0.449423
0.891273
0.535389
0.855893
0.901408
0.127623
0.971109
0.922090
0.779856
0.491556
0.947760
0.119859
0.462365
0.891273
0.284858
0.072465
0.635244
0.215763
0.860501
0.057717
0.350951
0.535389
0.855893
0.901408
0.935597
0.597771
0.727244
0.344325
0.020886
0.713075
0.322949
0.704484
0.649688
0.867378
0.603471
0.004728
0.034568
0.935597
0.300471
0.758020
0.129613
0.922090
0.658394
0.874110
0.744157
0.521553
0.194957
0.144460
0.316692
0.364456
0.947760
0.199280
0.557828
0.499678
0.704484
0.350951
0.787927
0.947760
0.269851
0.940331
0.264363
