0.033071
0.721628
0.787927
0.557828
0.449423
0.848789
0.626544
0.922090
0.046970
0.013276
0.098985
0.231634
0.513281
0.690166
0.346575
0.994555
0.096609
0.236593
0.658394
0.527033
0.382926
0.735726
0.429087
0.704484
0.884948
0.557828
0.690166
0.829282
0.566341
0.787927
0.713075
0.051648
0.414138
0.364456
0.891273
0.967937
0.375911
0.907293
0.580543
0.549354
0.841556
0.199280
0.951979
0.031348
0.940331
0.223587
0.483494
0.394742
0.177160
0.470257
0.735726
0.801128
0.635244
0.787927
0.279144
0.127623
0.603471
0.029708
0.119859
0.364456
0.713075
0.350951
0.010298
0.947760
0.841556
0.735726
0.236593
0.758020
0.758020
0.962240
0.681504
0.024158
0.766291
0.109849
0.275424
0.231634
0.940331
0.603471
0.758020
0.951979
0.808960
0.836720
0.368979
0.597771
0.426518
0.414138
0.357661
0.382926
0.535389
0.626544
0.658394
0.766291
0.214182
0.441715
0.029708
0.005523
0.766291
0.884948
0.947760
0.163153
0.580543
0.649688
0.603471
0.215763
0.042685
0.194957
0.643949
0.543791
0.406779
0.974087
0.758020
0.848789
0.758020
0.269851
0.557828
0.704484
0.454542
0.421575
0.907293
0.333520
0.390021
0.713075
0.223587
0.002593
0.841556
0.749684
0.010009
0.907293
0.163153
0.475494
0.749684
0.518727
0.675784
0.241635
0.025274
0.470257
0.166886
0.394742
0.434080
0.375911
0.749684
0.758020
0.848789
0.211153
0.801128
0.127623
0.557828
0.626544
0.414138
0.306500
0.867378
0.860501
0.891273
0.907293
0.513281
0.044980
0.947760
0.589144
0.594827
0.241635
0.713075
0.779856
0.251967
0.329292
0.141156
0.070668
0.333520
0.228410
0.958545
0.382926
0.350951
0.104694
0.535389
0.382926
0.543791
0.884948
0.236593
0.284858
0.994555
0.935597
0.566341
0.449423
0.169385
0.421575
0.667094
0.096609
0.344325
0.930673
0.462365
0.549354
0.940331
0.462365
0.635244
0.382926
0.878466
0.387593
0.002189
0.635244
0.241635
0.801128
0.027652
0.521553
0.612135
0.505064
0.735726
0.922090
0.187953
0.483494
0.667094
0.962240
0.626544
0.612135
0.836720
0.884948
0.913005
0.371333
0.300471
0.787927
0.499678
0.441715
0.401971
0.821730
0.401971
0.117048
0.382926
0.462365
0.483494
0.884948
0.226757
0.061772
0.958545
0.947760
0.012907
0.364456
0.114294
0.264363
0.808960
0.766291
0.312615
0.401971
0.215763
0.779856
0.075538
0.434080
0.667094
0.962240
0.940331
0.434080
0.829282
0.441715
0.704484
0.951979
0.483494
0.052535
0.787927
0.735726
0.771705
0.821730
0.801128
0.429087
0.935597
0.107244
0.350951
0.829282
0.199280
0.667094
0.119859
0.250182
0.978604
0.735726
0.401971
0.215763
0.735726
0.429087
0.306500
0.153566
0.375911
0.117048
0.483494
0.159490
0.735726
0.007965
0.082732
0.986757
0.779856
0.166886
0.426518
0.704484
0.860501
0.874110
0.382926
0.364456
0.855893
0.935597
0.543791
0.483494
0.901408
0.082732
0.580543
0.255445
0.704484
0.290658
0.350951
0.907293
0.589144
0.848789
0.039801
0.429087
0.250182
0.635244
0.836720
0.203680
0.449423
0.867378
0.787927
0.589144
0.735726
0.793201
0.727244
0.543791
0.603471
0.082732
0.021859
0.034568
0.483494
0.112510
0.357661
0.821730
0.215763
0.077446
0.043818
0.088340
0.635244
0.183833
0.300471
0.727244
0.250182
0.672823
0.801128
0.000872
0.401971
0.971109
0.333520
0.652656
0.340005
0.535389
0.483494
0.793201
0.505064
0.787927
0.626544
0.454542
0.375911
0.094284
0.907293
0.549354
0.346575
0.483494
0.290658
0.681504
0.779856
0.057717
0.105557
0.513281
0.801128
0.860501
0.446787
0.170690
0.566341
0.084803
0.211153
0.951979
0.275424
0.681504
0.971109
0.187953
0.744157
0.721628
0.327120
0.312615
0.543791
0.672823
0.483494
0.867378
0.735726
0.462365
0.223587
0.470257
0.543791
0.266225
0.867378
0.549354
0.166886
0.165605
0.855893
0.007032
0.364456
0.787927
0.000089
0.316692
0.306500
0.088340
0.944872
0.006637
0.527033
0.446787
0.779856
0.749684
0.907293
0.380525
0.300471
0.496903
0.612135
0.635244
0.233315
0.535389
0.322949
0.612135
0.000527
0.801128
0.981075
0.947760
0.829282
0.211153
0.441715
0.031348
0.793201
0.340005
0.090535
0.695863
0.649688
0.462365
0.483494
0.150086
0.470257
0.505064
0.300471
0.421575
0.084803
0.557828
0.079397
0.749684
0.874110
0.922090
0.758020
0.462365
0.589144
0.758020
0.467559
0.787927
0.187953
0.935597
0.350951
0.735726
0.829282
0.855893
0.483494
0.907293
0.758020
0.658394
0.612135
0.057717
0.406779
0.322949
0.429087
0.001310
0.151265
0.166886
0.603471
0.449423
0.771705
0.034568
0.612135
0.836720
0.540922
0.779856
0.884948
0.068911
0.841556
0.884948
0.779856
0.475494
0.735726
0.867378
0.300471
0.620815
0.947760
0.194957
0.105557
0.612135
0.860501
0.322949
0.513281
0.821730
0.496903
0.269851
0.891273
0.075538
0.470257
0.414138
0.907293
0.940331
0.891273
0.357661
0.681504
0.290658
0.635244
0.549354
0.612135
0.978604
0.220452
0.371333
0.787927
0.112510
0.884948
0.153566
0.916674
0.269851
0.206623
0.513281
0.475494
0.322949
0.951979
0.884948
0.401971
0.643949
0.549354
0.643949
0.947760
0.543791
0.228410
0.382926
0.922090
0.183833
0.475494
0.672823
0.947760
0.264363
0.357661
0.855893
0.322949
0.434080
0.496903
0.848789
0.414138
0.951979
0.535389
0.483494
0.620815
0.491556
0.066084
0.557828
0.612135
0.958545
0.264363
0.848789
0.414138
0.766291
0.329292
0.566341
0.368979
0.449423
0.368979
0.284858
0.187953
0.306500
0.119859
0.594827
0.449423
0.971109
0.991213
0.801128
0.067775
0.173237
0.414138
0.658394
