0.612135
0.010595
0.758020
0.704484
0.067775
0.907293
0.344325
0.000285
0.713075
0.901408
0.727244
0.681504
0.264363
0.090535
0.801128
0.901408
0.141156
0.316692
0.713075
0.984769
0.779856
0.491556
0.603471
0.513281
0.867378
0.063362
0.019230
0.749684
0.098985
0.652656
0.003738
0.390021
0.296545
0.040498
0.441715
0.612135
0.449423
0.390021
0.284858
0.580543
0.566341
0.855893
0.312615
0.749684
0.527033
0.077446
0.901408
0.907293
0.215763
0.617854
0.589144
0.000590
0.483494
0.505064
0.264363
0.241635
0.279144
0.891273
0.441715
0.626544
0.322949
0.013276
0.758020
0.580543
0.141156
0.787927
0.414138
0.643949
0.829282
0.580543
0.749684
0.907293
0.513281
0.150086
0.951979
0.475494
0.047782
0.013909
0.306500
0.848789
0.947760
0.907293
0.098985
0.735726
0.014985
0.250182
0.829282
0.300471
0.001310
0.382926
0.649688
0.848789
0.566341
0.037099
0.713075
0.260793
0.718717
0.612135
0.187953
0.836720
0.000182
0.787927
0.000918
0.698805
0.124654
0.290658
0.675784
0.275424
0.795913
0.269851
0.557828
0.505064
0.808960
0.031348
0.535389
0.626544
0.357661
0.744157
0.316692
0.589144
0.643949
0.535389
0.603471
0.375911
0.052074
0.907293
0.020886
0.004288
0.382926
0.891273
0.513281
0.821730
0.951979
0.063362
0.658394
0.306500
0.316692
0.867378
0.103042
0.340005
0.589144
0.483494
0.421575
0.406779
0.962240
0.322949
0.470257
0.124654
0.483494
0.848789
0.436675
0.922090
0.043818
0.907293
0.269851
0.695863
0.223587
0.462365
0.947760
0.907293
0.005418
0.681504
0.340005
0.401971
0.470257
0.787927
0.077446
0.483494
0.867378
0.603471
0.082732
0.199280
0.867378
0.159490
0.521553
0.316692
0.316692
0.535389
0.580543
0.808960
0.211153
0.940331
0.981075
0.505064
0.513281
0.571972
0.079397
0.793201
0.124654
0.096609
0.721628
0.713075
0.294528
0.704484
0.203680
0.441715
0.986757
0.000022
0.543791
0.580543
0.667094
0.414138
0.808960
0.658394
0.454542
0.114294
0.635244
0.580543
0.231634
0.203680
0.449423
0.246759
0.401971
0.002863
0.962240
0.962240
0.290658
0.275424
0.771705
0.157114
0.735726
0.808960
0.340005
0.203680
0.557828
0.829282
0.947760
0.357661
0.758020
0.264363
0.801128
0.084803
0.774492
0.667094
0.496903
0.821730
0.527033
0.735726
0.880693
0.223587
0.364456
0.039801
0.801128
0.375911
0.940331
0.658394
0.518727
0.414138
0.306500
0.874110
0.566341
0.350951
0.771705
0.779856
0.394742
0.848789
0.340005
0.103042
0.016595
0.362130
0.203680
0.306500
0.053907
0.020320
0.279144
0.112510
0.269851
0.421575
0.241635
0.884948
0.505064
0.626544
0.603471
0.100580
0.681504
0.513281
0.658394
0.557828
0.566341
0.735726
0.429087
0.690166
0.088340
0.594827
0.907293
0.947760
0.594827
0.114294
0.589144
0.766291
0.053907
0.690166
0.744157
0.312615
0.681504
0.996919
0.357661
0.434080
0.387593
0.658394
0.603471
0.549354
0.153566
0.667094
0.891273
0.603471
0.658394
0.867378
0.462365
0.580543
0.951979
0.749684
0.549354
0.470257
0.449423
0.159490
0.109849
0.275424
0.958545
0.801128
0.499678
0.050328
0.284858
0.135818
0.713075
0.787927
0.260793
0.344325
0.956001
0.103042
0.901408
0.129613
0.090535
0.346575
0.401971
0.513281
0.971109
0.454542
0.862861
0.005364
0.505064
0.535389
0.922090
0.947760
0.801128
0.704484
0.114294
0.194957
0.907293
0.704484
0.658394
0.940331
0.927324
0.535389
0.994555
0.082732
0.421575
0.513281
0.557828
0.907293
0.041578
0.329292
0.496903
0.153566
0.190711
0.589144
0.119859
0.916674
0.401971
0.059212
0.667094
0.801128
0.260793
0.518727
0.401971
0.766291
0.037752
0.203680
0.855893
0.357661
0.758020
0.394742
0.874110
0.228410
0.594827
0.962240
0.907293
0.103042
0.907293
0.744157
0.409279
0.808960
0.787927
0.173237
0.067775
0.626544
0.787927
0.922090
0.127623
0.018706
0.258960
0.891273
0.735726
0.727244
0.681504
0.246759
0.713075
0.441715
0.667094
0.867378
0.867378
0.672823
0.801128
0.841556
0.023508
0.187953
0.346575
0.749684
0.758020
0.978604
0.322949
0.557828
0.039801
0.704484
0.808960
0.401971
0.571972
0.329292
0.527033
0.322949
0.735726
0.771705
0.787927
0.236593
0.478214
0.997586
0.322949
0.612135
0.306500
0.801128
0.029186
0.098170
0.228410
0.829282
0.103042
0.364456
0.306500
0.907293
0.107244
0.475494
0.667094
0.041578
0.557828
0.059212
0.787927
0.535389
0.478214
0.075538
0.462365
0.735726
0.187953
0.612135
0.429087
0.855893
0.626544
0.557828
0.306500
0.922090
0.139014
0.690166
0.927324
0.984769
0.991213
0.470257
0.329292
0.362130
0.549354
0.434080
0.891273
0.005855
0.681504
0.306500
0.527033
0.829282
0.758020
0.658394
0.001310
0.635244
0.159490
0.635244
0.364456
0.620815
0.004164
0.749684
0.927324
0.462365
0.312615
0.144460
0.787927
0.787927
0.758020
0.353229
0.491556
0.105557
0.462365
0.640981
0.153566
0.414138
0.535389
0.153566
0.312615
0.441715
0.096609
0.571972
0.535389
0.974087
0.527033
0.735726
0.434080
0.721628
0.279144
0.612135
0.401971
0.183833
0.340005
0.505064
0.056256
0.891273
0.470257
0.394742
0.169385
0.186540
0.779856
0.064431
0.401971
0.940331
0.749684
0.571972
0.441715
0.978604
0.499678
0.589144
0.518727
0.284858
0.132684
0.375911
0.300471
0.848789
0.401971
0.117048
0.100580
0.031348
0.951979
0.053907
0.681504
0.421575
0.557828
0.958545
0.218844
0.566341
0.643949
0.169385
0.681504
0.626544
0.364456
0.935597
0.401971
0.505064
0.421575
0.867378
0.316692
0.935597
0.681504
0.002645
0.141156
0.713075
