0.727244
0.505064
0.491556
0.927324
0.867378
0.557828
0.603471
0.364456
0.695863
0.758020
0.749684
0.829282
0.454542
0.043818
0.704484
0.713075
0.557828
0.787927
0.704484
0.566341
0.071848
0.483494
0.848789
0.901408
0.897436
0.535389
0.801128
0.543791
0.223587
0.153566
0.505064
0.132684
0.997586
0.215763
0.766291
0.766291
0.023935
0.922090
0.540922
0.079397
0.901408
0.735726
0.681504
0.749684
0.340005
0.947760
0.496903
0.962240
0.346575
0.801128
0.218844
0.250182
0.603471
0.884948
0.475494
0.059212
0.394742
0.023508
0.658394
0.848789
0.446787
0.930673
0.316692
0.829282
0.000036
0.874110
0.667094
0.922090
0.658394
0.841556
0.269851
0.470257
0.284858
0.462365
0.749684
0.387593
0.543791
0.021268
0.483494
0.735726
0.022875
0.068911
0.340005
0.316692
0.667094
0.808960
0.009546
0.409279
0.241635
0.499678
0.046970
0.907293
0.304435
0.808960
0.288671
0.801128
0.771705
0.513281
0.580543
0.727244
0.192150
0.521553
0.744157
0.039801
0.390021
0.109849
0.316692
0.962240
0.855893
0.007032
0.000119
0.927324
0.390021
0.771705
0.100580
0.971109
0.269851
0.626544
0.721628
0.690166
0.947760
0.275424
0.836720
0.543791
0.119859
0.829282
0.884948
0.841556
0.505064
0.681504
0.603471
0.649688
0.841556
0.000424
0.766291
0.675784
0.163153
0.223587
0.704484
0.218844
0.063362
0.130653
0.322949
0.135818
0.241635
0.034568
0.037099
0.566341
0.874110
0.527033
0.421575
0.029186
0.036127
0.088340
0.251967
0.306500
0.048208
0.375911
0.203680
0.199280
0.130653
0.382926
0.429087
0.035180
0.626544
0.617854
0.002324
0.000033
0.382926
0.690166
0.922090
0.801128
0.855893
0.109849
0.312615
0.884948
0.836720
0.518727
0.144460
0.135818
0.454542
0.947760
0.704484
0.296545
0.082732
0.766291
0.521553
0.589144
0.199280
0.045761
0.527033
0.612135
0.612135
0.829282
0.667094
0.589144
0.880693
0.166886
0.199280
0.441715
0.704484
0.649688
0.658394
0.672823
0.907293
0.333520
0.038764
0.306500
0.449423
0.574890
0.612135
0.571972
0.801128
0.177160
0.064990
0.675784
0.589144
0.589144
0.144460
0.841556
0.603471
0.012317
0.124654
0.962240
0.574890
0.589144
0.597771
0.057717
0.357661
0.801128
0.848789
0.527033
0.139014
0.394742
0.704484
0.658394
0.119859
0.211153
0.721628
0.829282
0.139014
0.801128
0.246759
0.801128
0.340005
0.215763
0.312615
0.306500
0.086192
0.048208
0.821730
0.626544
0.612135
0.241635
0.635244
0.704484
0.956001
0.153566
0.867378
0.940331
0.010009
0.001421
0.535389
0.667094
0.557828
0.801128
0.744157
0.557828
0.429087
0.749684
0.626544
0.215763
0.049040
0.414138
0.027908
0.860501
0.681504
0.643949
0.475494
0.540922
0.922090
0.000609
0.801128
0.940331
0.766291
0.027164
0.015695
0.749684
0.713075
0.612135
0.441715
0.597771
0.749684
0.690166
0.543791
0.094284
0.004288
0.021859
0.543791
0.173237
0.848789
0.984769
0.441715
0.009546
0.978604
0.962240
0.971109
0.922090
0.594827
0.779856
0.787927
0.552238
0.454542
0.557828
0.718717
0.540922
0.130653
0.907293
0.620815
0.141156
0.364456
0.068911
0.088340
0.580543
0.103042
0.255445
0.141156
0.978604
0.002779
0.940331
0.173237
0.808960
0.718717
0.117048
0.620815
0.574890
0.543791
0.406779
0.779856
0.704484
0.049040
0.310521
0.296545
0.117048
0.241635
0.916674
0.429087
0.124654
0.994555
0.658394
0.483494
0.499678
0.491556
0.192150
0.057717
0.357661
0.098985
0.808960
0.434080
0.940331
0.597771
0.643949
0.667094
0.003850
0.744157
0.513281
0.829282
0.027908
0.449423
0.052535
0.513281
0.401971
0.241635
0.155897
0.187953
0.594827
0.513281
0.070668
0.144460
0.092778
0.527033
0.269851
0.401971
0.072465
0.491556
0.635244
0.141156
0.034568
0.947760
0.300471
0.449423
0.483494
0.387593
0.350951
0.177160
0.441715
0.250182
0.704484
0.181158
0.535389
0.620815
0.333520
0.947760
0.329292
0.878466
0.192150
0.296545
0.082732
0.513281
0.088340
0.771705
0.867378
0.940331
0.667094
0.836720
0.735726
0.667094
0.470257
0.496903
0.127623
0.801128
0.535389
0.127623
0.913005
0.971109
0.192150
0.147829
0.264363
0.829282
0.306500
0.667094
0.749684
0.640981
0.187953
0.426518
0.215763
0.491556
0.483494
0.169385
0.935597
0.535389
0.454542
0.088340
0.290658
0.855893
0.316692
0.505064
0.505064
0.667094
0.841556
0.617854
0.793201
0.704484
0.681504
0.153566
0.470257
0.462365
0.557828
0.884948
0.758020
0.713075
0.947760
0.160731
0.808960
0.535389
0.612135
0.046970
0.698805
0.848789
0.940331
0.855893
0.597771
0.640981
0.072465
0.206623
0.429087
0.867378
0.371333
0.322949
0.649688
0.658394
0.626544
0.672823
0.163153
0.300471
0.092778
0.521553
0.401971
0.984769
0.199280
0.147829
0.290658
0.513281
0.735726
0.543791
0.635244
0.206623
0.109849
0.986757
0.350951
0.103042
0.470257
0.867378
0.344325
0.698805
0.061772
0.727244
0.808960
0.094284
0.635244
0.173237
0.808960
0.146673
0.735726
0.690166
0.387593
0.698805
0.294528
0.927324
0.758020
0.429087
0.218844
0.779856
0.306500
0.766291
0.350951
0.163153
0.141156
0.475494
0.940331
0.860501
0.891273
0.675784
0.557828
0.603471
0.735726
0.930673
0.001510
0.589144
0.094284
0.401971
0.658394
0.132684
0.617854
0.566341
0.194957
0.758020
0.635244
0.059212
0.597771
0.848789
0.927324
0.947760
0.051648
0.387593
0.000000
0.088340
0.475494
0.749684
0.735726
0.727244
0.112510
0.594827
0.698805
0.013276
0.690166
0.690166
0.067775
0.690166
0.884948
0.557828
0.223587
0.060217
0.922090
0.478214
0.135818
