0.109849
0.735726
0.774492
0.779856
0.194957
0.053907
0.132684
0.266225
0.306500
0.681504
0.521553
0.421575
0.322949
0.470257
0.658394
0.566341
0.260793
0.001721
0.690166
0.907293
0.163153
0.766291
0.020320
0.735726
0.695863
0.521553
0.951979
0.727244
0.571972
0.779856
0.884948
0.117048
0.721628
0.441715
0.535389
0.897436
0.867378
0.037099
0.080707
0.255445
0.513281
0.991213
0.635244
0.549354
0.269851
0.441715
0.350951
0.177160
0.891273
0.513281
0.867378
0.878466
0.821730
0.124654
0.159490
0.306500
0.594827
0.612135
0.434080
0.002255
0.771705
0.916674
0.103042
0.462365
0.357661
0.027908
0.499678
0.166886
0.236593
0.037099
0.290658
0.333520
0.922090
0.721628
0.275424
0.094284
0.947760
0.211153
0.346575
0.241635
0.454542
0.704484
0.821730
0.965738
0.829282
0.891273
0.749684
0.033659
0.658394
0.429087
0.000516
0.105557
0.382926
0.000024
0.527033
0.316692
0.580543
0.421575
0.841556
0.681504
0.690166
0.333520
0.527033
0.000378
0.981075
0.535389
0.848789
0.848789
0.513281
0.316692
0.032199
0.401971
0.978604
0.441715
0.580543
0.513281
0.044581
0.965738
0.181158
0.549354
0.462365
0.513281
0.513281
0.735726
0.025274
0.114294
0.978604
0.580543
0.571972
0.183833
0.290658
0.927324
0.312615
0.935597
0.499678
0.589144
0.434080
0.011753
0.727244
0.940331
0.208158
0.163153
0.025970
0.891273
0.290658
0.266225
0.401971
0.649688
0.475494
0.470257
0.855893
0.130653
0.059212
0.096609
0.401971
0.228410
0.470257
0.002255
0.758020
0.978604
0.340005
0.255445
0.006511
0.429087
0.848789
0.067775
0.000490
0.032199
0.527033
0.177160
0.269851
0.357661
0.183833
0.643949
0.922090
0.441715
0.449423
0.394742
0.310521
0.580543
0.094284
0.603471
0.340005
0.643949
0.779856
0.067775
0.880693
0.635244
0.107244
0.009822
0.163153
0.571972
0.499678
0.340005
0.635244
0.940331
0.290658
0.346575
0.855893
0.300471
0.801128
0.275424
0.375911
0.880693
0.434080
0.069506
0.580543
0.713075
0.394742
0.951979
0.382926
0.124654
0.228410
0.978604
0.000041
0.441715
0.275424
0.626544
0.549354
0.643949
0.940331
0.841556
0.067775
0.491556
0.589144
0.015845
0.371333
0.681504
0.072465
0.153566
0.612135
0.202171
0.000249
0.704484
0.612135
0.848789
0.984769
0.855893
0.255445
0.141156
0.390021
0.713075
0.681504
0.026438
0.166886
0.255445
0.357661
0.401971
0.449423
0.462365
0.848789
0.944872
0.014711
0.566341
0.535389
0.721628
0.557828
0.346575
0.513281
0.079397
0.401971
0.000946
0.589144
0.135818
0.215763
0.340005
0.958545
0.566341
0.855893
0.169385
0.236593
0.507859
0.801128
0.199280
0.635244
0.612135
0.704484
0.774492
0.049040
0.067775
0.658394
0.069506
0.527033
0.779856
0.362130
0.018368
0.043818
0.067775
0.681504
0.721628
0.124654
0.000779
0.649688
0.300471
0.901408
0.758020
0.752533
0.713075
0.414138
0.704484
0.090535
0.962240
0.429087
0.951979
0.749684
0.018883
0.612135
0.199280
0.098170
0.082732
0.449423
0.371333
0.364456
0.039801
0.848789
0.603471
0.096609
0.801128
0.114294
0.940331
0.922090
0.000047
0.884948
0.891273
0.580543
0.589144
0.808960
0.103042
0.059212
0.874110
0.793201
0.535389
0.368979
0.470257
0.513281
0.907293
0.306500
0.255445
0.535389
0.177160
0.429087
0.491556
0.940331
0.040864
0.203680
0.414138
0.192150
0.177160
0.364456
0.000000
0.513281
0.499678
0.094284
0.421575
0.617854
0.958545
0.177160
0.690166
0.884948
0.589144
0.907293
0.002020
0.855893
0.667094
0.255445
0.626544
0.829282
0.021268
0.322949
0.000918
0.779856
0.029982
0.203680
0.236593
0.084803
0.346575
0.072465
0.462365
0.000271
0.139014
0.390021
0.033659
0.462365
0.000294
0.513281
0.462365
0.135818
0.927324
0.658394
0.069506
0.070668
0.241635
0.199280
0.735726
0.848789
0.192150
0.521553
0.958545
0.470257
0.137917
0.535389
0.698805
0.020320
0.129613
0.978604
0.643949
0.901408
0.821730
0.821730
0.841556
0.518727
0.626544
0.566341
0.177160
0.848789
0.357661
0.357661
0.735726
0.064431
0.860501
0.589144
0.077446
0.986757
0.112510
0.499678
0.007378
0.409279
0.867378
0.874110
0.766291
0.177160
0.001588
0.735726
0.557828
0.521553
0.997586
0.951979
0.013276
0.067775
0.672823
0.620815
0.521553
0.306500
0.329292
0.878466
0.284858
0.971109
0.236593
0.239907
0.974087
0.441715
0.935597
0.735726
0.994555
0.566341
0.449423
0.787927
0.013909
0.394742
0.401971
0.922090
0.758020
0.350951
0.340005
0.401971
0.549354
0.771705
0.103042
0.454542
0.290658
0.014305
0.223587
0.009727
0.049040
0.935597
0.177160
0.571972
0.787927
0.103042
0.462365
0.535389
0.329292
0.434080
0.147829
0.513281
0.752533
0.690166
0.098985
0.157114
0.000041
0.166886
0.927324
0.907293
0.346575
0.505064
0.135818
0.884948
0.927324
0.382926
0.974087
0.025970
0.036127
0.056256
0.801128
0.266225
0.884948
0.124654
0.375911
0.681504
0.978604
0.037099
0.215763
0.483494
0.462365
0.913005
0.322949
0.951979
0.001059
0.727244
0.047782
0.187953
0.483494
0.552238
0.255445
0.891273
0.401971
0.390021
0.077446
0.382926
0.096609
0.092778
0.635244
0.603471
0.496903
0.260793
0.922090
0.891273
0.994555
0.223587
0.922090
0.187953
0.758020
0.010595
0.211153
0.940331
0.855893
0.735726
0.735726
0.088340
0.795913
0.023935
0.094284
0.100580
0.927324
0.821730
0.491556
0.916674
0.681504
0.874110
0.290658
0.690166
0.094284
0.100580
0.333520
0.275424
0.000003
0.787927
0.001510
0.603471
0.735726
0.491556
0.930673
0.758020
0.829282
0.855893
0.744157
