0.518727
0.421575
0.913005
0.084803
0.940331
0.779856
0.727244
0.667094
0.535389
0.306500
0.183833
0.635244
0.441715
0.836720
0.350951
0.727244
0.727244
0.269851
0.735726
0.316692
0.940331
0.935597
0.483494
0.406779
0.704484
0.643949
0.580543
0.816691
0.884948
0.571972
0.044581
0.626544
0.067775
0.626544
0.704484
0.033659
0.426518
0.594827
0.340005
0.735726
0.620815
0.927324
0.094284
0.681504
0.922090
0.017063
0.771705
0.306500
0.735726
0.947760
0.327120
0.749684
0.441715
0.513281
0.589144
0.884948
0.322949
0.867378
0.735726
0.211153
0.300471
0.401971
0.991213
0.064990
0.039801
0.848789
0.021268
0.007739
0.808960
0.735726
0.947760
0.841556
0.713075
0.603471
0.965738
0.566341
0.704484
0.491556
0.086192
0.086192
0.667094
0.713075
0.177160
0.690166
0.211153
0.449423
0.147829
0.255445
0.067775
0.951979
0.690166
0.350951
0.294528
0.017543
0.159490
0.704484
0.057717
0.962240
0.228410
0.275424
0.821730
0.016595
0.891273
0.255445
0.518727
0.884948
0.626544
0.727244
0.037099
0.483494
0.643949
0.491556
0.749684
0.206623
0.241635
0.294528
0.612135
0.513281
0.907293
0.491556
0.557828
0.589144
0.491556
0.414138
0.255445
0.704484
0.019230
0.787927
0.951979
0.086192
0.836720
0.891273
0.346575
0.499678
0.300471
0.787927
0.681504
0.779856
0.223587
0.275424
0.549354
0.947760
0.260793
0.236593
0.672823
0.166886
0.364456
0.129613
0.470257
0.340005
0.549354
0.350951
0.312615
0.916674
0.962240
0.901408
0.779856
0.867378
0.535389
0.635244
0.446787
0.749684
0.052535
0.306500
0.874110
0.962240
0.135818
0.364456
0.333520
0.199280
0.951979
0.346575
0.449423
0.848789
0.901408
0.119859
0.891273
0.978604
0.848789
0.848789
0.211153
0.841556
0.019768
0.273514
0.026684
0.749684
0.103042
0.380525
0.094284
0.496903
0.704484
0.505064
0.649688
0.003926
0.310521
0.429087
0.264363
0.340005
0.779856
0.744157
0.771705
0.901408
0.749684
0.829282
0.860501
0.860501
0.426518
0.181158
0.774492
0.855893
0.566341
0.549354
0.649688
0.364456
0.549354
0.821730
0.695863
0.302517
0.414138
0.589144
0.401971
0.505064
0.165605
0.816691
0.808960
0.236593
0.310521
0.066084
0.951979
0.215763
0.166886
0.540922
0.382926
0.535389
0.475494
0.626544
0.635244
0.203680
0.250182
0.255445
0.246759
0.421575
0.250182
0.053907
0.049040
0.927324
0.907293
0.401971
0.223587
0.041578
0.891273
0.364456
0.695863
0.986757
0.808960
0.236593
0.884948
0.855893
0.454542
0.364456
0.260793
0.362130
0.290658
0.187953
0.080707
0.446787
0.012317
0.557828
0.571972
0.589144
0.589144
0.518727
0.855893
0.574890
0.441715
0.103042
0.086192
0.690166
0.144460
0.199280
0.294528
0.589144
0.103042
0.557828
0.491556
0.368979
0.105557
0.984769
0.855893
0.275424
0.434080
0.340005
0.505064
0.713075
0.681504
0.891273
0.409279
0.855893
0.836720
0.483494
0.620815
0.098985
0.897436
0.010009
0.841556
0.056256
0.672823
0.735726
0.290658
0.874110
0.414138
0.771705
0.109849
0.580543
0.206623
0.580543
0.090535
0.744157
0.218844
0.284858
0.978604
0.690166
0.927324
0.643949
0.401971
0.713075
0.441715
0.521553
0.454542
0.346575
0.626544
0.017866
0.962240
0.241635
0.821730
0.695863
0.241635
0.667094
0.454542
0.681504
0.580543
0.612135
0.779856
0.518727
0.462365
0.218844
0.681504
0.119859
0.801128
0.364456
0.779856
0.081393
0.643949
0.382926
0.901408
0.848789
0.028409
0.704484
0.713075
0.884948
0.787927
0.801128
0.470257
0.394742
0.375911
0.801128
0.841556
0.855893
0.483494
0.255445
0.310521
0.829282
0.279144
0.922090
0.771705
0.144460
0.375911
0.215763
0.779856
0.273514
0.022875
0.643949
0.406779
0.829282
0.612135
0.557828
0.695863
0.346575
0.658394
0.163153
0.434080
0.994555
0.984769
0.704484
0.375911
0.483494
0.005262
0.589144
0.223587
0.891273
0.749684
0.690166
0.829282
0.643949
0.594827
0.535389
0.801128
0.066084
0.874110
0.965738
0.681504
0.241635
0.061772
0.059212
0.063362
0.535389
0.874110
0.194957
0.808960
0.801128
0.735726
0.998463
0.441715
0.787927
0.901408
0.695863
0.380525
0.922090
0.695863
0.449423
0.681504
0.695863
0.166886
0.496903
0.667094
0.025274
0.032771
0.429087
0.491556
0.891273
0.535389
0.327120
0.574890
0.310521
0.199280
0.483494
0.978604
0.441715
0.231634
0.033071
0.304435
0.808960
0.695863
0.505064
0.758020
0.821730
0.390021
0.958545
0.543791
0.006832
0.199280
0.829282
0.947760
0.713075
0.681504
0.713075
0.829282
0.549354
0.002697
0.848789
0.635244
0.916674
0.795913
0.981075
0.848789
0.390021
0.704484
0.667094
0.079397
0.009546
0.059212
0.394742
0.635244
0.483494
0.758020
0.375911
0.758020
0.626544
0.429087
0.033659
0.535389
0.749684
0.855893
0.003008
0.269851
0.540922
0.787927
0.094284
0.571972
0.521553
0.589144
0.848789
0.620815
0.704484
0.068911
0.713075
0.429087
0.617854
0.100580
0.300471
0.421575
0.170690
0.690166
0.984769
0.727244
0.758020
0.521553
0.758020
0.626544
0.294528
0.228410
0.603471
0.322949
0.368979
0.667094
0.496903
0.264363
0.891273
0.382926
0.721628
0.916674
0.080707
0.884948
0.994555
0.635244
0.072465
0.771705
0.617854
0.483494
0.505064
0.117048
0.643949
0.991213
0.513281
0.947760
0.016595
0.672823
0.735726
0.187953
0.690166
0.922090
0.848789
0.496903
0.801128
0.150086
0.971109
0.597771
0.958545
0.475494
0.368979
0.667094
0.449423
0.727244
0.353229
0.181158
0.603471
0.901408
0.296545
0.454542
0.836720
0.927324
0.713075
0.744157
0.617854
0.057717
0.589144
