0.698805
0.603471
0.774492
0.771705
0.218844
0.306500
0.491556
0.643949
0.211153
0.779856
0.483494
0.199280
0.829282
0.119859
0.779856
0.947760
0.749684
0.063362
0.233315
0.557828
0.014985
0.658394
0.183833
0.127623
0.766291
0.203680
0.362130
0.169385
0.223587
0.749684
0.891273
0.255445
0.151265
0.874110
0.535389
0.194957
0.922090
0.199280
0.034568
0.016293
0.513281
0.713075
0.340005
0.749684
0.766291
0.236593
0.233315
0.127623
0.667094
0.513281
0.273514
0.014711
0.860501
0.144460
0.735726
0.462365
0.727244
0.884948
0.132684
0.721628
0.300471
0.672823
0.157114
0.202171
0.787927
0.037099
0.848789
0.066084
0.092008
0.228410
0.986757
0.306500
0.916674
0.513281
0.643949
0.884948
0.848789
0.667094
0.901408
0.260793
0.057717
0.434080
0.566341
0.290658
0.690166
0.884948
0.150086
0.566341
0.951979
0.215763
0.557828
0.713075
0.535389
0.346575
0.002863
0.406779
0.063362
0.635244
0.749684
0.978604
0.891273
0.808960
0.491556
0.603471
0.643949
0.603471
0.190711
0.103042
0.499678
0.698805
0.063362
0.635244
0.478214
0.901408
0.867378
0.635244
0.649688
0.947760
0.296545
0.058699
0.787927
0.275424
0.603471
0.721628
0.020886
0.513281
0.829282
0.672823
0.984769
0.462365
0.132684
0.535389
0.758020
0.690166
0.721628
0.521553
0.994555
0.255445
0.779856
0.971109
0.947760
0.038764
0.867378
0.483494
0.855893
0.051648
0.867378
0.922090
0.124654
0.329292
0.139014
0.449423
0.727244
0.981075
0.306500
0.006325
0.779856
0.535389
0.112510
0.194957
0.855893
0.421575
0.318816
0.429087
0.589144
0.023508
0.260793
0.199280
0.316692
0.483494
0.401971
0.874110
0.571972
0.779856
0.206623
0.986757
0.241635
0.907293
0.273514
0.874110
0.183833
0.758020
0.690166
0.357661
0.640981
0.018368
0.187953
0.766291
0.258960
0.626544
0.441715
0.521553
0.001393
0.612135
0.571972
0.787927
0.951979
0.549354
0.008197
0.695863
0.971109
0.449423
0.014711
0.848789
0.421575
0.841556
0.571972
0.364456
0.667094
0.462365
0.690166
0.793201
0.916674
0.322949
0.436675
0.046970
0.704484
0.177160
0.658394
0.841556
0.848789
0.527033
0.284858
0.978604
0.521553
0.011974
0.787927
0.250182
0.007032
0.340005
0.635244
0.808960
0.092778
0.255445
0.124654
0.829282
0.713075
0.779856
0.390021
0.779856
0.907293
0.667094
0.112510
0.454542
0.956001
0.505064
0.643949
0.033659
0.215763
0.228410
0.681504
0.867378
0.371333
0.981075
0.974087
0.649688
0.922090
0.429087
0.310521
0.163153
0.346575
0.643949
0.713075
0.042685
0.758020
0.114294
0.978604
0.681504
0.612135
0.829282
0.441715
0.713075
0.735726
0.119859
0.220452
0.690166
0.956001
0.223587
0.399498
0.855893
0.897436
0.084803
0.999575
0.978604
0.718717
0.019768
0.836720
0.340005
0.454542
0.935597
0.103042
0.535389
0.867378
0.867378
0.187953
0.907293
0.603471
0.382926
0.527033
0.841556
0.394742
0.867378
0.907293
0.483494
0.626544
0.690166
0.829282
0.612135
0.040864
0.749684
0.620815
0.005578
0.100580
0.672823
0.434080
0.491556
0.150086
0.935597
0.169385
0.061772
0.462365
0.260793
0.735726
0.913005
0.940331
0.727244
0.462365
0.084092
0.667094
0.357661
0.836720
0.672823
0.141156
0.141156
0.552238
0.350951
0.124654
0.535389
0.434080
0.233315
0.187953
0.658394
0.704484
0.001310
0.454542
0.505064
0.275424
0.241635
0.829282
0.470257
0.617854
0.667094
0.626544
0.350951
0.860501
0.300471
0.203680
0.144460
0.000047
0.496903
0.971109
0.177160
0.032199
0.974087
0.005687
0.072465
0.449423
0.449423
0.589144
0.114294
0.063362
0.032199
0.808960
0.090535
0.986757
0.107244
0.478214
0.434080
0.160731
0.027164
0.491556
0.808960
0.002645
0.000003
0.275424
0.043818
0.401971
0.429087
0.177160
0.119859
0.069506
0.346575
0.808960
0.499678
0.483494
0.449423
0.620815
0.144460
0.401971
0.808960
0.874110
0.449423
0.004868
0.322949
0.228410
0.117048
0.090535
0.958545
0.406779
0.649688
0.704484
0.157114
0.821730
0.916674
0.658394
0.206623
0.306500
0.281082
0.617854
0.695863
0.713075
0.649688
0.001172
0.031348
0.177160
0.505064
0.491556
0.104694
0.269851
0.187953
0.935597
0.132684
0.566341
0.375911
0.082732
0.566341
0.449423
0.758020
0.077446
0.401971
0.801128
0.103042
0.346575
0.771705
0.316692
0.801128
0.117048
0.350951
0.563435
0.891273
0.401971
0.690166
0.649688
0.375911
0.215763
0.100580
0.518727
0.643949
0.044980
0.306500
0.077446
0.580543
0.620815
0.163153
0.758020
0.072465
0.387593
0.483494
0.801128
0.147829
0.003354
0.967937
0.002189
0.620815
0.766291
0.333520
0.340005
0.535389
0.589144
0.922090
0.922090
0.557828
0.350951
0.787927
0.236593
0.795913
0.124654
0.612135
0.491556
0.015409
0.037099
0.086919
0.543791
0.364456
0.096609
0.092778
0.449423
0.475494
0.891273
0.211153
0.203680
0.713075
0.884948
0.971109
0.157114
0.974087
0.580543
0.505064
0.848789
0.527033
0.226757
0.079397
0.867378
0.475494
0.779856
0.192150
0.698805
0.048208
0.841556
0.032771
0.580543
0.016139
0.192150
0.390021
0.094284
0.695863
0.635244
0.470257
0.779856
0.011753
0.346575
0.635244
0.935597
0.058699
0.018368
0.829282
0.022875
0.855893
0.114294
0.991213
0.867378
0.626544
0.266225
0.275424
0.922090
0.735726
0.940331
0.470257
0.449423
0.597771
0.758020
0.306500
0.135818
0.329292
0.166886
0.704484
0.821730
0.848789
0.557828
0.296545
0.344325
0.635244
0.009546
0.978604
0.922090
0.357661
0.027908
0.543791
0.513281
0.470257
0.310521
0.399498
0.635244
0.441715
0.986757
0.141156
