0.011425
0.594827
0.566341
0.001669
0.589144
0.000718
0.382926
0.891273
0.163153
0.406779
0.971109
0.744157
0.816691
0.549354
0.513281
0.958545
0.340005
0.557828
0.409279
0.891273
0.758020
0.521553
0.891273
0.880693
0.848789
0.096609
0.218844
0.496903
0.543791
0.206623
0.060217
0.055312
0.061772
0.860501
0.860501
0.922090
0.947760
0.867378
0.002567
0.346575
0.841556
0.045761
0.045761
0.135818
0.047782
0.848789
0.808960
0.652656
0.284858
0.166886
0.649688
0.060217
0.294528
0.704484
0.475494
0.574890
0.672823
0.829282
0.649688
0.821730
0.681504
0.658394
0.215763
0.540922
0.364456
0.008847
0.727244
0.098170
0.231634
0.322949
0.874110
0.612135
0.279144
0.063362
0.013654
0.612135
0.206623
0.958545
0.766291
0.999575
0.475494
0.000424
0.112510
0.401971
0.006028
0.000740
0.103042
0.884948
0.346575
0.549354
0.177160
0.241635
0.848789
0.667094
0.860501
0.620815
0.848789
0.589144
0.891273
0.203680
0.935597
0.986757
0.971109
0.132684
0.603471
0.808960
0.426518
0.749684
0.006325
0.153566
0.057717
0.841556
0.535389
0.958545
0.357661
0.795913
0.478214
0.962240
0.557828
0.340005
0.228410
0.357661
0.549354
0.658394
0.009822
0.991213
0.105557
0.290658
0.426518
0.821730
0.505064
0.971109
0.603471
0.031348
0.457201
0.462365
0.612135
0.597771
0.855893
0.357661
0.153566
0.397198
0.603471
0.141156
0.566341
0.211153
0.006144
0.571972
0.462365
0.340005
0.434080
0.329292
0.704484
0.855893
0.005418
0.150086
0.025970
0.652656
0.566341
0.848789
0.364456
0.203680
0.316692
0.758020
0.022875
0.766291
0.913005
0.681504
0.779856
0.049040
0.194957
0.387593
0.357661
0.735726
0.787927
0.986757
0.290658
0.935597
0.124654
0.144460
0.441715
0.956001
0.571972
0.084803
0.368979
0.121744
0.808960
0.603471
0.916674
0.064431
0.766291
0.829282
0.364456
0.094284
0.998463
0.275424
0.535389
0.394742
0.406779
0.121744
0.744157
0.690166
0.040864
0.103042
0.467559
0.927324
0.052535
0.991213
0.580543
0.974087
0.940331
0.434080
0.901408
0.141156
0.160731
0.483494
0.053907
0.316692
0.228410
0.016595
0.771705
0.727244
0.635244
0.580543
0.667094
0.891273
0.779856
0.927324
0.236593
0.090535
0.681504
0.884948
0.300471
0.779856
0.088340
0.449423
0.246759
0.695863
0.758020
0.787927
0.114294
0.848789
0.312615
0.874110
0.690166
0.727244
0.984769
0.290658
0.620815
0.364456
0.057717
0.147829
0.483494
0.779856
0.848789
0.916674
0.059212
0.787927
0.462365
0.727244
0.211153
0.107244
0.181158
0.535389
0.491556
0.296545
0.787927
0.056256
0.594827
0.306500
0.735726
0.010009
0.848789
0.401971
0.127623
0.589144
0.566341
0.867378
0.808960
0.513281
0.454542
0.935597
0.940331
0.429087
0.241635
0.935597
0.290658
0.357661
0.848789
0.658394
0.203680
0.513281
0.228410
0.527033
0.829282
0.300471
0.848789
0.022875
0.327120
0.916674
0.965738
0.986757
0.183833
0.758020
0.978604
0.658394
0.808960
0.704484
0.779856
0.658394
0.951979
0.643949
0.808960
0.028409
0.713075
0.841556
0.867378
0.394742
0.643949
0.940331
0.713075
0.462365
0.874110
0.962240
0.335721
0.836720
0.916674
0.758020
0.922090
0.549354
0.848789
0.094284
0.155897
0.294528
0.808960
0.649688
0.177160
0.401971
0.971109
0.965738
0.535389
0.021859
0.940331
0.499678
0.580543
0.940331
0.735726
0.962240
0.316692
0.061772
0.848789
0.589144
0.698805
0.483494
0.163153
0.801128
0.801128
0.401971
0.322949
0.462365
0.390021
0.513281
0.029186
0.971109
0.901408
0.829282
0.704484
0.063362
0.672823
0.721628
0.322949
0.003289
0.429087
0.246759
0.658394
0.667094
0.841556
0.483494
0.060743
0.290658
0.612135
0.121744
0.281082
0.382926
0.643949
0.951979
0.483494
0.118894
0.643949
0.045761
0.275424
0.667094
0.795913
0.364456
0.543791
0.658394
0.187953
0.434080
0.236593
0.211153
0.008436
0.620815
0.275424
0.635244
0.312615
0.016595
0.092778
0.884948
0.340005
0.223587
0.667094
0.808960
0.220452
0.150086
0.264363
0.566341
0.414138
0.658394
0.215763
0.483494
0.766291
0.766291
0.557828
0.177160
0.441715
0.527033
0.589144
0.491556
0.612135
0.105557
0.030518
0.340005
0.002863
0.020886
0.643949
0.208158
0.096609
0.935597
0.874110
0.758020
0.574890
0.543791
0.758020
0.194957
0.874110
0.312615
0.884948
0.603471
0.003008
0.643949
0.855893
0.132684
0.429087
0.635244
0.771705
0.246759
0.744157
0.848789
0.009104
0.114294
0.867378
0.649688
0.540922
0.072465
0.157114
0.421575
0.771705
0.421575
0.215763
0.552238
0.109849
0.505064
0.187953
0.681504
0.735726
0.310521
0.713075
0.218844
0.991213
0.557828
0.704484
0.457201
0.483494
0.316692
0.105557
0.462365
0.589144
0.971109
0.922090
0.713075
0.040864
0.441715
0.067775
0.907293
0.749684
0.088340
0.793201
0.580543
0.082732
0.974087
0.005687
0.951979
0.566341
0.727244
0.015845
0.829282
0.390021
0.199280
0.589144
0.727244
0.749684
0.421575
0.147829
0.986757
0.010009
0.470257
0.808960
0.284858
0.094284
0.499678
0.935597
0.672823
0.793201
0.072465
0.470257
0.612135
0.340005
0.290658
0.007965
0.177160
0.001510
0.135818
0.549354
0.771705
0.067775
0.947760
0.371333
0.218844
0.362130
0.971109
0.998868
0.991213
0.935597
0.306500
0.135818
0.612135
0.275424
0.098985
0.449423
0.072465
0.971109
0.036765
0.667094
0.795913
0.713075
0.867378
0.947760
0.962240
0.357661
0.922090
0.401971
0.672823
0.721628
0.956001
0.228410
0.658394
0.340005
0.429087
0.974087
0.316692
0.758020
0.241635
0.580543
0.962240
0.779856
0.228410
