0.063362
0.105557
0.000167
0.098985
0.478214
0.981075
0.124654
0.867378
0.117048
0.597771
0.594827
0.194957
0.704484
0.594827
0.649688
0.260793
0.499678
0.758020
0.142275
0.698805
0.399498
0.749684
0.170690
0.681504
0.475494
0.594827
0.371333
0.907293
0.340005
0.848789
0.364456
0.927324
0.779856
0.620815
0.574890
0.228410
0.848789
0.049040
0.316692
0.470257
0.211153
0.163153
0.211153
0.284858
0.098170
0.025970
0.306500
0.441715
0.821730
0.449423
0.088340
0.300471
0.735726
0.462365
0.119859
0.549354
0.357661
0.090535
0.984769
0.727244
0.018368
0.848789
0.855893
0.264363
0.681504
0.491556
0.543791
0.518727
0.713075
0.704484
0.681504
0.246759
0.269851
0.275424
0.749684
0.220452
0.978604
0.612135
0.878466
0.521553
0.119859
0.333520
0.033659
0.082732
0.421575
0.084803
0.766291
0.749684
0.294528
0.884948
0.470257
0.951979
0.483494
0.901408
0.704484
0.079397
0.112510
0.981075
0.580543
0.658394
0.597771
0.758020
0.635244
0.816691
0.951979
0.991213
0.681504
0.867378
0.109849
0.986757
0.580543
0.535389
0.394742
0.527033
0.848789
0.735726
0.250182
0.322949
0.012317
0.951979
0.603471
0.258960
0.527033
0.316692
0.935597
0.571972
0.574890
0.704484
0.499678
0.704484
0.211153
0.181158
0.771705
0.426518
0.940331
0.867378
0.626544
0.333520
0.050328
0.580543
0.080707
0.160731
0.394742
0.543791
0.011425
0.603471
0.004043
0.092008
0.984769
0.829282
0.978604
0.735726
0.974087
0.994555
0.127623
0.848789
0.981075
0.535389
0.999575
0.049040
0.192150
0.109849
0.867378
0.169385
0.505064
0.563435
0.758020
0.382926
0.253642
0.082732
0.001310
0.042685
0.414138
0.787927
0.971109
0.704484
0.855893
0.357661
0.496903
0.766291
0.744157
0.749684
0.039801
0.350951
0.727244
0.063362
0.001465
0.491556
0.758020
0.290658
0.414138
0.483494
0.284858
0.483494
0.279144
0.387593
0.626544
0.829282
0.986757
0.281082
0.300471
0.749684
0.971109
0.589144
0.057717
0.978604
0.535389
0.965738
0.620815
0.589144
0.454542
0.449423
0.387593
0.364456
0.829282
0.051648
0.401971
0.848789
0.867378
0.998463
0.294528
0.221961
0.727244
0.000890
0.513281
0.935597
0.612135
0.183833
0.690166
0.649688
0.713075
0.260793
0.340005
0.236593
0.958545
0.867378
0.916674
0.203680
0.157114
0.371333
0.620815
0.251967
0.275424
0.566341
0.841556
0.855893
0.580543
0.022875
0.316692
0.758020
0.368979
0.290658
0.749684
0.269851
0.284858
0.329292
0.025274
0.758020
0.927324
0.061772
0.635244
0.571972
0.779856
0.077446
0.020692
0.163153
0.617854
0.387593
0.159490
0.947760
0.163153
0.044581
0.589144
0.223587
0.860501
0.157114
0.322949
0.001059
0.483494
0.368979
0.808960
0.690166
0.312615
0.041578
0.626544
0.513281
0.667094
0.350951
0.496903
0.597771
0.766291
0.241635
0.470257
0.284858
0.333520
0.163153
0.951979
0.612135
0.855893
0.401971
0.031348
0.758020
0.121744
0.735726
0.603471
0.187953
0.612135
0.589144
0.030518
0.163153
0.787927
0.989675
0.758020
0.947760
0.357661
0.589144
0.667094
0.829282
0.749684
0.375911
0.667094
0.483494
0.841556
0.364456
0.721628
0.239907
0.620815
0.513281
0.364456
0.981075
0.421575
0.589144
0.935597
0.192150
0.557828
0.255445
0.273514
0.574890
0.063362
0.475494
0.603471
0.375911
0.394742
0.064990
0.340005
0.527033
0.947760
0.421575
0.088340
0.801128
0.727244
0.829282
0.580543
0.981075
0.215763
0.322949
0.350951
0.836720
0.021268
0.681504
0.735726
0.704484
0.491556
0.103042
0.255445
0.557828
0.571972
0.603471
0.441715
0.483494
0.744157
0.527033
0.681504
0.434080
0.179787
0.173237
0.045761
0.387593
0.147829
0.922090
0.316692
0.146673
0.821730
0.787927
0.401971
0.312615
0.375911
0.527033
0.829282
0.250182
0.004503
0.597771
0.603471
0.449423
0.527033
0.735726
0.139014
0.535389
0.779856
0.333520
0.350951
0.549354
0.491556
0.153566
0.491556
0.594827
0.718717
0.589144
0.640981
0.801128
0.962240
0.294528
0.521553
0.153566
0.527033
0.907293
0.681504
0.414138
0.643949
0.394742
0.971109
0.589144
0.513281
0.795913
0.306500
0.449423
0.290658
0.382926
0.594827
0.884948
0.375911
0.643949
0.062816
0.721628
0.192150
0.681504
0.771705
0.462365
0.241635
0.362130
0.109849
0.401971
0.401971
0.951979
0.088340
0.649688
0.635244
0.527033
0.521553
0.426518
0.483494
0.801128
0.758020
0.589144
0.947760
0.540922
0.470257
0.571972
0.003099
0.160731
0.922090
0.652656
0.801128
0.658394
0.978604
0.681504
0.513281
0.749684
0.024596
0.284858
0.211153
0.462365
0.364456
0.816691
0.072465
0.667094
0.589144
0.967937
0.429087
0.144460
0.698805
0.986757
0.000254
0.000204
0.208158
0.049040
0.549354
0.421575
0.874110
0.153566
0.061772
0.713075
0.344325
0.580543
0.884948
0.735726
0.667094
0.836720
0.382926
0.867378
0.041578
0.940331
0.821730
0.429087
0.166886
0.033659
0.192150
0.255445
0.974087
0.994555
0.991213
0.132684
0.045355
0.829282
0.499678
0.401971
0.727244
0.681504
0.713075
0.462365
0.187953
0.913005
0.766291
0.007965
0.749684
0.294528
0.620815
0.821730
0.867378
0.008197
0.594827
0.052535
0.462365
0.991213
0.727244
0.406779
0.390021
0.109849
0.279144
0.132684
0.350951
0.075538
0.103042
0.713075
0.821730
0.855893
0.836720
0.612135
0.144460
0.114294
0.527033
0.310521
0.467559
0.821730
0.109849
0.041578
0.884948
0.241635
0.166886
0.667094
0.333520
0.643949
0.626544
0.426518
0.935597
0.121744
0.199280
0.096609
0.279144
0.098985
0.079397
0.150086
0.245003
0.848789
0.658394
0.698805
