0.557828
0.758020
0.727244
0.187953
0.049040
0.672823
0.855893
0.557828
0.029982
0.927324
0.429087
0.382926
0.275424
0.039801
0.306500
0.470257
0.275424
0.279144
0.203680
0.084092
0.801128
0.779856
0.401971
0.119859
0.031348
0.141156
0.821730
0.635244
0.549354
0.269851
0.549354
0.744157
0.019768
0.310521
0.635244
0.086192
0.032771
0.316692
0.891273
0.855893
0.470257
0.147829
0.557828
0.005262
0.612135
0.667094
0.454542
0.279144
0.124654
0.056256
0.589144
0.426518
0.109849
0.626544
0.206623
0.112510
0.269851
0.159490
0.070668
0.713075
0.589144
0.916674
0.557828
0.557828
0.695863
0.483494
0.771705
0.962240
0.721628
0.540922
0.749684
0.306500
0.173237
0.434080
0.589144
0.052535
0.187953
0.380525
0.540922
0.462365
0.027164
0.649688
0.246759
0.940331
0.421575
0.206623
0.848789
0.228410
0.713075
0.758020
0.103042
0.643949
0.958545
0.620815
0.758020
0.603471
0.095071
0.841556
0.364456
0.211153
0.434080
0.749684
0.667094
0.808960
0.470257
0.521553
0.483494
0.079397
0.704484
0.951979
0.421575
0.971109
0.357661
0.025274
0.034568
0.141156
0.758020
0.518727
0.922090
0.300471
0.015845
0.483494
0.346575
0.333520
0.166886
0.513281
0.306500
0.922090
0.635244
0.429087
0.521553
0.967937
0.290658
0.727244
0.483494
0.672823
0.434080
0.401971
0.801128
0.947760
0.183833
0.617854
0.612135
0.075538
0.013276
0.014305
0.571972
0.855893
0.211153
0.958545
0.574890
0.491556
0.649688
0.758020
0.513281
0.010298
0.855893
0.066084
0.250182
0.037099
0.187953
0.475494
0.951979
0.829282
0.721628
0.002082
0.884948
0.505064
0.589144
0.821730
0.245003
0.066084
0.940331
0.901408
0.072465
0.667094
0.241635
0.312615
0.626544
0.211153
0.535389
0.771705
0.394742
0.441715
0.821730
0.867378
0.962240
0.735726
0.698805
0.801128
0.160731
0.070668
0.192150
0.690166
0.635244
0.907293
0.922090
0.580543
0.053907
0.027164
0.907293
0.962240
0.357661
0.449423
0.658394
0.006963
0.350951
0.258960
0.021859
0.951979
0.350951
0.491556
0.449423
0.421575
0.626544
0.907293
0.470257
0.041578
0.535389
0.394742
0.958545
0.884948
0.935597
0.635244
0.470257
0.749684
0.922090
0.197797
0.891273
0.962240
0.094284
0.672823
0.483494
0.236593
0.829282
0.557828
0.801128
0.808960
0.000320
0.275424
0.589144
0.300471
0.070668
0.357661
0.735726
0.034568
0.228410
0.382926
0.571972
0.681504
0.194957
0.255445
0.132684
0.269851
0.187953
0.907293
0.015409
0.626544
0.177160
0.640981
0.527033
0.092778
0.971109
0.940331
0.406779
0.986757
0.357661
0.571972
0.635244
0.394742
0.855893
0.086192
0.704484
0.529876
0.951979
0.986757
0.491556
0.255445
0.505064
0.006325
0.841556
0.779856
0.041578
0.867378
0.962240
0.874110
0.094284
0.429087
0.867378
0.603471
0.571972
0.603471
0.368979
0.064431
0.353229
0.658394
0.787927
0.446787
0.695863
0.004164
0.589144
0.649688
0.060217
0.951979
0.901408
0.566341
0.901408
0.119859
0.117048
0.228410
0.643949
0.478214
0.357661
0.059212
0.406779
0.836720
0.801128
0.173237
0.540922
0.088340
0.434080
0.808960
0.597771
0.801128
0.441715
0.112510
0.294528
0.848789
0.462365
0.557828
0.766291
0.061772
0.589144
0.557828
0.620815
0.779856
0.658394
0.766291
0.841556
0.535389
0.793201
0.612135
0.139014
0.153566
0.626544
0.340005
0.211153
0.580543
0.907293
0.758020
0.681504
0.006325
0.044581
0.848789
0.094284
0.947760
0.643949
0.382926
0.260793
0.449423
0.935597
0.518727
0.236593
0.284858
0.543791
0.922090
0.132684
0.971109
0.884948
0.000136
0.535389
0.346575
0.612135
0.006325
0.290658
0.971109
0.006637
0.907293
0.801128
0.441715
0.922090
0.557828
0.132684
0.066084
0.467559
0.667094
0.855893
0.897436
0.907293
0.580543
0.241635
0.617854
0.658394
0.566341
0.002211
0.913005
0.589144
0.079397
0.779856
0.130653
0.758020
0.441715
0.891273
0.667094
0.037099
0.434080
0.518727
0.821730
0.033659
0.801128
0.364456
0.779856
0.003629
0.211153
0.891273
0.566341
0.491556
0.375911
0.072465
0.589144
0.401971
0.549354
0.549354
0.935597
0.449423
0.082732
0.449423
0.829282
0.390021
0.672823
0.635244
0.505064
0.667094
0.009277
0.401971
0.643949
0.571972
0.571972
0.749684
0.808960
0.040498
0.744157
0.787927
0.779856
0.829282
0.681504
0.735726
0.017063
0.269851
0.157114
0.371333
0.643949
0.829282
0.867378
0.626544
0.406779
0.891273
0.108126
0.749684
0.649688
0.718717
0.744157
0.690166
0.357661
0.290658
0.350951
0.434080
0.860501
0.681504
0.891273
0.505064
0.279144
0.127623
0.867378
0.667094
0.836720
0.549354
0.916674
0.387593
0.907293
0.118894
0.518727
0.574890
0.635244
0.127623
0.681504
0.124654
0.518727
0.449423
0.375911
0.855893
0.088340
0.026438
0.228410
0.513281
0.557828
0.409279
0.612135
0.316692
0.047782
0.344325
0.891273
0.051194
0.580543
0.916674
0.290658
0.649688
0.454542
0.612135
0.130653
0.867378
0.801128
0.117048
0.589144
0.922090
0.406779
0.236593
0.913005
0.643949
0.801128
0.549354
0.527033
0.543791
0.429087
0.891273
0.011106
0.096609
0.848789
0.907293
0.829282
0.867378
0.483494
0.223587
0.766291
0.848789
0.066084
0.141156
0.672823
0.421575
0.771705
0.951979
0.617854
0.310521
0.401971
0.758020
0.978604
0.375911
0.223587
0.704484
0.005687
0.713075
0.549354
0.194957
0.513281
0.521553
0.643949
0.690166
0.535389
0.010298
0.874110
0.129613
0.958545
0.557828
0.612135
0.543791
0.603471
0.727244
0.787927
0.055312
0.690166
0.004963
0.082732
0.867378
0.260793
0.612135
0.884948
