0.521553
0.475494
0.557828
0.848789
0.055312
0.004288
0.269851
0.935597
0.310521
0.052535
0.038094
0.401971
0.635244
0.002567
0.994555
0.749684
0.255445
0.801128
0.414138
0.429087
0.375911
0.557828
0.535389
0.032771
0.505064
0.329292
0.626544
0.766291
0.409279
0.153566
0.090535
0.322949
0.306500
0.387593
0.681504
0.801128
0.779856
0.814067
0.250182
0.940331
0.907293
0.713075
0.603471
0.793201
0.922090
0.127623
0.300471
0.713075
0.594827
0.228410
0.874110
0.821730
0.580543
0.127623
0.841556
0.088340
0.375911
0.721628
0.066084
0.387593
0.306500
0.672823
0.470257
0.672823
0.681504
0.667094
0.713075
0.735726
0.549354
0.426518
0.991213
0.855893
0.829282
0.735726
0.816691
0.801128
0.521553
0.475494
0.884948
0.462365
0.649688
0.491556
0.421575
0.612135
0.421575
0.681504
0.513281
0.771705
0.053907
0.470257
0.891273
0.177160
0.434080
0.626544
0.019230
0.718717
0.045761
0.874110
0.441715
0.589144
0.681504
0.947760
0.211153
0.821730
0.166886
0.978604
0.649688
0.580543
0.304435
0.070668
0.434080
0.067775
0.779856
0.129613
0.470257
0.294528
0.907293
0.521553
0.658394
0.829282
0.064990
0.441715
0.549354
0.698805
0.727244
0.635244
0.499678
0.394742
0.704484
0.951979
0.907293
0.867378
0.571972
0.434080
0.913005
0.713075
0.441715
0.940331
0.462365
0.557828
0.535389
0.626544
0.808960
0.658394
0.589144
0.279144
0.037099
0.382926
0.874110
0.117048
0.867378
0.603471
0.935597
0.144460
0.275424
0.250182
0.266225
0.513281
0.962240
0.836720
0.557828
0.580543
0.144460
0.401971
0.025274
0.658394
0.626544
0.086192
0.100580
0.971109
0.704484
0.922090
0.935597
0.771705
0.721628
0.441715
0.956001
0.808960
0.626544
0.022875
0.223587
0.031348
0.310521
0.105557
0.721628
0.284858
0.867378
0.491556
0.202171
0.913005
0.139014
0.994555
0.462365
0.543791
0.035180
0.557828
0.086192
0.916674
0.007378
0.007378
0.527033
0.013909
0.368979
0.470257
0.713075
0.434080
0.978604
0.779856
0.779856
0.380525
0.416665
0.897436
0.907293
0.228410
0.380525
0.340005
0.974087
0.312615
0.002645
0.766291
0.483494
0.153566
0.787927
0.124654
0.974087
0.414138
0.434080
0.971109
0.409279
0.177160
0.357661
0.401971
0.829282
0.984769
0.077446
0.290658
0.483494
0.046554
0.041578
0.891273
0.935597
0.951979
0.962240
0.718717
0.940331
0.897436
0.039801
0.034568
0.557828
0.566341
0.039801
0.112510
0.053907
0.580543
0.441715
0.907293
0.050328
0.848789
0.808960
0.771705
0.713075
0.589144
0.891273
0.215763
0.513281
0.081393
0.771705
0.672823
0.109849
0.549354
0.329292
0.549354
0.496903
0.589144
0.667094
0.603471
0.927324
0.612135
0.672823
0.357661
0.649688
0.005855
0.144460
0.462365
0.617854
0.801128
0.371333
0.947760
0.779856
0.884948
0.241635
0.935597
0.031348
0.758020
0.130653
0.183833
0.306500
0.735726
0.589144
0.513281
0.119859
0.105557
0.940331
0.540922
0.375911
0.626544
0.322949
0.449423
0.505064
0.672823
0.594827
0.159490
0.744157
0.543791
0.223587
0.329292
0.029186
0.901408
0.121744
0.053907
0.441715
0.414138
0.462365
0.801128
0.513281
0.940331
0.821730
0.543791
0.991213
0.821730
0.183833
0.658394
0.166886
0.141156
0.557828
0.284858
0.228410
0.023508
0.848789
0.991213
0.978604
0.543791
0.704484
0.527033
0.672823
0.072465
0.290658
0.848789
0.735726
0.246759
0.141156
0.025274
0.109849
0.300471
0.935597
0.907293
0.672823
0.387593
0.147829
0.505064
0.364456
0.088340
0.513281
0.429087
0.434080
0.643949
0.127623
0.094284
0.994555
0.698805
0.643949
0.260793
0.891273
0.306500
0.340005
0.194957
0.884948
0.186540
0.208158
0.183833
0.141156
0.044581
0.998868
0.462365
0.535389
0.368979
0.284858
0.394742
0.695863
0.112510
0.401971
0.829282
0.011425
0.004637
0.681504
0.543791
0.441715
0.984769
0.649688
0.000222
0.394742
0.505064
0.147829
0.793201
0.620815
0.620815
0.241635
0.594827
0.203680
0.304435
0.795913
0.163153
0.787927
0.260793
0.462365
0.012907
0.008847
0.801128
0.429087
0.496903
0.096609
0.491556
0.030518
0.275424
0.387593
0.449423
0.860501
0.672823
0.462365
0.643949
0.183833
0.713075
0.907293
0.620815
0.771705
0.294528
0.010298
0.421575
0.177160
0.589144
0.007593
0.357661
0.426518
0.109849
0.223587
0.543791
0.841556
0.801128
0.580543
0.535389
0.316692
0.635244
0.667094
0.521553
0.721628
0.991213
0.199280
0.681504
0.135818
0.735726
0.779856
0.462365
0.808960
0.984769
0.063362
0.626544
0.681504
0.821730
0.690166
0.014985
0.907293
0.434080
0.050328
0.695863
0.112510
0.306500
0.179787
0.617854
0.626544
0.163153
0.157114
0.364456
0.096609
0.744157
0.891273
0.340005
0.771705
0.612135
0.004591
0.462365
0.499678
0.672823
0.039801
0.260793
0.513281
0.658394
0.984769
0.027164
0.603471
0.090535
0.713075
0.984769
0.340005
0.603471
0.897436
0.891273
0.543791
0.033659
0.927324
0.127623
0.406779
0.690166
0.998463
0.462365
0.965738
0.744157
0.177160
0.170690
0.505064
0.414138
0.513281
0.009277
0.603471
0.316692
0.357661
0.340005
0.787927
0.540922
0.884948
0.718717
0.005013
0.390021
0.574890
0.998868
0.787927
0.771705
0.340005
0.218844
0.901408
0.930673
0.749684
0.681504
0.681504
0.690166
0.159490
0.808960
0.971109
0.566341
0.891273
0.935597
0.483494
0.860501
0.382926
0.913005
0.612135
0.749684
0.312615
0.658394
0.521553
0.446787
0.916674
0.527033
0.223587
0.735726
0.364456
0.394742
0.779856
0.829282
0.907293
0.153566
0.787927
0.795913
0.922090
0.829282
0.643949
0.867378
