0.713075
0.549354
0.206623
0.306500
0.187953
0.749684
0.667094
0.470257
0.971109
0.236593
0.986757
0.891273
0.066084
0.505064
0.956001
0.394742
0.821730
0.375911
0.935597
0.860501
0.891273
0.801128
0.310521
0.499678
0.421575
0.557828
0.269851
0.475494
0.462365
0.163153
0.467559
0.690166
0.187953
0.310521
0.713075
0.549354
0.779856
0.166886
0.421575
0.549354
0.801128
0.449423
0.228410
0.971109
0.649688
0.483494
0.718717
0.940331
0.580543
0.394742
0.940331
0.603471
0.557828
0.535389
0.848789
0.454542
0.855893
0.505064
0.228410
0.072465
0.836720
0.505064
0.649688
0.340005
0.658394
0.077446
0.603471
0.483494
0.163153
0.884948
0.922090
0.758020
0.211153
0.513281
0.446787
0.166886
0.801128
0.414138
0.357661
0.808960
0.566341
0.173237
0.462365
0.505064
0.617854
0.901408
0.441715
0.771705
0.891273
0.036127
0.749684
0.066084
0.727244
0.086192
0.513281
0.597771
0.070668
0.749684
0.821730
0.375911
0.267971
0.549354
0.153566
0.916674
0.462365
0.690166
0.215763
0.801128
0.867378
0.698805
0.612135
0.170690
0.454542
0.589144
0.704484
0.658394
0.364456
0.329292
0.620815
0.771705
0.166886
0.735726
0.971109
0.787927
0.169385
0.672823
0.279144
0.580543
0.574890
0.304435
0.454542
0.927324
0.713075
0.962240
0.527033
0.874110
0.346575
0.045761
0.050328
0.513281
0.566341
0.169385
0.199280
0.771705
0.801128
0.333520
0.421575
0.727244
0.922090
0.434080
0.922090
0.821730
0.771705
0.382926
0.434080
0.421575
0.306500
0.006832
0.874110
0.284858
0.704484
0.104694
0.518727
0.727244
0.421575
0.603471
0.626544
0.672823
0.429087
0.037752
0.441715
0.698805
0.281082
0.426518
0.867378
0.713075
0.907293
0.294528
0.470257
0.441715
0.930673
0.635244
0.429087
0.635244
0.779856
0.603471
0.177160
0.105557
0.566341
0.821730
0.496903
0.251967
0.758020
0.084092
0.364456
0.228410
0.801128
0.144460
0.340005
0.022258
0.350951
0.269851
0.119859
0.580543
0.549354
0.255445
0.758020
0.082732
0.130653
0.426518
0.571972
0.927324
0.141156
0.801128
0.603471
0.771705
0.658394
0.672823
0.922090
0.612135
0.612135
0.971109
0.821730
0.758020
0.346575
0.096609
0.070668
0.037099
0.808960
0.713075
0.109849
0.067195
0.967937
0.401971
0.766291
0.454542
0.801128
0.962240
0.907293
0.571972
0.749684
0.841556
0.527033
0.478214
0.228410
0.829282
0.375911
0.513281
0.829282
0.310521
0.704484
0.580543
0.649688
0.112510
0.333520
0.549354
0.643949
0.169385
0.821730
0.038764
0.382926
0.306500
0.112510
0.231634
0.580543
0.848789
0.449423
0.269851
0.821730
0.005855
0.571972
0.649688
0.364456
0.462365
0.211153
0.056256
0.922090
0.322949
0.135818
0.867378
0.821730
0.867378
0.574890
0.758020
0.144460
0.867378
0.399498
0.223587
0.513281
0.801128
0.368979
0.891273
0.927324
0.603471
0.867378
0.690166
0.580543
0.421575
0.223587
0.535389
0.787927
0.080707
0.867378
0.779856
0.090535
0.749684
0.394742
0.947760
0.603471
0.121744
0.421575
0.829282
0.580543
0.166886
0.260793
0.401971
0.112510
0.727244
0.626544
0.793201
0.296545
0.039801
0.801128
0.913005
0.991213
0.267971
0.350951
0.779856
0.505064
0.589144
0.580543
0.441715
0.589144
0.491556
0.357661
0.891273
0.316692
0.368979
0.088340
0.626544
0.250182
0.867378
0.884948
0.231634
0.913005
0.962240
0.187953
0.215763
0.965738
0.580543
0.387593
0.103042
0.187953
0.375911
0.294528
0.821730
0.589144
0.549354
0.527033
0.406779
0.375911
0.571972
0.735726
0.718717
0.000390
0.922090
0.996919
0.594827
0.787927
0.907293
0.173237
0.681504
0.333520
0.169385
0.045761
0.841556
0.024596
0.749684
0.535389
0.409279
0.505064
0.848789
0.821730
0.406779
0.401971
0.177160
0.134742
0.543791
0.779856
0.223587
0.215763
0.245003
0.426518
0.994555
0.999575
0.505064
0.658394
0.206623
0.984769
0.014711
0.718717
0.749684
0.695863
0.907293
0.672823
0.580543
0.571972
0.090535
0.470257
0.801128
0.192150
0.535389
0.304435
0.421575
0.589144
0.635244
0.779856
0.470257
0.375911
0.449423
0.001208
0.454542
0.144460
0.470257
0.258960
0.779856
0.535389
0.449423
0.996919
0.704484
0.922090
0.884948
0.382926
0.808960
0.821730
0.635244
0.580543
0.449423
0.177160
0.978604
0.008597
0.300471
0.245003
0.801128
0.218844
0.594827
0.862861
0.139014
0.603471
0.074303
0.127623
0.566341
0.166886
0.580543
0.612135
0.357661
0.913005
0.382926
0.549354
0.935597
0.589144
0.549354
0.470257
0.483494
0.535389
0.681504
0.169385
0.104694
0.617854
0.947760
0.658394
0.375911
0.713075
0.965738
0.414138
0.880693
0.836720
0.735726
0.667094
0.306500
0.766291
0.382926
0.333520
0.187953
0.368979
0.192150
0.329292
0.426518
0.179787
0.362130
0.103042
0.771705
0.672823
0.255445
0.039115
0.787927
0.855893
0.264363
0.017063
0.855893
0.094284
0.855893
0.848789
0.518727
0.935597
0.867378
0.387593
0.848789
0.284858
0.215763
0.690166
0.144460
0.758020
0.340005
0.211153
0.801128
0.340005
0.394742
0.571972
0.612135
0.922090
0.589144
0.080707
0.594827
0.704484
0.649688
0.543791
0.589144
0.635244
0.183833
0.223587
0.681504
0.414138
0.727244
0.387593
0.236593
0.462365
0.310521
0.836720
0.135818
0.322949
0.962240
0.032199
0.808960
0.441715
0.884948
0.004503
0.821730
0.350951
0.269851
0.312615
0.658394
0.275424
0.574890
0.580543
0.635244
0.958545
0.194957
0.626544
0.177160
0.357661
0.836720
0.008847
0.681504
0.667094
0.169385
0.801128
0.808960
0.044581
0.704484
0.695863
0.891273
0.072465
0.006144
0.462365
0.357661
