0.874110
0.860501
0.236593
0.836720
0.269851
0.446787
0.215763
0.300471
0.758020
0.159490
0.690166
0.704484
0.658394
0.690166
0.690166
0.574890
0.901408
0.603471
0.434080
0.901408
0.603471
0.626544
0.922090
0.874110
0.223587
0.005418
0.306500
0.978604
0.821730
0.279144
0.467559
0.991213
0.241635
0.434080
0.246759
0.557828
0.704484
0.015845
0.109849
0.571972
0.350951
0.454542
0.649688
0.215763
0.549354
0.951979
0.496903
0.147829
0.635244
0.258960
0.306500
0.434080
0.496903
0.643949
0.667094
0.080707
0.667094
0.132684
0.690166
0.580543
0.003193
0.135818
0.543791
0.300471
0.922090
0.505064
0.211153
0.635244
0.070668
0.821730
0.557828
0.658394
0.194957
0.166886
0.672823
0.312615
0.353229
0.279144
0.612135
0.907293
0.779856
0.749684
0.974087
0.907293
0.718717
0.727244
0.978604
0.758020
0.454542
0.340005
0.947760
0.001721
0.951979
0.421575
0.322949
0.951979
0.589144
0.984769
0.333520
0.491556
0.901408
0.829282
0.279144
0.672823
0.947760
0.275424
0.096609
0.860501
0.571972
0.340005
0.658394
0.296545
0.951979
0.441715
0.483494
0.867378
0.478214
0.535389
0.758020
0.300471
0.127623
0.658394
0.318816
0.421575
0.350951
0.540922
0.114294
0.626544
0.061772
0.279144
0.206623
0.713075
0.884948
0.421575
0.475494
0.364456
0.735726
0.681504
0.000229
0.635244
0.681504
0.821730
0.284858
0.557828
0.557828
0.758020
0.721628
0.250182
0.513281
0.860501
0.013654
0.649688
0.649688
0.045761
0.001809
0.704484
0.153566
0.096609
0.935597
0.496903
0.589144
0.364456
0.771705
0.475494
0.190711
0.527033
0.695863
0.672823
0.067775
0.891273
0.003256
0.269851
0.329292
0.483494
0.958545
0.255445
0.704484
0.649688
0.874110
0.098170
0.841556
0.333520
0.951979
0.543791
0.704484
0.626544
0.057717
0.667094
0.192150
0.808960
0.068911
0.177160
0.241635
0.163153
0.913005
0.044581
0.454542
0.250182
0.690166
0.626544
0.779856
0.127623
0.177160
0.496903
0.028409
0.223587
0.978604
0.066084
0.017063
0.344325
0.368979
0.013276
0.032771
0.454542
0.316692
0.958545
0.141156
0.375911
0.829282
0.513281
0.594827
0.028409
0.557828
0.441715
0.255445
0.016293
0.916674
0.187953
0.039801
0.991213
0.284858
0.505064
0.346575
0.114294
0.048208
0.434080
0.462365
0.594827
0.986757
0.344325
0.626544
0.860501
0.672823
0.346575
0.836720
0.860501
0.612135
0.935597
0.758020
0.758020
0.984769
0.549354
0.549354
0.053907
0.375911
0.749684
0.836720
0.250182
0.218844
0.066084
0.978604
0.766291
0.874110
0.218844
0.571972
0.821730
0.690166
0.436675
0.157114
0.290658
0.505064
0.236593
0.735726
0.375911
0.779856
0.211153
0.821730
0.335721
0.499678
0.829282
0.329292
0.735726
0.454542
0.907293
0.401971
0.362130
0.092008
0.787927
0.475494
0.612135
0.245003
0.597771
0.269851
0.704484
0.984769
0.801128
0.441715
0.951979
0.907293
0.255445
0.913005
0.226757
0.107244
0.010009
0.005418
0.626544
0.841556
0.927324
0.121744
0.735726
0.891273
0.241635
0.816691
0.635244
0.744157
0.187953
0.441715
0.867378
0.406779
0.771705
0.414138
0.279144
0.589144
0.535389
0.971109
0.901408
0.704484
0.089781
0.901408
0.075538
0.612135
0.891273
0.940331
0.986757
0.962240
0.801128
0.986757
0.333520
0.401971
0.226757
0.643949
0.704484
0.612135
0.771705
0.084803
0.255445
0.749684
0.000804
0.713075
0.635244
0.848789
0.121744
0.951979
0.127623
0.758020
0.821730
0.109849
0.161896
0.735726
0.250182
0.557828
0.236593
0.594827
0.239907
0.007593
0.159490
0.264363
0.126604
0.491556
0.603471
0.449423
0.454542
0.310521
0.749684
0.014305
0.527033
0.441715
0.821730
0.727244
0.971109
0.340005
0.981075
0.475494
0.333520
0.322949
0.284858
0.626544
0.836720
0.681504
0.848789
0.620815
0.649688
0.475494
0.713075
0.916674
0.612135
0.848789
0.626544
0.758020
0.199280
0.771705
0.211153
0.649688
0.375911
0.874110
0.787927
0.829282
0.667094
0.940331
0.518727
0.055312
0.704484
0.304435
0.991213
0.580543
0.114294
0.758020
0.306500
0.704484
0.974087
0.557828
0.173237
0.421575
0.566341
0.454542
0.681504
0.557828
0.273514
0.153566
0.269851
0.470257
0.491556
0.084803
0.612135
0.779856
0.603471
0.157114
0.603471
0.096609
0.935597
0.808960
0.218844
0.250182
0.713075
0.727244
0.475494
0.744157
0.266225
0.505064
0.096609
0.199280
0.206623
0.986757
0.067775
0.855893
0.958545
0.867378
0.491556
0.649688
0.821730
0.266225
0.672823
0.927324
0.057717
0.594827
0.401971
0.016902
0.250182
0.658394
0.841556
0.589144
0.153566
0.375911
0.535389
0.749684
0.907293
0.457201
0.002020
0.173237
0.620815
0.478214
0.867378
0.141156
0.084803
0.540922
0.414138
0.316692
0.617854
0.218844
0.175815
0.449423
0.107244
0.771705
0.626544
0.009822
0.836720
0.713075
0.260793
0.115226
0.255445
0.294528
0.965738
0.962240
0.749684
0.513281
0.962240
0.241635
0.766291
0.284858
0.014305
0.159490
0.787927
0.470257
0.153566
0.855893
0.878466
0.589144
0.535389
0.121744
0.944872
0.984769
0.166886
0.513281
0.194957
0.186540
0.150086
0.300471
0.401971
0.535389
0.068911
0.594827
0.364456
0.829282
0.068911
0.907293
0.322949
0.159490
0.483494
0.626544
0.002370
0.758020
0.916674
0.713075
0.594827
0.967937
0.848789
0.004728
0.513281
0.557828
0.441715
0.002082
0.187953
0.513281
0.874110
0.357661
0.094284
0.672823
0.357661
0.092008
0.766291
0.836720
0.874110
0.094284
0.228410
0.704484
0.658394
0.183833
0.649688
0.603471
0.749684
0.475494
0.829282
0.021859
0.187953
0.766291
0.557828
