0.250182
0.350951
0.766291
0.549354
0.000779
0.215763
0.766291
0.867378
0.891273
0.855893
0.907293
0.199280
0.255445
0.829282
0.589144
0.594827
0.144460
0.891273
0.891273
0.470257
0.160731
0.414138
0.922090
0.540922
0.597771
0.681504
0.589144
0.103042
0.064431
0.306500
0.020692
0.483494
0.922090
0.470257
0.080707
0.462365
0.580543
0.357661
0.316692
0.322949
0.704484
0.978604
0.132684
0.816691
0.635244
0.620815
0.059212
0.867378
0.394742
0.821730
0.115226
0.940331
0.119859
0.340005
0.507859
0.974087
0.294528
0.841556
0.867378
0.075538
0.855893
0.215763
0.275424
0.034568
0.475494
0.499678
0.340005
0.223587
0.841556
0.246759
0.470257
0.749684
0.150086
0.951979
0.275424
0.027908
0.056750
0.643949
0.718717
0.306500
0.860501
0.718717
0.223587
0.002779
0.635244
0.543791
0.635244
0.223587
0.612135
0.984769
0.275424
0.340005
0.449423
0.848789
0.390021
0.922090
0.816691
0.196422
0.855893
0.860501
0.333520
0.246759
0.940331
0.362130
0.160731
0.258960
0.436675
0.940331
0.394742
0.766291
0.808960
0.947760
0.855893
0.821730
0.922090
0.549354
0.382926
0.808960
0.449423
0.727244
0.382926
0.571972
0.891273
0.454542
0.147829
0.194957
0.322949
0.897436
0.406779
0.620815
0.704484
0.027164
0.571972
0.808960
0.643949
0.159490
0.951979
0.713075
0.594827
0.173237
0.557828
0.658394
0.580543
0.643949
0.801128
0.690166
0.092778
0.333520
0.922090
0.566341
0.713075
0.103042
0.157114
0.998463
0.157114
0.364456
0.667094
0.571972
0.998868
0.483494
0.322949
0.382926
0.930673
0.177160
0.571972
0.704484
0.874110
0.215763
0.053907
0.092008
0.449423
0.672823
0.758020
0.505064
0.364456
0.475494
0.727244
0.496903
0.927324
0.505064
0.483494
0.658394
0.801128
0.787927
0.255445
0.294528
0.017063
0.589144
0.571972
0.246759
0.187953
0.735726
0.236593
0.727244
0.549354
0.535389
0.007378
0.649688
0.986757
0.036127
0.426518
0.255445
0.312615
0.698805
0.255445
0.194957
0.758020
0.735726
0.177160
0.181158
0.340005
0.294528
0.206623
0.513281
0.971109
0.951979
0.223587
0.848789
0.220452
0.681504
0.284858
0.052535
0.387593
0.518727
0.006832
0.414138
0.505064
0.040864
0.139014
0.183833
0.051648
0.037752
0.580543
0.183833
0.414138
0.096609
0.215763
0.681504
0.640981
0.681504
0.991213
0.300471
0.549354
0.350951
0.907293
0.744157
0.986757
0.617854
0.808960
0.491556
0.841556
0.144460
0.196422
0.848789
0.177160
0.787927
0.681504
0.513281
0.449423
0.962240
0.986757
0.951979
0.048208
0.421575
0.103042
0.749684
0.449423
0.821730
0.255445
0.434080
0.434080
0.483494
0.907293
0.749684
0.543791
0.004043
0.329292
0.032771
0.029708
0.566341
0.848789
0.467559
0.124654
0.901408
0.462365
0.255445
0.449423
0.571972
0.470257
0.891273
0.566341
0.907293
0.478214
0.329292
0.991213
0.672823
0.141156
0.499678
0.829282
0.483494
0.821730
0.429087
0.771705
0.215763
0.155897
0.986757
0.971109
0.557828
0.462365
0.296545
0.758020
0.884948
0.658394
0.922090
0.667094
0.255445
0.049040
0.808960
0.233315
0.672823
0.612135
0.117048
0.821730
0.375911
0.649688
0.801128
0.446787
0.580543
0.066084
0.695863
0.173237
0.681504
0.758020
0.766291
0.505064
0.192150
0.589144
0.357661
0.163153
0.603471
0.483494
0.233315
0.527033
0.340005
0.000172
0.215763
0.779856
0.922090
0.022258
0.333520
0.874110
0.327120
0.580543
0.612135
0.350951
0.566341
0.260793
0.080707
0.368979
0.951979
0.429087
0.984769
0.092008
0.829282
0.496903
0.971109
0.470257
0.491556
0.821730
0.491556
0.002255
0.340005
0.179787
0.340005
0.735726
0.787927
0.001828
0.594827
0.496903
0.117048
0.055312
0.658394
0.667094
0.159490
0.449423
0.543791
0.779856
0.368979
0.390021
0.635244
0.808960
0.891273
0.566341
0.059212
0.483494
0.884948
0.589144
0.513281
0.801128
0.109849
0.821730
0.449423
0.971109
0.350951
0.649688
0.721628
0.913005
0.163153
0.021859
0.612135
0.434080
0.927324
0.727244
0.727244
0.787927
0.695863
0.695863
0.626544
0.340005
0.821730
0.916674
0.483494
0.935597
0.070668
0.368979
0.690166
0.429087
0.779856
0.991213
0.457201
0.935597
0.947760
0.978604
0.306500
0.779856
0.241635
0.779856
0.518727
0.236593
0.496903
0.441715
0.211153
0.612135
0.491556
0.540922
0.462365
0.518727
0.236593
0.350951
0.434080
0.434080
0.462365
0.543791
0.223587
0.269851
0.518727
0.727244
0.635244
0.173237
0.771705
0.658394
0.206623
0.658394
0.901408
0.571972
0.505064
0.223587
0.718717
0.821730
0.649688
0.505064
0.935597
0.984769
0.940331
0.228410
0.421575
0.643949
0.626544
0.535389
0.082732
0.571972
0.766291
0.357661
0.033659
0.409279
0.829282
0.718717
0.557828
0.322949
0.635244
0.139014
0.594827
0.543791
0.672823
0.135818
0.971109
0.007593
0.916674
0.690166
0.144460
0.704484
0.867378
0.848789
0.549354
0.441715
0.215763
0.829282
0.735726
0.279144
0.462365
0.667094
0.094284
0.223587
0.316692
0.557828
0.003289
0.549354
0.206623
0.294528
0.421575
0.029186
0.141156
0.015409
0.867378
0.901408
0.304435
0.735726
0.744157
0.527033
0.718717
0.144460
0.704484
0.603471
0.382926
0.329292
0.159490
0.848789
0.658394
0.153566
0.441715
0.236593
0.779856
0.907293
0.771705
0.364456
0.008847
0.884948
0.580543
0.025970
0.228410
0.635244
0.643949
0.884948
0.499678
0.220452
0.409279
0.758020
0.672823
0.758020
0.695863
0.884948
0.801128
0.304435
0.275424
0.124654
0.103042
0.211153
0.470257
0.594827
0.978604
0.406779
0.429087
0.543791
0.901408
0.836720
0.951979
