0.594827
0.061772
0.275424
0.267971
0.269851
0.483494
0.279144
0.124654
0.635244
0.766291
0.436675
0.735726
0.044581
0.401971
0.808960
0.015409
0.821730
0.667094
0.821730
0.135818
0.127623
0.357661
0.935597
0.119859
0.340005
0.505064
0.907293
0.620815
0.434080
0.727244
0.223587
0.527033
0.401971
0.250182
0.735726
0.735726
0.580543
0.470257
0.535389
0.801128
0.884948
0.672823
0.394742
0.333520
0.821730
0.250182
0.771705
0.978604
0.241635
0.061772
0.491556
0.368979
0.749684
0.215763
0.787927
0.310521
0.640981
0.382926
0.848789
0.667094
0.695863
0.491556
0.150086
0.499678
0.312615
0.066084
0.735726
0.215763
0.080707
0.241635
0.157114
0.310521
0.375911
0.848789
0.749684
0.153566
0.300471
0.040498
0.704484
0.643949
0.971109
0.535389
0.829282
0.496903
0.557828
0.986757
0.527033
0.916674
0.264363
0.364456
0.281082
0.518727
0.496903
0.867378
0.264363
0.907293
0.340005
0.880693
0.947760
0.727244
0.540922
0.704484
0.986757
0.173237
0.449423
0.011974
0.241635
0.566341
0.223587
0.475494
0.727244
0.401971
0.013276
0.483494
0.766291
0.090535
0.322949
0.218844
0.072465
0.527033
0.704484
0.821730
0.364456
0.030518
0.766291
0.940331
0.749684
0.749684
0.848789
0.364456
0.935597
0.891273
0.357661
0.922090
0.635244
0.758020
0.141156
0.829282
0.884948
0.215763
0.173237
0.454542
0.346575
0.603471
0.483494
0.000320
0.357661
0.401971
0.114294
0.690166
0.390021
0.057717
0.543791
0.626544
0.322949
0.269851
0.935597
0.192150
0.491556
0.135818
0.829282
0.333520
0.260793
0.088340
0.007378
0.322949
0.040864
0.414138
0.829282
0.540922
0.000378
0.891273
0.169385
0.681504
0.107244
0.848789
0.735726
0.290658
0.434080
0.821730
0.406779
0.978604
0.015409
0.681504
0.454542
0.907293
0.135818
0.401971
0.258960
0.935597
0.086192
0.177160
0.206623
0.505064
0.589144
0.758020
0.153566
0.382926
0.935597
0.206623
0.199280
0.029186
0.350951
0.658394
0.159490
0.640981
0.387593
0.050328
0.310521
0.603471
0.513281
0.951979
0.475494
0.025970
0.535389
0.643949
0.157114
0.505064
0.735726
0.991213
0.199280
0.401971
0.978604
0.007519
0.346575
0.236593
0.008197
0.735726
0.758020
0.984769
0.053907
0.801128
0.580543
0.250182
0.362130
0.273514
0.640981
0.836720
0.483494
0.916674
0.649688
0.589144
0.658394
0.246759
0.245003
0.951979
0.223587
0.801128
0.253642
0.836720
0.735726
0.951979
0.409279
0.462365
0.557828
0.421575
0.255445
0.505064
0.690166
0.100580
0.119859
0.962240
0.166886
0.513281
0.150086
0.401971
0.031348
0.382926
0.597771
0.549354
0.483494
0.603471
0.414138
0.070668
0.626544
0.483494
0.916674
0.991213
0.187953
0.681504
0.103042
0.867378
0.483494
0.100580
0.454542
0.589144
0.027164
0.612135
0.635244
0.855893
0.306500
0.255445
0.333520
0.177160
0.449423
0.250182
0.758020
0.535389
0.836720
0.643949
0.513281
0.513281
0.462365
0.043429
0.612135
0.215763
0.766291
0.157114
0.124654
0.117048
0.491556
0.177160
0.306500
0.394742
0.652656
0.713075
0.005687
0.042685
0.829282
0.874110
0.787927
0.478214
0.540922
0.867378
0.434080
0.571972
0.867378
0.916674
0.421575
0.454542
0.199280
0.901408
0.284858
0.241635
0.375911
0.109849
0.387593
0.094284
0.626544
0.571972
0.667094
0.300471
0.094284
0.329292
0.735726
0.779856
0.626544
0.119859
0.434080
0.084803
0.612135
0.001774
0.429087
0.327120
0.518727
0.735726
0.727244
0.132684
0.571972
0.749684
0.005855
0.735726
0.713075
0.513281
0.617854
0.163153
0.187953
0.580543
0.000411
0.658394
0.269851
0.549354
0.446787
0.228410
0.766291
0.284858
0.470257
0.117048
0.017866
0.816691
0.727244
0.322949
0.220452
0.566341
0.364456
0.801128
0.094284
0.513281
0.163153
0.808960
0.571972
0.978604
0.779856
0.462365
0.362130
0.346575
0.053907
0.177160
0.962240
0.901408
0.462365
0.340005
0.421575
0.333520
0.005687
0.690166
0.094284
0.275424
0.735726
0.913005
0.039801
0.250182
0.848789
0.382926
0.971109
0.704484
0.434080
0.779856
0.935597
0.166886
0.571972
0.322949
0.727244
0.766291
0.566341
0.552238
0.971109
0.264363
0.589144
0.766291
0.566341
0.401971
0.874110
0.801128
0.013909
0.867378
0.829282
0.829282
0.173237
0.779856
0.612135
0.513281
0.727244
0.150086
0.681504
0.064431
0.038764
0.930673
0.635244
0.793201
0.306500
0.787927
0.173237
0.368979
0.023508
0.401971
0.907293
0.658394
0.527033
0.947760
0.390021
0.626544
0.808960
0.019768
0.203680
0.841556
0.617854
0.069506
0.483494
0.491556
0.294528
0.454542
0.779856
0.580543
0.704484
0.735726
0.867378
0.316692
0.024596
0.922090
0.771705
0.096609
0.867378
0.695863
0.566341
0.046970
0.115226
0.187953
0.535389
0.449423
0.749684
0.121744
0.129613
0.052535
0.246759
0.429087
0.043818
0.096609
0.322949
0.513281
0.821730
0.449423
0.787927
0.505064
0.357661
0.061772
0.483494
0.350951
0.589144
0.371333
0.203680
0.057717
0.273514
0.860501
0.371333
0.121744
0.357661
0.986757
0.491556
0.084803
0.129613
0.223587
0.589144
0.005630
0.491556
0.571972
0.401971
0.884948
0.406779
0.015409
0.312615
0.829282
0.470257
0.070668
0.499678
0.557828
0.312615
0.901408
0.927324
0.364456
0.032199
0.527033
0.787927
0.032199
0.744157
0.971109
0.449423
0.505064
0.727244
0.223587
0.100580
0.958545
0.129613
0.077446
0.758020
0.241635
0.672823
0.891273
0.170690
0.505064
0.779856
0.521553
0.039801
0.779856
0.333520
0.505064
0.109849
0.891273
0.255445
0.675784
0.675784
0.150086
0.505064
0.758020
0.513281
0.269851
