0.103042
0.049040
0.269851
0.713075
0.024596
0.022258
0.357661
0.215763
0.300471
0.667094
0.075538
0.867378
0.014985
0.353229
0.382926
0.130653
0.390021
0.527033
0.429087
0.766291
0.362130
0.467559
0.300471
0.571972
0.848789
0.475494
0.300471
0.713075
0.951979
0.255445
0.275424
0.860501
0.626544
0.801128
0.758020
0.787927
0.429087
0.084803
0.364456
0.462365
0.758020
0.713075
0.735726
0.260793
0.848789
0.026438
0.010298
0.884948
0.704484
0.916674
0.848789
0.350951
0.255445
0.375911
0.394742
0.690166
0.566341
0.779856
0.449423
0.457201
0.449423
0.082732
0.649688
0.329292
0.557828
0.808960
0.390021
0.364456
0.658394
0.025970
0.000511
0.449423
0.704484
0.635244
0.540922
0.194957
0.478214
0.513281
0.394742
0.916674
0.357661
0.922090
0.758020
0.279144
0.580543
0.667094
0.223587
0.735726
0.758020
0.574890
0.787927
0.470257
0.052535
0.848789
0.995551
0.053907
0.340005
0.077446
0.658394
0.891273
0.958545
0.236593
0.421575
0.000108
0.951979
0.333520
0.470257
0.421575
0.013909
0.211153
0.801128
0.513281
0.752533
0.658394
0.483494
0.774492
0.821730
0.962240
0.940331
0.269851
0.884948
0.779856
0.033659
0.157114
0.766291
0.779856
0.163153
0.255445
0.681504
0.483494
0.907293
0.649688
0.090535
0.350951
0.382926
0.096609
0.513281
0.505064
0.446787
0.718717
0.814067
0.322949
0.884948
0.118894
0.375911
0.874110
0.004288
0.698805
0.513281
0.580543
0.462365
0.566341
0.543791
0.603471
0.901408
0.086192
0.394742
0.836720
0.658394
0.454542
0.566341
0.079397
0.076183
0.434080
0.571972
0.967937
0.499678
0.010795
0.421575
0.727244
0.284858
0.462365
0.449423
0.236593
0.387593
0.187953
0.603471
0.971109
0.250182
0.535389
0.643949
0.779856
0.429087
0.279144
0.571972
0.649688
0.192150
0.658394
0.940331
0.848789
0.597771
0.549354
0.681504
0.236593
0.127623
0.930673
0.649688
0.667094
0.594827
0.971109
0.589144
0.884948
0.891273
0.643949
0.165605
0.984769
0.449423
0.002808
0.394742
0.984769
0.841556
0.557828
0.766291
0.068911
0.316692
0.255445
0.002863
0.401971
0.535389
0.571972
0.340005
0.518727
0.327120
0.626544
0.566341
0.072465
0.967937
0.454542
0.557828
0.821730
0.491556
0.549354
0.962240
0.927324
0.421575
0.787927
0.848789
0.394742
0.829282
0.566341
0.429087
0.475494
0.901408
0.183833
0.117048
0.603471
0.496903
0.426518
0.061772
0.672823
0.867378
0.603471
0.177160
0.991213
0.075538
0.971109
0.306500
0.860501
0.626544
0.147829
0.617854
0.951979
0.620815
0.816691
0.086192
0.279144
0.860501
0.916674
0.643949
0.375911
0.620815
0.513281
0.064990
0.635244
0.284858
0.940331
0.166886
0.774492
0.535389
0.241635
0.491556
0.808960
0.658394
0.441715
0.574890
0.109849
0.867378
0.695863
0.749684
0.269851
0.055312
0.640981
0.667094
0.141156
0.603471
0.100580
0.771705
0.153566
0.704484
0.483494
0.878466
0.695863
0.658394
0.041578
0.841556
0.394742
0.549354
0.801128
0.147829
0.124654
0.951979
0.470257
0.836720
0.580543
0.727244
0.075538
0.829282
0.194957
0.499678
0.704484
0.521553
0.580543
0.848789
0.505064
0.672823
0.421575
0.130653
0.284858
0.132684
0.998463
0.867378
0.025274
0.024596
0.037099
0.470257
0.867378
0.672823
0.329292
0.375911
0.571972
0.026438
0.704484
0.962240
0.935597
0.744157
0.300471
0.841556
0.322949
0.310521
0.434080
0.884948
0.426518
0.874110
0.470257
0.269851
0.462365
0.901408
0.620815
0.594827
0.597771
0.880693
0.527033
0.521553
0.672823
0.681504
0.821730
0.535389
0.264363
0.375911
0.079397
0.079397
0.749684
0.454542
0.316692
0.375911
0.364456
0.735726
0.150086
0.549354
0.002370
0.046970
0.316692
0.808960
0.346575
0.153566
0.483494
0.860501
0.704484
0.735726
0.223587
0.382926
0.394742
0.891273
0.462365
0.829282
0.735726
0.335721
0.571972
0.690166
0.491556
0.801128
0.543791
0.250182
0.211153
0.157114
0.626544
0.228410
0.727244
0.735726
0.179787
0.535389
0.483494
0.907293
0.434080
0.163153
0.801128
0.333520
0.535389
0.718717
0.527033
0.848789
0.491556
0.470257
0.166886
0.594827
0.808960
0.253642
0.626544
0.557828
0.029186
0.884948
0.836720
0.346575
0.672823
0.236593
0.580543
0.766291
0.300471
0.223587
0.368979
0.991213
0.454542
0.187953
0.958545
0.194957
0.042685
0.958545
0.779856
0.891273
0.978604
0.119859
0.855893
0.681504
0.294528
0.744157
0.141156
0.829282
0.135818
0.535389
0.401971
0.884948
0.698805
0.255445
0.346575
0.626544
0.300471
0.735726
0.594827
0.612135
0.068911
0.821730
0.236593
0.284858
0.874110
0.998868
0.672823
0.867378
0.421575
0.074303
0.029186
0.181158
0.231634
0.007168
0.620815
0.406779
0.787927
0.901408
0.867378
0.821730
0.340005
0.841556
0.994555
0.059212
0.001981
0.150086
0.521553
0.690166
0.907293
0.049040
0.129613
0.019230
0.855893
0.998868
0.499678
0.867378
0.181158
0.867378
0.735726
0.441715
0.779856
0.996919
0.215763
0.294528
0.394742
0.426518
0.228410
0.143326
0.996919
0.322949
0.513281
0.667094
0.394742
0.808960
0.580543
0.375911
0.316692
0.808960
0.962240
0.574890
0.855893
0.000056
0.160731
0.132684
0.333520
0.860501
0.927324
0.947760
0.183833
0.766291
0.690166
0.617854
0.793201
0.368979
0.658394
0.223587
0.589144
0.269851
0.141156
0.589144
0.499678
0.300471
0.667094
0.749684
0.958545
0.236593
0.061772
0.061772
0.124654
0.157114
0.855893
0.681504
0.357661
0.135818
0.033659
0.589144
0.989675
0.132684
0.117048
0.695863
0.135818
0.124654
0.082732
0.690166
0.841556
0.978604
0.927324
