0.117048
0.173237
0.884948
0.375911
0.505064
0.187953
0.658394
0.491556
0.808960
0.771705
0.310521
0.505064
0.574890
0.211153
0.475494
0.518727
0.241635
0.580543
0.250182
0.727244
0.986757
0.718717
0.368979
0.557828
0.322949
0.947760
0.181158
0.962240
0.907293
0.658394
0.475494
0.521553
0.922090
0.626544
0.025274
0.513281
0.273514
0.304435
0.187953
0.394742
0.018706
0.067775
0.681504
0.667094
0.681504
0.009104
0.387593
0.829282
0.340005
0.394742
0.801128
0.340005
0.105557
0.984769
0.375911
0.626544
0.891273
0.421575
0.269851
0.935597
0.643949
0.211153
0.306500
0.649688
0.862861
0.001137
0.758020
0.016595
0.535389
0.483494
0.032771
0.808960
0.643949
0.681504
0.713075
0.690166
0.467559
0.801128
0.454542
0.713075
0.681504
0.157114
0.491556
0.965738
0.612135
0.594827
0.196422
0.441715
0.971109
0.649688
0.779856
0.535389
0.612135
0.787927
0.290658
0.841556
0.643949
0.735726
0.327120
0.104694
0.962240
0.382926
0.300471
0.535389
0.185229
0.635244
0.557828
0.491556
0.874110
0.566341
0.346575
0.233315
0.021656
0.626544
0.275424
0.144460
0.681504
0.357661
0.681504
0.429087
0.322949
0.401971
0.848789
0.194957
0.012317
0.350951
0.848789
0.475494
0.037752
0.441715
0.000718
0.735726
0.643949
0.132684
0.907293
0.935597
0.357661
0.766291
0.704484
0.571972
0.053907
0.382926
0.350951
0.269851
0.771705
0.580543
0.735726
0.821730
0.008354
0.375911
0.971109
0.758020
0.935597
0.801128
0.916674
0.141156
0.124654
0.401971
0.364456
0.236593
0.787927
0.649688
0.150086
0.874110
0.758020
0.333520
0.513281
0.901408
0.658394
0.394742
0.867378
0.281082
0.620815
0.177160
0.157114
0.829282
0.713075
0.421575
0.000899
0.382926
0.002567
0.016139
0.441715
0.375911
0.766291
0.521553
0.860501
0.122729
0.491556
0.801128
0.690166
0.617854
0.901408
0.390021
0.658394
0.255445
0.947760
0.072465
0.916674
0.052535
0.199280
0.401971
0.801128
0.635244
0.901408
0.597771
0.483494
0.382926
0.984769
0.039801
0.612135
0.169385
0.108126
0.179787
0.521553
0.126604
0.996919
0.603471
0.735726
0.159490
0.421575
0.951979
0.848789
0.496903
0.667094
0.467559
0.771705
0.758020
0.434080
0.612135
0.147829
0.880693
0.401971
0.414138
0.589144
0.874110
0.454542
0.594827
0.166886
0.986757
0.612135
0.626544
0.940331
0.327120
0.382926
0.543791
0.727244
0.375911
0.144460
0.491556
0.414138
0.218844
0.713075
0.401971
0.922090
0.223587
0.735726
0.649688
0.884948
0.380525
0.284858
0.612135
0.409279
0.649688
0.867378
0.721628
0.981075
0.787927
0.735726
0.401971
0.250182
0.947760
0.880693
0.713075
0.478214
0.821730
0.771705
0.037099
0.434080
0.446787
0.947760
0.060217
0.375911
0.867378
0.749684
0.951979
0.649688
0.695863
0.681504
0.549354
0.449423
0.930673
0.364456
0.353229
0.371333
0.603471
0.056256
0.580543
0.329292
0.496903
0.253642
0.787927
0.927324
0.947760
0.907293
0.580543
0.141156
0.681504
0.157114
0.346575
0.758020
0.346575
0.496903
0.543791
0.454542
0.483494
0.518727
0.658394
0.779856
0.984769
0.187953
0.878466
0.962240
0.808960
0.177160
0.995551
0.117048
0.884948
0.159490
0.958545
0.203680
0.658394
0.260793
0.429087
0.000132
0.727244
0.535389
0.086192
0.333520
0.617854
0.672823
0.223587
0.774492
0.801128
0.018036
0.667094
0.557828
0.566341
0.922090
0.169385
0.177160
0.206623
0.327120
0.841556
0.841556
0.897436
0.166886
0.382926
0.935597
0.023508
0.103042
0.965738
0.340005
0.958545
0.643949
0.907293
0.801128
0.401971
0.860501
0.620815
0.855893
0.801128
0.406779
0.971109
0.454542
0.690166
0.245003
0.010595
0.269851
0.978604
0.290658
0.580543
0.023291
0.626544
0.429087
0.090535
0.035500
0.649688
0.617854
0.462365
0.016139
0.215763
0.947760
0.999575
0.690166
0.635244
0.779856
0.860501
0.441715
0.067775
0.612135
0.513281
0.758020
0.067775
0.744157
0.779856
0.236593
0.907293
0.816691
0.518727
0.589144
0.112510
0.233315
0.115226
0.735726
0.626544
0.033659
0.208158
0.958545
0.042685
0.603471
0.067775
0.382926
0.907293
0.922090
0.855893
0.187953
0.874110
0.406779
0.434080
0.327120
0.744157
0.316692
0.801128
0.580543
0.667094
0.935597
0.635244
0.023935
0.306500
0.535389
0.462365
0.704484
0.690166
0.841556
0.316692
0.107244
0.357661
0.475494
0.758020
0.907293
0.306500
0.681504
0.505064
0.527033
0.002808
0.821730
0.589144
0.695863
0.505064
0.535389
0.922090
0.513281
0.848789
0.096609
0.312615
0.744157
0.727244
0.681504
0.658394
0.690166
0.144460
0.681504
0.346575
0.223587
0.394742
0.855893
0.766291
0.250182
0.020130
0.199280
0.362130
0.681504
0.841556
0.821730
0.612135
0.375911
0.672823
0.527033
0.658394
0.031906
0.275424
0.414138
0.771705
0.787927
0.011974
0.566341
0.779856
0.061772
0.264363
0.672823
0.027164
0.989675
0.454542
0.658394
0.690166
0.127623
0.357661
0.704484
0.454542
0.127623
0.117048
0.667094
0.907293
0.947760
0.867378
0.603471
0.766291
0.260793
0.505064
0.916674
0.194957
0.695863
0.426518
0.250182
0.013276
0.141156
0.421575
0.571972
0.454542
0.340005
0.907293
0.681504
0.713075
0.380525
0.681504
0.635244
0.505064
0.070668
0.698805
0.039801
0.409279
0.935597
0.597771
0.004164
0.029982
0.535389
0.690166
0.672823
0.589144
0.735726
0.758020
0.844036
0.177160
0.681504
0.426518
0.223587
0.187953
0.483494
0.535389
0.163153
0.821730
0.571972
0.787927
0.062816
0.281082
0.801128
0.269851
0.907293
0.290658
0.483494
0.144460
0.357661
0.965738
0.150086
0.117048
