0.571972
0.169385
0.543791
0.513281
0.194957
0.429087
0.279144
0.801128
0.787927
0.454542
0.357661
0.758020
0.603471
0.986757
0.571972
0.704484
0.483494
0.194957
0.130653
0.848789
0.735726
0.462365
0.566341
0.848789
0.132684
0.884948
0.626544
0.153566
0.183833
0.612135
0.766291
0.951979
0.228410
0.401971
0.535389
0.000795
0.793201
0.695863
0.483494
0.836720
0.284858
0.322949
0.901408
0.935597
0.192150
0.566341
0.236593
0.594827
0.808960
0.535389
0.296545
0.758020
0.187953
0.779856
0.322949
0.597771
0.787927
0.013909
0.922090
0.007032
0.808960
0.829282
0.157114
0.483494
0.316692
0.758020
0.409279
0.040864
0.491556
0.521553
0.094284
0.300471
0.127623
0.574890
0.007965
0.667094
0.612135
0.681504
0.183833
0.695863
0.695863
0.236593
0.499678
0.704484
0.194957
0.695863
0.704484
0.594827
0.829282
0.658394
0.052535
0.192150
0.704484
0.327120
0.127623
0.874110
0.362130
0.884948
0.935597
0.421575
0.698805
0.749684
0.288671
0.580543
0.672823
0.658394
0.779856
0.357661
0.454542
0.203680
0.044980
0.499678
0.316692
0.375911
0.543791
0.382926
0.199280
0.357661
0.513281
0.841556
0.566341
0.236593
0.922090
0.300471
0.749684
0.135818
0.223587
0.260793
0.241635
0.223587
0.695863
0.901408
0.821730
0.518727
0.758020
0.107244
0.907293
0.978604
0.958545
0.513281
0.901408
0.649688
0.267971
0.704484
0.150086
0.916674
0.860501
0.649688
0.394742
0.246759
0.310521
0.368979
0.758020
0.019768
0.518727
0.681504
0.821730
0.704484
0.015845
0.667094
0.127623
0.758020
0.749684
0.658394
0.005855
0.045761
0.505064
0.984769
0.505064
0.255445
0.429087
0.421575
0.009016
0.758020
0.163153
0.350951
0.884948
0.135818
0.667094
0.475494
0.779856
0.132684
0.841556
0.077446
0.951979
0.394742
0.978604
0.658394
0.086919
0.594827
0.991213
0.429087
0.907293
0.350951
0.640981
0.672823
0.808960
0.922090
0.580543
0.649688
0.580543
0.187953
0.088340
0.935597
0.380525
0.779856
0.357661
0.771705
0.704484
0.000846
0.672823
0.429087
0.566341
0.031348
0.119859
0.357661
0.007168
0.008597
0.169385
0.916674
0.727244
0.112510
0.173237
0.475494
0.927324
0.046554
0.848789
0.269851
0.499678
0.672823
0.175815
0.658394
0.620815
0.727244
0.246759
0.009277
0.721628
0.735726
0.153566
0.513281
0.821730
0.006325
0.014305
0.025274
0.066084
0.626544
0.589144
0.951979
0.672823
0.971109
0.518727
0.566341
0.658394
0.758020
0.713075
0.626544
0.771705
0.346575
0.907293
0.275424
0.672823
0.658394
0.310521
0.594827
0.491556
0.617854
0.874110
0.801128
0.947760
0.306500
0.695863
0.215763
0.848789
0.690166
0.816691
0.649688
0.640981
0.169385
0.690166
0.177160
0.109849
0.821730
0.571972
0.135818
0.462365
0.279144
0.236593
0.907293
0.527033
0.483494
0.718717
0.566341
0.549354
0.962240
0.597771
0.927324
0.260793
0.930673
0.491556
0.340005
0.406779
0.704484
0.505064
0.165605
0.052535
0.009277
0.727244
0.421575
0.749684
0.922090
0.462365
0.597771
0.922090
0.848789
0.505064
0.100580
0.690166
0.401971
0.994555
0.429087
0.067775
0.139014
0.382926
0.177160
0.884948
0.735726
0.109849
0.991213
0.284858
0.922090
0.951979
0.626544
0.580543
0.930673
0.382926
0.620815
0.907293
0.434080
0.718717
0.406779
0.394742
0.290658
0.580543
0.681504
0.394742
0.841556
0.787927
0.199280
0.281082
0.000718
0.505064
0.821730
0.414138
0.462365
0.390021
0.771705
0.010298
0.206623
0.690166
0.727244
0.086192
0.320806
0.947760
0.429087
0.672823
0.475494
0.927324
0.779856
0.181158
0.947760
0.927324
0.867378
0.401971
0.030518
0.649688
0.566341
0.735726
0.848789
0.462365
0.612135
0.951979
0.667094
0.667094
0.540922
0.971109
0.462365
0.060217
0.681504
0.258960
0.971109
0.695863
0.022875
0.779856
0.223587
0.978604
0.612135
0.808960
0.441715
0.727244
0.874110
0.672823
0.884948
0.327120
0.620815
0.727244
0.735726
0.855893
0.163153
0.997586
0.394742
0.821730
0.566341
0.147829
0.246759
0.855893
0.580543
0.891273
0.312615
0.940331
0.246759
0.808960
0.401971
0.566341
0.626544
0.098985
0.571972
0.771705
0.215763
0.727244
0.658394
0.549354
0.208158
0.080707
0.070668
0.884948
0.612135
0.860501
0.801128
0.974087
0.704484
0.034568
0.002324
0.626544
0.414138
0.117048
0.344325
0.382926
0.187953
0.346575
0.821730
0.549354
0.183833
0.667094
0.390021
0.989675
0.211153
0.092778
0.557828
0.346575
0.821730
0.181158
0.816691
0.690166
0.441715
0.721628
0.269851
0.103042
0.467559
0.884948
0.346575
0.566341
0.316692
0.884948
0.649688
0.114294
0.571972
0.103042
0.304435
0.306500
0.505064
0.414138
0.529876
0.735726
0.836720
0.603471
0.505064
0.513281
0.023935
0.612135
0.454542
0.635244
0.535389
0.771705
0.518727
0.048208
0.571972
0.603471
0.580543
0.612135
0.821730
0.159490
0.329292
0.940331
0.394742
0.333520
0.426518
0.042685
0.449423
0.340005
0.199280
0.681504
0.922090
0.409279
0.860501
0.874110
0.829282
0.127623
0.421575
0.183833
0.429087
0.801128
0.891273
0.056256
0.181158
0.589144
0.505064
0.462365
0.202171
0.874110
0.766291
0.594827
0.434080
0.238302
0.139014
0.414138
0.236593
0.513281
0.199280
0.891273
0.967937
0.779856
0.478214
0.978604
0.649688
0.829282
0.121744
0.758020
0.157114
0.658394
0.681504
0.626544
0.273514
0.483494
0.801128
0.974087
0.566341
0.215763
0.907293
0.735726
0.255445
0.821730
0.039115
0.082732
0.306500
0.117048
0.727244
0.930673
0.364456
0.375911
0.836720
0.290658
0.594827
0.470257
0.727244
0.096609
0.962240
