0.690166
0.597771
0.672823
0.612135
0.518727
0.454542
0.658394
0.255445
0.580543
0.478214
0.080707
0.327120
0.364456
0.603471
0.346575
0.884948
0.160731
0.962240
0.375911
0.940331
0.382926
0.884948
0.527033
0.505064
0.997586
0.000320
0.166886
0.667094
0.163153
0.951979
0.199280
0.344325
0.049040
0.727244
0.394742
0.153566
0.643949
0.300471
0.094284
0.127623
0.816691
0.672823
0.951979
0.998868
0.557828
0.672823
0.836720
0.635244
0.962240
0.513281
0.018368
0.117048
0.867378
0.375911
0.620815
0.273514
0.173237
0.241635
0.350951
0.626544
0.658394
0.333520
0.841556
0.704484
0.681504
0.483494
0.144460
0.626544
0.821730
0.059212
0.147829
0.704484
0.787927
0.907293
0.505064
0.077446
0.441715
0.521553
0.401971
0.060217
0.304435
0.144460
0.848789
0.704484
0.364456
0.848789
0.322949
0.958545
0.255445
0.543791
0.100580
0.667094
0.333520
0.779856
0.421575
0.005687
0.721628
0.635244
0.057717
0.462365
0.035500
0.675784
0.795913
0.557828
0.513281
0.375911
0.187953
0.996919
0.758020
0.603471
0.626544
0.758020
0.597771
0.077446
0.956001
0.000461
0.478214
0.867378
0.333520
0.353229
0.194957
0.241635
0.801128
0.855893
0.967937
0.643949
0.635244
0.024596
0.375911
0.721628
0.829282
0.057717
0.704484
0.535389
0.340005
0.098985
0.462365
0.322949
0.394742
0.821730
0.744157
0.304435
0.967937
0.535389
0.649688
0.667094
0.357661
0.681504
0.580543
0.860501
0.744157
0.658394
0.597771
0.758020
0.891273
0.704484
0.635244
0.566341
0.681504
0.901408
0.962240
0.194957
0.935597
0.513281
0.220452
0.829282
0.346575
0.549354
0.401971
0.793201
0.491556
0.884948
0.513281
0.470257
0.801128
0.260793
0.967937
0.275424
0.483494
0.088340
0.187953
0.019230
0.880693
0.675784
0.300471
0.947760
0.310521
0.269851
0.211153
0.211153
0.434080
0.527033
0.382926
0.727244
0.617854
0.357661
0.860501
0.364456
0.141156
0.884948
0.766291
0.571972
0.884948
0.860501
0.375911
0.401971
0.491556
0.922090
0.284858
0.713075
0.109849
0.821730
0.758020
0.951979
0.996919
0.891273
0.052535
0.496903
0.475494
0.505064
0.002725
0.294528
0.499678
0.013909
0.922090
0.015845
0.382926
0.848789
0.320806
0.557828
0.552238
0.108126
0.475494
0.001027
0.603471
0.884948
0.236593
0.986757
0.387593
0.211153
0.279144
0.194957
0.157114
0.620815
0.264363
0.141156
0.434080
0.357661
0.368979
0.704484
0.566341
0.735726
0.527033
0.294528
0.758020
0.441715
0.454542
0.228410
0.141156
0.316692
0.758020
0.971109
0.114294
0.067775
0.119859
0.816691
0.505064
0.316692
0.105557
0.940331
0.580543
0.527033
0.434080
0.434080
0.758020
0.406779
0.084092
0.223587
0.021268
0.612135
0.681504
0.401971
0.098985
0.727244
0.033659
0.002082
0.884948
0.499678
0.505064
0.258960
0.580543
0.183833
0.603471
0.527033
0.003926
0.228410
0.075538
0.848789
0.340005
0.981075
0.891273
0.491556
0.994555
0.260793
0.290658
0.049040
0.066084
0.535389
0.527033
0.316692
0.104694
0.535389
0.454542
0.848789
0.848789
0.499678
0.457201
0.004372
0.991213
0.300471
0.658394
0.310521
0.958545
0.867378
0.940331
0.801128
0.658394
0.617854
0.771705
0.375911
0.333520
0.927324
0.364456
0.867378
0.275424
0.130653
0.704484
0.901408
0.064990
0.231634
0.594827
0.589144
0.061772
0.672823
0.727244
0.077446
0.260793
0.441715
0.549354
0.974087
0.922090
0.033659
0.766291
0.956001
0.000764
0.801128
0.241635
0.695863
0.075538
0.070668
0.991213
0.364456
0.867378
0.774492
0.000208
0.867378
0.535389
0.752533
0.681504
0.667094
0.874110
0.245003
0.513281
0.333520
0.137917
0.401971
0.033659
0.643949
0.978604
0.704484
0.779856
0.021268
0.927324
0.063362
0.808960
0.735726
0.092778
0.947760
0.084803
0.462365
0.744157
0.364456
0.513281
0.023508
0.935597
0.749684
0.848789
0.080707
0.135818
0.787927
0.206623
0.245003
0.449423
0.275424
0.306500
0.203680
0.951979
0.218844
0.814067
0.208158
0.340005
0.241635
0.549354
0.187953
0.199280
0.589144
0.589144
0.771705
0.808960
0.735726
0.401971
0.390021
0.233315
0.758020
0.215763
0.808960
0.236593
0.340005
0.862861
0.690166
0.874110
0.316692
0.426518
0.951979
0.340005
0.535389
0.735726
0.704484
0.978604
0.144460
0.394742
0.793201
0.779856
0.901408
0.153566
0.951979
0.312615
0.002950
0.357661
0.499678
0.088340
0.744157
0.505064
0.117048
0.421575
0.394742
0.543791
0.103042
0.978604
0.449423
0.681504
0.758020
0.848789
0.290658
0.594827
0.215763
0.787927
0.855893
0.077446
0.971109
0.117048
0.527033
0.947760
0.649688
0.557828
0.075538
0.617854
0.951979
0.549354
0.269851
0.000402
0.054829
0.039801
0.079397
0.333520
0.958545
0.228410
0.874110
0.310521
0.612135
0.421575
0.236593
0.387593
0.907293
0.000348
0.434080
0.704484
0.643949
0.092778
0.557828
0.940331
0.867378
0.690166
0.867378
0.470257
0.429087
0.255445
0.344325
0.907293
0.580543
0.290658
0.132684
0.177160
0.649688
0.061772
0.003738
0.135818
0.787927
0.228410
0.626544
0.322949
0.667094
0.535389
0.135818
0.181158
0.215763
0.787927
0.962240
0.891273
0.382926
0.153566
0.089781
0.211153
0.626544
0.808960
0.322949
0.346575
0.357661
0.329292
0.245003
0.255445
0.698805
0.491556
0.626544
0.612135
0.241635
0.848789
0.107244
0.021268
0.718717
0.580543
0.434080
0.557828
0.197797
0.129613
0.535389
0.874110
0.667094
0.035180
0.901408
0.667094
0.300471
0.860501
0.735726
0.003559
0.779856
0.640981
0.935597
0.589144
0.483494
0.779856
0.236593
0.072465
0.704484
0.153566
0.829282
