0.911329
0.751676
0.598224
0.057946
0.493790
0.386944
0.957866
0.686778
0.156876
0.240035
0.488812
0.482679
0.814510
0.113691
0.770245
0.412704
0.948970
0.625733
0.362388
0.431885
0.027707
0.797254
0.068506
0.745692
0.158585
0.298462
0.695895
0.476377
0.503253
0.830195
0.274916
0.306792
0.436576
0.211753
0.837767
0.998277
0.413273
0.384231
0.341538
0.506932
0.475039
0.137301
0.399640
0.129216
0.820336
0.117147
0.630639
0.679901
0.016066
0.295498
0.799744
0.726736
0.933458
0.878562
0.075342
0.678389
0.756763
0.191976
0.999752
0.571349
0.776604
0.000000
0.162820
0.738913
0.147554
0.011928
0.437814
0.209997
0.820846
0.666545
0.854936
0.900234
0.612983
0.544876
0.194580
0.595905
0.497457
0.534528
0.694019
0.233085
0.392105
0.063765
0.958336
0.733452
0.186667
0.352854
0.276890
0.305909
0.605944
0.232858
0.898874
0.185453
0.831263
0.958320
0.367837
0.586754
0.752020
0.827386
0.778929
0.055819
0.437299
0.604118
0.366254
0.350270
0.337164
0.828584
0.493221
0.906175
0.514539
0.793744
0.319625
0.031516
0.276448
0.389339
0.595311
0.009531
0.392424
0.371325
0.229694
0.212148
0.535463
0.780051
0.877209
0.621793
0.379701
0.152018
0.876145
0.848483
0.968040
0.803082
0.913056
0.277019
0.925785
0.323669
0.270102
0.350095
0.026468
0.754313
0.555284
0.609739
0.084815
0.245965
0.740154
0.856612
0.103497
0.596457
0.336610
0.060014
0.453149
0.465341
0.319337
0.723825
0.266783
0.095762
0.157246
0.592886
0.510207
0.052576
0.140045
0.223365
0.819426
0.528116
0.596752
0.628507
0.077605
0.746526
0.303903
0.611950
0.512018
0.664707
0.799823
0.393470
0.367373
0.915944
0.386050
0.710158
0.497110
0.805440
0.935352
0.933110
0.748370
0.334999
0.841692
0.577775
0.799386
0.859259
0.234270
0.133807
0.683916
0.370142
0.520534
0.222778
0.738825
0.912256
0.406640
0.409363
0.340757
0.315215
0.022163
0.658202
0.140306
0.578474
0.535161
0.925378
0.251520
0.000000
0.038583
0.143909
0.492725
0.760256
0.075811
0.594575
0.512971
0.614161
0.556069
0.685013
0.329170
0.967179
0.955397
0.974694
0.752575
0.205342
0.313668
0.614558
0.349679
0.148261
0.519977
0.537510
0.925409
0.405829
0.377364
0.018951
0.289618
0.622511
0.276307
0.354521
0.773998
0.969120
0.602637
0.825498
0.044275
0.188844
0.586883
0.556100
0.802936
0.271682
0.498642
0.429299
0.382236
0.735913
0.159140
0.286113
0.101316
0.282125
0.633500
0.969296
0.082089
0.067276
0.436378
0.923490
0.788764
0.901721
0.146557
0.710245
0.454262
0.204558
0.958871
0.285373
0.198232
0.095344
0.667142
0.966679
0.828981
0.586995
0.542021
0.837124
0.876266
0.534688
0.224311
0.000919
0.134886
0.344210
0.049700
0.013087
0.254483
0.302335
0.872357
0.231669
0.039442
0.422479
0.387235
0.924922
0.330764
0.161583
0.860541
0.445023
0.628062
0.876481
0.819931
0.247972
0.794326
0.981692
0.450279
0.826078
0.940755
0.272949
0.850782
0.117893
0.801017
0.152969
0.169521
0.968492
0.385830
0.006267
0.222491
0.585925
0.200306
0.535528
0.151982
0.325649
0.414247
0.837951
0.848193
0.927691
0.887231
0.395036
0.683239
0.948511
0.659426
0.736030
0.046735
0.359984
0.879894
0.874733
0.285645
0.275138
0.861482
0.547387
0.571740
0.601962
0.604512
0.571394
0.726898
0.869371
0.238592
0.893325
0.093728
0.910348
0.925082
0.105048
0.379768
0.280673
0.031735
0.175509
0.951420
0.769304
0.263136
0.789933
0.255972
0.393121
0.512755
0.835635
0.232101
0.709704
0.125941
0.732777
0.973690
0.502002
0.617165
0.564961
0.587504
0.012141
0.320290
0.669131
0.745626
0.990411
0.632942
0.476784
0.424244
0.969239
0.301959
0.152026
0.847336
0.504840
0.145714
0.956890
0.355097
0.422538
0.081559
0.055514
0.675304
0.847921
0.006018
0.023460
0.269241
0.516602
0.240358
0.968715
0.616188
0.514155
0.280526
0.311669
0.696603
0.052079
0.440061
0.242273
0.443759
0.328596
0.039604
0.727001
0.524155
0.943051
0.918638
0.300658
0.538586
0.660334
0.649294
0.398897
0.838659
0.482394
0.993411
0.052958
0.305934
0.604587
0.355268
0.550230
0.847671
0.272695
0.211213
0.999284
0.156955
0.967445
0.312820
0.511421
0.231872
0.922825
0.841357
0.288995
0.166893
0.303644
0.297970
0.009941
0.659833
0.333688
0.582428
0.000000
0.413068
0.478164
0.572995
0.374221
0.220811
0.013686
0.169356
0.085567
0.378705
0.532244
0.705844
0.400502
0.210351
0.702856
0.662283
0.185974
0.164345
0.630378
0.373463
0.859015
0.040953
0.331314
0.844596
0.658885
0.099022
0.412632
0.650058
0.535799
0.991053
0.995769
0.350964
0.173673
0.612238
0.257630
0.665770
0.469536
0.990814
0.516263
0.443459
0.928490
0.359332
0.705334
0.705014
0.922242
0.619324
0.573567
0.447824
0.277655
0.615250
0.730502
0.428381
0.165582
0.250998
0.910324
0.687949
0.472707
0.335232
0.393780
0.242150
0.138930
0.362411
0.614794
0.902683
0.322542
0.637685
0.737251
0.649902
0.533390
0.172539
0.354609
0.145188
0.956245
0.014060
0.560091
0.499505
0.768021
0.498352
0.056432
0.073705
0.132381
0.435086
0.774484
0.024104
0.972826
0.996081
0.212731
0.990636
0.296384
0.339064
0.555335
0.910566
0.713686
0.258619
0.235796
0.343581
0.604845
0.277779
0.531674
0.921287
0.728010
0.308072
0.282410
0.634646
0.314775
0.496919
0.582331
0.133223
0.065805
0.341254
0.144972
0.668137
0.473706
0.818032
0.317632
0.078898
0.891924
0.086134
0.273625
0.478231
0.000000
0.202902
0.877801
0.042188
0.573561
0.193605
0.630437
0.835460
0.297839
0.122016
0.954684
