0.563006
0.948758
0.554062
0.461150
0.273894
0.599508
0.453232
0.386107
0.065052
0.527703
0.060185
0.627566
0.930921
0.114776
0.599508
0.772028
0.743149
0.733464
0.379110
0.247667
0.502090
0.959098
0.284965
0.510543
0.422476
0.461150
0.895620
0.554062
0.554062
0.975882
0.001212
0.917581
0.837097
0.445405
0.854679
0.733464
0.453232
0.242664
0.545196
0.854679
0.972177
0.158261
0.871626
0.800443
0.646543
0.845961
0.422476
0.694661
0.042543
0.714060
0.572025
0.519081
0.818985
0.345496
0.502090
0.879828
0.948758
0.237740
0.854679
0.415017
0.247667
0.000002
0.485447
0.214287
0.781565
0.437670
0.400378
0.358668
0.120301
0.845961
0.365391
0.273894
0.469159
0.752811
0.665695
0.037068
0.352037
0.461150
0.723765
0.007916
0.151331
0.510543
0.453232
0.024167
0.077734
0.684982
0.006938
0.015895
0.937166
0.205434
0.430027
0.046155
0.055634
0.320229
0.437670
0.106885
0.247667
0.599508
0.599508
0.752811
0.046155
0.184573
0.991590
0.379110
0.169138
0.590279
0.092458
0.599508
0.044922
0.339045
0.618155
0.563006
0.386107
0.930921
0.422476
0.088029
0.393196
0.887831
0.024883
0.723765
0.176719
0.232895
0.772028
0.218825
0.461150
0.252749
0.590279
0.061771
0.461150
0.924389
0.332684
0.263158
0.123145
0.536409
0.996761
0.963785
0.422476
0.257913
0.646543
0.176719
0.461150
0.968145
0.176719
0.345496
0.979264
0.039179
0.352037
0.214287
0.618155
0.477258
0.477258
0.510543
0.437670
0.863239
0.000146
0.176719
0.959098
0.545196
0.656099
0.837097
0.180612
0.154764
0.879828
0.895620
0.141402
0.422476
0.762440
0.407651
0.887831
0.437670
0.545196
0.029587
0.959098
0.493724
0.924389
0.393196
0.675324
0.196875
0.694661
0.320229
0.415017
0.386107
0.684982
0.519081
0.114776
0.910508
0.379110
0.791040
0.637030
0.372205
0.845961
0.563006
0.365391
0.791040
0.117512
0.016896
0.461150
0.302207
0.999577
0.024167
0.112094
0.201118
0.545196
0.943115
0.903184
0.017416
0.828101
0.060185
0.772028
0.675324
0.975882
0.004029
0.572025
0.895620
0.510543
0.536409
0.924389
0.979264
0.308127
0.242664
0.519081
0.242664
0.135085
0.527703
0.948758
0.151331
0.781565
0.968145
0.963785
0.554062
0.430027
0.129001
0.502090
0.895620
0.545196
0.365391
0.675324
0.477258
0.733464
0.445405
0.903184
0.982328
0.223438
0.519081
0.545196
0.646543
0.675324
0.871626
0.536409
0.581117
0.581117
0.656099
0.135085
0.461150
0.252749
0.252749
0.871626
0.572025
0.302207
0.646543
0.326412
0.326412
0.114776
0.752811
0.684982
0.123145
0.762440
0.051384
0.519081
0.979264
0.519081
0.637030
0.218825
0.581117
0.057117
0.572025
0.510543
0.296374
0.845961
0.800443
0.437670
0.554062
0.599508
0.151331
0.675324
0.165447
0.752811
0.060185
0.581117
0.781565
0.930921
0.339045
0.184573
0.308127
0.400378
0.101880
0.723765
0.572025
0.656099
0.273894
0.477258
0.453232
0.192703
0.393196
0.332684
0.022790
0.599508
0.437670
0.828101
0.192703
0.085883
0.704356
0.800443
0.845961
0.910508
0.930921
0.228128
0.510543
0.665695
0.279387
0.109463
0.809762
0.714060
0.608801
0.772028
0.954088
0.809762
0.845961
0.242664
0.837097
0.563006
0.733464
0.242664
0.694661
0.837097
0.684982
0.968145
0.581117
0.656099
0.618155
0.493724
0.135085
0.477258
0.646543
0.065052
0.752811
0.723765
0.407651
0.791040
0.000153
0.273894
0.048708
0.393196
0.263158
0.675324
0.044922
0.154764
0.968145
0.608801
0.273894
0.296374
0.320229
0.809762
0.618155
0.665695
0.989700
0.453232
0.502090
0.141402
0.863239
0.407651
0.296374
0.545196
0.445405
0.257913
0.996761
0.985082
0.461150
0.563006
0.151331
0.675324
0.519081
0.828101
0.637030
0.743149
0.469159
0.358668
0.057117
0.060185
0.879828
0.527703
0.073913
0.352037
0.027145
0.743149
0.057117
0.169138
0.646543
0.123145
0.332684
0.818985
0.618155
0.048708
0.058634
0.608801
0.665695
0.057117
0.493724
0.415017
0.871626
0.192703
0.985082
0.999365
0.477258
0.809762
0.273894
0.469159
0.109463
0.863239
0.422476
0.656099
0.791040
0.536409
0.358668
0.326412
0.042543
0.608801
0.895620
0.024167
0.646543
0.003152
0.407651
0.704356
0.242664
0.963785
0.209823
0.714060
0.002543
0.818985
0.296374
0.184573
0.088029
0.083781
0.772028
0.158261
0.001971
0.339045
0.989700
0.762440
0.527703
0.031320
0.599508
0.345496
0.040274
0.048708
0.138214
0.502090
0.599508
0.042543
0.723765
0.407651
0.665695
0.723765
0.887831
0.469159
0.646543
0.061771
0.461150
0.863239
0.675324
0.743149
0.608801
0.129001
0.871626
0.445405
0.903184
0.365391
0.694661
0.987535
0.172895
0.665695
0.917581
0.581117
0.879828
0.180612
0.083781
0.704356
0.646543
0.581117
0.903184
0.083781
0.743149
0.358668
0.968145
0.352037
0.791040
0.257913
0.675324
0.052768
0.393196
0.871626
0.991590
0.863239
0.563006
0.879828
0.723765
0.743149
0.345496
0.379110
0.972177
0.608801
0.733464
0.379110
0.123145
0.268484
0.415017
0.005304
0.871626
0.493724
0.094742
0.818985
0.954088
0.675324
0.284965
0.058634
0.332684
0.209823
0.228128
0.997555
0.887831
0.273894
0.302207
0.987535
0.887831
0.637030
0.917581
0.445405
0.461150
0.073913
0.510543
0.042543
0.943115
0.684982
0.828101
0.723765
0.218825
0.232895
0.057117
0.837097
0.493724
0.772028
0.247667
0.493724
0.937166
0.879828
0.985082
0.172895
0.314134
0.590279
0.242664
0.469159
0.365391
0.800443
0.158261
0.120301
0.001259
0.279387
0.332684
0.180612
0.430027
0.694661
0.572025
0.637030
0.903184
0.214287
0.948758
