0.344325
0.749684
0.467559
0.891273
0.011974
0.414138
0.681504
0.153566
0.681504
0.974087
0.357661
0.986757
0.505064
0.916674
0.884948
0.304435
0.704484
0.971109
0.527033
0.414138
0.603471
0.446787
0.713075
0.771705
0.049040
0.841556
0.935597
0.421575
0.406779
0.735726
0.023508
0.527033
0.316692
0.557828
0.025274
0.255445
0.000609
0.981075
0.211153
0.986757
0.449423
0.441715
0.382926
0.312615
0.658394
0.350951
0.801128
0.940331
0.005578
0.884948
0.375911
0.513281
0.535389
0.000016
0.066084
0.612135
0.626544
0.141156
0.766291
0.922090
0.721628
0.916674
0.273514
0.766291
0.922090
0.401971
0.228410
0.766291
0.947760
0.672823
0.139014
0.273514
0.521553
0.808960
0.779856
0.310521
0.994555
0.735726
0.681504
0.549354
0.075538
0.020320
0.002567
0.821730
0.589144
0.005687
0.290658
0.713075
0.603471
0.382926
0.801128
0.597771
0.603471
0.880693
0.801128
0.462365
0.779856
0.206623
0.766291
0.132684
0.153566
0.194957
0.649688
0.421575
0.350951
0.667094
0.088340
0.652656
0.394742
0.571972
0.571972
0.150086
0.848789
0.394742
0.211153
0.951979
0.986757
0.021859
0.749684
0.947760
0.401971
0.907293
0.505064
0.860501
0.543791
0.808960
0.153566
0.333520
0.749684
0.978604
0.735726
0.304435
0.171915
0.387593
0.340005
0.848789
0.901408
0.401971
0.260793
0.231634
0.787927
0.269851
0.658394
0.029186
0.922090
0.713075
0.199280
0.620815
0.094284
0.695863
0.429087
0.390021
0.787927
0.414138
0.333520
0.612135
0.535389
0.269851
0.695863
0.589144
0.681504
0.364456
0.306500
0.284858
0.000820
0.079397
0.658394
0.643949
0.971109
0.589144
0.603471
0.907293
0.996919
0.521553
0.166886
0.121744
0.329292
0.841556
0.241635
0.194957
0.721628
0.841556
0.971109
0.406779
0.170690
0.626544
0.867378
0.449423
0.449423
0.947760
0.758020
0.390021
0.749684
0.848789
0.727244
0.779856
0.744157
0.771705
0.275424
0.371333
0.518727
0.470257
0.082732
0.103042
0.749684
0.053907
0.414138
0.922090
0.382926
0.821730
0.406779
0.483494
0.100580
0.057717
0.994555
0.643949
0.371333
0.580543
0.211153
0.612135
0.672823
0.597771
0.597771
0.449423
0.557828
0.322949
0.147829
0.808960
0.704484
0.867378
0.409279
0.589144
0.449423
0.121744
0.557828
0.290658
0.011425
0.333520
0.681504
0.704484
0.300471
0.758020
0.072465
0.571972
0.215763
0.187953
0.513281
0.848789
0.203680
0.041578
0.978604
0.033659
0.236593
0.801128
0.735726
0.626544
0.713075
0.695863
0.543791
0.483494
0.996919
0.617854
0.300471
0.612135
0.483494
0.771705
0.913005
0.260793
0.958545
0.144460
0.860501
0.727244
0.580543
0.557828
0.483494
0.228410
0.667094
0.250182
0.056256
0.557828
0.594827
0.346575
0.704484
0.571972
0.050328
0.907293
0.357661
0.236593
0.350951
0.935597
0.401971
0.499678
0.891273
0.643949
0.978604
0.103042
0.540922
0.284858
0.429087
0.994555
0.449423
0.829282
0.535389
0.401971
0.513281
0.518727
0.333520
0.766291
0.907293
0.658394
0.441715
0.434080
0.382926
0.884948
0.540922
0.067775
0.758020
0.808960
0.652656
0.758020
0.690166
0.414138
0.594827
0.867378
0.940331
0.787927
0.406779
0.333520
0.441715
0.300471
0.940331
0.727244
0.518727
0.594827
0.891273
0.535389
0.984769
0.758020
0.749684
0.930673
0.727244
0.543791
0.672823
0.735726
0.104694
0.698805
0.449423
0.056256
0.681504
0.401971
0.109849
0.132684
0.735726
0.078727
0.344325
0.744157
0.612135
0.103042
0.994555
0.612135
0.704484
0.816691
0.394742
0.617854
0.951979
0.177160
0.971109
0.284858
0.552238
0.449423
0.698805
0.446787
0.557828
0.322949
0.157114
0.597771
0.491556
0.991213
0.211153
0.612135
0.316692
0.141156
0.135818
0.658394
0.022875
0.521553
0.612135
0.981075
0.713075
0.848789
0.874110
0.004637
0.008354
0.192150
0.153566
0.612135
0.300471
0.540922
0.306500
0.698805
0.971109
0.774492
0.704484
0.816691
0.041578
0.940331
0.744157
0.449423
0.612135
0.063362
0.958545
0.735726
0.236593
0.290658
0.075538
0.907293
0.019230
0.013909
0.266225
0.935597
0.635244
0.066084
0.499678
0.387593
0.935597
0.279144
0.483494
0.147829
0.535389
0.327120
0.006637
0.829282
0.891273
0.011974
0.884948
0.279144
0.414138
0.612135
0.513281
0.801128
0.449423
0.421575
0.211153
0.119859
0.981075
0.236593
0.603471
0.535389
0.130653
0.984769
0.163153
0.589144
0.721628
0.779856
0.028409
0.848789
0.867378
0.787927
0.675784
0.124654
0.704484
0.907293
0.199280
0.951979
0.891273
0.475494
0.658394
0.672823
0.603471
0.016595
0.907293
0.163153
0.704484
0.814067
0.749684
0.649688
0.357661
0.441715
0.208158
0.121744
0.483494
0.672823
0.457201
0.860501
0.672823
0.535389
0.387593
0.821730
0.364456
0.549354
0.192150
0.626544
0.907293
0.036765
0.031348
0.507859
0.478214
0.594827
0.907293
0.626544
0.344325
0.808960
0.727244
0.735726
0.721628
0.829282
0.821730
0.922090
0.163153
0.269851
0.681504
0.409279
0.721628
0.922090
0.535389
0.626544
0.779856
0.994555
0.907293
0.491556
0.491556
0.000002
0.064431
0.105557
0.927324
0.294528
0.173237
0.505064
0.935597
0.092778
0.159490
0.690166
0.080707
0.192150
0.518727
0.491556
0.704484
0.935597
0.327120
0.340005
0.978604
0.014305
0.874110
0.658394
0.535389
0.727244
0.557828
0.962240
0.907293
0.971109
0.333520
0.228410
0.571972
0.039801
0.649688
0.884948
0.884948
0.907293
0.867378
0.462365
0.052535
0.649688
0.658394
0.144460
0.462365
0.793201
0.940331
0.233315
0.527033
0.992594
0.672823
0.884948
0.036127
0.951979
0.836720
0.930673
