0.841556
0.727244
0.549354
0.166886
0.566341
0.635244
0.449423
0.787927
0.880693
0.994555
0.735726
0.401971
0.300471
0.505064
0.290658
0.294528
0.589144
0.163153
0.713075
0.821730
0.874110
0.758020
0.004728
0.462365
0.329292
0.543791
0.173237
0.543791
0.779856
0.414138
0.758020
0.935597
0.414138
0.344325
0.808960
0.958545
0.535389
0.922090
0.173237
0.860501
0.114294
0.795913
0.284858
0.704484
0.626544
0.603471
0.357661
0.727244
0.300471
0.434080
0.690166
0.421575
0.721628
0.860501
0.144460
0.357661
0.434080
0.409279
0.258960
0.681504
0.808960
0.194957
0.998868
0.414138
0.612135
0.589144
0.527033
0.713075
0.401971
0.620815
0.967937
0.306500
0.998868
0.986757
0.290658
0.771705
0.535389
0.643949
0.483494
0.884948
0.241635
0.340005
0.157114
0.916674
0.169385
0.603471
0.571972
0.935597
0.002082
0.735726
0.041952
0.884948
0.540922
0.635244
0.690166
0.414138
0.978604
0.867378
0.867378
0.150086
0.951979
0.603471
0.513281
0.387593
0.927324
0.426518
0.518727
0.150086
0.322949
0.721628
0.320806
0.294528
0.884948
0.620815
0.441715
0.100580
0.462365
0.580543
0.087602
0.649688
0.368979
0.072465
0.617854
0.626544
0.124654
0.855893
0.626544
0.527033
0.974087
0.302517
0.940331
0.015695
0.727244
0.735726
0.649688
0.758020
0.704484
0.557828
0.067775
0.727244
0.017063
0.589144
0.735726
0.467559
0.947760
0.829282
0.505064
0.612135
0.884948
0.971109
0.779856
0.543791
0.527033
0.441715
0.255445
0.635244
0.269851
0.626544
0.496903
0.557828
0.322949
0.603471
0.144460
0.891273
0.681504
0.922090
0.779856
0.333520
0.409279
0.362130
0.009104
0.735726
0.028409
0.658394
0.209600
0.401971
0.203680
0.635244
0.862861
0.068911
0.758020
0.357661
0.003193
0.483494
0.821730
0.907293
0.077446
0.612135
0.350951
0.571972
0.177160
0.758020
0.848789
0.179787
0.658394
0.153566
0.935597
0.269851
0.779856
0.306500
0.215763
0.312615
0.884948
0.284858
0.163153
0.690166
0.855893
0.916674
0.557828
0.649688
0.114294
0.470257
0.690166
0.848789
0.543791
0.527033
0.758020
0.667094
0.000182
0.713075
0.029982
0.821730
0.867378
0.667094
0.306500
0.704484
0.626544
0.527033
0.037099
0.112510
0.246759
0.206623
0.704484
0.518727
0.612135
0.470257
0.406779
0.971109
0.951979
0.088340
0.300471
0.549354
0.177160
0.566341
0.454542
0.406779
0.549354
0.414138
0.930673
0.414138
0.901408
0.867378
0.163153
0.218844
0.974087
0.173237
0.094284
0.246759
0.727244
0.758020
0.187953
0.884948
0.387593
0.344325
0.787927
0.867378
0.462365
0.867378
0.357661
0.713075
0.017378
0.329292
0.441715
0.499678
0.414138
0.860501
0.337784
0.211153
0.527033
0.144460
0.153566
0.594827
0.557828
0.196422
0.050745
0.855893
0.190711
0.346575
0.626544
0.681504
0.566341
0.779856
0.984769
0.306500
0.023508
0.406779
0.535389
0.922090
0.848789
0.203680
0.971109
0.916674
0.052535
0.250182
0.157114
0.333520
0.617854
0.483494
0.535389
0.144460
0.922090
0.667094
0.721628
0.462365
0.749684
0.441715
0.290658
0.078727
0.505064
0.991213
0.454542
0.390021
0.346575
0.394742
0.163153
0.300471
0.994555
0.316692
0.874110
0.821730
0.620815
0.208158
0.704484
0.454542
0.220452
0.589144
0.329292
0.255445
0.011640
0.064431
0.011425
0.255445
0.571972
0.029186
0.571972
0.808960
0.658394
0.640981
0.491556
0.589144
0.758020
0.092778
0.891273
0.491556
0.991213
0.771705
0.821730
0.540922
0.521553
0.394742
0.681504
0.483494
0.346575
0.009822
0.965738
0.054829
0.364456
0.491556
0.640981
0.322949
0.571972
0.704484
0.350951
0.867378
0.199280
0.566341
0.446787
0.735726
0.454542
0.362130
0.771705
0.194957
0.860501
0.635244
0.543791
0.626544
0.855893
0.690166
0.357661
0.491556
0.829282
0.962240
0.441715
0.312615
0.075538
0.721628
0.441715
0.228410
0.713075
0.401971
0.744157
0.187953
0.874110
0.947760
0.312615
0.848789
0.382926
0.597771
0.434080
0.681504
0.000007
0.269851
0.483494
0.704484
0.269851
0.808960
0.241635
0.940331
0.589144
0.758020
0.658394
0.808960
0.132684
0.187953
0.971109
0.718717
0.513281
0.549354
0.667094
0.543791
0.672823
0.884948
0.787927
0.681504
0.907293
0.884948
0.246759
0.635244
0.947760
0.643949
0.848789
0.867378
0.855893
0.119859
0.667094
0.449423
0.935597
0.421575
0.310521
0.462365
0.340005
0.758020
0.836720
0.491556
0.344325
0.129613
0.250182
0.649688
0.279144
0.549354
0.681504
0.241635
0.233315
0.721628
0.626544
0.084803
0.612135
0.891273
0.233315
0.801128
0.704484
0.368979
0.441715
0.051648
0.414138
0.874110
0.643949
0.540922
0.044581
0.704484
0.589144
0.566341
0.005855
0.021268
0.290658
0.231634
0.927324
0.505064
0.421575
0.681504
0.848789
0.829282
0.690166
0.475494
0.922090
0.735726
0.117048
0.241635
0.183833
0.571972
0.552238
0.721628
0.250182
0.878466
0.603471
0.940331
0.294528
0.891273
0.594827
0.032199
0.884948
0.727244
0.491556
0.758020
0.521553
0.855893
0.015409
0.454542
0.375911
0.758020
0.958545
0.211153
0.505064
0.727244
0.643949
0.505064
0.080707
0.758020
0.901408
0.713075
0.535389
0.848789
0.821730
0.594827
0.816691
0.891273
0.801128
0.394742
0.901408
0.808960
0.658394
0.357661
0.935597
0.821730
0.521553
0.836720
0.264363
0.735726
0.749684
0.958545
0.173237
0.357661
0.409279
0.971109
0.132684
0.475494
0.211153
0.808960
0.974087
0.535389
0.421575
0.041578
0.382926
0.505064
0.429087
0.758020
0.901408
0.050328
0.518727
0.241635
0.103042
0.891273
0.884948
0.603471
0.867378
0.766291
