0.907293
0.974087
0.350951
0.290658
0.029186
0.635244
0.901408
0.006144
0.284858
0.208158
0.211153
0.612135
0.947760
0.571972
0.557828
0.467559
0.771705
0.771705
0.974087
0.496903
0.649688
0.612135
0.390021
0.867378
0.549354
0.787927
0.457201
0.284858
0.475494
0.333520
0.333520
0.916674
0.117048
0.340005
0.211153
0.434080
0.603471
0.727244
0.157114
0.962240
0.029982
0.043818
0.808960
0.735726
0.535389
0.023508
0.124654
0.086192
0.521553
0.681504
0.999575
0.513281
0.375911
0.070668
0.250182
0.535389
0.947760
0.884948
0.199280
0.922090
0.867378
0.264363
0.255445
0.177160
0.258960
0.077446
0.535389
0.000254
0.300471
0.038764
0.135818
0.380525
0.441715
0.580543
0.749684
0.157114
0.279144
0.429087
0.483494
0.727244
0.139014
0.000621
0.117048
0.681504
0.010795
0.603471
0.050328
0.698805
0.907293
0.074303
0.996919
0.658394
0.735726
0.135818
0.478214
0.382926
0.626544
0.114294
0.874110
0.269851
0.658394
0.704484
0.236593
0.387593
0.848789
0.340005
0.177160
0.667094
0.441715
0.589144
0.333520
0.414138
0.841556
0.557828
0.177160
0.449423
0.246759
0.169385
0.962240
0.867378
0.643949
0.246759
0.467559
0.290658
0.891273
0.394742
0.787927
0.727244
0.580543
0.574890
0.294528
0.449423
0.169385
0.401971
0.215763
0.984769
0.774492
0.907293
0.907293
0.505064
0.913005
0.300471
0.913005
0.119859
0.007593
0.667094
0.981075
0.690166
0.557828
0.978604
0.643949
0.206623
0.166886
0.316692
0.571972
0.713075
0.340005
0.635244
0.340005
0.940331
0.170690
0.513281
0.779856
0.735726
0.075538
0.589144
0.300471
0.690166
0.580543
0.092778
0.020692
0.009016
0.008197
0.130653
0.146673
0.491556
0.981075
0.658394
0.766291
0.681504
0.109849
0.658394
0.951979
0.255445
0.462365
0.421575
0.891273
0.951979
0.421575
0.580543
0.483494
0.028409
0.848789
0.594827
0.727244
0.635244
0.951979
0.192150
0.658394
0.658394
0.612135
0.048208
0.350951
0.135818
0.626544
0.092778
0.064431
0.935597
0.940331
0.667094
0.028409
0.499678
0.527033
0.867378
0.727244
0.867378
0.296545
0.998868
0.658394
0.603471
0.735726
0.821730
0.589144
0.841556
0.667094
0.233315
0.005110
0.264363
0.787927
0.322949
0.290658
0.483494
0.658394
0.922090
0.897436
0.312615
0.340005
0.394742
0.483494
0.014305
0.916674
0.978604
0.727244
0.132684
0.695863
0.721628
0.470257
0.836720
0.589144
0.470257
0.194957
0.848789
0.916674
0.470257
0.421575
0.000337
0.173237
0.173237
0.003559
0.312615
0.667094
0.787927
0.053907
0.246759
0.962240
0.434080
0.744157
0.566341
0.727244
0.421575
0.557828
0.667094
0.364456
0.429087
0.612135
0.014305
0.612135
0.491556
0.364456
0.183833
0.382926
0.346575
0.930673
0.744157
0.766291
0.409279
0.829282
0.300471
0.513281
0.695863
0.589144
0.974087
0.681504
0.010298
0.483494
0.491556
0.635244
0.951979
0.521553
0.672823
0.603471
0.300471
0.940331
0.566341
0.070668
0.962240
0.779856
0.173237
0.836720
0.643949
0.098170
0.787927
0.667094
0.371333
0.594827
0.462365
0.098170
0.053907
0.215763
0.034568
0.874110
0.409279
0.284858
0.884948
0.505064
0.566341
0.170690
0.063362
0.779856
0.421575
0.635244
0.695863
0.727244
0.935597
0.643949
0.758020
0.594827
0.082732
0.414138
0.612135
0.958545
0.612135
0.346575
0.449423
0.284858
0.043818
0.984769
0.855893
0.947760
0.667094
0.441715
0.042685
0.163153
0.153566
0.549354
0.527033
0.891273
0.169385
0.891273
0.264363
0.029186
0.667094
0.848789
0.727244
0.681504
0.462365
0.491556
0.626544
0.612135
0.096609
0.643949
0.962240
0.382926
0.986757
0.951979
0.989675
0.470257
0.284858
0.357661
0.603471
0.978604
0.922090
0.070668
0.951979
0.187953
0.090535
0.727244
0.075538
0.855893
0.801128
0.735726
0.300471
0.718717
0.011974
0.620815
0.958545
0.821730
0.368979
0.787927
0.499678
0.635244
0.891273
0.284858
0.112510
0.462365
0.543791
0.441715
0.346575
0.329292
0.135818
0.098170
0.394742
0.187953
0.713075
0.793201
0.603471
0.999575
0.241635
0.421575
0.387593
0.829282
0.557828
0.296545
0.414138
0.027164
0.901408
0.304435
0.821730
0.114294
0.117048
0.306500
0.223587
0.329292
0.483494
0.387593
0.735726
0.255445
0.344325
0.496903
0.867378
0.801128
0.382926
0.380525
0.150086
0.499678
0.199280
0.971109
0.306500
0.306500
0.635244
0.704484
0.350951
0.884948
0.264363
0.250182
0.382926
0.884948
0.643949
0.290658
0.986757
0.382926
0.597771
0.260793
0.787927
0.499678
0.771705
0.046970
0.211153
0.626544
0.084803
0.290658
0.513281
0.194957
0.401971
0.275424
0.962240
0.454542
0.626544
0.535389
0.635244
0.713075
0.913005
0.409279
0.779856
0.635244
0.589144
0.626544
0.991213
0.194957
0.241635
0.978604
0.874110
0.848789
0.841556
0.022875
0.079397
0.000696
0.649688
0.340005
0.007965
0.322949
0.513281
0.409279
0.867378
0.387593
0.713075
0.306500
0.527033
0.891273
0.192150
0.557828
0.491556
0.829282
0.612135
0.098985
0.513281
0.690166
0.667094
0.603471
0.675784
0.681504
0.916674
0.603471
0.096609
0.808960
0.667094
0.137917
0.735726
0.951979
0.589144
0.350951
0.891273
0.978604
0.951979
0.766291
0.855893
0.779856
0.211153
0.387593
0.566341
0.681504
0.787927
0.571972
0.275424
0.446787
0.884948
0.139014
0.884948
0.043818
0.421575
0.793201
0.454542
0.269851
0.580543
0.329292
0.713075
0.284858
0.690166
0.884948
0.779856
0.643949
0.483494
0.580543
0.749684
0.020320
0.146673
0.521553
0.329292
0.421575
0.735726
0.040498
0.082732
0.681504
0.290658
0.218844
0.250182
