0.364456
0.635244
0.589144
0.169385
0.758020
0.177160
0.991213
0.357661
0.907293
0.333520
0.350951
0.855893
0.735726
0.649688
0.603471
0.074303
0.275424
0.940331
0.470257
0.727244
0.183833
0.513281
0.462365
0.787927
0.771705
0.658394
0.067775
0.187953
0.962240
0.690166
0.513281
0.211153
0.996919
0.491556
0.884948
0.991213
0.543791
0.016293
0.801128
0.203680
0.557828
0.667094
0.241635
0.496903
0.258960
0.258960
0.449423
0.721628
0.658394
0.867378
0.269851
0.462365
0.907293
0.749684
0.077446
0.187953
0.962240
0.069506
0.082732
0.681504
0.862861
0.867378
0.094284
0.112510
0.801128
0.922090
0.470257
0.017063
0.795913
0.771705
0.620815
0.312615
0.150086
0.521553
0.816691
0.535389
0.075538
0.173237
0.284858
0.364456
0.454542
0.940331
0.300471
0.382926
0.070668
0.744157
0.228410
0.353229
0.540922
0.612135
0.475494
0.766291
0.260793
0.103042
0.187953
0.491556
0.951979
0.467559
0.535389
0.922090
0.589144
0.449423
0.401971
0.612135
0.119859
0.841556
0.626544
0.038094
0.612135
0.357661
0.094284
0.135818
0.368979
0.340005
0.951979
0.063362
0.603471
0.115226
0.991213
0.187953
0.704484
0.566341
0.250182
0.795913
0.695863
0.329292
0.082732
0.603471
0.643949
0.513281
0.649688
0.681504
0.150086
0.860501
0.927324
0.150086
0.907293
0.382926
0.183833
0.779856
0.462365
0.173237
0.121744
0.727244
0.984769
0.159490
0.233315
0.037099
0.758020
0.557828
0.197797
0.962240
0.362130
0.884948
0.255445
0.296545
0.913005
0.300471
0.390021
0.779856
0.922090
0.713075
0.483494
0.907293
0.566341
0.333520
0.017063
0.566341
0.675784
0.004637
0.981075
0.043818
0.052535
0.589144
0.808960
0.203680
0.848789
0.713075
0.002443
0.346575
0.177160
0.549354
0.658394
0.927324
0.713075
0.187953
0.062816
0.758020
0.527033
0.434080
0.340005
0.603471
0.304435
0.350951
0.223587
0.635244
0.901408
0.203680
0.449423
0.951979
0.704484
0.891273
0.940331
0.927324
0.821730
0.675784
0.643949
0.935597
0.867378
0.429087
0.092778
0.187953
0.727244
0.727244
0.357661
0.965738
0.667094
0.000001
0.166886
0.039801
0.771705
0.698805
0.223587
0.713075
0.368979
0.333520
0.989675
0.779856
0.557828
0.594827
0.241635
0.124654
0.821730
0.589144
0.028409
0.829282
0.681504
0.454542
0.884948
0.505064
0.390021
0.001636
0.787927
0.333520
0.183833
0.867378
0.375911
0.470257
0.241635
0.766291
0.310521
0.535389
0.255445
0.580543
0.704484
0.040864
0.406779
0.836720
0.855893
0.566341
0.203680
0.808960
0.951979
0.635244
0.991213
0.135818
0.779856
0.250182
0.382926
0.766291
0.566341
0.681504
0.470257
0.166886
0.935597
0.382926
0.109849
0.841556
0.735726
0.371333
0.050328
0.260793
0.829282
0.061772
0.597771
0.082732
0.848789
0.102197
0.681504
0.727244
0.557828
0.947760
0.055312
0.275424
0.989675
0.441715
0.462365
0.793201
0.901408
0.658394
0.907293
0.557828
0.462365
0.012317
0.635244
0.635244
0.758020
0.086919
0.246759
0.855893
0.612135
0.535389
0.375911
0.316692
0.401971
0.552238
0.275424
0.401971
0.350951
0.603471
0.758020
0.421575
0.021268
0.855893
0.749684
0.390021
0.491556
0.867378
0.124654
0.962240
0.681504
0.031348
0.571972
0.112510
0.681504
0.874110
0.429087
0.098985
0.194957
0.449423
0.801128
0.935597
0.935597
0.690166
0.597771
0.082732
0.589144
0.672823
0.187953
0.037099
0.779856
0.735726
0.000378
0.566341
0.927324
0.462365
0.681504
0.735726
0.082732
0.382926
0.139014
0.758020
0.589144
0.787927
0.841556
0.836720
0.704484
0.344325
0.643949
0.117048
0.913005
0.011106
0.290658
0.549354
0.527033
0.203680
0.744157
0.721628
0.117048
0.527033
0.163153
0.199280
0.951979
0.779856
0.801128
0.269851
0.483494
0.462365
0.758020
0.306500
0.540922
0.187953
0.935597
0.231634
0.491556
0.088340
0.166886
0.067775
0.025731
0.891273
0.441715
0.535389
0.112510
0.470257
0.801128
0.571972
0.836720
0.718717
0.409279
0.236593
0.434080
0.535389
0.414138
0.758020
0.446787
0.860501
0.535389
0.649688
0.275424
0.382926
0.513281
0.535389
0.070668
0.735726
0.290658
0.228410
0.927324
0.441715
0.127623
0.067775
0.070668
0.874110
0.027908
0.787927
0.907293
0.612135
0.589144
0.527033
0.801128
0.735726
0.744157
0.771705
0.848789
0.223587
0.986757
0.264363
0.160731
0.264363
0.462365
0.658394
0.907293
0.947760
0.421575
0.109849
0.228410
0.801128
0.316692
0.801128
0.223587
0.543791
0.157114
0.594827
0.779856
0.279144
0.620815
0.183833
0.017866
0.735726
0.991213
0.704484
0.766291
0.951979
0.749684
0.721628
0.690166
0.018368
0.322949
0.462365
0.901408
0.340005
0.441715
0.478214
0.122729
0.916674
0.454542
0.999575
0.496903
0.951979
0.215763
0.294528
0.907293
0.971109
0.454542
0.429087
0.744157
0.658394
0.382926
0.958545
0.620815
0.462365
0.157114
0.006325
0.513281
0.470257
0.088340
0.947760
0.215763
0.612135
0.935597
0.667094
0.322949
0.141156
0.364456
0.704484
0.475494
0.016595
0.049040
0.157114
0.290658
0.787927
0.322949
0.667094
0.718717
0.080707
0.462365
0.971109
0.658394
0.000628
0.727244
0.322949
0.878466
0.907293
0.620815
0.012317
0.766291
0.258960
0.681504
0.521553
0.981075
0.704484
0.421575
0.549354
0.994555
0.999575
0.787927
0.279144
0.922090
0.037099
0.758020
0.855893
0.874110
0.067775
0.390021
0.721628
0.935597
0.580543
0.771705
0.603471
0.166886
0.571972
0.643949
0.808960
0.357661
0.787927
0.814067
0.543791
0.922090
0.635244
0.475494
0.241635
0.449423
0.620815
0.181158
0.713075
0.163153
0.821730
