0.940331
0.801128
0.121744
0.698805
0.491556
0.155897
0.667094
0.787927
0.744157
0.617854
0.050328
0.535389
0.935597
0.011106
0.401971
0.984769
0.166886
0.867378
0.672823
0.226757
0.956001
0.690166
0.173237
0.935597
0.499678
0.922090
0.867378
0.571972
0.394742
0.322949
0.626544
0.758020
0.007739
0.681504
0.758020
0.127623
0.194957
0.874110
0.981075
0.535389
0.841556
0.264363
0.922090
0.713075
0.744157
0.787927
0.766291
0.114294
0.771705
0.310521
0.580543
0.462365
0.922090
0.612135
0.978604
0.821730
0.543791
0.357661
0.841556
0.499678
0.860501
0.749684
0.449423
0.549354
0.658394
0.860501
0.787927
0.996919
0.766291
0.829282
0.978604
0.236593
0.401971
0.589144
0.344325
0.821730
0.874110
0.187953
0.513281
0.635244
0.088340
0.891273
0.543791
0.236593
0.505064
0.766291
0.658394
0.978604
0.643949
0.658394
0.951979
0.867378
0.211153
0.082732
0.681504
0.916674
0.496903
0.721628
0.940331
0.312615
0.672823
0.467559
0.779856
0.566341
0.922090
0.681504
0.978604
0.704484
0.333520
0.821730
0.350951
0.713075
0.030798
0.962240
0.589144
0.192150
0.454542
0.491556
0.620815
0.394742
0.375911
0.927324
0.672823
0.127623
0.470257
0.194957
0.940331
0.855893
0.084803
0.157114
0.808960
0.306500
0.884948
0.190711
0.958545
0.744157
0.658394
0.491556
0.333520
0.580543
0.766291
0.518727
0.098170
0.401971
0.951979
0.543791
0.109849
0.067775
0.848789
0.027164
0.019230
0.779856
0.316692
0.704484
0.034568
0.543791
0.218844
0.387593
0.022258
0.907293
0.566341
0.109849
0.518727
0.981075
0.867378
0.940331
0.053907
0.848789
0.841556
0.077446
0.211153
0.744157
0.795913
0.275424
0.878466
0.004503
0.527033
0.927324
0.241635
0.454542
0.175815
0.406779
0.470257
0.051648
0.557828
0.211153
0.462365
0.713075
0.779856
0.187953
0.580543
0.518727
0.483494
0.589144
0.779856
0.141156
0.836720
0.667094
0.727244
0.019230
0.052535
0.250182
0.848789
0.620815
0.527033
0.000544
0.901408
0.066084
0.821730
0.603471
0.589144
0.713075
0.499678
0.801128
0.513281
0.527033
0.935597
0.543791
0.787927
0.808960
0.513281
0.935597
0.129613
0.409279
0.414138
0.549354
0.394742
0.258960
0.018368
0.922090
0.681504
0.187953
0.441715
0.766291
0.612135
0.884948
0.735726
0.037099
0.922090
0.713075
0.275424
0.518727
0.306500
0.766291
0.223587
0.779856
0.406779
0.718717
0.713075
0.594827
0.626544
0.566341
0.279144
0.681504
0.269851
0.284858
0.695863
0.357661
0.426518
0.643949
0.901408
0.208158
0.483494
0.310521
0.169385
0.441715
0.175815
0.521553
0.681504
0.766291
0.603471
0.649688
0.434080
0.808960
0.027908
0.867378
0.401971
0.594827
0.695863
0.589144
0.617854
0.350951
0.951979
0.357661
0.727244
0.462365
0.223587
0.153566
0.260793
0.462365
0.612135
0.322949
0.527033
0.704484
0.643949
0.096609
0.241635
0.643949
0.264363
0.779856
0.549354
0.505064
0.375911
0.353229
0.144460
0.793201
0.387593
0.695863
0.860501
0.658394
0.491556
0.681504
0.446787
0.974087
0.304435
0.597771
0.620815
0.002020
0.951979
0.580543
0.855893
0.643949
0.713075
0.612135
0.127623
0.322949
0.187953
0.649688
0.829282
0.109849
0.006832
0.199280
0.075538
0.079397
0.836720
0.704484
0.749684
0.368979
0.589144
0.704484
0.414138
0.829282
0.867378
0.658394
0.713075
0.649688
0.040864
0.052535
0.766291
0.316692
0.141156
0.007739
0.375911
0.362130
0.246759
0.779856
0.704484
0.626544
0.549354
0.787927
0.967937
0.916674
0.434080
0.127623
0.470257
0.496903
0.139014
0.394742
0.155897
0.206623
0.927324
0.612135
0.194957
0.434080
0.186540
0.549354
0.557828
0.841556
0.535389
0.891273
0.891273
0.382926
0.612135
0.821730
0.380525
0.891273
0.211153
0.264363
0.867378
0.574890
0.649688
0.056256
0.713075
0.649688
0.049040
0.038764
0.000029
0.821730
0.735726
0.281082
0.426518
0.103042
0.177160
0.107244
0.704484
0.090535
0.704484
0.346575
0.316692
0.057717
0.787927
0.100580
0.535389
0.947760
0.672823
0.521553
0.855893
0.499678
0.940331
0.735726
0.290658
0.279144
0.429087
0.841556
0.535389
0.704484
0.713075
0.867378
0.236593
0.449423
0.375911
0.617854
0.483494
0.513281
0.848789
0.260793
0.104694
0.793201
0.978604
0.527033
0.735726
0.449423
0.994555
0.801128
0.690166
0.241635
0.727244
0.603471
0.771705
0.848789
0.042685
0.821730
0.580543
0.310521
0.228410
0.787927
0.228410
0.211153
0.518727
0.643949
0.971109
0.989675
0.260793
0.462365
0.192150
0.848789
0.612135
0.848789
0.157114
0.527033
0.808960
0.215763
0.025274
0.589144
0.079397
0.681504
0.927324
0.771705
0.713075
0.104694
0.031906
0.713075
0.513281
0.808960
0.626544
0.067775
0.971109
0.735726
0.907293
0.035180
0.103042
0.340005
0.284858
0.749684
0.935597
0.169385
0.658394
0.771705
0.462365
0.713075
0.007032
0.296545
0.421575
0.449423
0.215763
0.848789
0.044581
0.922090
0.901408
0.269851
0.758020
0.429087
0.549354
0.867378
0.978604
0.758020
0.513281
0.187953
0.177160
0.194957
0.704484
0.974087
0.779856
0.350951
0.011640
0.543791
0.241635
0.434080
0.375911
0.357661
0.527033
0.150086
0.727244
0.021859
0.681504
0.064431
0.505064
0.867378
0.535389
0.340005
0.300471
0.103042
0.874110
0.543791
0.231634
0.316692
0.801128
0.649688
0.829282
0.073672
0.018368
0.394742
0.667094
0.713075
0.735726
0.749684
0.535389
0.288671
0.144460
0.322949
0.658394
0.074303
0.535389
0.177160
0.513281
0.079397
0.695863
0.907293
0.275424
0.787927
0.060217
0.907293
0.521553
0.264363
0.667094
0.290658
