0.117048
0.580543
0.667094
0.483494
0.549354
0.580543
0.357661
0.203680
0.153566
0.018368
0.132684
0.231634
0.927324
0.475494
0.816691
0.117048
0.801128
0.907293
0.333520
0.744157
0.951979
0.635244
0.401971
0.306500
0.199280
0.505064
0.039801
0.364456
0.382926
0.779856
0.571972
0.867378
0.922090
0.344325
0.735726
0.056256
0.513281
0.353229
0.808960
0.340005
0.690166
0.364456
0.727244
0.255445
0.855893
0.029186
0.681504
0.043818
0.681504
0.449423
0.527033
0.112510
0.801128
0.434080
0.962240
0.787927
0.001981
0.223587
0.758020
0.749684
0.187953
0.681504
0.626544
0.300471
0.513281
0.306500
0.206623
0.220452
0.557828
0.808960
0.505064
0.704484
0.163153
0.971109
0.829282
0.744157
0.368979
0.874110
0.535389
0.357661
0.084803
0.884948
0.958545
0.478214
0.589144
0.779856
0.829282
0.346575
0.441715
0.836720
0.907293
0.758020
0.713075
0.566341
0.901408
0.603471
0.571972
0.069506
0.166886
0.294528
0.491556
0.974087
0.346575
0.829282
0.086192
0.580543
0.033659
0.368979
0.390021
0.011640
0.199280
0.848789
0.787927
0.387593
0.139014
0.505064
0.056256
0.566341
0.884948
0.779856
0.971109
0.434080
0.003850
0.935597
0.478214
0.041578
0.005968
0.566341
0.135818
0.681504
0.814067
0.681504
0.449423
0.779856
0.891273
0.306500
0.000590
0.620815
0.766291
0.557828
0.907293
0.667094
0.505064
0.947760
0.177160
0.635244
0.040864
0.382926
0.290658
0.566341
0.329292
0.169385
0.478214
0.483494
0.199280
0.603471
0.394742
0.284858
0.580543
0.922090
0.241635
0.401971
0.521553
0.429087
0.626544
0.971109
0.658394
0.151265
0.766291
0.681504
0.090535
0.144460
0.667094
0.394742
0.704484
0.672823
0.727244
0.434080
0.816691
0.816691
0.426518
0.801128
0.072465
0.284858
0.821730
0.735726
0.166886
0.907293
0.002950
0.401971
0.211153
0.364456
0.513281
0.940331
0.434080
0.258960
0.045761
0.290658
0.483494
0.535389
0.199280
0.322949
0.491556
0.300471
0.186540
0.029708
0.260793
0.255445
0.375911
0.483494
0.011425
0.505064
0.672823
0.173237
0.346575
0.499678
0.264363
0.409279
0.589144
0.535389
0.758020
0.346575
0.626544
0.704484
0.603471
0.144460
0.718717
0.135818
0.922090
0.744157
0.306500
0.067775
0.749684
0.927324
0.260793
0.971109
0.163153
0.057717
0.401971
0.721628
0.241635
0.922090
0.135818
0.045761
0.312615
0.727244
0.177160
0.829282
0.483494
0.144460
0.084803
0.951979
0.801128
0.947760
0.052535
0.421575
0.808960
0.462365
0.218844
0.855893
0.306500
0.543791
0.874110
0.088340
0.951979
0.855893
0.848789
0.094284
0.667094
0.891273
0.203680
0.505064
0.907293
0.557828
0.884948
0.414138
0.478214
0.821730
0.421575
0.626544
0.157114
0.088340
0.589144
0.527033
0.109849
0.962240
0.787927
0.916674
0.206623
0.329292
0.978604
0.612135
0.211153
0.681504
0.513281
0.414138
0.296545
0.704484
0.513281
0.211153
0.779856
0.031348
0.801128
0.727244
0.735726
0.329292
0.557828
0.368979
0.801128
0.114294
0.620815
0.603471
0.836720
0.434080
0.779856
0.566341
0.382926
0.098170
0.029982
0.406779
0.406779
0.179787
0.974087
0.829282
0.947760
0.589144
0.735726
0.150086
0.658394
0.779856
0.821730
0.922090
0.643949
0.251967
0.749684
0.387593
0.901408
0.958545
0.260793
0.867378
0.368979
0.727244
0.250182
0.727244
0.223587
0.170690
0.401971
0.962240
0.505064
0.916674
0.667094
0.766291
0.991213
0.394742
0.713075
0.166886
0.658394
0.306500
0.039801
0.744157
0.130653
0.922090
0.135818
0.322949
0.092778
0.029186
0.808960
0.211153
0.284858
0.329292
0.284858
0.060743
0.499678
0.284858
0.801128
0.962240
0.758020
0.829282
0.441715
0.978604
0.735726
0.040864
0.580543
0.135818
0.935597
0.186540
0.884948
0.470257
0.947760
0.478214
0.901408
0.264363
0.095811
0.340005
0.483494
0.478214
0.159490
0.735726
0.672823
0.019768
0.228410
0.364456
0.306500
0.801128
0.053907
0.901408
0.104694
0.441715
0.160731
0.382926
0.867378
0.135818
0.580543
0.462365
0.612135
0.658394
0.535389
0.884948
0.344325
0.401971
0.821730
0.141156
0.744157
0.518727
0.535389
0.779856
0.986757
0.779856
0.779856
0.505064
0.589144
0.695863
0.255445
0.787927
0.441715
0.808960
0.322949
0.744157
0.612135
0.527033
0.043818
0.749684
0.007378
0.441715
0.394742
0.735726
0.475494
0.505064
0.758020
0.635244
0.878466
0.063362
0.002370
0.505064
0.801128
0.672823
0.704484
0.421575
0.521553
0.988571
0.094284
0.574890
0.571972
0.566341
0.475494
0.991213
0.401971
0.029186
0.681504
0.771705
0.139014
0.649688
0.050328
0.084803
0.382926
0.414138
0.821730
0.841556
0.357661
0.549354
0.194957
0.066084
0.771705
0.011106
0.643949
0.426518
0.635244
0.612135
0.084092
0.241635
0.821730
0.306500
0.779856
0.236593
0.382926
0.483494
0.236593
0.266225
0.187953
0.084803
0.713075
0.527033
0.986757
0.223587
0.735726
0.771705
0.829282
0.735726
0.421575
0.475494
0.940331
0.956001
0.255445
0.255445
0.779856
0.041578
0.322949
0.441715
0.304435
0.048208
0.000222
0.250182
0.409279
0.801128
0.063362
0.529876
0.658394
0.589144
0.454542
0.940331
0.387593
0.971109
0.401971
0.269851
0.749684
0.848789
0.000976
0.470257
0.513281
0.068911
0.181158
0.848789
0.441715
0.475494
0.177160
0.884948
0.991213
0.543791
0.483494
0.529876
0.491556
0.971109
0.150086
0.571972
0.643949
0.368979
0.829282
0.153566
0.916674
0.787927
0.279144
0.018368
0.399498
0.414138
0.667094
0.406779
0.203680
0.019768
0.203680
0.505064
0.187953
0.368979
0.922090
0.617854
0.922090
0.951979
