0.771705
0.183833
0.218844
0.141156
0.874110
0.690166
0.079397
0.787927
0.758020
0.027908
0.260793
0.483494
0.543791
0.901408
0.758020
0.986757
0.643949
0.996919
0.414138
0.061772
0.935597
0.421575
0.527033
0.594827
0.096609
0.643949
0.535389
0.801128
0.907293
0.434080
0.681504
0.681504
0.470257
0.505064
0.540922
0.002255
0.382926
0.505064
0.017866
0.269851
0.658394
0.053907
0.594827
0.901408
0.056256
0.658394
0.589144
0.766291
0.346575
0.829282
0.836720
0.300471
0.098985
0.260793
0.801128
0.566341
0.390021
0.698805
0.808960
0.897436
0.758020
0.124654
0.649688
0.801128
0.771705
0.375911
0.907293
0.801128
0.462365
0.690166
0.698805
0.626544
0.681504
0.316692
0.713075
0.521553
0.771705
0.346575
0.884948
0.004164
0.744157
0.626544
0.681504
0.836720
0.563435
0.672823
0.211153
0.521553
0.137917
0.821730
0.306500
0.649688
0.375911
0.177160
0.505064
0.549354
0.713075
0.984769
0.749684
0.713075
0.505064
0.907293
0.635244
0.984769
0.031348
0.695863
0.211153
0.190711
0.713075
0.535389
0.329292
0.306500
0.907293
0.055312
0.421575
0.462365
0.907293
0.566341
0.681504
0.721628
0.364456
0.223587
0.549354
0.344325
0.989675
0.557828
0.571972
0.801128
0.005968
0.612135
0.557828
0.848789
0.153566
0.543791
0.117048
0.088340
0.735726
0.566341
0.880693
0.185229
0.513281
0.580543
0.026438
0.808960
0.787927
0.284858
0.626544
0.640981
0.951979
0.179787
0.535389
0.543791
0.025274
0.580543
0.371333
0.127623
0.114294
0.296545
0.478214
0.874110
0.139014
0.434080
0.316692
0.322949
0.667094
0.269851
0.836720
0.467559
0.429087
0.801128
0.603471
0.891273
0.589144
0.994555
0.153566
0.758020
0.441715
0.098170
0.749684
0.211153
0.566341
0.667094
0.749684
0.414138
0.072465
0.713075
0.962240
0.907293
0.290658
0.269851
0.513281
0.491556
0.543791
0.787927
0.166886
0.612135
0.829282
0.681504
0.713075
0.019768
0.002863
0.779856
0.269851
0.470257
0.891273
0.971109
0.580543
0.721628
0.779856
0.166886
0.079397
0.290658
0.513281
0.241635
0.984769
0.310521
0.916674
0.540922
0.829282
0.190711
0.635244
0.589144
0.658394
0.891273
0.758020
0.082732
0.730141
0.197797
0.626544
0.098985
0.322949
0.187953
0.329292
0.004164
0.001960
0.518727
0.658394
0.994555
0.375911
0.163153
0.269851
0.241635
0.758020
0.672823
0.245003
0.039801
0.327120
0.364456
0.848789
0.505064
0.766291
0.580543
0.394742
0.483494
0.907293
0.166886
0.617854
0.836720
0.375911
0.012907
0.006325
0.368979
0.014305
0.499678
0.535389
0.735726
0.153566
0.829282
0.967937
0.310521
0.294528
0.766291
0.066084
0.513281
0.535389
0.758020
0.940331
0.333520
0.316692
0.766291
0.483494
0.658394
0.947760
0.357661
0.226757
0.749684
0.353229
0.557828
0.713075
0.421575
0.713075
0.382926
0.808960
0.829282
0.727244
0.478214
0.527033
0.086192
0.718717
0.107244
0.070668
0.956001
0.597771
0.891273
0.727244
0.231634
0.394742
0.981075
0.006511
0.269851
0.414138
0.867378
0.521553
0.758020
0.220452
0.043818
0.414138
0.566341
0.681504
0.075538
0.965738
0.521553
0.916674
0.387593
0.612135
0.749684
0.787927
0.735726
0.801128
0.540922
0.496903
0.436675
0.241635
0.535389
0.862861
0.713075
0.779856
0.681504
0.513281
0.236593
0.867378
0.951979
0.483494
0.163153
0.771705
0.312615
0.704484
0.346575
0.003559
0.109849
0.215763
0.867378
0.333520
0.275424
0.735726
0.031348
0.250182
0.801128
0.829282
0.951979
0.935597
0.067775
0.884948
0.255445
0.166886
0.626544
0.758020
0.907293
0.364456
0.072465
0.206623
0.704484
0.867378
0.505064
0.181158
0.166886
0.040498
0.067775
0.067775
0.855893
0.006325
0.927324
0.163153
0.491556
0.279144
0.874110
0.690166
0.779856
0.027908
0.414138
0.749684
0.749684
0.735726
0.801128
0.758020
0.505064
0.000158
0.801128
0.203680
0.779856
0.144460
0.821730
0.236593
0.505064
0.098170
0.401971
0.612135
0.643949
0.387593
0.566341
0.690166
0.557828
0.821730
0.704484
0.658394
0.187953
0.429087
0.005262
0.475494
0.848789
0.635244
0.681504
0.401971
0.758020
0.441715
0.981075
0.269851
0.947760
0.505064
0.971109
0.867378
0.316692
0.357661
0.032199
0.922090
0.375911
0.255445
0.698805
0.246759
0.382926
0.962240
0.399498
0.543791
0.940331
0.380525
0.255445
0.978604
0.695863
0.667094
0.626544
0.187953
0.922090
0.848789
0.557828
0.535389
0.821730
0.394742
0.557828
0.535389
0.322949
0.491556
0.704484
0.766291
0.951979
0.279144
0.549354
0.991213
0.414138
0.749684
0.841556
0.635244
0.166886
0.940331
0.454542
0.072465
0.329292
0.787927
0.727244
0.179787
0.690166
0.766291
0.316692
0.183833
0.429087
0.228410
0.667094
0.017063
0.808960
0.211153
0.063362
0.867378
0.264363
0.107244
0.801128
0.566341
0.557828
0.008597
0.316692
0.344325
0.681504
0.103042
0.086919
0.329292
0.421575
0.874110
0.935597
0.077446
0.829282
0.375911
0.589144
0.064990
0.603471
0.103042
0.589144
0.594827
0.018883
0.527033
0.491556
0.704484
0.390021
0.357661
0.470257
0.010795
0.829282
0.991213
0.322949
0.907293
0.346575
0.003850
0.779856
0.962240
0.449423
0.266225
0.808960
0.860501
0.061772
0.513281
0.549354
0.672823
0.060217
0.991213
0.880693
0.264363
0.922090
0.713075
0.779856
0.454542
0.194957
0.049040
0.049040
0.580543
0.071848
0.667094
0.025274
0.375911
0.891273
0.169385
0.505064
0.626544
0.382926
0.364456
0.984769
0.947760
0.874110
0.505064
0.306500
0.698805
0.470257
0.084092
0.521553
0.441715
0.922090
0.177160
0.449423
0.121744
0.801128
