0.250182
0.192150
0.035180
0.491556
0.329292
0.994555
0.264363
0.421575
0.913005
0.053907
0.094284
0.266225
0.978604
0.635244
0.019230
0.255445
0.187953
0.930673
0.808960
0.704484
0.527033
0.620815
0.749684
0.884948
0.580543
0.084803
0.891273
0.927324
0.401971
0.109849
0.766291
0.357661
0.779856
0.375911
0.855893
0.421575
0.166886
0.901408
0.019768
0.008197
0.935597
0.218844
0.713075
0.029186
0.713075
0.059212
0.499678
0.003388
0.713075
0.429087
0.891273
0.974087
0.470257
0.284858
0.483494
0.681504
0.658394
0.779856
0.496903
0.667094
0.667094
0.597771
0.589144
0.478214
0.922090
0.364456
0.192150
0.958545
0.787927
0.183833
0.030518
0.475494
0.491556
0.316692
0.698805
0.808960
0.401971
0.749684
0.483494
0.100580
0.787927
0.406779
0.566341
0.913005
0.449423
0.721628
0.513281
0.462365
0.643949
0.491556
0.808960
0.429087
0.112510
0.801128
0.357661
0.192150
0.574890
0.922090
0.499678
0.535389
0.527033
0.177160
0.109849
0.245003
0.394742
0.187953
0.284858
0.527033
0.401971
0.626544
0.294528
0.264363
0.183833
0.735726
0.066084
0.513281
0.589144
0.727244
0.250182
0.704484
0.246759
0.015409
0.704484
0.275424
0.658394
0.713075
0.713075
0.557828
0.667094
0.658394
0.306500
0.245003
0.841556
0.951979
0.927324
0.107244
0.958545
0.940331
0.004868
0.841556
0.907293
0.153566
0.245003
0.681504
0.194957
0.449423
0.867378
0.163153
0.218844
0.758020
0.916674
0.491556
0.344325
0.401971
0.620815
0.962240
0.470257
0.333520
0.074303
0.353229
0.306500
0.922090
0.346575
0.580543
0.016595
0.603471
0.127623
0.998463
0.357661
0.041952
0.626544
0.829282
0.860501
0.521553
0.052999
0.962240
0.346575
0.735726
0.727244
0.013654
0.462365
0.787927
0.749684
0.192150
0.294528
0.681504
0.290658
0.667094
0.690166
0.667094
0.061772
0.491556
0.978604
0.382926
0.025274
0.836720
0.916674
0.518727
0.010795
0.003738
0.589144
0.891273
0.236593
0.269851
0.192150
0.414138
0.269851
0.727244
0.787927
0.139014
0.394742
0.250182
0.589144
0.100580
0.478214
0.557828
0.766291
0.421575
0.223587
0.173237
0.166886
0.223587
0.258960
0.322949
0.527033
0.635244
0.000158
0.658394
0.860501
0.284858
0.100580
0.681504
0.027908
0.787927
0.199280
0.907293
0.333520
0.462365
0.603471
0.491556
0.269851
0.478214
0.867378
0.735726
0.401971
0.821730
0.008197
0.860501
0.177160
0.177160
0.449423
0.971109
0.681504
0.119859
0.557828
0.557828
0.779856
0.333520
0.958545
0.535389
0.635244
0.643949
0.635244
0.566341
0.935597
0.580543
0.891273
0.557828
0.053907
0.916674
0.173237
0.039801
0.088340
0.346575
0.874110
0.612135
0.390021
0.269851
0.836720
0.940331
0.236593
0.067775
0.922090
0.735726
0.603471
0.860501
0.901408
0.260793
0.340005
0.322949
0.801128
0.557828
0.793201
0.521553
0.814067
0.808960
0.667094
0.426518
0.141156
0.329292
0.922090
0.100580
0.109849
0.223587
0.821730
0.294528
0.333520
0.449423
0.758020
0.758020
0.080707
0.571972
0.014711
0.848789
0.333520
0.603471
0.327120
0.808960
0.215763
0.371333
0.015845
0.704484
0.483494
0.051648
0.096609
0.070668
0.535389
0.505064
0.658394
0.672823
0.470257
0.808960
0.401971
0.454542
0.808960
0.010298
0.499678
0.241635
0.053907
0.521553
0.901408
0.279144
0.044581
0.808960
0.566341
0.821730
0.057717
0.434080
0.744157
0.704484
0.079397
0.981075
0.441715
0.940331
0.375911
0.884948
0.681504
0.626544
0.649688
0.749684
0.029186
0.406779
0.250182
0.571972
0.713075
0.441715
0.855893
0.340005
0.414138
0.199280
0.218844
0.275424
0.991213
0.735726
0.223587
0.284858
0.231634
0.316692
0.109849
0.580543
0.758020
0.571972
0.557828
0.681504
0.019768
0.571972
0.571972
0.962240
0.475494
0.808960
0.589144
0.284858
0.787927
0.187953
0.649688
0.382926
0.306500
0.137917
0.029186
0.612135
0.907293
0.956001
0.421575
0.543791
0.215763
0.771705
0.132684
0.049040
0.350951
0.557828
0.260793
0.269851
0.346575
0.521553
0.681504
0.434080
0.521553
0.690166
0.060743
0.236593
0.300471
0.264363
0.962240
0.913005
0.144460
0.114294
0.124654
0.316692
0.117048
0.316692
0.713075
0.169385
0.971109
0.635244
0.001393
0.470257
0.141156
0.874110
0.521553
0.046970
0.409279
0.635244
0.735726
0.166886
0.891273
0.499678
0.793201
0.462365
0.962240
0.540922
0.801128
0.449423
0.401971
0.141156
0.057717
0.801128
0.658394
0.779856
0.275424
0.449423
0.978604
0.173237
0.401971
0.580543
0.041578
0.401971
0.779856
0.884948
0.535389
0.462365
0.015845
0.901408
0.013276
0.713075
0.483494
0.421575
0.758020
0.496903
0.441715
0.766291
0.350951
0.681504
0.557828
0.681504
0.922090
0.094284
0.475494
0.580543
0.535389
0.672823
0.821730
0.124654
0.057717
0.103042
0.491556
0.409279
0.499678
0.177160
0.829282
0.153566
0.072465
0.801128
0.218844
0.056256
0.901408
0.829282
0.848789
0.357661
0.187953
0.320806
0.821730
0.649688
0.132684
0.766291
0.808960
0.808960
0.039801
0.441715
0.483494
0.974087
0.735726
0.557828
0.589144
0.357661
0.848789
0.566341
0.177160
0.483494
0.306500
0.014711
0.891273
0.713075
0.333520
0.787927
0.612135
0.713075
0.695863
0.566341
0.034568
0.935597
0.127623
0.779856
0.643949
0.059212
0.269851
0.088340
0.434080
0.066084
0.139014
0.907293
0.132684
0.320806
0.535389
0.766291
0.005262
0.462365
0.100580
0.206623
0.284858
0.375911
0.713075
0.018368
0.004637
0.401971
0.290658
0.409279
0.027908
0.505064
0.635244
0.100580
0.045761
0.429087
0.357661
0.518727
0.535389
0.643949
