0.884948
0.603471
0.414138
0.290658
0.649688
0.333520
0.971109
0.153566
0.009277
0.779856
0.421575
0.316692
0.643949
0.543791
0.580543
0.635244
0.462365
0.255445
0.329292
0.735726
0.658394
0.241635
0.505064
0.304435
0.978604
0.744157
0.640981
0.470257
0.035180
0.206623
0.681504
0.540922
0.978604
0.194957
0.690166
0.860501
0.333520
0.907293
0.132684
0.153566
0.357661
0.394742
0.557828
0.695863
0.250182
0.735726
0.072465
0.223587
0.121744
0.571972
0.088340
0.779856
0.994555
0.056256
0.070668
0.004246
0.527033
0.173237
0.594827
0.713075
0.927324
0.801128
0.100580
0.322949
0.414138
0.658394
0.649688
0.991213
0.449423
0.139014
0.787927
0.978604
0.007378
0.470257
0.057717
0.801128
0.132684
0.241635
0.766291
0.672823
0.068911
0.177160
0.758020
0.329292
0.462365
0.357661
0.907293
0.353229
0.103042
0.695863
0.122729
0.935597
0.727244
0.749684
0.907293
0.626544
0.462365
0.962240
0.241635
0.288671
0.333520
0.467559
0.594827
0.752533
0.566341
0.269851
0.527033
0.290658
0.735726
0.199280
0.841556
0.867378
0.874110
0.014711
0.050328
0.986757
0.414138
0.721628
0.580543
0.169385
0.704484
0.316692
0.667094
0.922090
0.801128
0.836720
0.109849
0.681504
0.848789
0.183833
0.855893
0.922090
0.971109
0.713075
0.951979
0.713075
0.704484
0.068911
0.007739
0.346575
0.004043
0.855893
0.535389
0.549354
0.681504
0.594827
0.491556
0.635244
0.406779
0.521553
0.808960
0.335721
0.434080
0.375911
0.446787
0.643949
0.454542
0.401971
0.735726
0.441715
0.935597
0.727244
0.036127
0.535389
0.580543
0.027164
0.003193
0.626544
0.368979
0.916674
0.401971
0.406779
0.658394
0.211153
0.387593
0.744157
0.275424
0.312615
0.130653
0.947760
0.940331
0.779856
0.667094
0.779856
0.001922
0.284858
0.228410
0.589144
0.329292
0.449423
0.848789
0.986757
0.549354
0.978604
0.643949
0.690166
0.907293
0.635244
0.566341
0.250182
0.037099
0.228410
0.594827
0.414138
0.406779
0.836720
0.441715
0.947760
0.139014
0.991213
0.727244
0.329292
0.643949
0.197797
0.916674
0.704484
0.557828
0.580543
0.603471
0.758020
0.112510
0.821730
0.549354
0.429087
0.000249
0.505064
0.491556
0.884948
0.681504
0.557828
0.045761
0.626544
0.446787
0.855893
0.635244
0.135818
0.749684
0.951979
0.787927
0.310521
0.434080
0.984769
0.055312
0.727244
0.758020
0.518727
0.491556
0.603471
0.672823
0.801128
0.075538
0.884948
0.401971
0.848789
0.019768
0.135818
0.808960
0.574890
0.779856
0.496903
0.340005
0.727244
0.658394
0.241635
0.296545
0.094284
0.758020
0.173237
0.667094
0.505064
0.989675
0.199280
0.527033
0.294528
0.884948
0.667094
0.446787
0.549354
0.672823
0.401971
0.322949
0.808960
0.429087
0.891273
0.749684
0.163153
0.072465
0.808960
0.231634
0.228410
0.057717
0.215763
0.549354
0.401971
0.454542
0.721628
0.801128
0.557828
0.250182
0.050328
0.612135
0.801128
0.042685
0.434080
0.300471
0.344325
0.612135
0.981075
0.829282
0.527033
0.429087
0.009277
0.984769
0.649688
0.362130
0.159490
0.187953
0.250182
0.304435
0.103042
0.505064
0.672823
0.984769
0.441715
0.884948
0.421575
0.187953
0.357661
0.940331
0.758020
0.157114
0.173237
0.038094
0.041578
0.322949
0.157114
0.008597
0.483494
0.371333
0.505064
0.571972
0.758020
0.505064
0.357661
0.808960
0.421575
0.681504
0.406779
0.364456
0.478214
0.357661
0.192150
0.543791
0.801128
0.808960
0.290658
0.013276
0.690166
0.103042
0.658394
0.749684
0.335721
0.340005
0.566341
0.635244
0.009546
0.008847
0.626544
0.808960
0.922090
0.441715
0.414138
0.327120
0.241635
0.401971
0.958545
0.649688
0.749684
0.821730
0.068911
0.603471
0.695863
0.333520
0.260793
0.635244
0.848789
0.947760
0.499678
0.974087
0.441715
0.491556
0.940331
0.375911
0.021859
0.779856
0.260793
0.603471
0.006832
0.454542
0.346575
0.589144
0.855893
0.713075
0.322949
0.357661
0.306500
0.139014
0.649688
0.801128
0.594827
0.414138
0.612135
0.082732
0.735726
0.681504
0.965738
0.441715
0.364456
0.704484
0.829282
0.779856
0.478214
0.135818
0.310521
0.199280
0.704484
0.808960
0.766291
0.475494
0.236593
0.316692
0.255445
0.907293
0.513281
0.787927
0.075538
0.144460
0.787927
0.173237
0.246759
0.513281
0.617854
0.603471
0.187953
0.727244
0.557828
0.612135
0.907293
0.649688
0.246759
0.155897
0.290658
0.744157
0.357661
0.557828
0.771705
0.449423
0.080707
0.667094
0.505064
0.241635
0.296545
0.935597
0.848789
0.897436
0.704484
0.434080
0.203680
0.907293
0.566341
0.958545
0.462365
0.667094
0.190711
0.603471
0.505064
0.483494
0.187953
0.023935
0.658394
0.922090
0.727244
0.157114
0.275424
0.018368
0.223587
0.735726
0.346575
0.441715
0.713075
0.652656
0.543791
0.011106
0.052535
0.483494
0.566341
0.109849
0.132684
0.967937
0.690166
0.543791
0.612135
0.535389
0.245003
0.626544
0.275424
0.779856
0.626544
0.462365
0.187953
0.121744
0.787927
0.300471
0.010298
0.690166
0.513281
0.094284
0.916674
0.907293
0.017866
0.346575
0.084803
0.009016
0.626544
0.214182
0.718717
0.449423
0.284858
0.718717
0.848789
0.704484
0.695863
0.626544
0.527033
0.566341
0.250182
0.483494
0.211153
0.483494
0.177160
0.658394
0.223587
0.774492
0.626544
0.382926
0.667094
0.543791
0.475494
0.793201
0.111596
0.884948
0.375911
0.269851
0.543791
0.922090
0.499678
0.916674
0.416665
0.124654
0.449423
0.603471
0.626544
0.310521
0.690166
0.333520
0.787927
0.649688
0.935597
0.603471
0.727244
0.141156
0.829282
0.329292
0.441715
0.935597
0.470257
