0.690166
0.626544
0.994555
0.681504
0.603471
0.535389
0.758020
0.496903
0.801128
0.513281
0.829282
0.626544
0.940331
0.014305
0.153566
0.735726
0.177160
0.626544
0.922090
0.836720
0.758020
0.060743
0.037099
0.874110
0.513281
0.434080
0.290658
0.901408
0.100580
0.571972
0.821730
0.241635
0.758020
0.841556
0.620815
0.044581
0.312615
0.901408
0.580543
0.848789
0.808960
0.434080
0.667094
0.758020
0.922090
0.033659
0.199280
0.713075
0.649688
0.535389
0.962240
0.626544
0.994555
0.658394
0.060743
0.009822
0.672823
0.042685
0.658394
0.922090
0.250182
0.079397
0.269851
0.518727
0.658394
0.549354
0.496903
0.467559
0.801128
0.304435
0.713075
0.848789
0.316692
0.681504
0.580543
0.245003
0.015845
0.749684
0.901408
0.401971
0.121744
0.117048
0.409279
0.735726
0.867378
0.203680
0.996919
0.571972
0.340005
0.449423
0.612135
0.206623
0.441715
0.658394
0.153566
0.401971
0.177160
0.513281
0.521553
0.643949
0.916674
0.891273
0.535389
0.344325
0.016595
0.124654
0.475494
0.589144
0.566341
0.255445
0.557828
0.867378
0.206623
0.092778
0.183833
0.470257
0.626544
0.867378
0.855893
0.513281
0.787927
0.096609
0.704484
0.698805
0.223587
0.449423
0.513281
0.350951
0.958545
0.394742
0.971109
0.329292
0.192150
0.327120
0.275424
0.364456
0.962240
0.527033
0.044581
0.483494
0.787927
0.574890
0.144460
0.499678
0.241635
0.233315
0.884948
0.779856
0.057717
0.449423
0.013032
0.991213
0.185229
0.978604
0.429087
0.935597
0.922090
0.086192
0.930673
0.231634
0.566341
0.114294
0.414138
0.000390
0.690166
0.922090
0.643949
0.491556
0.801128
0.808960
0.187953
0.821730
0.223587
0.635244
0.245003
0.470257
0.429087
0.052535
0.951979
0.589144
0.589144
0.294528
0.787927
0.169385
0.766291
0.766291
0.557828
0.543791
0.884948
0.441715
0.421575
0.629509
0.179787
0.626544
0.380525
0.672823
0.039801
0.658394
0.020320
0.749684
0.758020
0.279144
0.744157
0.470257
0.848789
0.380525
0.368979
0.779856
0.264363
0.855893
0.981075
0.002863
0.394742
0.012317
0.183833
0.713075
0.421575
0.626544
0.327120
0.867378
0.681504
0.491556
0.620815
0.779856
0.589144
0.364456
0.409279
0.704484
0.947760
0.658394
0.947760
0.758020
0.658394
0.801128
0.215763
0.026438
0.015409
0.007739
0.011753
0.491556
0.001246
0.589144
0.574890
0.260793
0.368979
0.779856
0.190711
0.816691
0.521553
0.808960
0.916674
0.251967
0.549354
0.312615
0.059212
0.483494
0.264363
0.922090
0.491556
0.126604
0.147829
0.337784
0.658394
0.496903
0.505064
0.795913
0.603471
0.787927
0.935597
0.557828
0.867378
0.566341
0.758020
0.891273
0.801128
0.491556
0.434080
0.681504
0.535389
0.038764
0.491556
0.505064
0.855893
0.340005
0.962240
0.350951
0.821730
0.258960
0.672823
0.821730
0.034568
0.771705
0.571972
0.867378
0.177160
0.371333
0.362130
0.491556
0.801128
0.808960
0.543791
0.967937
0.589144
0.935597
0.841556
0.855893
0.035500
0.643949
0.884948
0.139014
0.557828
0.066084
0.801128
0.163153
0.518727
0.635244
0.449423
0.549354
0.758020
0.434080
0.322949
0.296545
0.535389
0.758020
0.620815
0.203680
0.088340
0.779856
0.077446
0.667094
0.901408
0.801128
0.727244
0.620815
0.735726
0.505064
0.300471
0.057717
0.571972
0.603471
0.620815
0.574890
0.535389
0.499678
0.935597
0.111596
0.922090
0.434080
0.194957
0.316692
0.015845
0.169385
0.721628
0.016595
0.007378
0.901408
0.241635
0.704484
0.300471
0.067775
0.052535
0.690166
0.744157
0.681504
0.727244
0.406779
0.375911
0.808960
0.557828
0.991213
0.829282
0.215763
0.375911
0.626544
0.491556
0.771705
0.491556
0.019230
0.127623
0.749684
0.690166
0.735726
0.173237
0.965738
0.163153
0.667094
0.643949
0.042685
0.220452
0.521553
0.475494
0.294528
0.346575
0.421575
0.935597
0.829282
0.874110
0.441715
0.183833
0.521553
0.907293
0.322949
0.884948
0.867378
0.971109
0.690166
0.364456
0.991213
0.344325
0.322949
0.513281
0.390021
0.626544
0.690166
0.867378
0.901408
0.414138
0.027164
0.594827
0.867378
0.414138
0.580543
0.322949
0.758020
0.496903
0.891273
0.518727
0.758020
0.704484
0.597771
0.836720
0.387593
0.039801
0.779856
0.269851
0.635244
0.429087
0.241635
0.855893
0.166886
0.940331
0.467559
0.194957
0.025274
0.269851
0.620815
0.787927
0.401971
0.848789
0.549354
0.527033
0.841556
0.557828
0.749684
0.749684
0.020320
0.340005
0.891273
0.956001
0.916674
0.290658
0.199280
0.505064
0.025274
0.194957
0.364456
0.316692
0.284858
0.867378
0.580543
0.121744
0.215763
0.013909
0.580543
0.382926
0.681504
0.340005
0.566341
0.922090
0.667094
0.758020
0.173237
0.589144
0.744157
0.357661
0.580543
0.290658
0.194957
0.549354
0.884948
0.390021
0.727244
0.643949
0.255445
0.867378
0.821730
0.681504
0.808960
0.771705
0.223587
0.649688
0.236593
0.499678
0.594827
0.704484
0.163153
0.571972
0.620815
0.589144
0.483494
0.241635
0.603471
0.695863
0.150086
0.183833
0.027652
0.441715
0.449423
0.153566
0.012317
0.163153
0.206623
0.401971
0.951979
0.496903
0.357661
0.951979
0.681504
0.626544
0.771705
0.727244
0.603471
0.157114
0.672823
0.667094
0.496903
0.779856
0.658394
0.426518
0.907293
0.434080
0.166886
0.867378
0.779856
0.322949
0.223587
0.357661
0.322949
0.681504
0.322949
0.766291
0.390021
0.594827
0.566341
0.974087
0.340005
0.203680
0.310521
0.496903
0.652656
0.382926
0.475494
0.557828
0.421575
0.821730
0.382926
0.793201
0.109849
0.012548
0.891273
0.491556
0.571972
0.978604
0.821730
0.916674
0.721628
