0.749684
0.603471
0.187953
0.103042
0.294528
0.713075
0.344325
0.316692
0.124654
0.848789
0.241635
0.848789
0.571972
0.119859
0.841556
0.199280
0.704484
0.695863
0.177160
0.787927
0.521553
0.070668
0.000003
0.667094
0.441715
0.462365
0.401971
0.483494
0.231634
0.695863
0.543791
0.096609
0.421575
0.991213
0.491556
0.848789
0.771705
0.535389
0.617854
0.626544
0.421575
0.713075
0.891273
0.855893
0.713075
0.454542
0.704484
0.901408
0.441715
0.808960
0.421575
0.649688
0.901408
0.848789
0.153566
0.211153
0.749684
0.958545
0.037099
0.801128
0.713075
0.727244
0.284858
0.527033
0.635244
0.300471
0.713075
0.744157
0.672823
0.203680
0.220452
0.183833
0.649688
0.505064
0.250182
0.801128
0.284858
0.841556
0.695863
0.382926
0.320806
0.635244
0.223587
0.543791
0.841556
0.603471
0.194957
0.127623
0.620815
0.491556
0.364456
0.441715
0.491556
0.971109
0.626544
0.033659
0.141156
0.241635
0.375911
0.681504
0.997586
0.891273
0.322949
0.848789
0.947760
0.816691
0.362130
0.779856
0.951979
0.144460
0.901408
0.470257
0.086192
0.787927
0.935597
0.357661
0.557828
0.316692
0.333520
0.194957
0.387593
0.255445
0.387593
0.735726
0.059212
0.357661
0.382926
0.228410
0.153566
0.721628
0.744157
0.401971
0.535389
0.382926
0.971109
0.333520
0.704484
0.109849
0.177160
0.766291
0.049886
0.535389
0.681504
0.294528
0.518727
0.962240
0.401971
0.589144
0.199280
0.998868
0.594827
0.475494
0.916674
0.787927
0.779856
0.218844
0.462365
0.449423
0.981075
0.620815
0.901408
0.135818
0.141156
0.103042
0.001172
0.779856
0.535389
0.020320
0.306500
0.617854
0.672823
0.079397
0.375911
0.721628
0.364456
0.535389
0.974087
0.995551
0.401971
0.513281
0.848789
0.003850
0.304435
0.409279
0.203680
0.053907
0.177160
0.112510
0.779856
0.997586
0.499678
0.462365
0.589144
0.658394
0.215763
0.667094
0.571972
0.758020
0.029186
0.322949
0.340005
0.787927
0.958545
0.978604
0.841556
0.603471
0.649688
0.513281
0.434080
0.329292
0.848789
0.211153
0.951979
0.891273
0.025274
0.132684
0.758020
0.421575
0.779856
0.771705
0.401971
0.836720
0.787927
0.296545
0.994555
0.690166
0.766291
0.275424
0.163153
0.000141
0.603471
0.206623
0.250182
0.029186
0.907293
0.612135
0.446787
0.163153
0.406779
0.690166
0.362130
0.284858
0.821730
0.549354
0.855893
0.394742
0.044581
0.916674
0.690166
0.603471
0.491556
0.322949
0.513281
0.557828
0.713075
0.766291
0.382926
0.566341
0.190711
0.672823
0.549354
0.643949
0.004963
0.267971
0.199280
0.401971
0.867378
0.166886
0.434080
0.357661
0.891273
0.387593
0.496903
0.891273
0.269851
0.626544
0.727244
0.236593
0.681504
0.284858
0.940331
0.891273
0.033659
0.727244
0.672823
0.681504
0.897436
0.808960
0.829282
0.801128
0.513281
0.612135
0.907293
0.658394
0.004164
0.947760
0.808960
0.848789
0.329292
0.177160
0.070668
0.690166
0.022875
0.557828
0.206623
0.935597
0.429087
0.275424
0.681504
0.681504
0.094284
0.795913
0.557828
0.496903
0.124654
0.735726
0.749684
0.658394
0.357661
0.394742
0.603471
0.340005
0.956001
0.300471
0.441715
0.135818
0.766291
0.135818
0.771705
0.211153
0.808960
0.901408
0.357661
0.333520
0.483494
0.848789
0.421575
0.958545
0.580543
0.535389
0.220452
0.626544
0.163153
0.300471
0.387593
0.603471
0.635244
0.935597
0.166886
0.052535
0.758020
0.121744
0.829282
0.891273
0.010298
0.086192
0.166886
0.300471
0.603471
0.306500
0.098170
0.166886
0.681504
0.884948
0.589144
0.421575
0.255445
0.626544
0.916674
0.269851
0.721628
0.470257
0.316692
0.382926
0.940331
0.109849
0.978604
0.829282
0.635244
0.340005
0.951979
0.074303
0.100580
0.821730
0.279144
0.470257
0.505064
0.166886
0.841556
0.996919
0.020692
0.135818
0.958545
0.922090
0.779856
0.001865
0.434080
0.874110
0.387593
0.635244
0.117048
0.434080
0.901408
0.557828
0.312615
0.552238
0.264363
0.187953
0.153566
0.758020
0.580543
0.758020
0.070668
0.907293
0.449423
0.958545
0.617854
0.704484
0.626544
0.907293
0.735726
0.874110
0.086192
0.269851
0.690166
0.922090
0.808960
0.779856
0.535389
0.848789
0.787927
0.626544
0.187953
0.695863
0.026438
0.364456
0.491556
0.157114
0.848789
0.012548
0.294528
0.421575
0.135818
0.470257
0.051194
0.999892
0.704484
0.635244
0.496903
0.626544
0.223587
0.166886
0.052535
0.594827
0.414138
0.901408
0.626544
0.387593
0.414138
0.269851
0.589144
0.421575
0.549354
0.429087
0.643949
0.505064
0.150086
0.801128
0.124654
0.658394
0.549354
0.527033
0.163153
0.215763
0.658394
0.382926
0.236593
0.177160
0.580543
0.144460
0.245003
0.766291
0.088340
0.045761
0.187953
0.901408
0.771705
0.340005
0.589144
0.735726
0.079397
0.166886
0.449423
0.300471
0.965738
0.907293
0.735726
0.535389
0.132684
0.749684
0.779856
0.735726
0.891273
0.749684
0.382926
0.090535
0.017543
0.211153
0.475494
0.698805
0.329292
0.557828
0.874110
0.603471
0.414138
0.884948
0.897436
0.401971
0.907293
0.841556
0.801128
0.758020
0.667094
0.183833
0.284858
0.057717
0.434080
0.340005
0.626544
0.848789
0.721628
0.962240
0.454542
0.884948
0.255445
0.557828
0.907293
0.340005
0.713075
0.612135
0.382926
0.557828
0.350951
0.135818
0.704484
0.177160
0.667094
0.124654
0.566341
0.394742
0.649688
0.245003
0.513281
0.801128
0.001172
0.429087
0.594827
0.007378
0.543791
0.930673
0.855893
0.958545
0.353229
0.394742
0.749684
0.421575
0.144460
0.971109
0.192150
0.170690
0.848789
0.340005
0.163153
0.364456
0.310521
0.111596
