0.206623
0.635244
0.288671
0.940331
0.635244
0.094284
0.421575
0.574890
0.962240
0.513281
0.571972
0.735726
0.505064
0.771705
0.543791
0.891273
0.375911
0.801128
0.246759
0.166886
0.867378
0.907293
0.077446
0.144460
0.836720
0.681504
0.874110
0.766291
0.100580
0.626544
0.681504
0.771705
0.012907
0.801128
0.426518
0.862861
0.996919
0.066084
0.779856
0.552238
0.170690
0.194957
0.394742
0.935597
0.727244
0.571972
0.787927
0.589144
0.025274
0.306500
0.771705
0.667094
0.878466
0.470257
0.155897
0.829282
0.090535
0.986757
0.793201
0.667094
0.713075
0.401971
0.841556
0.300471
0.382926
0.855893
0.072465
0.192150
0.713075
0.907293
0.218844
0.848789
0.070668
0.255445
0.801128
0.947760
0.771705
0.002082
0.603471
0.441715
0.640981
0.220452
0.594827
0.000461
0.626544
0.001960
0.991213
0.426518
0.557828
0.557828
0.848789
0.557828
0.306500
0.079397
0.727244
0.549354
0.713075
0.284858
0.306500
0.040864
0.446787
0.603471
0.290658
0.223587
0.462365
0.421575
0.735726
0.821730
0.884948
0.020130
0.067775
0.557828
0.922090
0.787927
0.250182
0.658394
0.414138
0.916674
0.199280
0.829282
0.290658
0.306500
0.543791
0.779856
0.580543
0.267971
0.434080
0.454542
0.535389
0.543791
0.022875
0.401971
0.704484
0.643949
0.316692
0.612135
0.867378
0.672823
0.255445
0.000056
0.774492
0.141156
0.306500
0.930673
0.335721
0.333520
0.617854
0.922090
0.098985
0.429087
0.177160
0.001351
0.014305
0.031348
0.951979
0.713075
0.527033
0.727244
0.867378
0.749684
0.589144
0.406779
0.907293
0.357661
0.635244
0.758020
0.907293
0.327120
0.535389
0.475494
0.159490
0.603471
0.821730
0.901408
0.658394
0.855893
0.874110
0.371333
0.829282
0.153566
0.978604
0.620815
0.922090
0.658394
0.040864
0.387593
0.177160
0.023508
0.187953
0.758020
0.643949
0.132684
0.848789
0.867378
0.967937
0.580543
0.141156
0.808960
0.231634
0.589144
0.505064
0.491556
0.986757
0.421575
0.478214
0.375911
0.816691
0.462365
0.441715
0.704484
0.177160
0.962240
0.064990
0.357661
0.907293
0.038764
0.580543
0.867378
0.713075
0.421575
0.829282
0.177160
0.163153
0.735726
0.275424
0.922090
0.557828
0.589144
0.978604
0.962240
0.478214
0.947760
0.667094
0.019412
0.053907
0.470257
0.801128
0.549354
0.891273
0.394742
0.620815
0.409279
0.935597
0.203680
0.962240
0.951979
0.109849
0.649688
0.779856
0.072465
0.006963
0.273514
0.045761
0.841556
0.841556
0.121744
0.994555
0.787927
0.187953
0.203680
0.001246
0.557828
0.028409
0.543791
0.004868
0.603471
0.000682
0.995551
0.907293
0.491556
0.187953
0.535389
0.681504
0.713075
0.901408
0.371333
0.779856
0.681504
0.119859
0.135818
0.194957
0.658394
0.061772
0.971109
0.787927
0.649688
0.133745
0.434080
0.927324
0.848789
0.549354
0.951979
0.063362
0.901408
0.557828
0.991213
0.250182
0.454542
0.860501
0.132684
0.228410
0.658394
0.795913
0.350951
0.441715
0.801128
0.626544
0.603471
0.139014
0.004503
0.704484
0.884948
0.935597
0.922090
0.735726
0.038764
0.409279
0.667094
0.841556
0.690166
0.867378
0.409279
0.626544
0.848789
0.978604
0.414138
0.421575
0.821730
0.626544
0.300471
0.635244
0.199280
0.153566
0.375911
0.441715
0.836720
0.995551
0.787927
0.310521
0.735726
0.429087
0.107244
0.589144
0.566341
0.735726
0.841556
0.997586
0.594827
0.441715
0.505064
0.255445
0.589144
0.658394
0.774492
0.571972
0.223587
0.589144
0.275424
0.255445
0.375911
0.962240
0.005013
0.991213
0.462365
0.150086
0.727244
0.279144
0.527033
0.713075
0.821730
0.306500
0.758020
0.375911
0.829282
0.296545
0.246759
0.300471
0.000044
0.897436
0.206623
0.284858
0.718717
0.787927
0.566341
0.704484
0.563435
0.620815
0.958545
0.203680
0.549354
0.082732
0.566341
0.132684
0.907293
0.947760
0.491556
0.620815
0.449423
0.194957
0.999892
0.991213
0.681504
0.907293
0.223587
0.829282
0.836720
0.357661
0.758020
0.236593
0.566341
0.981075
0.841556
0.867378
0.821730
0.012317
0.150086
0.382926
0.499678
0.327120
0.749684
0.077446
0.891273
0.491556
0.371333
0.107244
0.467559
0.169385
0.801128
0.231634
0.441715
0.107244
0.897436
0.940331
0.077446
0.801128
0.667094
0.922090
0.787927
0.003193
0.758020
0.589144
0.580543
0.255445
0.241635
0.643949
0.098170
0.841556
0.449423
0.246759
0.922090
0.382926
0.617854
0.744157
0.127623
0.566341
0.801128
0.749684
0.394742
0.821730
0.986757
0.860501
0.829282
0.513281
0.223587
0.387593
0.269851
0.612135
0.935597
0.070668
0.808960
0.617854
0.192150
0.014305
0.603471
0.333520
0.884948
0.874110
0.414138
0.368979
0.962240
0.808960
0.978604
0.513281
0.907293
0.037099
0.658394
0.063362
0.157114
0.758020
0.333520
0.658394
0.406779
0.718717
0.635244
0.758020
0.290658
0.884948
0.322949
0.129613
0.626544
0.836720
0.913005
0.779856
0.867378
0.978604
0.589144
0.290658
0.049040
0.499678
0.749684
0.004728
0.984769
0.316692
0.470257
0.190711
0.499678
0.962240
0.603471
0.454542
0.470257
0.382926
0.848789
0.841556
0.475494
0.421575
0.829282
0.382926
0.744157
0.991213
0.571972
0.322949
0.462365
0.057717
0.327120
0.483494
0.264363
0.475494
0.704484
0.250182
0.981075
0.922090
0.566341
0.721628
0.808960
0.187953
0.527033
0.589144
0.867378
0.971109
0.571972
0.749684
0.571972
0.913005
0.816691
0.228410
0.499678
0.144460
0.787927
0.935597
0.749684
0.672823
0.357661
0.084092
0.009016
0.603471
0.357661
0.991213
0.907293
0.250182
0.640981
0.269851
0.144460
0.658394
0.284858
0.603471
0.275424
