0.130653
0.704484
0.974087
0.535389
0.922090
0.441715
0.626544
0.935597
0.779856
0.658394
0.346575
0.672823
0.300471
0.429087
0.454542
0.246759
0.766291
0.255445
0.340005
0.434080
0.037099
0.635244
0.273514
0.735726
0.749684
0.930673
0.901408
0.907293
0.557828
0.549354
0.766291
0.658394
0.255445
0.690166
0.620815
0.681504
0.483494
0.867378
0.103042
0.907293
0.589144
0.496903
0.808960
0.617854
0.173237
0.535389
0.340005
0.241635
0.681504
0.549354
0.836720
0.626544
0.603471
0.499678
0.231634
0.603471
0.157114
0.327120
0.626544
0.038094
0.643949
0.527033
0.269851
0.635244
0.589144
0.050328
0.350951
0.916674
0.505064
0.635244
0.147829
0.005855
0.901408
0.031348
0.620815
0.346575
0.007168
0.491556
0.649688
0.157114
0.159490
0.084803
0.962240
0.580543
0.848789
0.387593
0.441715
0.316692
0.962240
0.527033
0.535389
0.787927
0.848789
0.281082
0.935597
0.284858
0.105557
0.211153
0.704484
0.848789
0.901408
0.449423
0.749684
0.100580
0.368979
0.199280
0.264363
0.643949
0.721628
0.713075
0.667094
0.690166
0.841556
0.962240
0.589144
0.535389
0.874110
0.935597
0.779856
0.779856
0.316692
0.350951
0.223587
0.566341
0.535389
0.390021
0.848789
0.808960
0.704484
0.279144
0.475494
0.713075
0.082732
0.055312
0.978604
0.163153
0.375911
0.279144
0.421575
0.626544
0.713075
0.236593
0.603471
0.713075
0.069506
0.978604
0.350951
0.421575
0.897436
0.250182
0.667094
0.181158
0.063362
0.566341
0.475494
0.475494
0.829282
0.935597
0.557828
0.867378
0.947760
0.649688
0.187953
0.884948
0.364456
0.434080
0.978604
0.667094
0.549354
0.940331
0.991213
0.112510
0.092778
0.978604
0.713075
0.346575
0.294528
0.991213
0.626544
0.382926
0.557828
0.269851
0.312615
0.496903
0.434080
0.077446
0.470257
0.470257
0.053907
0.462365
0.801128
0.867378
0.594827
0.483494
0.721628
0.620815
0.187953
0.344325
0.316692
0.779856
0.236593
0.505064
0.580543
0.467559
0.801128
0.681504
0.269851
0.897436
0.114294
0.350951
0.704484
0.454542
0.021268
0.049040
0.030518
0.766291
0.855893
0.421575
0.290658
0.316692
0.127623
0.275424
0.848789
0.223587
0.787927
0.364456
0.901408
0.891273
0.429087
0.394742
0.421575
0.566341
0.094284
0.096609
0.144460
0.312615
0.986757
0.808960
0.681504
0.816691
0.801128
0.971109
0.821730
0.300471
0.135818
0.978604
0.589144
0.155897
0.744157
0.766291
0.658394
0.557828
0.771705
0.971109
0.094284
0.036127
0.006144
0.329292
0.867378
0.927324
0.454542
0.836720
0.916674
0.070668
0.681504
0.922090
0.322949
0.505064
0.329292
0.279144
0.571972
0.194957
0.836720
0.159490
0.801128
0.074303
0.535389
0.727244
0.327120
0.177160
0.364456
0.050328
0.394742
0.848789
0.122729
0.124654
0.223587
0.132684
0.177160
0.003455
0.626544
0.916674
0.521553
0.635244
0.322949
0.727244
0.107244
0.935597
0.250182
0.181158
0.935597
0.144460
0.041578
0.241635
0.165605
0.574890
0.462365
0.192150
0.571972
0.580543
0.513281
0.635244
0.658394
0.001351
0.994555
0.112510
0.449423
0.521553
0.329292
0.695863
0.046970
0.841556
0.787927
0.399498
0.643949
0.527033
0.658394
0.612135
0.139014
0.603471
0.024596
0.603471
0.617854
0.951979
0.612135
0.994555
0.535389
0.994555
0.006963
0.090535
0.008597
0.429087
0.649688
0.060217
0.421575
0.527033
0.713075
0.226757
0.787927
0.758020
0.521553
0.978604
0.766291
0.462365
0.758020
0.612135
0.329292
0.199280
0.535389
0.211153
0.535389
0.867378
0.612135
0.215763
0.867378
0.329292
0.535389
0.962240
0.051194
0.505064
0.521553
0.563435
0.891273
0.457201
0.801128
0.211153
0.771705
0.449423
0.306500
0.867378
0.675784
0.848789
0.995551
0.690166
0.362130
0.749684
0.300471
0.935597
0.181158
0.177160
0.401971
0.090535
0.884948
0.580543
0.441715
0.821730
0.421575
0.867378
0.978604
0.758020
0.094284
0.617854
0.594827
0.421575
0.704484
0.916674
0.011974
0.181158
0.589144
0.681504
0.635244
0.713075
0.066084
0.218844
0.470257
0.454542
0.147829
0.566341
0.025274
0.713075
0.002443
0.241635
0.505064
0.183833
0.947760
0.496903
0.727244
0.589144
0.104694
0.574890
0.862861
0.483494
0.346575
0.255445
0.260793
0.695863
0.166886
0.357661
0.426518
0.192150
0.986757
0.233315
0.211153
0.721628
0.357661
0.672823
0.300471
0.505064
0.255445
0.527033
0.357661
0.166886
0.690166
0.801128
0.340005
0.015409
0.603471
0.406779
0.269851
0.130653
0.357661
0.557828
0.996919
0.571972
0.901408
0.475494
0.874110
0.758020
0.787927
0.878466
0.394742
0.658394
0.635244
0.316692
0.891273
0.290658
0.658394
0.449423
0.434080
0.173237
0.357661
0.414138
0.241635
0.635244
0.597771
0.922090
0.690166
0.758020
0.130653
0.107244
0.848789
0.046970
0.947760
0.867378
0.513281
0.009016
0.635244
0.603471
0.580543
0.390021
0.681504
0.821730
0.306500
0.735726
0.236593
0.855893
0.620815
0.056256
0.340005
0.574890
0.446787
0.787927
0.557828
0.211153
0.566341
0.535389
0.971109
0.695863
0.829282
0.916674
0.907293
0.695863
0.346575
0.848789
0.496903
0.635244
0.382926
0.449423
0.801128
0.394742
0.496903
0.612135
0.884948
0.279144
0.329292
0.589144
0.281082
0.681504
0.617854
0.801128
0.658394
0.340005
0.387593
0.947760
0.907293
0.958545
0.935597
0.449423
0.658394
0.467559
0.329292
0.829282
0.635244
0.264363
0.589144
0.779856
0.571972
0.603471
0.003193
0.228410
0.681504
0.454542
0.421575
0.044980
0.922090
0.132684
0.177160
0.735726
0.124654
0.441715
0.022258
0.935597
0.848789
0.821730
0.390021
0.594827
