0.922090
0.250182
0.015409
0.223587
0.382926
0.329292
0.079397
0.704484
0.986757
0.571972
0.394742
0.467559
0.874110
0.202171
0.962240
0.275424
0.357661
0.300471
0.023508
0.401971
0.626544
0.603471
0.612135
0.310521
0.549354
0.096609
0.434080
0.658394
0.880693
0.079397
0.626544
0.922090
0.275424
0.635244
0.643949
0.066084
0.543791
0.390021
0.387593
0.364456
0.260793
0.855893
0.045761
0.059212
0.082732
0.159490
0.080707
0.867378
0.940331
0.434080
0.535389
0.454542
0.735726
0.357661
0.672823
0.874110
0.300471
0.166886
0.681504
0.867378
0.916674
0.269851
0.801128
0.589144
0.499678
0.667094
0.771705
0.821730
0.974087
0.401971
0.766291
0.603471
0.884948
0.681504
0.836720
0.681504
0.713075
0.527033
0.603471
0.187953
0.075538
0.808960
0.491556
0.462365
0.951979
0.288671
0.499678
0.284858
0.124654
0.940331
0.231634
0.971109
0.617854
0.364456
0.927324
0.006511
0.141156
0.681504
0.667094
0.121744
0.749684
0.394742
0.177160
0.316692
0.829282
0.483494
0.067775
0.901408
0.449423
0.449423
0.978604
0.011753
0.518727
0.300471
0.848789
0.986757
0.279144
0.779856
0.774492
0.103042
0.166886
0.505064
0.353229
0.557828
0.841556
0.000017
0.092778
0.150086
0.603471
0.394742
0.434080
0.626544
0.211153
0.935597
0.266225
0.787927
0.462365
0.566341
0.787927
0.779856
0.744157
0.223587
0.132684
0.462365
0.580543
0.940331
0.718717
0.521553
0.150086
0.310521
0.022258
0.306500
0.380525
0.279144
0.414138
0.063362
0.962240
0.344325
0.223587
0.913005
0.064431
0.557828
0.947760
0.483494
0.181158
0.401971
0.475494
0.449423
0.074303
0.997586
0.279144
0.649688
0.594827
0.135818
0.766291
0.105557
0.518727
0.779856
0.003455
0.874110
0.735726
0.901408
0.808960
0.316692
0.589144
0.704484
0.901408
0.483494
0.860501
0.108126
0.758020
0.947760
0.962240
0.375911
0.390021
0.513281
0.483494
0.269851
0.713075
0.649688
0.513281
0.580543
0.658394
0.916674
0.340005
0.808960
0.626544
0.441715
0.401971
0.255445
0.891273
0.375911
0.211153
0.088340
0.947760
0.421575
0.454542
0.135818
0.223587
0.446787
0.667094
0.971109
0.744157
0.947760
0.787927
0.275424
0.434080
0.808960
0.922090
0.260793
0.362130
0.535389
0.441715
0.672823
0.658394
0.947760
0.704484
0.808960
0.037099
0.907293
0.521553
0.114294
0.018368
0.409279
0.275424
0.758020
0.394742
0.255445
0.867378
0.672823
0.713075
0.382926
0.163153
0.483494
0.513281
0.749684
0.758020
0.119859
0.255445
0.061772
0.304435
0.744157
0.177160
0.927324
0.416665
0.735726
0.371333
0.491556
0.344325
0.779856
0.406779
0.082732
0.021859
0.177160
0.454542
0.449423
0.916674
0.004164
0.135818
0.357661
0.364456
0.801128
0.375911
0.194957
0.499678
0.333520
0.543791
0.713075
0.907293
0.620815
0.571972
0.117048
0.989675
0.589144
0.462365
0.223587
0.241635
0.867378
0.521553
0.031348
0.935597
0.535389
0.483494
0.718717
0.371333
0.771705
0.441715
0.127623
0.603471
0.681504
0.727244
0.978604
0.246759
0.241635
0.667094
0.981075
0.535389
0.434080
0.801128
0.255445
0.491556
0.901408
0.735726
0.269851
0.690166
0.984769
0.907293
0.974087
0.228410
0.513281
0.147829
0.008597
0.166886
0.571972
0.549354
0.449423
0.981075
0.290658
0.566341
0.891273
0.779856
0.462365
0.848789
0.333520
0.643949
0.951979
0.713075
0.916674
0.346575
0.816691
0.095811
0.429087
0.855893
0.241635
0.727244
0.340005
0.513281
0.612135
0.672823
0.901408
0.735726
0.690166
0.462365
0.053907
0.005578
0.375911
0.322949
0.275424
0.612135
0.505064
0.922090
0.084803
0.046970
0.617854
0.566341
0.449423
0.005855
0.940331
0.758020
0.414138
0.681504
0.264363
0.157114
0.449423
0.322949
0.907293
0.821730
0.322949
0.907293
0.540922
0.260793
0.991213
0.429087
0.801128
0.236593
0.233315
0.079397
0.491556
0.387593
0.340005
0.658394
0.441715
0.135818
0.940331
0.649688
0.695863
0.612135
0.127623
0.414138
0.884948
0.375911
0.135818
0.357661
0.643949
0.922090
0.589144
0.704484
0.401971
0.635244
0.434080
0.390021
0.795913
0.035500
0.296545
0.787927
0.713075
0.004043
0.557828
0.603471
0.667094
0.566341
0.841556
0.867378
0.643949
0.165605
0.986757
0.236593
0.721628
0.194957
0.690166
0.483494
0.681504
0.603471
0.284858
0.103042
0.462365
0.127623
0.801128
0.603471
0.635244
0.037099
0.063362
0.829282
0.603471
0.658394
0.603471
0.000002
0.203680
0.421575
0.026438
0.916674
0.045761
0.025274
0.549354
0.462365
0.667094
0.147829
0.672823
0.658394
0.597771
0.260793
0.255445
0.672823
0.958545
0.793201
0.333520
0.119859
0.421575
0.144460
0.199280
0.233315
0.787927
0.626544
0.513281
0.779856
0.620815
0.603471
0.695863
0.223587
0.698805
0.891273
0.483494
0.681504
0.801128
0.320806
0.088340
0.255445
0.874110
0.215763
0.927324
0.329292
0.704484
0.076791
0.153566
0.446787
0.940331
0.681504
0.421575
0.735726
0.223587
0.543791
0.635244
0.462365
0.187953
0.114294
0.779856
0.855893
0.258960
0.841556
0.958545
0.779856
0.192150
0.241635
0.187953
0.617854
0.187953
0.364456
0.991213
0.597771
0.007593
0.390021
0.000018
0.394742
0.322949
0.848789
0.721628
0.075538
0.589144
0.375911
0.612135
0.580543
0.382926
0.681504
0.884948
0.947760
0.231634
0.891273
0.491556
0.571972
0.620815
0.836720
0.727244
0.109849
0.744157
0.589144
0.114294
0.681504
0.704484
0.346575
0.557828
0.483494
0.236593
0.357661
0.211153
0.727244
0.124654
0.401971
0.499678
0.704484
0.808960
0.236593
0.300471
0.951979
0.228410
0.841556
0.290658
