0.749684
0.695863
0.406779
0.177160
0.056256
0.010795
0.566341
0.144460
0.199280
0.203680
0.658394
0.375911
0.626544
0.749684
0.922090
0.867378
0.672823
0.350951
0.922090
0.617854
0.183833
0.505064
0.375911
0.771705
0.357661
0.735726
0.199280
0.060217
0.150086
0.649688
0.951979
0.434080
0.357661
0.978604
0.056256
0.112510
0.037099
0.951979
0.346575
0.821730
0.981075
0.100580
0.962240
0.922090
0.981075
0.571972
0.153566
0.513281
0.927324
0.105557
0.984769
0.612135
0.855893
0.002020
0.275424
0.491556
0.483494
0.744157
0.470257
0.635244
0.690166
0.218844
0.994555
0.907293
0.362130
0.312615
0.241635
0.382926
0.704484
0.153566
0.260793
0.073672
0.513281
0.749684
0.603471
0.848789
0.801128
0.306500
0.836720
0.808960
0.187953
0.000996
0.011974
0.192150
0.019768
0.068911
0.521553
0.974087
0.907293
0.041952
0.848789
0.491556
0.884948
0.808960
0.535389
0.749684
0.617854
0.884948
0.269851
0.855893
0.141156
0.829282
0.035180
0.779856
0.496903
0.449423
0.135818
0.808960
0.177160
0.306500
0.971109
0.735726
0.848789
0.549354
0.713075
0.241635
0.787927
0.014305
0.947760
0.375911
0.250182
0.787927
0.161896
0.704484
0.956001
0.236593
0.109849
0.848789
0.589144
0.981075
0.603471
0.284858
0.253642
0.406779
0.173237
0.713075
0.907293
0.758020
0.940331
0.496903
0.874110
0.978604
0.177160
0.018368
0.390021
0.306500
0.036127
0.441715
0.580543
0.368979
0.166886
0.454542
0.597771
0.206623
0.394742
0.557828
0.935597
0.801128
0.505064
0.290658
0.255445
0.117048
0.836720
0.681504
0.002779
0.713075
0.947760
0.690166
0.406779
0.795913
0.808960
0.077446
0.255445
0.470257
0.340005
0.994555
0.521553
0.513281
0.589144
0.580543
0.033659
0.947760
0.255445
0.475494
0.177160
0.704484
0.947760
0.735726
0.025274
0.236593
0.874110
0.090535
0.672823
0.239907
0.454542
0.215763
0.357661
0.978604
0.163153
0.112510
0.571972
0.018883
0.580543
0.855893
0.841556
0.105557
0.557828
0.860501
0.061772
0.333520
0.446787
0.300471
0.907293
0.163153
0.901408
0.580543
0.597771
0.612135
0.727244
0.962240
0.446787
0.580543
0.246759
0.060217
0.927324
0.713075
0.922090
0.986757
0.566341
0.505064
0.007378
0.801128
0.132684
0.454542
0.429087
0.017543
0.406779
0.275424
0.557828
0.072465
0.758020
0.401971
0.144460
0.690166
0.215763
0.069506
0.082732
0.808960
0.039801
0.991213
0.320806
0.401971
0.589144
0.357661
0.848789
0.971109
0.891273
0.695863
0.658394
0.566341
0.808960
0.749684
0.088340
0.620815
0.406779
0.594827
0.992594
0.223587
0.375911
0.620815
0.727244
0.535389
0.935597
0.346575
0.735726
0.008597
0.848789
0.801128
0.357661
0.499678
0.483494
0.001774
0.829282
0.375911
0.513281
0.829282
0.658394
0.978604
0.779856
0.505064
0.310521
0.927324
0.300471
0.353229
0.368979
0.462365
0.496903
0.620815
0.874110
0.727244
0.236593
0.382926
0.371333
0.077446
0.223587
0.368979
0.024596
0.223587
0.867378
0.667094
0.051194
0.401971
0.829282
0.084803
0.131630
0.153566
0.020692
0.612135
0.088340
0.612135
0.848789
0.667094
0.758020
0.589144
0.549354
0.667094
0.848789
0.255445
0.801128
0.036127
0.727244
0.758020
0.878466
0.695863
0.105557
0.047782
0.779856
0.727244
0.841556
0.922090
0.829282
0.296545
0.793201
0.290658
0.129613
0.017543
0.603471
0.067775
0.901408
0.620815
0.241635
0.735726
0.566341
0.421575
0.594827
0.027164
0.557828
0.557828
0.566341
0.401971
0.147829
0.667094
0.951979
0.635244
0.922090
0.735726
0.513281
0.387593
0.891273
0.312615
0.744157
0.721628
0.072465
0.658394
0.880693
0.483494
0.935597
0.612135
0.557828
0.571972
0.387593
0.333520
0.255445
0.375911
0.181158
0.008354
0.387593
0.704484
0.080707
0.690166
0.816691
0.001149
0.362130
0.597771
0.535389
0.984769
0.758020
0.749684
0.371333
0.901408
0.462365
0.735726
0.535389
0.371333
0.010298
0.011425
0.166886
0.039801
0.935597
0.441715
0.375911
0.821730
0.735726
0.940331
0.801128
0.801128
0.038094
0.250182
0.233315
0.394742
0.513281
0.401971
0.808960
0.571972
0.153566
0.350951
0.571972
0.801128
0.340005
0.801128
0.090535
0.166886
0.787927
0.269851
0.704484
0.505064
0.922090
0.012548
0.848789
0.241635
0.891273
0.491556
0.658394
0.758020
0.421575
0.382926
0.549354
0.173237
0.927324
0.935597
0.223587
0.401971
0.766291
0.333520
0.107244
0.808960
0.749684
0.144460
0.318816
0.483494
0.978604
0.260793
0.441715
0.505064
0.589144
0.612135
0.098985
0.681504
0.884948
0.215763
0.394742
0.284858
0.690166
0.535389
0.535389
0.483494
0.068911
0.735726
0.233315
0.146673
0.672823
0.984769
0.371333
0.571972
0.935597
0.264363
0.649688
0.333520
0.066084
0.549354
0.153566
0.744157
0.940331
0.672823
0.006832
0.001774
0.574890
0.206623
0.787927
0.114294
0.713075
0.981075
0.589144
0.612135
0.462365
0.535389
0.808960
0.848789
0.357661
0.884948
0.658394
0.228410
0.612135
0.787927
0.296545
0.695863
0.620815
0.535389
0.027908
0.483494
0.072465
0.401971
0.594827
0.192150
0.187953
0.649688
0.543791
0.316692
0.971109
0.147829
0.062816
0.735726
0.626544
0.962240
0.801128
0.574890
0.231634
0.635244
0.414138
0.643949
0.470257
0.199280
0.787927
0.157114
0.801128
0.394742
0.935597
0.681504
0.166886
0.066084
0.649688
0.867378
0.829282
0.211153
0.658394
0.387593
0.183833
0.109849
0.483494
0.462365
0.000016
0.236593
0.478214
0.462365
0.135818
0.727244
0.543791
0.170690
0.758020
0.284858
0.649688
0.483494
0.907293
0.801128
0.333520
0.060217
