0.540922
0.036127
0.962240
0.787927
0.527033
0.836720
0.549354
0.672823
0.821730
0.441715
0.821730
0.727244
0.041578
0.971109
0.166886
0.357661
0.166886
0.681504
0.401971
0.612135
0.322949
0.649688
0.907293
0.462365
0.698805
0.571972
0.269851
0.801128
0.612135
0.681504
0.580543
0.991213
0.758020
0.855893
0.867378
0.290658
0.779856
0.414138
0.922090
0.635244
0.658394
0.801128
0.612135
0.681504
0.394742
0.808960
0.612135
0.836720
0.475494
0.127623
0.004164
0.535389
0.884948
0.681504
0.462365
0.841556
0.350951
0.406779
0.951979
0.884948
0.127623
0.947760
0.940331
0.998868
0.594827
0.821730
0.169385
0.300471
0.681504
0.296545
0.300471
0.891273
0.088340
0.884948
0.173237
0.727244
0.041578
0.779856
0.690166
0.735726
0.749684
0.635244
0.183833
0.357661
0.727244
0.012548
0.053907
0.901408
0.758020
0.848789
0.499678
0.589144
0.387593
0.841556
0.446787
0.173237
0.891273
0.643949
0.580543
0.032771
0.922090
0.744157
0.072465
0.951979
0.704484
0.269851
0.181158
0.491556
0.215763
0.072465
0.727244
0.951979
0.046970
0.218844
0.300471
0.462365
0.549354
0.690166
0.978604
0.350951
0.306500
0.294528
0.635244
0.527033
0.658394
0.848789
0.643949
0.649688
0.808960
0.935597
0.375911
0.672823
0.483494
0.505064
0.163153
0.589144
0.801128
0.855893
0.916674
0.255445
0.105557
0.603471
0.357661
0.483494
0.956001
0.658394
0.698805
0.704484
0.496903
0.749684
0.187953
0.031348
0.394742
0.157114
0.112510
0.258960
0.426518
0.273514
0.967937
0.922090
0.109849
0.231634
0.927324
0.130653
0.483494
0.072465
0.491556
0.801128
0.580543
0.496903
0.974087
0.446787
0.117048
0.860501
0.617854
0.580543
0.127623
0.390021
0.935597
0.434080
0.215763
0.735726
0.999892
0.199280
0.255445
0.060743
0.821730
0.206623
0.022875
0.643949
0.984769
0.329292
0.884948
0.329292
0.771705
0.429087
0.181158
0.808960
0.897436
0.947760
0.206623
0.421575
0.382926
0.549354
0.096609
0.829282
0.897436
0.046970
0.690166
0.470257
0.449423
0.907293
0.135818
0.635244
0.913005
0.215763
0.094284
0.620815
0.916674
0.594827
0.566341
0.771705
0.105557
0.771705
0.940331
0.327120
0.779856
0.727244
0.322949
0.713075
0.340005
0.521553
0.211153
0.901408
0.649688
0.322949
0.038094
0.801128
0.543791
0.848789
0.884948
0.998868
0.144460
0.266225
0.603471
0.779856
0.203680
0.011106
0.891273
0.771705
0.002517
0.153566
0.848789
0.429087
0.891273
0.935597
0.139014
0.008847
0.236593
0.187953
0.340005
0.061772
0.735726
0.836720
0.965738
0.535389
0.808960
0.012907
0.704484
0.035180
0.801128
0.543791
0.658394
0.255445
0.316692
0.357661
0.557828
0.713075
0.382926
0.146673
0.036127
0.387593
0.306500
0.907293
0.916674
0.491556
0.475494
0.766291
0.375911
0.329292
0.241635
0.250182
0.549354
0.549354
0.907293
0.836720
0.241635
0.698805
0.816691
0.327120
0.306500
0.394742
0.470257
0.350951
0.580543
0.935597
0.640981
0.935597
0.891273
0.704484
0.535389
0.063362
0.467559
0.077446
0.483494
0.141156
0.704484
0.364456
0.032199
0.090535
0.203680
0.005523
0.074303
0.429087
0.571972
0.675784
0.766291
0.300471
0.475494
0.808960
0.635244
0.713075
0.867378
0.409279
0.958545
0.543791
0.434080
0.658394
0.421575
0.907293
0.055312
0.626544
0.855893
0.880693
0.214182
0.766291
0.382926
0.935597
0.721628
0.626544
0.557828
0.236593
0.183833
0.907293
0.483494
0.557828
0.401971
0.867378
0.063362
0.177160
0.704484
0.829282
0.441715
0.808960
0.535389
0.566341
0.549354
0.971109
0.470257
0.999575
0.935597
0.006511
0.006963
0.414138
0.922090
0.580543
0.841556
0.206623
0.187953
0.357661
0.068911
0.940331
0.434080
0.695863
0.603471
0.566341
0.801128
0.848789
0.199280
0.139014
0.549354
0.177160
0.092778
0.434080
0.170690
0.867378
0.194957
0.971109
0.991213
0.658394
0.626544
0.382926
0.066084
0.031348
0.557828
0.571972
0.951979
0.090535
0.333520
0.449423
0.836720
0.643949
0.787927
0.380525
0.978604
0.505064
0.667094
0.273514
0.255445
0.401971
0.340005
0.429087
0.681504
0.535389
0.521553
0.014711
0.401971
0.658394
0.483494
0.801128
0.713075
0.713075
0.070668
0.173237
0.382926
0.935597
0.114294
0.346575
0.021268
0.246759
0.962240
0.658394
0.255445
0.836720
0.698805
0.766291
0.144460
0.426518
0.821730
0.971109
0.375911
0.203680
0.132684
0.478214
0.269851
0.603471
0.808960
0.779856
0.228410
0.771705
0.000621
0.862861
0.357661
0.300471
0.390021
0.994555
0.306500
0.329292
0.015695
0.907293
0.056256
0.874110
0.109849
0.571972
0.841556
0.867378
0.635244
0.350951
0.346575
0.052535
0.793201
0.891273
0.475494
0.434080
0.483494
0.322949
0.951979
0.829282
0.962240
0.821730
0.649688
0.922090
0.867378
0.215763
0.036765
0.801128
0.867378
0.758020
0.153566
0.658394
0.984769
0.206623
0.808960
0.245003
0.994555
0.974087
0.951979
0.375911
0.027908
0.635244
0.962240
0.749684
0.594827
0.884948
0.913005
0.922090
0.279144
0.543791
0.183833
0.713075
0.053907
0.153566
0.836720
0.382926
0.891273
0.801128
0.947760
0.001310
0.513281
0.649688
0.801128
0.368979
0.855893
0.364456
0.300471
0.540922
0.260793
0.675784
0.165605
0.117048
0.513281
0.103042
0.690166
0.612135
0.862861
0.290658
0.026438
0.491556
0.375911
0.580543
0.255445
0.194957
0.290658
0.269851
0.067775
0.044581
0.795913
0.124654
0.947760
0.913005
0.008597
0.470257
0.300471
0.821730
0.829282
0.884948
0.571972
0.922090
0.290658
0.177160
0.316692
0.421575
0.635244
0.749684
0.135818
0.454542
