0.375911
0.787927
0.322949
0.580543
0.375911
0.681504
0.643949
0.978604
0.672823
0.179787
0.357661
0.462365
0.016595
0.727244
0.387593
0.166886
0.290658
0.346575
0.022875
0.947760
0.075538
0.901408
0.690166
0.513281
0.962240
0.612135
0.491556
0.096609
0.801128
0.004503
0.744157
0.449423
0.010795
0.322949
0.163153
0.841556
0.549354
0.603471
0.245003
0.566341
0.916674
0.848789
0.589144
0.821730
0.594827
0.114294
0.527033
0.159490
0.264363
0.013909
0.643949
0.735726
0.496903
0.333520
0.429087
0.695863
0.874110
0.808960
0.527033
0.978604
0.801128
0.867378
0.620815
0.744157
0.031348
0.053907
0.860501
0.250182
0.310521
0.322949
0.190711
0.290658
0.735726
0.333520
0.434080
0.364456
0.051194
0.867378
0.727244
0.527033
0.626544
0.779856
0.518727
0.357661
0.543791
0.981075
0.727244
0.836720
0.771705
0.414138
0.643949
0.704484
0.758020
0.329292
0.375911
0.681504
0.801128
0.951979
0.421575
0.478214
0.290658
0.940331
0.779856
0.998463
0.535389
0.329292
0.713075
0.022875
0.821730
0.713075
0.470257
0.255445
0.667094
0.357661
0.340005
0.350951
0.713075
0.245003
0.375911
0.002041
0.727244
0.527033
0.316692
0.779856
0.127623
0.566341
0.907293
0.255445
0.057717
0.867378
0.260793
0.375911
0.658394
0.077446
0.704484
0.368979
0.795913
0.094284
0.758020
0.518727
0.779856
0.499678
0.962240
0.855893
0.144460
0.462365
0.088340
0.566341
0.037099
0.513281
0.441715
0.735726
0.063362
0.744157
0.163153
0.535389
0.589144
0.996919
0.062816
0.035500
0.236593
0.470257
0.269851
0.462365
0.801128
0.382926
0.713075
0.958545
0.050328
0.483494
0.566341
0.245003
0.749684
0.690166
0.223587
0.867378
0.848789
0.429087
0.816691
0.841556
0.375911
0.260793
0.250182
0.718717
0.735726
0.387593
0.284858
0.580543
0.867378
0.223587
0.727244
0.096609
0.652656
0.491556
0.978604
0.690166
0.153566
0.891273
0.375911
0.346575
0.007593
0.727244
0.147829
0.612135
0.935597
0.855893
0.147829
0.117048
0.421575
0.956001
0.052535
0.543791
0.704484
0.580543
0.617854
0.962240
0.989675
0.434080
0.940331
0.153566
0.449423
0.603471
0.626544
0.749684
0.589144
0.617854
0.907293
0.215763
0.454542
0.821730
0.927324
0.211153
0.333520
0.947760
0.566341
0.571972
0.241635
0.114294
0.589144
0.901408
0.922090
0.713075
0.059212
0.527033
0.935597
0.771705
0.055312
0.357661
0.163153
0.449423
0.535389
0.571972
0.316692
0.574890
0.829282
0.704484
0.421575
0.749684
0.060217
0.718717
0.643949
0.173237
0.612135
0.735726
0.836720
0.375911
0.626544
0.580543
0.635244
0.236593
0.275424
0.300471
0.829282
0.643949
0.153566
0.927324
0.527033
0.951979
0.505064
0.169385
0.956001
0.612135
0.649688
0.962240
0.246759
0.901408
0.288671
0.429087
0.034568
0.816691
0.279144
0.922090
0.643949
0.727244
0.255445
0.316692
0.735726
0.132684
0.821730
0.801128
0.346575
0.967937
0.922090
0.434080
0.401971
0.643949
0.808960
0.640981
0.557828
0.836720
0.658394
0.441715
0.169385
0.462365
0.329292
0.446787
0.612135
0.841556
0.310521
0.771705
0.867378
0.698805
0.695863
0.414138
0.211153
0.344325
0.079397
0.218844
0.144460
0.962240
0.025274
0.401971
0.017063
0.626544
0.771705
0.597771
0.821730
0.245003
0.816691
0.829282
0.290658
0.880693
0.597771
0.300471
0.491556
0.978604
0.603471
0.117048
0.543791
0.350951
0.801128
0.597771
0.603471
0.940331
0.269851
0.062816
0.801128
0.848789
0.995551
0.401971
0.119859
0.940331
0.793201
0.635244
0.801128
0.681504
0.829282
0.557828
0.421575
0.357661
0.958545
0.312615
0.855893
0.727244
0.137917
0.695863
0.557828
0.566341
0.589144
0.350951
0.535389
0.672823
0.829282
0.236593
0.505064
0.589144
0.066084
0.681504
0.056256
0.153566
0.429087
0.429087
0.704484
0.294528
0.543791
0.394742
0.643949
0.063362
0.962240
0.535389
0.793201
0.884948
0.390021
0.023508
0.264363
0.836720
0.635244
0.612135
0.211153
0.245003
0.841556
0.350951
0.808960
0.557828
0.675784
0.010298
0.744157
0.260793
0.704484
0.166886
0.867378
0.758020
0.704484
0.901408
0.612135
0.513281
0.009822
0.535389
0.527033
0.580543
0.744157
0.927324
0.841556
0.935597
0.735726
0.535389
0.127623
0.749684
0.059212
0.008847
0.114294
0.144460
0.672823
0.269851
0.119859
0.387593
0.173237
0.017063
0.749684
0.681504
0.173237
0.187953
0.713075
0.073672
0.580543
0.390021
0.535389
0.922090
0.649688
0.491556
0.626544
0.635244
0.913005
0.787927
0.228410
0.978604
0.260793
0.344325
0.667094
0.891273
0.109849
0.749684
0.727244
0.612135
0.721628
0.241635
0.074303
0.316692
0.098170
0.779856
0.947760
0.082732
0.749684
0.449423
0.727244
0.643949
0.535389
0.829282
0.543791
0.023508
0.387593
0.617854
0.589144
0.535389
0.255445
0.978604
0.236593
0.007593
0.758020
0.441715
0.721628
0.935597
0.922090
0.454542
0.727244
0.153566
0.467559
0.194957
0.124654
0.300471
0.681504
0.766291
0.855893
0.922090
0.557828
0.667094
0.916674
0.078727
0.421575
0.874110
0.612135
0.801128
0.649688
0.940331
0.264363
0.357661
0.758020
0.223587
0.704484
0.127623
0.617854
0.589144
0.947760
0.255445
0.130653
0.589144
0.878466
0.620815
0.057717
0.340005
0.153566
0.681504
0.401971
0.658394
0.580543
0.002517
0.543791
0.505064
0.940331
0.930673
0.771705
0.294528
0.681504
0.821730
0.626544
0.357661
0.009104
0.721628
0.250182
0.394742
0.907293
0.483494
0.801128
0.022258
0.300471
0.368979
0.382926
0.310521
0.649688
0.329292
0.181158
0.690166
0.981075
0.441715
0.527033
0.962240
