0.727244
0.951979
0.821730
0.329292
0.535389
0.329292
0.023508
0.364456
0.454542
0.571972
0.441715
0.612135
0.340005
0.795913
0.153566
0.434080
0.401971
0.350951
0.505064
0.223587
0.643949
0.163153
0.187953
0.962240
0.475494
0.821730
0.357661
0.735726
0.549354
0.787927
0.021859
0.236593
0.057717
0.808960
0.241635
0.312615
0.357661
0.211153
0.449423
0.897436
0.612135
0.329292
0.713075
0.589144
0.364456
0.255445
0.375911
0.441715
0.617854
0.000031
0.462365
0.294528
0.139014
0.135818
0.267971
0.279144
0.483494
0.779856
0.735726
0.821730
0.096609
0.434080
0.401971
0.629509
0.100580
0.535389
0.187953
0.462365
0.867378
0.779856
0.907293
0.183833
0.340005
0.414138
0.109849
0.991213
0.713075
0.505064
0.153566
0.971109
0.758020
0.589144
0.233315
0.549354
0.096609
0.000320
0.874110
0.829282
0.521553
0.401971
0.758020
0.375911
0.927324
0.223587
0.117048
0.306500
0.735726
0.050328
0.643949
0.535389
0.300471
0.088340
0.552238
0.521553
0.505064
0.021268
0.364456
0.672823
0.144460
0.421575
0.103042
0.704484
0.387593
0.144460
0.327120
0.475494
0.727244
0.971109
0.958545
0.766291
0.421575
0.333520
0.382926
0.978604
0.535389
0.041578
0.079397
0.821730
0.704484
0.250182
0.557828
0.935597
0.521553
0.704484
0.100580
0.350951
0.069506
0.580543
0.177160
0.940331
0.521553
0.758020
0.907293
0.518727
0.401971
0.927324
0.117048
0.211153
0.449423
0.116102
0.094284
0.211153
0.649688
0.612135
0.836720
0.483494
0.695863
0.179787
0.231634
0.513281
0.429087
0.357661
0.571972
0.316692
0.284858
0.766291
0.001960
0.475494
0.357661
0.907293
0.571972
0.357661
0.779856
0.589144
0.744157
0.454542
0.019230
0.457201
0.063362
0.855893
0.375911
0.236593
0.787927
0.132684
0.580543
0.364456
0.984769
0.907293
0.874110
0.566341
0.505064
0.462365
0.255445
0.535389
0.414138
0.306500
0.183833
0.935597
0.426518
0.713075
0.421575
0.880693
0.075538
0.589144
0.935597
0.364456
0.922090
0.984769
0.690166
0.015409
0.580543
0.672823
0.829282
0.284858
0.121744
0.649688
0.801128
0.346575
0.036127
0.580543
0.390021
0.421575
0.013276
0.264363
0.984769
0.713075
0.574890
0.549354
0.557828
0.513281
0.681504
0.672823
0.127623
0.951979
0.107244
0.681504
0.401971
0.727244
0.038094
0.211153
0.962240
0.173237
0.635244
0.878466
0.713075
0.179787
0.787927
0.387593
0.695863
0.951979
0.462365
0.333520
0.144460
0.603471
0.236593
0.951979
0.801128
0.557828
0.580543
0.409279
0.681504
0.574890
0.132684
0.698805
0.462365
0.496903
0.021859
0.749684
0.505064
0.054829
0.441715
0.160731
0.874110
0.135818
0.935597
0.306500
0.241635
0.281082
0.049040
0.829282
0.275424
0.981075
0.003193
0.001421
0.690166
0.793201
0.264363
0.157114
0.513281
0.836720
0.414138
0.454542
0.951979
0.335721
0.891273
0.098985
0.744157
0.304435
0.766291
0.981075
0.991213
0.891273
0.907293
0.557828
0.434080
0.491556
0.801128
0.346575
0.848789
0.163153
0.169385
0.989675
0.766291
0.801128
0.394742
0.808960
0.441715
0.340005
0.096609
0.927324
0.571972
0.072465
0.368979
0.409279
0.173237
0.390021
0.306500
0.401971
0.880693
0.429087
0.505064
0.867378
0.589144
0.129613
0.340005
0.744157
0.130653
0.698805
0.401971
0.322949
0.031348
0.940331
0.239907
0.793201
0.050328
0.603471
0.874110
0.930673
0.333520
0.024596
0.421575
0.821730
0.233315
0.884948
0.153566
0.488801
0.068911
0.119859
0.194957
0.617854
0.192150
0.735726
0.063362
0.735726
0.241635
0.183833
0.672823
0.203680
0.119859
0.024596
0.390021
0.713075
0.462365
0.147829
0.580543
0.580543
0.019768
0.163153
0.951979
0.690166
0.194957
0.981075
0.994555
0.499678
0.779856
0.930673
0.808960
0.658394
0.907293
0.735726
0.000294
0.626544
0.269851
0.874110
0.735726
0.589144
0.000516
0.771705
0.848789
0.735726
0.368979
0.998868
0.649688
0.735726
0.006637
0.727244
0.891273
0.401971
0.454542
0.681504
0.958545
0.441715
0.566341
0.296545
0.060217
0.901408
0.735726
0.429087
0.667094
0.829282
0.801128
0.612135
0.612135
0.816691
0.279144
0.350951
0.884948
0.744157
0.913005
0.401971
0.571972
0.635244
0.698805
0.346575
0.658394
0.406779
0.017378
0.199280
0.067775
0.951979
0.059212
0.470257
0.874110
0.026438
0.580543
0.867378
0.874110
0.649688
0.316692
0.867378
0.758020
0.681504
0.589144
0.279144
0.681504
0.350951
0.927324
0.603471
0.821730
0.612135
0.749684
0.350951
0.704484
0.527033
0.771705
0.064431
0.566341
0.284858
0.779856
0.454542
0.848789
0.774492
0.922090
0.978604
0.414138
0.947760
0.018368
0.947760
0.177160
0.228410
0.848789
0.199280
0.239907
0.231634
0.907293
0.103042
0.211153
0.414138
0.260793
0.218844
0.612135
0.721628
0.441715
0.535389
0.603471
0.620815
0.290658
0.236593
0.260793
0.421575
0.223587
0.557828
0.626544
0.406779
0.421575
0.557828
0.626544
0.867378
0.603471
0.891273
0.779856
0.491556
0.848789
0.449423
0.841556
0.127623
0.086919
0.041578
0.695863
0.848789
0.690166
0.027164
0.658394
0.032199
0.571972
0.690166
0.047782
0.749684
0.023935
0.521553
0.019768
0.079397
0.589144
0.695863
0.023935
0.329292
0.951979
0.382926
0.649688
0.434080
0.771705
0.597771
0.713075
0.021268
0.491556
0.787927
0.667094
0.681504
0.153566
0.704484
0.821730
0.978604
0.364456
0.891273
0.048208
0.571972
0.070065
0.166886
0.779856
0.571972
0.077446
0.713075
0.855893
0.557828
0.667094
0.557828
0.269851
0.483494
0.913005
0.513281
0.056750
0.475494
0.690166
0.401971
0.505064
0.721628
