0.766291
0.681504
0.150086
0.003926
0.340005
0.907293
0.281082
0.766291
0.713075
0.867378
0.048208
0.236593
0.434080
0.735726
0.031348
0.603471
0.255445
0.173237
0.316692
0.329292
0.704484
0.401971
0.406779
0.306500
0.449423
0.994555
0.901408
0.429087
0.922090
0.603471
0.333520
0.521553
0.199280
0.241635
0.649688
0.157114
0.649688
0.527033
0.626544
0.549354
0.867378
0.020320
0.836720
0.808960
0.322949
0.052535
0.766291
0.594827
0.713075
0.165605
0.478214
0.434080
0.284858
0.513281
0.505064
0.704484
0.727244
0.901408
0.300471
0.580543
0.580543
0.141156
0.997586
0.316692
0.014305
0.057717
0.672823
0.340005
0.375911
0.626544
0.603471
0.166886
0.084803
0.727244
0.667094
0.690166
0.163153
0.848789
0.681504
0.429087
0.681504
0.483494
0.713075
0.713075
0.090535
0.521553
0.344325
0.543791
0.245003
0.951979
0.117048
0.169385
0.658394
0.571972
0.185229
0.626544
0.096609
0.808960
0.793201
0.322949
0.927324
0.927324
0.867378
0.107244
0.132684
0.916674
0.199280
0.984769
0.094284
0.183833
0.758020
0.535389
0.978604
0.549354
0.940331
0.521553
0.836720
0.441715
0.160731
0.082732
0.617854
0.119859
0.994555
0.612135
0.021268
0.735726
0.187953
0.478214
0.022875
0.557828
0.962240
0.513281
0.012317
0.228410
0.053907
0.836720
0.991213
0.744157
0.901408
0.704484
0.543791
0.779856
0.566341
0.922090
0.013654
0.080707
0.007739
0.848789
0.557828
0.735726
0.713075
0.766291
0.681504
0.766291
0.922090
0.215763
0.449423
0.429087
0.749684
0.749684
0.735726
0.704484
0.891273
0.199280
0.340005
0.891273
0.721628
0.454542
0.727244
0.549354
0.758020
0.766291
0.935597
0.284858
0.855893
0.795913
0.681504
0.223587
0.072465
0.535389
0.144460
0.958545
0.000112
0.758020
0.001922
0.704484
0.296545
0.441715
0.231634
0.884948
0.505064
0.013909
0.068911
0.114294
0.491556
0.727244
0.649688
0.749684
0.023935
0.505064
0.681504
0.713075
0.867378
0.296545
0.012317
0.346575
0.029982
0.163153
0.414138
0.124654
0.626544
0.787927
0.779856
0.612135
0.836720
0.867378
0.658394
0.382926
0.470257
0.612135
0.535389
0.294528
0.787927
0.704484
0.269851
0.080707
0.867378
0.808960
0.187953
0.021268
0.816691
0.192150
0.589144
0.808960
0.357661
0.589144
0.580543
0.108126
0.202171
0.406779
0.038094
0.025274
0.971109
0.766291
0.340005
0.672823
0.220452
0.801128
0.758020
0.194957
0.867378
0.139014
0.962240
0.141156
0.121744
0.475494
0.626544
0.449423
0.779856
0.421575
0.483494
0.211153
0.236593
0.580543
0.841556
0.088340
0.690166
0.978604
0.072465
0.475494
0.589144
0.695863
0.994555
0.236593
0.947760
0.496903
0.947760
0.658394
0.735726
0.727244
0.072465
0.771705
0.387593
0.462365
0.626544
0.597771
0.039801
0.749684
0.913005
0.867378
0.290658
0.496903
0.394742
0.801128
0.401971
0.947760
0.999892
0.153566
0.475494
0.749684
0.643949
0.223587
0.446787
0.867378
0.375911
0.984769
0.649688
0.940331
0.580543
0.848789
0.109849
0.434080
0.394742
0.470257
0.340005
0.306500
0.787927
0.346575
0.713075
0.092008
0.779856
0.211153
0.713075
0.421575
0.841556
0.020130
0.841556
0.713075
0.173237
0.147829
0.187953
0.836720
0.907293
0.704484
0.848789
0.994555
0.457201
0.594827
0.177160
0.821730
0.704484
0.758020
0.658394
0.072465
0.250182
0.557828
0.589144
0.005110
0.557828
0.061772
0.801128
0.483494
0.962240
0.801128
0.620815
0.194957
0.387593
0.580543
0.505064
0.491556
0.505064
0.375911
0.816691
0.119859
0.441715
0.991213
0.096609
0.003523
0.779856
0.250182
0.082732
0.681504
0.758020
0.901408
0.681504
0.527033
0.801128
0.401971
0.935597
0.306500
0.206623
0.132684
0.150086
0.884948
0.118894
0.290658
0.505064
0.713075
0.801128
0.814067
0.589144
0.454542
0.187953
0.735726
0.947760
0.357661
0.279144
0.401971
0.589144
0.758020
0.821730
0.124654
0.454542
0.998463
0.735726
0.922090
0.897436
0.245003
0.491556
0.098170
0.821730
0.535389
0.454542
0.462365
0.333520
0.907293
0.179787
0.901408
0.681504
0.635244
0.690166
0.046970
0.333520
0.135818
0.401971
0.346575
0.713075
0.241635
0.008847
0.390021
0.441715
0.483494
0.891273
0.199280
0.312615
0.808960
0.974087
0.060217
0.867378
0.884948
0.135818
0.357661
0.557828
0.255445
0.690166
0.518727
0.521553
0.109849
0.012907
0.766291
0.241635
0.529876
0.704484
0.475494
0.414138
0.357661
0.947760
0.215763
0.867378
0.197797
0.947760
0.589144
0.779856
0.491556
0.505064
0.024596
0.000485
0.566341
0.521553
0.290658
0.766291
0.974087
0.375911
0.907293
0.414138
0.192150
0.462365
0.771705
0.962240
0.329292
0.000578
0.340005
0.816691
0.704484
0.491556
0.808960
0.194957
0.505064
0.557828
0.047782
0.735726
0.177160
0.672823
0.867378
0.557828
0.884948
0.727244
0.836720
0.269851
0.491556
0.327120
0.364456
0.077446
0.855893
0.758020
0.779856
0.787927
0.580543
0.002189
0.667094
0.643949
0.279144
0.100580
0.891273
0.829282
0.312615
0.779856
0.505064
0.841556
0.597771
0.434080
0.513281
0.449423
0.518727
0.836720
0.589144
0.491556
0.635244
0.672823
0.310521
0.147829
0.109849
0.406779
0.935597
0.333520
0.117048
0.236593
0.681504
0.064431
0.571972
0.306500
0.540922
0.867378
0.233315
0.406779
0.989675
0.821730
0.401971
0.086192
0.109849
0.061772
0.157114
0.499678
0.795913
0.135818
0.658394
0.603471
0.132684
0.935597
0.357661
0.387593
0.312615
0.836720
0.779856
0.643949
0.758020
0.350951
0.434080
0.163153
0.496903
0.499678
0.040864
0.041952
0.513281
0.364456
0.436675
