0.046970
0.346575
0.457201
0.589144
0.735726
0.543791
0.535389
0.007378
0.100580
0.735726
0.470257
0.470257
0.704484
0.801128
0.841556
0.891273
0.821730
0.589144
0.681504
0.322949
0.962240
0.255445
0.434080
0.401971
0.269851
0.306500
0.999575
0.999892
0.014305
0.024596
0.821730
0.346575
0.704484
0.758020
0.505064
0.518727
0.483494
0.010298
0.829282
0.063362
0.357661
0.387593
0.557828
0.467559
0.100580
0.884948
0.540922
0.055312
0.135818
0.635244
0.009546
0.124654
0.483494
0.935597
0.713075
0.808960
0.612135
0.056256
0.333520
0.978604
0.836720
0.094284
0.368979
0.077446
0.580543
0.166886
0.117048
0.749684
0.127623
0.901408
0.771705
0.513281
0.549354
0.643949
0.735726
0.246759
0.951979
0.735726
0.841556
0.322949
0.390021
0.513281
0.434080
0.513281
0.047782
0.901408
0.021268
0.144460
0.026438
0.151265
0.821730
0.867378
0.068911
0.566341
0.612135
0.557828
0.758020
0.028409
0.241635
0.922090
0.735726
0.935597
0.496903
0.211153
0.401971
0.940331
0.940331
0.290658
0.974087
0.603471
0.441715
0.652656
0.008597
0.713075
0.470257
0.401971
0.884948
0.721628
0.821730
0.884948
0.144460
0.449423
0.096609
0.499678
0.962240
0.841556
0.713075
0.589144
0.170690
0.394742
0.505064
0.658394
0.061772
0.535389
0.801128
0.986757
0.273514
0.749684
0.862861
0.190711
0.994555
0.513281
0.159490
0.066084
0.566341
0.079397
0.382926
0.340005
0.766291
0.491556
0.672823
0.549354
0.779856
0.340005
0.478214
0.470257
0.557828
0.001449
0.340005
0.848789
0.109849
0.269851
0.333520
0.566341
0.223587
0.626544
0.527033
0.483494
0.690166
0.117048
0.848789
0.491556
0.848789
0.704484
0.922090
0.050328
0.215763
0.187953
0.801128
0.672823
0.557828
0.344325
0.927324
0.543791
0.264363
0.470257
0.462365
0.978604
0.779856
0.260793
0.543791
0.005855
0.114294
0.329292
0.907293
0.690166
0.166886
0.874110
0.294528
0.997586
0.829282
0.441715
0.513281
0.449423
0.658394
0.721628
0.940331
0.735726
0.922090
0.690166
0.713075
0.344325
0.434080
0.681504
0.001114
0.935597
0.690166
0.698805
0.513281
0.816691
0.867378
0.829282
0.258960
0.340005
0.294528
0.527033
0.927324
0.713075
0.821730
0.580543
0.787927
0.535389
0.129613
0.927324
0.589144
0.306500
0.535389
0.070668
0.727244
0.185229
0.026438
0.306500
0.907293
0.801128
0.713075
0.617854
0.779856
0.346575
0.206623
0.322949
0.580543
0.127623
0.322949
0.867378
0.681504
0.025274
0.264363
0.163153
0.135818
0.672823
0.340005
0.329292
0.199280
0.096609
0.913005
0.203680
0.434080
0.406779
0.907293
0.643949
0.793201
0.735726
0.000271
0.744157
0.758020
0.981075
0.199280
0.441715
0.409279
0.848789
0.382926
0.974087
0.667094
0.107244
0.300471
0.947760
0.002950
0.704484
0.718717
0.901408
0.922090
0.994555
0.409279
0.787927
0.470257
0.981075
0.874110
0.874110
0.340005
0.228410
0.829282
0.779856
0.922090
0.284858
0.475494
0.434080
0.667094
0.001080
0.483494
0.589144
0.034568
0.033659
0.135818
0.327120
0.771705
0.150086
0.333520
0.199280
0.808960
0.046970
0.036127
0.327120
0.135818
0.855893
0.446787
0.543791
0.884948
0.535389
0.860501
0.867378
0.649688
0.535389
0.603471
0.635244
0.927324
0.848789
0.758020
0.067775
0.264363
0.096609
0.032199
0.749684
0.067775
0.441715
0.124654
0.744157
0.557828
0.907293
0.088340
0.758020
0.061772
0.922090
0.129613
0.079397
0.357661
0.025731
0.290658
0.027908
0.290658
0.100580
0.429087
0.401971
0.034568
0.984769
0.183833
0.848789
0.177160
0.535389
0.371333
0.566341
0.643949
0.296545
0.897436
0.535389
0.124654
0.019768
0.808960
0.617854
0.139014
0.787927
0.978604
0.801128
0.916674
0.690166
0.626544
0.771705
0.387593
0.483494
0.649688
0.183833
0.236593
0.552238
0.566341
0.535389
0.935597
0.046970
0.612135
0.787927
0.019768
0.571972
0.874110
0.713075
0.491556
0.635244
0.795913
0.414138
0.958545
0.159490
0.001310
0.053907
0.935597
0.994555
0.841556
0.018706
0.603471
0.958545
0.312615
0.327120
0.279144
0.891273
0.179787
0.947760
0.766291
0.223587
0.233315
0.009104
0.891273
0.401971
0.557828
0.021859
0.779856
0.535389
0.005013
0.971109
0.329292
0.300471
0.375911
0.704484
0.891273
0.589144
0.986757
0.003455
0.019230
0.727244
0.860501
0.841556
0.626544
0.779856
0.462365
0.821730
0.935597
0.574890
0.635244
0.119859
0.749684
0.594827
0.620815
0.441715
0.947760
0.236593
0.346575
0.401971
0.401971
0.255445
0.421575
0.017063
0.643949
0.589144
0.704484
0.357661
0.884948
0.421575
0.922090
0.382926
0.409279
0.475494
0.002146
0.275424
0.159490
0.922090
0.779856
0.916674
0.001588
0.787927
0.991213
0.771705
0.513281
0.690166
0.727244
0.589144
0.808960
0.449423
0.635244
0.681504
0.290658
0.552238
0.288671
0.535389
0.284858
0.329292
0.727244
0.009277
0.470257
0.426518
0.483494
0.199280
0.290658
0.072465
0.535389
0.758020
0.704484
0.194957
0.109849
0.821730
0.322949
0.860501
0.874110
0.088340
0.040864
0.991213
0.922090
0.535389
0.580543
0.294528
0.992594
0.758020
0.491556
0.135818
0.658394
0.787927
0.211153
0.612135
0.667094
0.401971
0.067775
0.228410
0.571972
0.620815
0.735726
0.199280
0.713075
0.394742
0.589144
0.491556
0.211153
0.557828
0.401971
0.008597
0.962240
0.612135
0.991213
0.735726
0.951979
0.124654
0.333520
0.255445
0.094284
0.107244
0.255445
0.635244
0.132684
0.491556
0.496903
0.891273
0.735726
0.527033
0.312615
0.787927
0.491556
0.375911
0.571972
0.766291
0.340005
0.672823
0.690166
0.984769
