0.019230
0.695863
0.199280
0.255445
0.241635
0.848789
0.491556
0.109849
0.758020
0.855893
0.021656
0.260793
0.557828
0.994555
0.594827
0.449423
0.022875
0.194957
0.735726
0.836720
0.004868
0.211153
0.566341
0.594827
0.454542
0.357661
0.681504
0.907293
0.316692
0.860501
0.658394
0.884948
0.401971
0.312615
0.010795
0.658394
0.421575
0.626544
0.867378
0.841556
0.255445
0.617854
0.290658
0.364456
0.535389
0.250182
0.203680
0.749684
0.236593
0.513281
0.015409
0.808960
0.971109
0.061772
0.580543
0.922090
0.429087
0.250182
0.704484
0.250182
0.236593
0.518727
0.535389
0.626544
0.967937
0.867378
0.233315
0.643949
0.470257
0.580543
0.003455
0.626544
0.907293
0.935597
0.884948
0.226757
0.884948
0.462365
0.922090
0.066084
0.681504
0.891273
0.891273
0.821730
0.132684
0.228410
0.312615
0.612135
0.194957
0.362130
0.375911
0.340005
0.594827
0.491556
0.132684
0.223587
0.549354
0.333520
0.867378
0.284858
0.695863
0.658394
0.255445
0.223587
0.907293
0.255445
0.874110
0.483494
0.446787
0.357661
0.749684
0.086192
0.787927
0.390021
0.735726
0.801128
0.329292
0.002950
0.549354
0.233315
0.057717
0.884948
0.290658
0.124654
0.026438
0.454542
0.021859
0.848789
0.821730
0.690166
0.841556
0.994555
0.867378
0.273514
0.483494
0.527033
0.821730
0.350951
0.406779
0.121744
0.801128
0.626544
0.119859
0.962240
0.594827
0.434080
0.320806
0.758020
0.672823
0.758020
0.808960
0.690166
0.505064
0.971109
0.749684
0.640981
0.848789
0.053907
0.004164
0.046970
0.549354
0.829282
0.491556
0.667094
0.333520
0.228410
0.066084
0.505064
0.589144
0.119859
0.177160
0.414138
0.935597
0.529876
0.375911
0.848789
0.513281
0.549354
0.011425
0.449423
0.114294
0.157114
0.589144
0.114294
0.704484
0.491556
0.848789
0.050328
0.727244
0.121744
0.375911
0.009822
0.643949
0.000661
0.801128
0.744157
0.394742
0.867378
0.007593
0.090535
0.922090
0.153566
0.527033
0.603471
0.841556
0.275424
0.884948
0.626544
0.635244
0.580543
0.483494
0.177160
0.571972
0.505064
0.884948
0.253642
0.916674
0.758020
0.998868
0.329292
0.483494
0.940331
0.935597
0.801128
0.001208
0.043818
0.580543
0.206623
0.401971
0.470257
0.704484
0.855893
0.626544
0.310521
0.001636
0.470257
0.658394
0.060217
0.658394
0.505064
0.916674
0.416665
0.779856
0.322949
0.462365
0.995551
0.658394
0.779856
0.855893
0.735726
0.589144
0.884948
0.470257
0.028409
0.100580
0.962240
0.848789
0.704484
0.470257
0.329292
0.096609
0.540922
0.288671
0.051194
0.829282
0.658394
0.153566
0.414138
0.884948
0.518727
0.535389
0.223587
0.779856
0.513281
0.766291
0.124654
0.991213
0.620815
0.907293
0.177160
0.362130
0.390021
0.695863
0.082732
0.505064
0.340005
0.658394
0.735726
0.475494
0.103042
0.040864
0.080707
0.727244
0.808960
0.255445
0.935597
0.626544
0.346575
0.867378
0.766291
0.026438
0.017063
0.457201
0.649688
0.434080
0.549354
0.518727
0.821730
0.214182
0.612135
0.580543
0.269851
0.612135
0.626544
0.695863
0.104694
0.153566
0.027164
0.127623
0.300471
0.801128
0.713075
0.300471
0.382926
0.808960
0.060217
0.965738
0.535389
0.603471
0.620815
0.867378
0.434080
0.855893
0.658394
0.962240
0.749684
0.483494
0.241635
0.612135
0.867378
0.340005
0.612135
0.020320
0.406779
0.808960
0.808960
0.421575
0.004728
0.043429
0.434080
0.387593
0.771705
0.206623
0.357661
0.147829
0.357661
0.346575
0.735726
0.996919
0.017063
0.032199
0.848789
0.589144
0.947760
0.626544
0.758020
0.236593
0.483494
0.779856
0.084803
0.275424
0.290658
0.346575
0.013909
0.100580
0.626544
0.521553
0.414138
0.215763
0.177160
0.429087
0.557828
0.001865
0.211153
0.401971
0.848789
0.157114
0.649688
0.000661
0.284858
0.867378
0.058699
0.103042
0.462365
0.735726
0.557828
0.735726
0.649688
0.040864
0.233315
0.364456
0.306500
0.603471
0.649688
0.362130
0.260793
0.333520
0.218844
0.821730
0.375911
0.020130
0.357661
0.023508
0.368979
0.035500
0.540922
0.808960
0.589144
0.649688
0.018706
0.867378
0.316692
0.612135
0.228410
0.713075
0.690166
0.951979
0.848789
0.922090
0.518727
0.749684
0.375911
0.695863
0.103042
0.891273
0.181158
0.766291
0.626544
0.023935
0.574890
0.860501
0.787927
0.749684
0.039801
0.264363
0.643949
0.735726
0.749684
0.429087
0.375911
0.626544
0.449423
0.867378
0.409279
0.681504
0.513281
0.409279
0.163153
0.236593
0.935597
0.779856
0.951979
0.549354
0.589144
0.735726
0.006144
0.275424
0.947760
0.667094
0.874110
0.626544
0.658394
0.672823
0.571972
0.947760
0.821730
0.155897
0.884948
0.166886
0.499678
0.695863
0.566341
0.255445
0.643949
0.947760
0.681504
0.821730
0.382926
0.841556
0.029186
0.375911
0.916674
0.808960
0.441715
0.612135
0.241635
0.690166
0.505064
0.801128
0.649688
0.127623
0.368979
0.535389
0.406779
0.704484
0.829282
0.571972
0.718717
0.787927
0.951979
0.153566
0.462365
0.470257
0.166886
0.421575
0.994555
0.787927
0.491556
0.681504
0.284858
0.163153
0.141156
0.557828
0.327120
0.211153
0.183833
0.884948
0.496903
0.141156
0.855893
0.127623
0.884948
0.279144
0.166886
0.841556
0.766291
0.901408
0.907293
0.836720
0.401971
0.306500
0.997586
0.860501
0.735726
0.111596
0.962240
0.727244
0.441715
0.758020
0.375911
0.927324
0.269851
0.658394
0.922090
0.901408
0.233315
0.984769
0.940331
0.306500
0.821730
0.117048
0.829282
0.907293
0.821730
0.801128
0.766291
0.056256
0.635244
0.340005
0.787927
0.434080
0.713075
0.104694
0.075538
0.935597
0.801128
