0.649688
0.005687
0.290658
0.491556
0.808960
0.744157
0.117048
0.518727
0.284858
0.382926
0.401971
0.047782
0.005110
0.300471
0.922090
0.137917
0.557828
0.557828
0.721628
0.206623
0.483494
0.192150
0.513281
0.947760
0.478214
0.891273
0.801128
0.513281
0.947760
0.139014
0.368979
0.735726
0.713075
0.744157
0.375911
0.496903
0.771705
0.483494
0.316692
0.394742
0.758020
0.735726
0.107244
0.808960
0.306500
0.414138
0.429087
0.421575
0.223587
0.635244
0.940331
0.109849
0.211153
0.635244
0.215763
0.981075
0.050328
0.499678
0.001774
0.758020
0.346575
0.978604
0.394742
0.603471
0.735726
0.617854
0.141156
0.103042
0.801128
0.829282
0.801128
0.535389
0.848789
0.907293
0.999575
0.829282
0.072465
0.421575
0.010298
0.513281
0.429087
0.612135
0.884948
0.046970
0.521553
0.206623
0.543791
0.382926
0.612135
0.927324
0.521553
0.513281
0.891273
0.974087
0.001421
0.971109
0.475494
0.260793
0.989675
0.612135
0.147829
0.635244
0.029982
0.109849
0.649688
0.056256
0.991213
0.571972
0.620815
0.483494
0.155897
0.368979
0.159490
0.001960
0.626544
0.836720
0.401971
0.449423
0.947760
0.855893
0.518727
0.446787
0.766291
0.940331
0.496903
0.173237
0.721628
0.255445
0.144460
0.368979
0.626544
0.617854
0.199280
0.971109
0.986757
0.118894
0.821730
0.698805
0.603471
0.658394
0.029982
0.135818
0.310521
0.009277
0.626544
0.279144
0.643949
0.958545
0.718717
0.867378
0.159490
0.867378
0.821730
0.947760
0.704484
0.626544
0.250182
0.829282
0.070668
0.316692
0.306500
0.617854
0.735726
0.496903
0.549354
0.907293
0.935597
0.927324
0.421575
0.203680
0.294528
0.401971
0.981075
0.496903
0.907293
0.580543
0.589144
0.067775
0.255445
0.867378
0.364456
0.112510
0.223587
0.105557
0.535389
0.441715
0.019230
0.735726
0.056256
0.916674
0.362130
0.580543
0.713075
0.962240
0.841556
0.441715
0.399498
0.603471
0.157114
0.787927
0.965738
0.018368
0.018883
0.042685
0.002443
0.557828
0.991213
0.681504
0.441715
0.100580
0.329292
0.986757
0.340005
0.922090
0.470257
0.884948
0.163153
0.350951
0.429087
0.250182
0.454542
0.434080
0.236593
0.260793
0.211153
0.434080
0.658394
0.505064
0.947760
0.255445
0.039801
0.454542
0.340005
0.057717
0.884948
0.658394
0.891273
0.000019
0.984769
0.132684
0.848789
0.096609
0.727244
0.744157
0.821730
0.848789
0.496903
0.513281
0.986757
0.059212
0.350951
0.414138
0.620815
0.329292
0.658394
0.589144
0.787927
0.382926
0.462365
0.084803
0.150086
0.571972
0.695863
0.333520
0.935597
0.643949
0.357661
0.867378
0.626544
0.401971
0.829282
0.958545
0.874110
0.382926
0.635244
0.801128
0.704484
0.713075
0.897436
0.350951
0.981075
0.011974
0.984769
0.626544
0.727244
0.997586
0.449423
0.940331
0.766291
0.228410
0.901408
0.749684
0.350951
0.157114
0.275424
0.758020
0.119859
0.922090
0.135818
0.096609
0.199280
0.394742
0.304435
0.092778
0.135818
0.860501
0.241635
0.735726
0.117048
0.640981
0.787927
0.406779
0.643949
0.029186
0.766291
0.199280
0.160731
0.483494
0.884948
0.220452
0.557828
0.779856
0.362130
0.077446
0.098985
0.704484
0.194957
0.808960
0.421575
0.499678
0.000121
0.475494
0.082732
0.146673
0.333520
0.867378
0.580543
0.421575
0.056256
0.245003
0.275424
0.635244
0.375911
0.275424
0.037099
0.971109
0.421575
0.758020
0.350951
0.974087
0.771705
0.513281
0.535389
0.073672
0.350951
0.874110
0.940331
0.841556
0.940331
0.758020
0.141156
0.649688
0.462365
0.549354
0.603471
0.848789
0.269851
0.566341
0.454542
0.117048
0.951979
0.340005
0.549354
0.867378
0.735726
0.922090
0.612135
0.007965
0.491556
0.009822
0.981075
0.557828
0.357661
0.907293
0.429087
0.603471
0.491556
0.211153
0.068911
0.061772
0.441715
0.589144
0.994555
0.070668
0.153566
0.215763
0.211153
0.580543
0.649688
0.695863
0.064431
0.258960
0.394742
0.940331
0.808960
0.002863
0.187953
0.177160
0.808960
0.279144
0.971109
0.735726
0.829282
0.848789
0.991213
0.344325
0.640981
0.260793
0.166886
0.672823
0.713075
0.766291
0.109849
0.787927
0.667094
0.947760
0.951979
0.884948
0.475494
0.958545
0.300471
0.491556
0.070668
0.672823
0.015845
0.991213
0.713075
0.874110
0.681504
0.057717
0.749684
0.279144
0.580543
0.401971
0.121744
0.874110
0.907293
0.935597
0.401971
0.264363
0.084803
0.117048
0.836720
0.043818
0.173237
0.971109
0.779856
0.364456
0.766291
0.922090
0.483494
0.978604
0.340005
0.406779
0.223587
0.704484
0.848789
0.808960
0.513281
0.848789
0.821730
0.940331
0.549354
0.505064
0.096609
0.223587
0.535389
0.986757
0.414138
0.749684
0.626544
0.649688
0.241635
0.626544
0.012670
0.236593
0.059212
0.566341
0.344325
0.199280
0.192150
0.335721
0.015409
0.457201
0.025970
0.499678
0.446787
0.329292
0.978604
0.779856
0.449423
0.194957
0.907293
0.187953
0.626544
0.269851
0.557828
0.713075
0.884948
0.505064
0.177160
0.535389
0.496903
0.649688
0.103042
0.640981
0.127623
0.421575
0.658394
0.228410
0.821730
0.364456
0.169385
0.505064
0.771705
0.028409
0.821730
0.535389
0.505064
0.284858
0.535389
0.020130
0.300471
0.922090
0.766291
0.758020
0.008597
0.406779
0.907293
0.713075
0.574890
0.124654
0.612135
0.626544
0.801128
0.166886
0.557828
0.333520
0.603471
0.787927
0.552238
0.306500
0.867378
0.690166
0.421575
0.082732
0.421575
0.874110
0.867378
0.300471
0.771705
0.935597
0.557828
0.327120
0.848789
0.603471
0.316692
0.306500
0.027164
0.075538
0.690166
0.704484
0.557828
0.426518
0.075538
0.394742
