0.867378
0.483494
0.206623
0.652656
0.635244
0.658394
0.181158
0.855893
0.290658
0.771705
0.144460
0.015845
0.518727
0.039801
0.744157
0.414138
0.816691
0.050328
0.749684
0.023935
0.208158
0.177160
0.557828
0.841556
0.055312
0.907293
0.841556
0.916674
0.557828
0.557828
0.467559
0.829282
0.014985
0.958545
0.241635
0.721628
0.612135
0.557828
0.947760
0.884948
0.467559
0.626544
0.294528
0.566341
0.962240
0.082732
0.166886
0.779856
0.779856
0.841556
0.173237
0.401971
0.947760
0.187953
0.649688
0.467559
0.589144
0.177160
0.226757
0.965738
0.793201
0.454542
0.549354
0.951979
0.470257
0.801128
0.597771
0.658394
0.086919
0.727244
0.483494
0.483494
0.053907
0.986757
0.467559
0.580543
0.166886
0.300471
0.127623
0.132684
0.566341
0.658394
0.394742
0.557828
0.159490
0.346575
0.058699
0.884948
0.681504
0.279144
0.713075
0.891273
0.434080
0.211153
0.231634
0.821730
0.727244
0.974087
0.436675
0.223587
0.273514
0.779856
0.434080
0.382926
0.922090
0.848789
0.927324
0.082732
0.228410
0.867378
0.279144
0.401971
0.275424
0.041578
0.290658
0.055312
0.102197
0.049040
0.449423
0.821730
0.223587
0.978604
0.779856
0.206623
0.580543
0.635244
0.927324
0.829282
0.449423
0.023508
0.382926
0.884948
0.491556
0.658394
0.801128
0.962240
0.612135
0.296545
0.491556
0.199280
0.521553
0.821730
0.727244
0.414138
0.891273
0.940331
0.255445
0.003850
0.505064
0.236593
0.132684
0.290658
0.635244
0.727244
0.052535
0.821730
0.183833
0.068911
0.566341
0.690166
0.050328
0.513281
0.603471
0.306500
0.340005
0.521553
0.454542
0.603471
0.446787
0.371333
0.027908
0.658394
0.401971
0.994555
0.758020
0.177160
0.375911
0.050328
0.233315
0.821730
0.549354
0.071848
0.135818
0.312615
0.316692
0.535389
0.165605
0.922090
0.649688
0.462365
0.935597
0.161896
0.821730
0.429087
0.169385
0.483494
0.986757
0.589144
0.667094
0.173237
0.821730
0.223587
0.635244
0.139014
0.935597
0.483494
0.958545
0.177160
0.513281
0.414138
0.801128
0.505064
0.543791
0.766291
0.364456
0.695863
0.513281
0.787927
0.947760
0.787927
0.658394
0.250182
0.589144
0.643949
0.841556
0.290658
0.488801
0.549354
0.005855
0.470257
0.090535
0.192150
0.141156
0.153566
0.971109
0.681504
0.907293
0.557828
0.649688
0.401971
0.275424
0.350951
0.350951
0.658394
0.103042
0.787927
0.333520
0.333520
0.766291
0.505064
0.991213
0.713075
0.874110
0.801128
0.181158
0.241635
0.540922
0.228410
0.294528
0.940331
0.594827
0.795913
0.194957
0.132684
0.505064
0.107244
0.527033
0.571972
0.344325
0.275424
0.202171
0.368979
0.406779
0.658394
0.139014
0.771705
0.698805
0.704484
0.951979
0.965738
0.475494
0.211153
0.658394
0.549354
0.513281
0.535389
0.300471
0.758020
0.643949
0.535389
0.801128
0.713075
0.612135
0.394742
0.643949
0.218844
0.907293
0.281082
0.340005
0.107244
0.771705
0.758020
0.290658
0.371333
0.580543
0.387593
0.672823
0.344325
0.132684
0.449423
0.462365
0.991213
0.223587
0.727244
0.300471
0.862861
0.177160
0.206623
0.836720
0.704484
0.721628
0.290658
0.984769
0.513281
0.000872
0.626544
0.927324
0.594827
0.635244
0.012317
0.199280
0.441715
0.199280
0.042685
0.787927
0.940331
0.496903
0.294528
0.735726
0.922090
0.401971
0.279144
0.667094
0.672823
0.891273
0.190711
0.112510
0.375911
0.121744
0.434080
0.211153
0.026438
0.340005
0.672823
0.105557
0.215763
0.401971
0.922090
0.821730
0.713075
0.603471
0.860501
0.340005
0.758020
0.350951
0.727244
0.704484
0.124654
0.206623
0.031348
0.935597
0.744157
0.603471
0.867378
0.344325
0.922090
0.922090
0.821730
0.629509
0.848789
0.098985
0.382926
0.441715
0.107244
0.304435
0.401971
0.340005
0.505064
0.103042
0.157114
0.194957
0.066084
0.758020
0.068911
0.194957
0.557828
0.340005
0.695863
0.635244
0.766291
0.434080
0.907293
0.907293
0.375911
0.357661
0.187953
0.787927
0.329292
0.127623
0.449423
0.704484
0.382926
0.958545
0.848789
0.617854
0.279144
0.603471
0.779856
0.535389
0.441715
0.203680
0.169385
0.215763
0.779856
0.025731
0.132684
0.901408
0.421575
0.098170
0.543791
0.821730
0.467559
0.215763
0.612135
0.382926
0.470257
0.821730
0.549354
0.183833
0.258960
0.080707
0.037099
0.727244
0.060217
0.667094
0.177160
0.867378
0.580543
0.704484
0.860501
0.766291
0.771705
0.414138
0.635244
0.211153
0.421575
0.112510
0.935597
0.801128
0.409279
0.483494
0.801128
0.203680
0.848789
0.333520
0.867378
0.181158
0.306500
0.891273
0.978604
0.735726
0.690166
0.119859
0.357661
0.306500
0.860501
0.940331
0.884948
0.491556
0.155897
0.549354
0.070668
0.626544
0.119859
0.779856
0.260793
0.860501
0.505064
0.958545
0.978604
0.626544
0.884948
0.513281
0.989675
0.940331
0.098170
0.414138
0.672823
0.279144
0.922090
0.478214
0.067775
0.206623
0.571972
0.147829
0.246759
0.394742
0.290658
0.499678
0.035180
0.821730
0.306500
0.787927
0.215763
0.855893
0.187953
0.951979
0.014711
0.597771
0.771705
0.527033
0.491556
0.901408
0.841556
0.014985
0.269851
0.848789
0.994555
0.284858
0.194957
0.829282
0.505064
0.962240
0.001588
0.787927
0.635244
0.300471
0.121744
0.916674
0.255445
0.841556
0.848789
0.658394
0.787927
0.206623
0.667094
0.907293
0.462365
0.329292
0.727244
0.023508
0.543791
0.981075
0.279144
0.483494
0.116102
0.284858
0.571972
0.029186
0.103042
0.681504
0.589144
0.434080
0.264363
0.057717
0.364456
0.594827
0.643949
0.032199
0.713075
0.322949
0.829282
0.557828
0.073672
0.758020
0.808960
