0.029186
0.037752
0.223587
0.704484
0.557828
0.681504
0.096609
0.357661
0.704484
0.557828
0.626544
0.589144
0.211153
0.626544
0.991213
0.173237
0.808960
0.580543
0.199280
0.635244
0.483494
0.284858
0.401971
0.635244
0.543791
0.735726
0.012548
0.306500
0.848789
0.535389
0.612135
0.246759
0.008847
0.357661
0.454542
0.884948
0.316692
0.080707
0.787927
0.787927
0.053907
0.695863
0.306500
0.521553
0.901408
0.434080
0.088340
0.935597
0.153566
0.470257
0.848789
0.713075
0.566341
0.075538
0.211153
0.681504
0.713075
0.922090
0.333520
0.836720
0.521553
0.462365
0.867378
0.860501
0.434080
0.658394
0.000285
0.007593
0.177160
0.306500
0.535389
0.290658
0.414138
0.119859
0.269851
0.505064
0.867378
0.340005
0.228410
0.848789
0.744157
0.409279
0.901408
0.023508
0.223587
0.329292
0.255445
0.935597
0.947760
0.681504
0.557828
0.841556
0.808960
0.690166
0.821730
0.626544
0.284858
0.848789
0.947760
0.612135
0.626544
0.258960
0.470257
0.779856
0.749684
0.612135
0.206623
0.594827
0.681504
0.635244
0.050328
0.994555
0.612135
0.001540
0.649688
0.951979
0.294528
0.658394
0.157114
0.801128
0.103042
0.327120
0.340005
0.429087
0.114294
0.380525
0.329292
0.350951
0.375911
0.589144
0.028409
0.962240
0.922090
0.364456
0.603471
0.821730
0.206623
0.787927
0.771705
0.597771
0.211153
0.333520
0.414138
0.535389
0.855893
0.566341
0.462365
0.434080
0.401971
0.580543
0.163153
0.255445
0.322949
0.580543
0.981075
0.316692
0.414138
0.527033
0.829282
0.771705
0.658394
0.279144
0.375911
0.749684
0.322949
0.829282
0.958545
0.406779
0.855893
0.860501
0.350951
0.462365
0.483494
0.841556
0.841556
0.173237
0.177160
0.382926
0.749684
0.779856
0.841556
0.151265
0.269851
0.643949
0.557828
0.290658
0.027164
0.127623
0.612135
0.721628
0.971109
0.269851
0.829282
0.713075
0.223587
0.951979
0.066084
0.166886
0.483494
0.971109
0.535389
0.357661
0.965738
0.984769
0.220452
0.721628
0.306500
0.357661
0.829282
0.727244
0.103042
0.306500
0.241635
0.704484
0.626544
0.414138
0.978604
0.626544
0.808960
0.449423
0.540922
0.187953
0.364456
0.566341
0.009546
0.801128
0.821730
0.779856
0.779856
0.994555
0.658394
0.940331
0.758020
0.002593
0.086919
0.042685
0.713075
0.153566
0.173237
0.884948
0.690166
0.025274
0.518727
0.874110
0.935597
0.094284
0.421575
0.535389
0.589144
0.974087
0.153566
0.316692
0.375911
0.496903
0.505064
0.255445
0.971109
0.580543
0.667094
0.429087
0.002324
0.199280
0.713075
0.922090
0.031348
0.316692
0.009104
0.635244
0.181158
0.580543
0.667094
0.821730
0.829282
0.100580
0.421575
0.612135
0.779856
0.594827
0.290658
0.241635
0.829282
0.603471
0.795913
0.362130
0.199280
0.635244
0.787927
0.132684
0.187953
0.483494
0.549354
0.441715
0.612135
0.316692
0.635244
0.505064
0.306500
0.462365
0.322949
0.269851
0.269851
0.891273
0.258960
0.340005
0.357661
0.801128
0.841556
0.382926
0.157114
0.053907
0.681504
0.518727
0.874110
0.449423
0.269851
0.066084
0.401971
0.543791
0.446787
0.513281
0.414138
0.735726
0.749684
0.211153
0.874110
0.727244
0.329292
0.163153
0.483494
0.060217
0.713075
0.414138
0.124654
0.829282
0.603471
0.603471
0.991213
0.535389
0.549354
0.649688
0.884948
0.375911
0.306500
0.491556
0.922090
0.793201
0.779856
0.088340
0.848789
0.340005
0.470257
0.211153
0.626544
0.294528
0.434080
0.758020
0.801128
0.505064
0.300471
0.986757
0.390021
0.521553
0.958545
0.206623
0.169385
0.766291
0.771705
0.518727
0.860501
0.540922
0.153566
0.874110
0.549354
0.981075
0.821730
0.112510
0.269851
0.000000
0.499678
0.281082
0.907293
0.727244
0.704484
0.103042
0.681504
0.749684
0.758020
0.640981
0.115226
0.801128
0.704484
0.855893
0.284858
0.382926
0.891273
0.855893
0.119859
0.758020
0.169385
0.841556
0.157114
0.779856
0.462365
0.603471
0.401971
0.557828
0.441715
0.916674
0.454542
0.907293
0.907293
0.368979
0.779856
0.322949
0.329292
0.672823
0.491556
0.521553
0.300471
0.518727
0.401971
0.658394
0.658394
0.233315
0.206623
0.718717
0.801128
0.793201
0.300471
0.735726
0.010795
0.795913
0.574890
0.891273
0.713075
0.816691
0.821730
0.491556
0.100580
0.147829
0.658394
0.704484
0.340005
0.891273
0.681504
0.626544
0.279144
0.713075
0.181158
0.735726
0.163153
0.855893
0.260793
0.643949
0.316692
0.779856
0.549354
0.571972
0.467559
0.996919
0.496903
0.194957
0.549354
0.483494
0.414138
0.096609
0.749684
0.984769
0.841556
0.758020
0.771705
0.042685
0.211153
0.279144
0.658394
0.333520
0.375911
0.296545
0.173237
0.848789
0.603471
0.860501
0.816691
0.033659
0.026438
0.617854
0.698805
0.074303
0.727244
0.483494
0.935597
0.566341
0.394742
0.296545
0.557828
0.390021
0.860501
0.801128
0.603471
0.470257
0.667094
0.816691
0.260793
0.333520
0.821730
0.603471
0.787927
0.375911
0.922090
0.236593
0.187953
0.808960
0.540922
0.891273
0.521553
0.713075
0.974087
0.695863
0.594827
0.211153
0.462365
0.009016
0.841556
0.649688
0.146673
0.829282
0.855893
0.998868
0.749684
0.333520
0.166886
0.264363
0.329292
0.421575
0.462365
0.690166
0.874110
0.626544
0.362130
0.098985
0.816691
0.574890
0.251967
0.002863
0.192150
0.841556
0.916674
0.741289
0.735726
0.884948
0.340005
0.549354
0.505064
0.713075
0.690166
0.255445
0.836720
0.867378
0.163153
0.808960
0.749684
0.580543
0.617854
0.279144
0.829282
0.612135
0.643949
0.829282
0.922090
0.368979
0.874110
0.119859
0.306500
0.109849
0.077446
0.951979
