0.713075
0.401971
0.947760
0.557828
0.901408
0.535389
0.571972
0.183833
0.300471
0.340005
0.901408
0.620815
0.967937
0.030518
0.488801
0.070668
0.513281
0.462365
0.166886
0.962240
0.104694
0.208158
0.070668
0.836720
0.603471
0.434080
0.758020
0.897436
0.007965
0.848789
0.947760
0.891273
0.690166
0.203680
0.449423
0.505064
0.382926
0.013149
0.603471
0.014305
0.103042
0.771705
0.518727
0.672823
0.199280
0.867378
0.535389
0.848789
0.003099
0.913005
0.072465
0.375911
0.672823
0.907293
0.017866
0.505064
0.215763
0.206623
0.018706
0.571972
0.199280
0.690166
0.513281
0.269851
0.658394
0.927324
0.483494
0.626544
0.112510
0.658394
0.571972
0.121744
0.454542
0.681504
0.821730
0.023508
0.916674
0.821730
0.801128
0.874110
0.891273
0.940331
0.375911
0.114294
0.690166
0.462365
0.907293
0.074303
0.394742
0.721628
0.169385
0.626544
0.821730
0.951979
0.061772
0.022875
0.306500
0.357661
0.211153
0.994555
0.181158
0.675784
0.549354
0.166886
0.211153
0.290658
0.434080
0.907293
0.836720
0.649688
0.290658
0.264363
0.086192
0.364456
0.667094
0.758020
0.841556
0.483494
0.808960
0.704484
0.090535
0.566341
0.103042
0.312615
0.103042
0.121744
0.375911
0.290658
0.795913
0.255445
0.082732
0.681504
0.382926
0.483494
0.255445
0.958545
0.771705
0.947760
0.457201
0.434080
0.922090
0.375911
0.088340
0.084803
0.681504
0.635244
0.589144
0.290658
0.620815
0.199280
0.594827
0.681504
0.057717
0.236593
0.521553
0.940331
0.940331
0.206623
0.996919
0.150086
0.566341
0.236593
0.316692
0.406779
0.735726
0.279144
0.681504
0.094284
0.543791
0.312615
0.119859
0.704484
0.603471
0.406779
0.039801
0.862861
0.744157
0.203680
0.658394
0.294528
0.713075
0.801128
0.130653
0.801128
0.518727
0.991213
0.940331
0.483494
0.808960
0.409279
0.153566
0.499678
0.612135
0.787927
0.867378
0.758020
0.483494
0.163153
0.658394
0.884948
0.801128
0.580543
0.026438
0.241635
0.322949
0.991213
0.880693
0.867378
0.535389
0.483494
0.991213
0.821730
0.994555
0.290658
0.203680
0.414138
0.867378
0.855893
0.907293
0.160731
0.414138
0.390021
0.513281
0.557828
0.821730
0.421575
0.787927
0.316692
0.483494
0.441715
0.891273
0.901408
0.571972
0.922090
0.589144
0.667094
0.958545
0.215763
0.571972
0.643949
0.470257
0.132684
0.922090
0.947760
0.808960
0.580543
0.269851
0.774492
0.771705
0.250182
0.080707
0.401971
0.779856
0.649688
0.808960
0.115226
0.672823
0.312615
0.483494
0.752533
0.027164
0.077446
0.620815
0.935597
0.549354
0.543791
0.793201
0.649688
0.971109
0.491556
0.841556
0.441715
0.005687
0.238302
0.255445
0.060217
0.177160
0.901408
0.429087
0.635244
0.382926
0.626544
0.223587
0.727244
0.986757
0.549354
0.119859
0.855893
0.603471
0.350951
0.658394
0.421575
0.306500
0.072465
0.187953
0.855893
0.907293
0.989675
0.153566
0.704484
0.681504
0.368979
0.105557
0.401971
0.867378
0.589144
0.635244
0.026438
0.426518
0.470257
0.015845
0.300471
0.057717
0.727244
0.681504
0.513281
0.907293
0.211153
0.183833
0.014305
0.245003
0.603471
0.141156
0.927324
0.779856
0.880693
0.891273
0.258960
0.454542
0.721628
0.947760
0.306500
0.441715
0.821730
0.079397
0.612135
0.163153
0.535389
0.681504
0.192150
0.543791
0.617854
0.275424
0.779856
0.947760
0.927324
0.203680
0.643949
0.801128
0.357661
0.766291
0.169385
0.135818
0.390021
0.771705
0.004043
0.808960
0.021268
0.735726
0.300471
0.269851
0.626544
0.177160
0.449423
0.409279
0.173237
0.153566
0.199280
0.001981
0.913005
0.658394
0.119859
0.375911
0.580543
0.681504
0.483494
0.513281
0.505064
0.192150
0.255445
0.288671
0.098170
0.962240
0.011974
0.483494
0.829282
0.426518
0.848789
0.029982
0.626544
0.962240
0.203680
0.300471
0.580543
0.571972
0.971109
0.612135
0.681504
0.801128
0.454542
0.907293
0.907293
0.119859
0.766291
0.449423
0.187953
0.340005
0.491556
0.053907
0.211153
0.206623
0.848789
0.681504
0.150086
0.284858
0.121744
0.246759
0.884948
0.658394
0.462365
0.649688
0.718717
0.063362
0.070668
0.142275
0.215763
0.382926
0.316692
0.169385
0.029982
0.891273
0.236593
0.010298
0.808960
0.766291
0.848789
0.169385
0.333520
0.483494
0.808960
0.275424
0.513281
0.543791
0.867378
0.704484
0.228410
0.394742
0.922090
0.382926
0.816691
0.183833
0.018368
0.713075
0.084803
0.930673
0.667094
0.059212
0.612135
0.344325
0.779856
0.170690
0.612135
0.105557
0.228410
0.434080
0.246759
0.364456
0.117048
0.951979
0.001809
0.735726
0.535389
0.848789
0.758020
0.067775
0.258960
0.103042
0.535389
0.991213
0.801128
0.483494
0.981075
0.000262
0.744157
0.557828
0.462365
0.557828
0.499678
0.829282
0.855893
0.984769
0.535389
0.153566
0.603471
0.142275
0.981075
0.496903
0.998868
0.333520
0.552238
0.260793
0.513281
0.441715
0.279144
0.727244
0.112510
0.535389
0.375911
0.034568
0.603471
0.940331
0.037099
0.070668
0.704484
0.766291
0.779856
0.223587
0.026438
0.766291
0.735726
0.907293
0.978604
0.034568
0.801128
0.139014
0.658394
0.951979
0.019230
0.226757
0.667094
0.713075
0.470257
0.713075
0.003354
0.014711
0.470257
0.294528
0.603471
0.429087
0.357661
0.603471
0.704484
0.290658
0.141156
0.121744
0.672823
0.478214
0.721628
0.971109
0.808960
0.935597
0.848789
0.907293
0.816691
0.848789
0.098985
0.483494
0.483494
0.612135
0.250182
0.008597
0.535389
0.749684
0.346575
0.829282
0.922090
0.521553
0.867378
0.255445
0.072465
0.316692
0.015409
0.527033
0.749684
0.316692
0.951979
