0.375911
0.884948
0.543791
0.829282
0.721628
0.612135
0.891273
0.580543
0.658394
0.829282
0.329292
0.962240
0.505064
0.350951
0.441715
0.006144
0.364456
0.557828
0.121744
0.103042
0.375911
0.947760
0.340005
0.264363
0.612135
0.310521
0.414138
0.978604
0.735726
0.061772
0.279144
0.690166
0.891273
0.704484
0.643949
0.190711
0.566341
0.713075
0.855893
0.491556
0.181158
0.064990
0.927324
0.735726
0.275424
0.146673
0.635244
0.566341
0.157114
0.643949
0.635244
0.829282
0.177160
0.223587
0.009546
0.713075
0.228410
0.855893
0.077446
0.681504
0.907293
0.867378
0.327120
0.867378
0.557828
0.135818
0.589144
0.874110
0.916674
0.612135
0.260793
0.635244
0.000561
0.916674
0.808960
0.478214
0.855893
0.935597
0.690166
0.074303
0.855893
0.808960
0.129613
0.483494
0.124654
0.907293
0.749684
0.233315
0.346575
0.006325
0.434080
0.211153
0.264363
0.907293
0.535389
0.690166
0.681504
0.829282
0.173237
0.801128
0.070668
0.913005
0.316692
0.779856
0.652656
0.157114
0.114294
0.223587
0.543791
0.681504
0.159490
0.574890
0.527033
0.253642
0.603471
0.597771
0.255445
0.017378
0.766291
0.364456
0.005687
0.779856
0.649688
0.322949
0.199280
0.566341
0.617854
0.566341
0.612135
0.144460
0.273514
0.357661
0.922090
0.643949
0.454542
0.801128
0.329292
0.011640
0.130653
0.612135
0.913005
0.050328
0.163153
0.557828
0.390021
0.284858
0.721628
0.986757
0.758020
0.758020
0.612135
0.643949
0.649688
0.350951
0.084803
0.166886
0.962240
0.478214
0.255445
0.557828
0.867378
0.073672
0.163153
0.848789
0.589144
0.603471
0.322949
0.681504
0.672823
0.612135
0.004728
0.766291
0.958545
0.787927
0.150086
0.978604
0.401971
0.371333
0.414138
0.429087
0.284858
0.829282
0.401971
0.346575
0.114294
0.350951
0.971109
0.059212
0.521553
0.467559
0.250182
0.199280
0.306500
0.088340
0.414138
0.491556
0.483494
0.491556
0.935597
0.635244
0.535389
0.499678
0.375911
0.429087
0.940331
0.401971
0.808960
0.848789
0.246759
0.704484
0.635244
0.901408
0.626544
0.434080
0.771705
0.901408
0.927324
0.211153
0.557828
0.801128
0.860501
0.002950
0.557828
0.505064
0.194957
0.535389
0.316692
0.916674
0.177160
0.290658
0.635244
0.223587
0.907293
0.704484
0.658394
0.988571
0.681504
0.884948
0.004503
0.322949
0.316692
0.667094
0.649688
0.329292
0.409279
0.935597
0.011974
0.848789
0.874110
0.187953
0.766291
0.704484
0.157114
0.084803
0.667094
0.603471
0.375911
0.727244
0.496903
0.001208
0.971109
0.922090
0.690166
0.749684
0.387593
0.429087
0.758020
0.069506
0.704484
0.527033
0.279144
0.580543
0.290658
0.874110
0.978604
0.735726
0.491556
0.505064
0.310521
0.491556
0.322949
0.491556
0.874110
0.290658
0.364456
0.233315
0.038764
0.989675
0.612135
0.375911
0.290658
0.000041
0.658394
0.643949
0.821730
0.958545
0.744157
0.255445
0.350951
0.690166
0.557828
0.962240
0.521553
0.557828
0.513281
0.375911
0.394742
0.260793
0.860501
0.557828
0.255445
0.150086
0.033071
0.441715
0.414138
0.940331
0.304435
0.643949
0.974087
0.037099
0.177160
0.382926
0.194957
0.735726
0.300471
0.744157
0.848789
0.044980
0.779856
0.173237
0.649688
0.269851
0.026438
0.974087
0.774492
0.505064
0.801128
0.294528
0.401971
0.698805
0.067775
0.069506
0.441715
0.626544
0.935597
0.991213
0.603471
0.236593
0.043818
0.155897
0.984769
0.801128
0.744157
0.801128
0.322949
0.246759
0.000153
0.867378
0.603471
0.070668
0.245003
0.211153
0.163153
0.758020
0.015845
0.094284
0.310521
0.721628
0.269851
0.223587
0.727244
0.884948
0.090535
0.994555
0.470257
0.907293
0.690166
0.649688
0.821730
0.513281
0.499678
0.000239
0.475494
0.513281
0.067775
0.199280
0.787927
0.907293
0.801128
0.414138
0.974087
0.713075
0.557828
0.727244
0.236593
0.947760
0.130653
0.704484
0.521553
0.006325
0.340005
0.580543
0.275424
0.552238
0.766291
0.177160
0.316692
0.141156
0.771705
0.246759
0.505064
0.194957
0.241635
0.401971
0.951979
0.589144
0.513281
0.505064
0.787927
0.098985
0.589144
0.821730
0.462365
0.241635
0.589144
0.848789
0.571972
0.971109
0.333520
0.713075
0.441715
0.962240
0.535389
0.891273
0.357661
0.011753
0.185229
0.103042
0.991213
0.021268
0.681504
0.951979
0.141156
0.491556
0.891273
0.183833
0.414138
0.566341
0.535389
0.787927
0.681504
0.057717
0.300471
0.322949
0.801128
0.394742
0.998868
0.284858
0.801128
0.535389
0.255445
0.658394
0.022875
0.001246
0.031348
0.927324
0.394742
0.935597
0.070668
0.829282
0.940331
0.107244
0.713075
0.017543
0.096609
0.436675
0.394742
0.316692
0.068911
0.260793
0.635244
0.015845
0.421575
0.000661
0.187953
0.749684
0.031348
0.808960
0.236593
0.787927
0.922090
0.749684
0.649688
0.421575
0.513281
0.793201
0.589144
0.829282
0.255445
0.779856
0.580543
0.935597
0.211153
0.275424
0.000696
0.649688
0.306500
0.867378
0.704484
0.000182
0.594827
0.749684
0.112510
0.913005
0.992594
0.269851
0.649688
0.704484
0.375911
0.005110
0.649688
0.540922
0.940331
0.698805
0.749684
0.039801
0.035500
0.003559
0.316692
0.003193
0.470257
0.557828
0.316692
0.829282
0.612135
0.951979
0.735726
0.362130
0.141156
0.589144
0.589144
0.907293
0.735726
0.077446
0.612135
0.019768
0.019768
0.998868
0.290658
0.860501
0.024158
0.771705
0.808960
0.375911
0.177160
0.306500
0.521553
0.635244
0.643949
0.571972
0.580543
0.121744
0.346575
0.483494
0.357661
0.134742
0.000398
0.199280
0.704484
0.766291
0.496903
0.727244
0.211153
0.603471
0.672823
0.940331
