0.454542
0.357661
0.580543
0.357661
0.566341
0.566341
0.958545
0.981075
0.187953
0.649688
0.088340
0.816691
0.867378
0.867378
0.897436
0.681504
0.727244
0.004868
0.836720
0.306500
0.462365
0.340005
0.206623
0.787927
0.429087
0.281082
0.006325
0.505064
0.603471
0.170690
0.013909
0.721628
0.874110
0.000378
0.580543
0.203680
0.441715
0.779856
0.429087
0.713075
0.382926
0.055312
0.157114
0.364456
0.079397
0.848789
0.333520
0.667094
0.801128
0.462365
0.041578
0.727244
0.935597
0.643949
0.016595
0.333520
0.255445
0.643949
0.766291
0.333520
0.713075
0.255445
0.228410
0.620815
0.357661
0.141156
0.290658
0.177160
0.801128
0.223587
0.965738
0.749684
0.060217
0.549354
0.589144
0.072465
0.183833
0.821730
0.758020
0.421575
0.635244
0.394742
0.077446
0.462365
0.462365
0.478214
0.867378
0.441715
0.801128
0.681504
0.454542
0.462365
0.306500
0.454542
0.094284
0.000158
0.483494
0.848789
0.077446
0.766291
0.401971
0.027908
0.727244
0.986757
0.940331
0.557828
0.907293
0.183833
0.346575
0.951979
0.727244
0.173237
0.027908
0.749684
0.187953
0.057717
0.884948
0.540922
0.749684
0.612135
0.033071
0.340005
0.841556
0.429087
0.327120
0.626544
0.491556
0.109849
0.816691
0.758020
0.194957
0.368979
0.848789
0.916674
0.907293
0.007032
0.779856
0.027164
0.735726
0.779856
0.135818
0.499678
0.658394
0.187953
0.690166
0.382926
0.758020
0.046970
0.874110
0.273514
0.922090
0.316692
0.470257
0.024158
0.848789
0.891273
0.518727
0.635244
0.300471
0.629509
0.130653
0.011106
0.470257
0.421575
0.340005
0.505064
0.139014
0.104694
0.535389
0.951979
0.239907
0.713075
0.612135
0.039801
0.310521
0.594827
0.867378
0.891273
0.549354
0.891273
0.513281
0.808960
0.300471
0.935597
0.540922
0.394742
0.971109
0.566341
0.901408
0.801128
0.390021
0.246759
0.009822
0.774492
0.375911
0.758020
0.387593
0.157114
0.073672
0.513281
0.061772
0.260793
0.603471
0.672823
0.300471
0.603471
0.675784
0.421575
0.462365
0.855893
0.284858
0.269851
0.000009
0.557828
0.779856
0.505064
0.067775
0.681504
0.626544
0.491556
0.540922
0.735726
0.441715
0.841556
0.801128
0.483494
0.779856
0.183833
0.907293
0.690166
0.589144
0.978604
0.329292
0.421575
0.566341
0.223587
0.580543
0.228410
0.848789
0.848789
0.916674
0.124654
0.891273
0.704484
0.053907
0.260793
0.617854
0.594827
0.527033
0.279144
0.779856
0.491556
0.236593
0.626544
0.350951
0.891273
0.612135
0.841556
0.414138
0.387593
0.984769
0.667094
0.223587
0.290658
0.329292
0.306500
0.032771
0.991213
0.446787
0.603471
0.557828
0.306500
0.549354
0.821730
0.429087
0.496903
0.220452
0.394742
0.513281
0.220452
0.406779
0.215763
0.766291
0.922090
0.704484
0.046554
0.462365
0.658394
0.414138
0.829282
0.735726
0.119859
0.054829
0.096609
0.704484
0.787927
0.821730
0.406779
0.626544
0.649688
0.922090
0.394742
0.010009
0.203680
0.635244
0.159490
0.255445
0.897436
0.549354
0.808960
0.124654
0.907293
0.094284
0.675784
0.543791
0.603471
0.177160
0.935597
0.183833
0.808960
0.434080
0.698805
0.414138
0.884948
0.269851
0.629509
0.269851
0.032199
0.513281
0.429087
0.505064
0.505064
0.300471
0.589144
0.681504
0.228410
0.038094
0.002725
0.766291
0.260793
0.974087
0.462365
0.070668
0.024158
0.922090
0.867378
0.749684
0.429087
0.981075
0.218844
0.223587
0.749684
0.907293
0.006028
0.421575
0.540922
0.922090
0.649688
0.505064
0.426518
0.994555
0.801128
0.597771
0.704484
0.434080
0.394742
0.566341
0.499678
0.030518
0.322949
0.346575
0.454542
0.874110
0.667094
0.978604
0.901408
0.082732
0.021859
0.129613
0.290658
0.779856
0.029186
0.667094
0.047782
0.978604
0.006447
0.913005
0.643949
0.867378
0.157114
0.935597
0.958545
0.594827
0.829282
0.779856
0.364456
0.027908
0.626544
0.658394
0.166886
0.891273
0.971109
0.310521
0.340005
0.034568
0.153566
0.766291
0.681504
0.891273
0.121744
0.916674
0.012907
0.704484
0.589144
0.223587
0.681504
0.640981
0.350951
0.566341
0.157114
0.535389
0.727244
0.434080
0.241635
0.414138
0.183833
0.181158
0.704484
0.518727
0.549354
0.589144
0.290658
0.916674
0.681504
0.521553
0.470257
0.962240
0.306500
0.841556
0.603471
0.916674
0.681504
0.927324
0.371333
0.112510
0.580543
0.434080
0.860501
0.147829
0.766291
0.635244
0.681504
0.088340
0.306500
0.144460
0.704484
0.594827
0.620815
0.036127
0.829282
0.986757
0.793201
0.098985
0.163153
0.031348
0.496903
0.658394
0.801128
0.475494
0.897436
0.114294
0.704484
0.441715
0.635244
0.901408
0.094284
0.177160
0.594827
0.999892
0.371333
0.105557
0.316692
0.096609
0.735726
0.540922
0.496903
0.206623
0.414138
0.867378
0.672823
0.860501
0.421575
0.333520
0.612135
0.483494
0.030518
0.002124
0.357661
0.752533
0.056256
0.867378
0.215763
0.483494
0.499678
0.211153
0.306500
0.086919
0.557828
0.518727
0.913005
0.429087
0.635244
0.848789
0.988571
0.978604
0.010298
0.414138
0.119859
0.333520
0.951979
0.421575
0.962240
0.329292
0.499678
0.344325
0.635244
0.580543
0.594827
0.891273
0.290658
0.580543
0.913005
0.132684
0.017866
0.250182
0.841556
0.228410
0.635244
0.090535
0.135818
0.499678
0.907293
0.984769
0.744157
0.867378
0.206623
0.100580
0.426518
0.147829
0.580543
0.891273
0.836720
0.255445
0.357661
0.513281
0.316692
0.409279
0.978604
0.251967
0.994555
0.077446
0.620815
0.061772
0.771705
0.421575
0.867378
0.860501
0.867378
0.421575
0.269851
0.690166
0.801128
0.316692
0.449423
0.947760
0.862861
