0.310521
0.594827
0.025274
0.787927
0.951979
0.891273
0.626544
0.040864
0.187953
0.594827
0.434080
0.255445
0.962240
0.749684
0.704484
0.626544
0.005687
0.350951
0.007965
0.552238
0.727244
0.874110
0.421575
0.989675
0.771705
0.816691
0.084803
0.084803
0.022466
0.491556
0.727244
0.787927
0.821730
0.203680
0.690166
0.994555
0.580543
0.922090
0.236593
0.380525
0.721628
0.001902
0.409279
0.713075
0.144460
0.387593
0.107244
0.801128
0.429087
0.962240
0.635244
0.441715
0.681504
0.566341
0.557828
0.848789
0.571972
0.316692
0.626544
0.841556
0.571972
0.603471
0.014305
0.848789
0.421575
0.779856
0.364456
0.940331
0.658394
0.808960
0.527033
0.394742
0.036127
0.241635
0.078727
0.192150
0.077446
0.620815
0.364456
0.672823
0.907293
0.394742
0.394742
0.635244
0.901408
0.787927
0.620815
0.157114
0.329292
0.704484
0.549354
0.535389
0.364456
0.884948
0.808960
0.163153
0.594827
0.173237
0.441715
0.211153
0.394742
0.017543
0.060743
0.211153
0.166886
0.406779
0.375911
0.375911
0.594827
0.401971
0.658394
0.019768
0.557828
0.081393
0.749684
0.690166
0.667094
0.346575
0.991213
0.901408
0.862861
0.787927
0.566341
0.758020
0.557828
0.163153
0.449423
0.535389
0.518727
0.801128
0.829282
0.153566
0.228410
0.927324
0.801128
0.269851
0.002779
0.401971
0.907293
0.713075
0.620815
0.211153
0.994555
0.069506
0.829282
0.681504
0.038764
0.962240
0.010298
0.978604
0.434080
0.194957
0.535389
0.935597
0.535389
0.758020
0.109849
0.098985
0.429087
0.220452
0.848789
0.454542
0.084803
0.306500
0.344325
0.718717
0.371333
0.103042
0.025274
0.603471
0.105557
0.001588
0.635244
0.127623
0.231634
0.580543
0.449423
0.580543
0.681504
0.147829
0.841556
0.649688
0.316692
0.527033
0.681504
0.749684
0.290658
0.766291
0.867378
0.727244
0.617854
0.940331
0.449423
0.215763
0.441715
0.470257
0.010298
0.382926
0.316692
0.795913
0.026438
0.002255
0.801128
0.312615
0.989675
0.787927
0.935597
0.649688
0.793201
0.667094
0.535389
0.907293
0.505064
0.414138
0.040864
0.848789
0.681504
0.329292
0.829282
0.218844
0.310521
0.251967
0.002645
0.690166
0.121744
0.421575
0.228410
0.449423
0.157114
0.316692
0.049040
0.513281
0.446787
0.015409
0.031348
0.907293
0.535389
0.681504
0.009822
0.039801
0.364456
0.571972
0.821730
0.766291
0.483494
0.713075
0.300471
0.749684
0.620815
0.749684
0.922090
0.935597
0.035500
0.316692
0.626544
0.382926
0.368979
0.505064
0.927324
0.350951
0.119859
0.340005
0.491556
0.589144
0.441715
0.848789
0.626544
0.907293
0.035180
0.557828
0.275424
0.749684
0.874110
0.916674
0.333520
0.557828
0.626544
0.434080
0.333520
0.032199
0.183833
0.597771
0.368979
0.329292
0.401971
0.721628
0.801128
0.414138
0.236593
0.364456
0.986757
0.340005
0.690166
0.401971
0.801128
0.580543
0.836720
0.322949
0.801128
0.884948
0.478214
0.194957
0.070668
0.635244
0.333520
0.231634
0.057717
0.077446
0.434080
0.454542
0.414138
0.505064
0.535389
0.401971
0.527033
0.758020
0.275424
0.549354
0.901408
0.322949
0.594827
0.063362
0.518727
0.635244
0.141156
0.916674
0.947760
0.744157
0.841556
0.074303
0.020320
0.907293
0.713075
0.119859
0.246759
0.496903
0.984769
0.913005
0.312615
0.364456
0.535389
0.060217
0.571972
0.635244
0.779856
0.434080
0.273514
0.557828
0.055312
0.382926
0.478214
0.192150
0.978604
0.316692
0.947760
0.867378
0.245003
0.390021
0.387593
0.090535
0.612135
0.521553
0.340005
0.907293
0.635244
0.557828
0.635244
0.434080
0.635244
0.429087
0.157114
0.978604
0.557828
0.505064
0.867378
0.406779
0.329292
0.441715
0.066084
0.429087
0.927324
0.290658
0.327120
0.194957
0.848789
0.713075
0.124654
0.735726
0.011106
0.203680
0.940331
0.658394
0.535389
0.042685
0.236593
0.241635
0.947760
0.173237
0.771705
0.166886
0.429087
0.672823
0.483494
0.223587
0.779856
0.496903
0.867378
0.580543
0.007378
0.727244
0.518727
0.521553
0.245003
0.935597
0.991213
0.491556
0.626544
0.672823
0.947760
0.758020
0.867378
0.001540
0.995551
0.483494
0.362130
0.744157
0.916674
0.527033
0.916674
0.012317
0.401971
0.382926
0.672823
0.139014
0.340005
0.880693
0.190711
0.916674
0.121744
0.513281
0.357661
0.603471
0.566341
0.891273
0.098170
0.992594
0.681504
0.054829
0.186540
0.612135
0.004003
0.612135
0.061772
0.010298
0.626544
0.951979
0.255445
0.070668
0.855893
0.589144
0.557828
0.462365
0.135818
0.350951
0.387593
0.603471
0.766291
0.808960
0.086919
0.454542
0.441715
0.927324
0.766291
0.721628
0.475494
0.441715
0.364456
0.635244
0.801128
0.808960
0.199280
0.922090
0.107244
0.077446
0.375911
0.496903
0.901408
0.922090
0.580543
0.090535
0.658394
0.566341
0.891273
0.658394
0.223587
0.434080
0.346575
0.009277
0.056256
0.406779
0.735726
0.159490
0.801128
0.704484
0.429087
0.867378
0.223587
0.088340
0.758020
0.718717
0.049886
0.199280
0.409279
0.187953
0.346575
0.704484
0.144460
0.457201
0.571972
0.306500
0.290658
0.462365
0.357661
0.441715
0.612135
0.218844
0.962240
0.214182
0.848789
0.848789
0.557828
0.322949
0.228410
0.117048
0.020692
0.672823
0.063362
0.749684
0.690166
0.884948
0.901408
0.557828
0.718717
0.589144
0.005855
0.031348
0.177160
0.496903
0.505064
0.787927
0.589144
0.951979
0.901408
0.306500
0.951979
0.962240
0.264363
0.704484
0.808960
0.496903
0.758020
0.038094
0.884948
0.612135
0.409279
0.698805
0.862861
0.401971
0.801128
0.157114
0.766291
0.829282
0.260793
0.543791
0.112510
0.491556
