0.322949
0.860501
0.194957
0.050328
0.042685
0.594827
0.713075
0.394742
0.787927
0.658394
0.382926
0.112510
0.483494
0.971109
0.640981
0.255445
0.421575
0.306500
0.667094
0.329292
0.829282
0.505064
0.375911
0.695863
0.155897
0.049886
0.801128
0.916674
0.603471
0.414138
0.758020
0.540922
0.063362
0.721628
0.758020
0.368979
0.279144
0.322949
0.557828
0.787927
0.006325
0.518727
0.848789
0.956001
0.491556
0.368979
0.913005
0.194957
0.223587
0.454542
0.001669
0.690166
0.821730
0.067775
0.580543
0.441715
0.026438
0.749684
0.874110
0.513281
0.350951
0.543791
0.375911
0.206623
0.907293
0.891273
0.808960
0.505064
0.513281
0.535389
0.021859
0.535389
0.907293
0.841556
0.874110
0.223587
0.901408
0.312615
0.100580
0.821730
0.727244
0.635244
0.241635
0.382926
0.275424
0.329292
0.127623
0.105557
0.275424
0.594827
0.635244
0.449423
0.190711
0.962240
0.194957
0.163153
0.279144
0.727244
0.935597
0.173237
0.394742
0.690166
0.735726
0.215763
0.105557
0.758020
0.808960
0.483494
0.399498
0.962240
0.626544
0.713075
0.884948
0.000872
0.335721
0.300471
0.589144
0.001981
0.643949
0.940331
0.000182
0.505064
0.449423
0.612135
0.241635
0.462365
0.836720
0.704484
0.907293
0.635244
0.971109
0.787927
0.867378
0.681504
0.935597
0.779856
0.758020
0.454542
0.518727
0.704484
0.462365
0.808960
0.713075
0.019230
0.557828
0.626544
0.146673
0.841556
0.571972
0.612135
0.735726
0.698805
0.491556
0.026438
0.245003
0.077446
0.635244
0.284858
0.429087
0.483494
0.462365
0.421575
0.491556
0.505064
0.316692
0.241635
0.124654
0.462365
0.626544
0.698805
0.855893
0.535389
0.735726
0.052999
0.801128
0.380525
0.612135
0.612135
0.269851
0.346575
0.793201
0.023508
0.935597
0.057717
0.735726
0.986757
0.922090
0.255445
0.901408
0.884948
0.935597
0.000490
0.549354
0.147829
0.779856
0.704484
0.169385
0.603471
0.187953
0.986757
0.043818
0.132684
0.935597
0.279144
0.557828
0.063362
0.394742
0.290658
0.044980
0.199280
0.441715
0.255445
0.649688
0.841556
0.483494
0.454542
0.681504
0.801128
0.721628
0.922090
0.841556
0.371333
0.333520
0.867378
0.014305
0.808960
0.050328
0.362130
0.241635
0.382926
0.801128
0.690166
0.194957
0.094284
0.003289
0.045761
0.322949
0.901408
0.329292
0.713075
0.368979
0.574890
0.020320
0.535389
0.010009
0.312615
0.535389
0.491556
0.951979
0.675784
0.848789
0.300471
0.275424
0.470257
0.159490
0.787927
0.543791
0.758020
0.667094
0.635244
0.322949
0.226757
0.580543
0.681504
0.279144
0.535389
0.049040
0.114294
0.848789
0.758020
0.927324
0.063362
0.535389
0.333520
0.617854
0.250182
0.681504
0.429087
0.916674
0.223587
0.218844
0.499678
0.681504
0.470257
0.255445
0.535389
0.735726
0.275424
0.253642
0.643949
0.241635
0.387593
0.429087
0.491556
0.300471
0.521553
0.922090
0.935597
0.962240
0.166886
0.000641
0.002370
0.721628
0.758020
0.056256
0.518727
0.279144
0.874110
0.571972
0.513281
0.880693
0.104694
0.874110
0.787927
0.362130
0.821730
0.535389
0.211153
0.499678
0.000641
0.916674
0.020130
0.986757
0.141156
0.667094
0.060217
0.999575
0.406779
0.829282
0.913005
0.406779
0.016139
0.907293
0.713075
0.255445
0.264363
0.658394
0.022258
0.215763
0.491556
0.387593
0.594827
0.774492
0.695863
0.907293
0.884948
0.127623
0.304435
0.971109
0.549354
0.867378
0.962240
0.025731
0.037752
0.077446
0.429087
0.779856
0.829282
0.255445
0.070668
0.462365
0.371333
0.940331
0.626544
0.704484
0.449423
0.829282
0.672823
0.681504
0.022875
0.713075
0.543791
0.771705
0.250182
0.000696
0.483494
0.001865
0.690166
0.228410
0.031348
0.004164
0.513281
0.721628
0.364456
0.002567
0.727244
0.549354
0.779856
0.284858
0.978604
0.667094
0.543791
0.255445
0.010298
0.867378
0.109849
0.211153
0.549354
0.258960
0.096609
0.991213
0.119859
0.947760
0.779856
0.571972
0.667094
0.922090
0.935597
0.649688
0.589144
0.368979
0.462365
0.462365
0.749684
0.521553
0.434080
0.066084
0.978604
0.223587
0.340005
0.841556
0.109849
0.505064
0.483494
0.594827
0.643949
0.462365
0.713075
0.206623
0.766291
0.284858
0.907293
0.801128
0.250182
0.681504
0.306500
0.177160
0.978604
0.340005
0.220452
0.771705
0.821730
0.518727
0.801128
0.821730
0.421575
0.787927
0.441715
0.848789
0.434080
0.801128
0.681504
0.294528
0.166886
0.129613
0.901408
0.713075
0.241635
0.667094
0.635244
0.414138
0.025274
0.150086
0.997586
0.884948
0.401971
0.208158
0.454542
0.421575
0.574890
0.121744
0.401971
0.549354
0.441715
0.735726
0.749684
0.144460
0.306500
0.535389
0.157114
0.971109
0.364456
0.935597
0.275424
0.643949
0.612135
0.801128
0.801128
0.521553
0.382926
0.571972
0.203680
0.867378
0.713075
0.681504
0.187953
0.891273
0.771705
0.215763
0.394742
0.322949
0.090535
0.891273
0.758020
0.884948
0.779856
0.916674
0.333520
0.409279
0.766291
0.535389
0.441715
0.735726
0.382926
0.787927
0.357661
0.603471
0.829282
0.704484
0.228410
0.658394
0.951979
0.958545
0.867378
0.658394
0.566341
0.891273
0.549354
0.704484
0.690166
0.597771
0.406779
0.214182
0.228410
0.994555
0.483494
0.901408
0.199280
0.841556
0.580543
0.891273
0.884948
0.867378
0.119859
0.821730
0.513281
0.483494
0.713075
0.250182
0.603471
0.470257
0.394742
0.496903
0.153566
0.951979
0.891273
0.951979
0.177160
0.223587
0.406779
0.000112
0.478214
0.505064
0.841556
0.891273
0.901408
0.025274
0.978604
0.713075
0.891273
0.940331
0.744157
0.981075
0.727244
0.978604
0.821730
