0.050328
0.713075
0.513281
0.978604
0.144460
0.284858
0.935597
0.891273
0.589144
0.421575
0.713075
0.962240
0.000461
0.109849
0.603471
0.294528
0.470257
0.735726
0.044581
0.571972
0.027652
0.867378
0.566341
0.681504
0.144460
0.626544
0.382926
0.518727
0.499678
0.066084
0.779856
0.793201
0.521553
0.901408
0.304435
0.290658
0.409279
0.749684
0.024596
0.032771
0.589144
0.340005
0.475494
0.046970
0.841556
0.727244
0.971109
0.401971
0.414138
0.557828
0.039801
0.801128
0.264363
0.255445
0.306500
0.848789
0.922090
0.891273
0.967937
0.801128
0.505064
0.462365
0.124654
0.043818
0.808960
0.316692
0.063362
0.620815
0.364456
0.246759
0.375911
0.735726
0.649688
0.681504
0.475494
0.571972
0.617854
0.375911
0.475494
0.173237
0.675784
0.462365
0.681504
0.779856
0.165605
0.441715
0.958545
0.884948
0.496903
0.414138
0.658394
0.070668
0.521553
0.848789
0.658394
0.951979
0.329292
0.940331
0.991213
0.434080
0.907293
0.935597
0.121744
0.816691
0.721628
0.821730
0.884948
0.658394
0.801128
0.971109
0.070668
0.994555
0.589144
0.540922
0.329292
0.177160
0.927324
0.241635
0.084092
0.192150
0.260793
0.177160
0.967937
0.327120
0.965738
0.891273
0.518727
0.294528
0.092008
0.426518
0.704484
0.971109
0.233315
0.922090
0.260793
0.446787
0.375911
0.040864
0.617854
0.406779
0.394742
0.626544
0.704484
0.635244
0.635244
0.467559
0.322949
0.713075
0.390021
0.496903
0.962240
0.563435
0.566341
0.841556
0.194957
0.635244
0.454542
0.612135
0.284858
0.173237
0.713075
0.535389
0.014711
0.513281
0.250182
0.713075
0.007519
0.626544
0.121744
0.236593
0.698805
0.132684
0.947760
0.947760
0.284858
0.744157
0.735726
0.329292
0.935597
0.913005
0.589144
0.907293
0.329292
0.981075
0.735726
0.049040
0.218844
0.357661
0.927324
0.032199
0.922090
0.962240
0.735726
0.704484
0.635244
0.935597
0.589144
0.681504
0.462365
0.867378
0.042685
0.891273
0.901408
0.991213
0.127623
0.698805
0.491556
0.527033
0.535389
0.380525
0.901408
0.175815
0.505064
0.713075
0.626544
0.994555
0.658394
0.713075
0.505064
0.527033
0.513281
0.322949
0.566341
0.390021
0.004122
0.513281
0.935597
0.306500
0.974087
0.713075
0.429087
0.002020
0.019768
0.566341
0.327120
0.540922
0.884948
0.626544
0.382926
0.681504
0.808960
0.907293
0.681504
0.930673
0.206623
0.340005
0.681504
0.055312
0.922090
0.434080
0.735726
0.179787
0.177160
0.771705
0.350951
0.103042
0.421575
0.009104
0.368979
0.316692
0.264363
0.557828
0.166886
0.643949
0.891273
0.414138
0.153566
0.808960
0.947760
0.991213
0.897436
0.406779
0.153566
0.441715
0.211153
0.496903
0.649688
0.462365
0.401971
0.566341
0.649688
0.771705
0.829282
0.649688
0.667094
0.491556
0.971109
0.535389
0.300471
0.935597
0.434080
0.491556
0.916674
0.808960
0.649688
0.521553
0.958545
0.635244
0.667094
0.635244
0.695863
0.475494
0.848789
0.884948
0.907293
0.727244
0.603471
0.580543
0.357661
0.449423
0.026438
0.829282
0.580543
0.290658
0.290658
0.049040
0.566341
0.449423
0.971109
0.067775
0.801128
0.368979
0.867378
0.275424
0.241635
0.978604
0.267971
0.821730
0.867378
0.829282
0.860501
0.470257
0.241635
0.758020
0.150086
0.816691
0.947760
0.103042
0.491556
0.505064
0.867378
0.557828
0.779856
0.974087
0.962240
0.690166
0.860501
0.199280
0.518727
0.860501
0.801128
0.310521
0.478214
0.255445
0.808960
0.855893
0.635244
0.060217
0.930673
0.681504
0.848789
0.080707
0.841556
0.891273
0.144460
0.269851
0.867378
0.589144
0.364456
0.543791
0.127623
0.063362
0.841556
0.284858
0.414138
0.749684
0.698805
0.735726
0.190711
0.000020
0.971109
0.223587
0.874110
0.177160
0.841556
0.267971
0.241635
0.401971
0.382926
0.713075
0.109849
0.643949
0.690166
0.758020
0.206623
0.612135
0.114294
0.483494
0.836720
0.294528
0.907293
0.462365
0.250182
0.829282
0.594827
0.855893
0.991213
0.867378
0.340005
0.446787
0.766291
0.704484
0.901408
0.160731
0.364456
0.829282
0.104694
0.557828
0.540922
0.290658
0.454542
0.874110
0.649688
0.566341
0.350951
0.984769
0.260793
0.589144
0.922090
0.758020
0.543791
0.032771
0.713075
0.255445
0.867378
0.357661
0.991213
0.981075
0.749684
0.658394
0.199280
0.713075
0.543791
0.643949
0.441715
0.947760
0.571972
0.922090
0.848789
0.681504
0.322949
0.005262
0.258960
0.986757
0.744157
0.821730
0.441715
0.320806
0.816691
0.505064
0.974087
0.187953
0.758020
0.144460
0.002517
0.735726
0.368979
0.211153
0.649688
0.033659
0.855893
0.997586
0.382926
0.649688
0.034255
0.967937
0.566341
0.543791
0.449423
0.635244
0.231634
0.801128
0.284858
0.787927
0.884948
0.312615
0.867378
0.735726
0.749684
0.557828
0.273514
0.635244
0.169385
0.241635
0.771705
0.571972
0.209600
0.667094
0.346575
0.744157
0.649688
0.907293
0.375911
0.821730
0.382926
0.029982
0.056256
0.103042
0.434080
0.127623
0.429087
0.612135
0.057717
0.867378
0.264363
0.617854
0.727244
0.808960
0.141156
0.344325
0.364456
0.426518
0.177160
0.021268
0.088340
0.867378
0.704484
0.357661
0.907293
0.779856
0.241635
0.462365
0.190711
0.735726
0.816691
0.429087
0.808960
0.255445
0.491556
0.290658
0.758020
0.513281
0.056256
0.467559
0.766291
0.194957
0.241635
0.027652
0.098985
0.594827
0.290658
0.971109
0.749684
0.362130
0.063362
0.535389
0.027164
0.316692
0.867378
0.475494
0.000446
0.589144
0.312615
0.580543
0.290658
0.749684
0.024596
0.046970
0.228410
0.457201
0.801128
0.171915
0.771705
0.603471
0.300471
0.340005
