0.580543
0.340005
0.841556
0.967937
0.034568
0.233315
0.401971
0.690166
0.000262
0.878466
0.672823
0.340005
0.434080
0.658394
0.009727
0.284858
0.364456
0.203680
0.090535
0.255445
0.340005
0.978604
0.635244
0.620815
0.144460
0.264363
0.387593
0.322949
0.491556
0.589144
0.855893
0.187953
0.787927
0.695863
0.867378
0.260793
0.223587
0.580543
0.718717
0.935597
0.848789
0.163153
0.112510
0.505064
0.974087
0.801128
0.829282
0.046970
0.475494
0.801128
0.050328
0.327120
0.771705
0.829282
0.103042
0.962240
0.462365
0.978604
0.284858
0.329292
0.922090
0.971109
0.483494
0.421575
0.787927
0.462365
0.962240
0.032771
0.907293
0.867378
0.557828
0.557828
0.077446
0.094284
0.146673
0.441715
0.441715
0.901408
0.821730
0.084803
0.549354
0.187953
0.793201
0.848789
0.029186
0.566341
0.394742
0.527033
0.535389
0.147829
0.121744
0.808960
0.475494
0.801128
0.475494
0.518727
0.557828
0.255445
0.907293
0.787927
0.181158
0.153566
0.322949
0.010298
0.758020
0.951979
0.612135
0.060743
0.031348
0.064431
0.543791
0.135818
0.571972
0.264363
0.023508
0.951979
0.130653
0.626544
0.228410
0.991213
0.518727
0.228410
0.306500
0.779856
0.421575
0.322949
0.681504
0.744157
0.867378
0.787927
0.557828
0.215763
0.535389
0.401971
0.194957
0.421575
0.721628
0.962240
0.612135
0.916674
0.649688
0.375911
0.704484
0.997586
0.978604
0.808960
0.086192
0.649688
0.971109
0.236593
0.901408
0.801128
0.000456
0.787927
0.187953
0.962240
0.061772
0.047782
0.978604
0.884948
0.211153
0.836720
0.119859
0.867378
0.513281
0.368979
0.038764
0.527033
0.681504
0.163153
0.250182
0.821730
0.940331
0.300471
0.109849
0.927324
0.916674
0.215763
0.612135
0.951979
0.144460
0.704484
0.505064
0.816691
0.643949
0.157114
0.063362
0.421575
0.067775
0.658394
0.891273
0.935597
0.612135
0.841556
0.940331
0.290658
0.884948
0.250182
0.475494
0.829282
0.079397
0.884948
0.037099
0.808960
0.121744
0.275424
0.795913
0.635244
0.574890
0.306500
0.758020
0.821730
0.008597
0.088340
0.787927
0.947760
0.891273
0.236593
0.163153
0.552238
0.867378
0.527033
0.441715
0.475494
0.690166
0.060217
0.749684
0.672823
0.589144
0.935597
0.449423
0.103042
0.557828
0.290658
0.557828
0.986757
0.127623
0.390021
0.333520
0.462365
0.233315
0.039801
0.974087
0.527033
0.984769
0.462365
0.612135
0.228410
0.989675
0.052535
0.036127
0.421575
0.935597
0.829282
0.163153
0.829282
0.329292
0.177160
0.951979
0.978604
0.050328
0.382926
0.681504
0.421575
0.566341
0.228410
0.462365
0.421575
0.159490
0.333520
0.935597
0.897436
0.013909
0.401971
0.836720
0.228410
0.848789
0.153566
0.505064
0.901408
0.203680
0.891273
0.998463
0.891273
0.713075
0.994555
0.144460
0.848789
0.603471
0.310521
0.801128
0.030518
0.020320
0.978604
0.329292
0.449423
0.346575
0.246759
0.867378
0.744157
0.322949
0.003700
0.695863
0.690166
0.841556
0.836720
0.549354
0.808960
0.409279
0.056256
0.228410
0.940331
0.333520
0.951979
0.874110
0.357661
0.462365
0.897436
0.003193
0.103042
0.275424
0.713075
0.241635
0.483494
0.362130
0.884948
0.848789
0.441715
0.735726
0.779856
0.620815
0.795913
0.002645
0.626544
0.406779
0.713075
0.390021
0.046554
0.127623
0.649688
0.704484
0.092778
0.884948
0.429087
0.829282
0.340005
0.958545
0.199280
0.521553
0.758020
0.841556
0.462365
0.884948
0.139014
0.766291
0.061772
0.549354
0.387593
0.713075
0.626544
0.735726
0.779856
0.491556
0.421575
0.394742
0.566341
0.187953
0.513281
0.300471
0.038764
0.513281
0.470257
0.241635
0.499678
0.375911
0.535389
0.306500
0.441715
0.962240
0.094284
0.580543
0.658394
0.470257
0.808960
0.163153
0.177160
0.401971
0.090535
0.434080
0.206623
0.040864
0.203680
0.774492
0.672823
0.491556
0.580543
0.011640
0.981075
0.211153
0.907293
0.891273
0.594827
0.766291
0.284858
0.927324
0.787927
0.223587
0.695863
0.340005
0.681504
0.821730
0.175815
0.135818
0.223587
0.147829
0.275424
0.122729
0.841556
0.401971
0.401971
0.223587
0.690166
0.454542
0.787927
0.513281
0.441715
0.580543
0.566341
0.414138
0.029186
0.808960
0.057717
0.801128
0.658394
0.557828
0.518727
0.535389
0.571972
0.535389
0.922090
0.414138
0.629509
0.401971
0.478214
0.612135
0.867378
0.681504
0.036127
0.441715
0.901408
0.897436
0.962240
0.589144
0.364456
0.620815
0.006447
0.901408
0.233315
0.434080
0.922090
0.364456
0.375911
0.557828
0.855893
0.029982
0.513281
0.867378
0.704484
0.836720
0.394742
0.535389
0.779856
0.421575
0.557828
0.038764
0.001246
0.978604
0.284858
0.862861
0.855893
0.215763
0.580543
0.241635
0.978604
0.580543
0.246759
0.203680
0.721628
0.082732
0.867378
0.135818
0.153566
0.884948
0.557828
0.658394
0.236593
0.874110
0.535389
0.521553
0.681504
0.816691
0.580543
0.043818
0.284858
0.084803
0.735726
0.329292
0.454542
0.713075
0.275424
0.867378
0.264363
0.241635
0.070668
0.571972
0.127623
0.884948
0.958545
0.690166
0.228410
0.978604
0.836720
0.574890
0.690166
0.779856
0.006832
0.394742
0.721628
0.004372
0.848789
0.580543
0.012317
0.771705
0.364456
0.735726
0.758020
0.643949
0.986757
0.597771
0.690166
0.414138
0.044581
0.713075
0.884948
0.025274
0.771705
0.499678
0.375911
0.075538
0.589144
0.891273
0.612135
0.329292
0.907293
0.241635
0.513281
0.470257
0.441715
0.540922
0.549354
0.150086
0.333520
0.527033
0.727244
0.808960
0.658394
0.891273
0.951979
0.236593
0.836720
0.002725
0.284858
0.499678
0.704484
0.513281
0.304435
