0.922090
0.025731
0.672823
0.958545
0.821730
0.821730
0.612135
0.446787
0.441715
0.808960
0.375911
0.470257
0.612135
0.907293
0.499678
0.255445
0.721628
0.053907
0.033071
0.177160
0.848789
0.907293
0.779856
0.829282
0.223587
0.643949
0.150086
0.011106
0.603471
0.072465
0.346575
0.228410
0.612135
0.421575
0.540922
0.020320
0.994555
0.643949
0.215763
0.269851
0.535389
0.543791
0.527033
0.549354
0.891273
0.620815
0.744157
0.935597
0.441715
0.891273
0.635244
0.346575
0.801128
0.462365
0.513281
0.848789
0.159490
0.409279
0.801128
0.996919
0.594827
0.535389
0.340005
0.874110
0.907293
0.192150
0.063362
0.991213
0.787927
0.808960
0.368979
0.535389
0.357661
0.202171
0.603471
0.290658
0.144460
0.141156
0.814067
0.187953
0.681504
0.901408
0.333520
0.449423
0.626544
0.042685
0.346575
0.626544
0.269851
0.626544
0.571972
0.144460
0.364456
0.255445
0.496903
0.401971
0.916674
0.779856
0.215763
0.478214
0.394742
0.956001
0.626544
0.304435
0.574890
0.063362
0.005013
0.935597
0.855893
0.014985
0.612135
0.658394
0.269851
0.279144
0.527033
0.951979
0.266225
0.103042
0.105557
0.371333
0.449423
0.094284
0.117048
0.527033
0.603471
0.771705
0.406779
0.499678
0.855893
0.713075
0.049040
0.434080
0.527033
0.117048
0.434080
0.491556
0.620815
0.681504
0.375911
0.787927
0.922090
0.005262
0.727244
0.144460
0.518727
0.855893
0.163153
0.246759
0.836720
0.922090
0.580543
0.144460
0.779856
0.275424
0.153566
0.681504
0.001494
0.603471
0.187953
0.496903
0.947760
0.749684
0.470257
0.194957
0.033659
0.155897
0.007378
0.580543
0.735726
0.779856
0.566341
0.483494
0.951979
0.816691
0.346575
0.441715
0.635244
0.181158
0.549354
0.749684
0.284858
0.672823
0.735726
0.848789
0.787927
0.940331
0.947760
0.543791
0.808960
0.612135
0.322949
0.962240
0.986757
0.603471
0.513281
0.690166
0.974087
0.098170
0.891273
0.211153
0.462365
0.163153
0.231634
0.177160
0.940331
0.649688
0.194957
0.056256
0.129613
0.741289
0.104694
0.626544
0.449423
0.635244
0.535389
0.051648
0.462365
0.766291
0.766291
0.082732
0.394742
0.429087
0.848789
0.801128
0.236593
0.658394
0.779856
0.589144
0.779856
0.406779
0.275424
0.971109
0.300471
0.014985
0.401971
0.658394
0.935597
0.096609
0.032199
0.836720
0.901408
0.626544
0.160731
0.891273
0.643949
0.821730
0.829282
0.681504
0.470257
0.505064
0.429087
0.153566
0.505064
0.543791
0.935597
0.884948
0.264363
0.635244
0.275424
0.316692
0.836720
0.357661
0.735726
0.681504
0.206623
0.566341
0.549354
0.787927
0.013276
0.891273
0.801128
0.394742
0.426518
0.916674
0.589144
0.766291
0.382926
0.483494
0.177160
0.612135
0.997586
0.316692
0.549354
0.935597
0.557828
0.066084
0.727244
0.735726
0.086192
0.891273
0.115226
0.000890
0.940331
0.808960
0.695863
0.364456
0.004372
0.223587
0.580543
0.015845
0.179787
0.766291
0.218844
0.735726
0.758020
0.771705
0.067775
0.829282
0.160731
0.096609
0.626544
0.698805
0.658394
0.527033
0.758020
0.855893
0.350951
0.984769
0.749684
0.935597
0.112510
0.000740
0.617854
0.513281
0.704484
0.652656
0.635244
0.597771
0.436675
0.194957
0.173237
0.681504
0.429087
0.346575
0.589144
0.758020
0.236593
0.801128
0.557828
0.273514
0.505064
0.779856
0.597771
0.727244
0.766291
0.891273
0.173237
0.667094
0.901408
0.580543
0.364456
0.535389
0.635244
0.884948
0.327120
0.260793
0.635244
0.491556
0.053907
0.626544
0.192150
0.166886
0.236593
0.196422
0.681504
0.589144
0.735726
0.901408
0.681504
0.787927
0.801128
0.441715
0.848789
0.735726
0.744157
0.063362
0.527033
0.580543
0.011106
0.029186
0.103042
0.306500
0.891273
0.727244
0.913005
0.947760
0.704484
0.649688
0.429087
0.518727
0.867378
0.441715
0.571972
0.566341
0.003965
0.371333
0.901408
0.907293
0.867378
0.927324
0.571972
0.771705
0.867378
0.028409
0.808960
0.390021
0.070668
0.462365
0.947760
0.821730
0.312615
0.749684
0.294528
0.011753
0.978604
0.675784
0.350951
0.121744
0.462365
0.984769
0.499678
0.557828
0.364456
0.475494
0.749684
0.124654
0.179787
0.704484
0.092778
0.958545
0.612135
0.499678
0.135818
0.429087
0.695863
0.406779
0.008597
0.250182
0.060743
0.231634
0.371333
0.635244
0.340005
0.199280
0.527033
0.626544
0.787927
0.387593
0.848789
0.962240
0.000348
0.901408
0.992594
0.394742
0.483494
0.994555
0.787927
0.951979
0.187953
0.901408
0.635244
0.014711
0.951979
0.000002
0.940331
0.626544
0.098170
0.535389
0.758020
0.127623
0.962240
0.146673
0.014985
0.635244
0.513281
0.496903
0.681504
0.357661
0.135818
0.350951
0.543791
0.808960
0.916674
0.223587
0.744157
0.848789
0.142275
0.192150
0.735726
0.078727
0.922090
0.406779
0.735726
0.228410
0.147829
0.013654
0.470257
0.727244
0.589144
0.401971
0.681504
0.801128
0.038764
0.153566
0.066084
0.735726
0.296545
0.518727
0.829282
0.947760
0.557828
0.075538
0.421575
0.978604
0.467559
0.603471
0.626544
0.284858
0.000073
0.320806
0.483494
0.735726
0.496903
0.288671
0.557828
0.735726
0.518727
0.199280
0.589144
0.658394
0.658394
0.821730
0.223587
0.467559
0.535389
0.667094
0.635244
0.296545
0.549354
0.223587
0.269851
0.829282
0.255445
0.884948
0.284858
0.236593
0.462365
0.603471
0.589144
0.449423
0.117048
0.483494
0.635244
0.127623
0.821730
0.177160
0.848789
0.841556
0.580543
0.066084
0.322949
0.306500
0.787927
0.068911
0.589144
0.557828
0.704484
0.667094
0.375911
0.401971
0.245003
0.681504
0.199280
0.779856
0.322949
0.643949
