0.667094
0.340005
0.127623
0.078727
0.015128
0.808960
0.727244
0.549354
0.930673
0.667094
0.454542
0.727244
0.821730
0.557828
0.003455
0.084803
0.000073
0.163153
0.589144
0.801128
0.935597
0.884948
0.566341
0.057717
0.566341
0.250182
0.848789
0.907293
0.801128
0.223587
0.429087
0.891273
0.749684
0.031348
0.848789
0.848789
0.144460
0.713075
0.255445
0.643949
0.000046
0.157114
0.787927
0.269851
0.144460
0.406779
0.505064
0.643949
0.088340
0.981075
0.787927
0.922090
0.848789
0.346575
0.505064
0.322949
0.127623
0.758020
0.000000
0.713075
0.090535
0.758020
0.406779
0.901408
0.704484
0.382926
0.808960
0.574890
0.907293
0.491556
0.390021
0.580543
0.001981
0.203680
0.860501
0.051648
0.713075
0.505064
0.160731
0.821730
0.704484
0.566341
0.978604
0.340005
0.090535
0.264363
0.026438
0.246759
0.951979
0.713075
0.649688
0.223587
0.867378
0.007965
0.001687
0.199280
0.658394
0.483494
0.462365
0.070668
0.007032
0.316692
0.306500
0.897436
0.322949
0.316692
0.475494
0.063362
0.350951
0.340005
0.025274
0.462365
0.454542
0.132684
0.296545
0.203680
0.029982
0.808960
0.275424
0.771705
0.269851
0.382926
0.344325
0.322949
0.535389
0.962240
0.672823
0.580543
0.801128
0.771705
0.571972
0.907293
0.947760
0.635244
0.735726
0.535389
0.643949
0.072465
0.978604
0.860501
0.421575
0.027164
0.907293
0.401971
0.041578
0.787927
0.009822
0.364456
0.414138
0.041578
0.978604
0.357661
0.496903
0.382926
0.491556
0.163153
0.335721
0.855893
0.766291
0.749684
0.801128
0.927324
0.215763
0.855893
0.255445
0.159490
0.090535
0.867378
0.821730
0.074303
0.749684
0.117048
0.382926
0.017378
0.527033
0.574890
0.836720
0.056750
0.713075
0.991213
0.874110
0.779856
0.962240
0.580543
0.658394
0.518727
0.557828
0.316692
0.589144
0.626544
0.557828
0.401971
0.518727
0.226757
0.801128
0.603471
0.375911
0.364456
0.387593
0.658394
0.306500
0.922090
0.566341
0.275424
0.821730
0.208158
0.962240
0.704484
0.135818
0.086919
0.766291
0.357661
0.891273
0.357661
0.951979
0.984769
0.300471
0.147829
0.552238
0.884948
0.098170
0.787927
0.117048
0.226757
0.300471
0.255445
0.884948
0.571972
0.612135
0.513281
0.202171
0.649688
0.382926
0.269851
0.067775
0.269851
0.612135
0.153566
0.236593
0.241635
0.916674
0.127623
0.483494
0.543791
0.269851
0.382926
0.233315
0.787927
0.713075
0.066084
0.626544
0.594827
0.971109
0.475494
0.183833
0.103042
0.211153
0.603471
0.084803
0.897436
0.135818
0.829282
0.346575
0.766291
0.848789
0.713075
0.891273
0.643949
0.406779
0.269851
0.322949
0.758020
0.681504
0.521553
0.316692
0.603471
0.901408
0.183833
0.406779
0.107244
0.096609
0.935597
0.236593
0.071276
0.275424
0.829282
0.092778
0.771705
0.984769
0.749684
0.795913
0.557828
0.816691
0.312615
0.978604
0.626544
0.704484
0.727244
0.312615
0.867378
0.947760
0.068911
0.617854
0.228410
0.034568
0.927324
0.258960
0.594827
0.329292
0.215763
0.441715
0.021859
0.897436
0.535389
0.667094
0.513281
0.984769
0.382926
0.429087
0.620815
0.429087
0.589144
0.527033
0.027164
0.549354
0.225222
0.779856
0.022466
0.177160
0.223587
0.434080
0.364456
0.322949
0.704484
0.535389
0.549354
0.084092
0.808960
0.141156
0.055312
0.667094
0.296545
0.022258
0.626544
0.620815
0.241635
0.690166
0.179787
0.329292
0.264363
0.649688
0.021268
0.375911
0.801128
0.681504
0.744157
0.088340
0.406779
0.552238
0.255445
0.997586
0.375911
0.505064
0.793201
0.884948
0.241635
0.874110
0.250182
0.012907
0.382926
0.124654
0.275424
0.269851
0.766291
0.658394
0.735726
0.907293
0.483494
0.612135
0.978604
0.874110
0.159490
0.589144
0.594827
0.620815
0.016595
0.499678
0.002255
0.421575
0.787927
0.978604
0.897436
0.387593
0.713075
0.016595
0.190711
0.025274
0.658394
0.357661
0.215763
0.922090
0.713075
0.795913
0.115226
0.183833
0.612135
0.194957
0.916674
0.483494
0.971109
0.003354
0.672823
0.275424
0.801128
0.907293
0.771705
0.132684
0.505064
0.290658
0.658394
0.801128
0.594827
0.552238
0.829282
0.521553
0.401971
0.594827
0.034568
0.884948
0.643949
0.867378
0.491556
0.643949
0.749684
0.245003
0.860501
0.233315
0.223587
0.801128
0.841556
0.672823
0.981075
0.449423
0.322949
0.333520
0.535389
0.296545
0.001114
0.088340
0.940331
0.124654
0.549354
0.375911
0.037099
0.153566
0.024596
0.357661
0.855893
0.801128
0.491556
0.275424
0.475494
0.090535
0.166886
0.371333
0.916674
0.971109
0.387593
0.103042
0.635244
0.580543
0.429087
0.337784
0.829282
0.552238
0.015128
0.006832
0.649688
0.907293
0.787927
0.357661
0.057717
0.007032
0.441715
0.626544
0.986757
0.483494
0.808960
0.513281
0.635244
0.462365
0.829282
0.594827
0.758020
0.005855
0.483494
0.127623
0.867378
0.421575
0.535389
0.329292
0.019230
0.014711
0.069506
0.848789
0.713075
0.589144
0.984769
0.260793
0.007168
0.203680
0.284858
0.848789
0.521553
0.649688
0.612135
0.758020
0.566341
0.922090
0.449423
0.841556
0.681504
0.821730
0.758020
0.649688
0.612135
0.340005
0.215763
0.255445
0.829282
0.275424
0.997586
0.635244
0.848789
0.971109
0.245003
0.907293
0.829282
0.322949
0.947760
0.121744
0.848789
0.002920
0.922090
0.375911
0.779856
0.007593
0.346575
0.127623
0.264363
0.913005
0.597771
0.457201
0.527033
0.704484
0.316692
0.543791
0.094284
0.571972
0.146673
0.612135
0.015409
0.603471
0.187953
0.470257
0.571972
0.449423
0.236593
0.401971
0.003965
0.030518
0.375911
0.580543
0.527033
0.387593
0.589144
