0.038094
0.241635
0.042685
0.192150
0.779856
0.643949
0.382926
0.580543
0.177160
0.907293
0.028409
0.935597
0.004246
0.643949
0.098170
0.779856
0.907293
0.211153
0.758020
0.306500
0.236593
0.749684
0.779856
0.000006
0.088340
0.779856
0.107244
0.199280
0.727244
0.603471
0.269851
0.543791
0.681504
0.927324
0.848789
0.329292
0.667094
0.505064
0.620815
0.626544
0.375911
0.441715
0.916674
0.958545
0.357661
0.306500
0.483494
0.000089
0.991213
0.010795
0.414138
0.006144
0.749684
0.454542
0.368979
0.735726
0.681504
0.505064
0.727244
0.016595
0.867378
0.470257
0.215763
0.228410
0.165605
0.322949
0.527033
0.306500
0.727244
0.758020
0.935597
0.779856
0.808960
0.177160
0.594827
0.947760
0.340005
0.580543
0.727244
0.112510
0.173237
0.390021
0.239907
0.713075
0.135818
0.916674
0.245003
0.829282
0.346575
0.077446
0.462365
0.019768
0.907293
0.513281
0.981075
0.513281
0.483494
0.704484
0.704484
0.006144
0.704484
0.795913
0.580543
0.681504
0.192150
0.499678
0.177160
0.589144
0.848789
0.829282
0.829282
0.626544
0.771705
0.527033
0.020130
0.127623
0.967937
0.779856
0.406779
0.916674
0.316692
0.612135
0.967937
0.414138
0.801128
0.884948
0.096609
0.994555
0.635244
0.735726
0.250182
0.940331
0.255445
0.436675
0.141156
0.867378
0.454542
0.867378
0.491556
0.241635
0.228410
0.935597
0.491556
0.612135
0.346575
0.327120
0.855893
0.727244
0.521553
0.109849
0.491556
0.974087
0.672823
0.322949
0.617854
0.884948
0.505064
0.635244
0.130653
0.121744
0.848789
0.312615
0.320806
0.357661
0.867378
0.080707
0.394742
0.848789
0.228410
0.421575
0.056256
0.329292
0.681504
0.589144
0.594827
0.357661
0.144460
0.462365
0.749684
0.758020
0.187953
0.878466
0.901408
0.300471
0.163153
0.090535
0.640981
0.971109
0.658394
0.117048
0.001556
0.549354
0.821730
0.855893
0.203680
0.421575
0.808960
0.793201
0.566341
0.749684
0.121744
0.557828
0.082732
0.935597
0.157114
0.521553
0.470257
0.357661
0.387593
0.594827
0.043818
0.483494
0.958545
0.971109
0.658394
0.695863
0.971109
0.958545
0.521553
0.681504
0.986757
0.394742
0.406779
0.829282
0.000044
0.483494
0.986757
0.681504
0.119859
0.821730
0.333520
0.160731
0.543791
0.316692
0.848789
0.316692
0.306500
0.635244
0.362130
0.721628
0.350951
0.063362
0.284858
0.836720
0.940331
0.829282
0.907293
0.387593
0.357661
0.816691
0.223587
0.727244
0.947760
0.187953
0.947760
0.166886
0.067775
0.077446
0.527033
0.704484
0.513281
0.137917
0.821730
0.141156
0.147829
0.032199
0.557828
0.362130
0.801128
0.940331
0.704484
0.390021
0.681504
0.470257
0.279144
0.426518
0.346575
0.250182
0.649688
0.429087
0.626544
0.571972
0.779856
0.947760
0.499678
0.643949
0.211153
0.801128
0.557828
0.874110
0.821730
0.223587
0.401971
0.362130
0.187953
0.821730
0.829282
0.658394
0.175815
0.003629
0.306500
0.549354
0.084803
0.971109
0.704484
0.552238
0.241635
0.475494
0.721628
0.947760
0.713075
0.117048
0.350951
0.050328
0.010298
0.187953
0.382926
0.836720
0.281082
0.658394
0.635244
0.718717
0.829282
0.186540
0.340005
0.635244
0.749684
0.672823
0.907293
0.574890
0.357661
0.867378
0.434080
0.166886
0.758020
0.787927
0.971109
0.557828
0.635244
0.255445
0.233315
0.922090
0.264363
0.713075
0.667094
0.107244
0.122729
0.209600
0.059212
0.129613
0.211153
0.808960
0.483494
0.735726
0.884948
0.421575
0.848789
0.159490
0.401971
0.543791
0.434080
0.891273
0.462365
0.039801
0.735726
0.589144
0.273514
0.721628
0.260793
0.269851
0.380525
0.829282
0.147829
0.505064
0.574890
0.294528
0.462365
0.901408
0.998868
0.098170
0.829282
0.681504
0.160731
0.220452
0.454542
0.446787
0.215763
0.557828
0.612135
0.787927
0.368979
0.916674
0.594827
0.290658
0.269851
0.907293
0.131630
0.735726
0.141156
0.072465
0.801128
0.387593
0.603471
0.927324
0.462365
0.513281
0.467559
0.947760
0.015409
0.483494
0.513281
0.658394
0.884948
0.288671
0.787927
0.635244
0.848789
0.549354
0.667094
0.300471
0.449423
0.787927
0.245003
0.007965
0.735726
0.169385
0.269851
0.223587
0.713075
0.829282
0.036127
0.513281
0.121744
0.801128
0.901408
0.617854
0.387593
0.635244
0.483494
0.223587
0.499678
0.884948
0.462365
0.414138
0.766291
0.649688
0.808960
0.011640
0.603471
0.947760
0.884948
0.454542
0.727244
0.470257
0.088340
0.658394
0.062816
0.141156
0.713075
0.589144
0.704484
0.571972
0.300471
0.218844
0.163153
0.199280
0.032771
0.310521
0.848789
0.064990
0.350951
0.114294
0.103042
0.124654
0.626544
0.713075
0.296545
0.735726
0.449423
0.821730
0.163153
0.327120
0.836720
0.667094
0.766291
0.589144
0.981075
0.375911
0.557828
0.284858
0.310521
0.082732
0.190711
0.956001
0.462365
0.836720
0.208158
0.681504
0.211153
0.505064
0.543791
0.635244
0.273514
0.029186
0.333520
0.713075
0.649688
0.150086
0.449423
0.727244
0.543791
0.275424
0.470257
0.971109
0.211153
0.580543
0.211153
0.658394
0.971109
0.649688
0.597771
0.947760
0.867378
0.744157
0.030518
0.874110
0.962240
0.306500
0.913005
0.658394
0.612135
0.027652
0.052535
0.294528
0.026438
0.951979
0.981075
0.867378
0.441715
0.475494
0.079397
0.521553
0.557828
0.194957
0.496903
0.971109
0.177160
0.231634
0.169385
0.241635
0.801128
0.441715
0.884948
0.935597
0.735726
0.067775
0.535389
0.867378
0.848789
0.771705
0.153566
0.681504
0.483494
0.029982
0.580543
0.141156
0.037099
0.965738
0.306500
0.994555
0.199280
0.329292
0.930673
0.594827
0.068911
0.527033
