0.421575
0.549354
0.505064
0.855893
0.557828
0.958545
0.462365
0.695863
0.930673
0.758020
0.049040
0.735726
0.787927
0.962240
0.626544
0.521553
0.690166
0.114294
0.100580
0.958545
0.808960
0.829282
0.211153
0.127623
0.454542
0.153566
0.470257
0.994555
0.571972
0.288671
0.635244
0.589144
0.002255
0.057717
0.897436
0.462365
0.153566
0.250182
0.357661
0.626544
0.027908
0.603471
0.779856
0.735726
0.867378
0.483494
0.704484
0.063362
0.808960
0.441715
0.981075
0.114294
0.540922
0.690166
0.771705
0.211153
0.306500
0.958545
0.117048
0.574890
0.855893
0.884948
0.135818
0.513281
0.382926
0.364456
0.037099
0.387593
0.160731
0.478214
0.281082
0.787927
0.878466
0.306500
0.236593
0.901408
0.020692
0.635244
0.098170
0.390021
0.387593
0.290658
0.449423
0.350951
0.626544
0.626544
0.333520
0.010009
0.874110
0.612135
0.441715
0.046970
0.462365
0.015845
0.513281
0.779856
0.589144
0.557828
0.758020
0.874110
0.462365
0.521553
0.727244
0.310521
0.848789
0.096609
0.070668
0.016595
0.971109
0.357661
0.821730
0.991213
0.580543
0.300471
0.658394
0.103042
0.735726
0.848789
0.316692
0.867378
0.836720
0.513281
0.223587
0.035500
0.916674
0.612135
0.382926
0.997586
0.491556
0.749684
0.566341
0.483494
0.635244
0.001510
0.513281
0.316692
0.357661
0.505064
0.094284
0.821730
0.612135
0.177160
0.801128
0.635244
0.974087
0.704484
0.061772
0.441715
0.779856
0.841556
0.589144
0.012670
0.766291
0.255445
0.829282
0.505064
0.316692
0.841556
0.603471
0.535389
0.690166
0.159490
0.649688
0.787927
0.055312
0.022258
0.250182
0.255445
0.429087
0.922090
0.681504
0.808960
0.153566
0.483494
0.749684
0.312615
0.962240
0.690166
0.426518
0.057717
0.294528
0.735726
0.144460
0.922090
0.357661
0.322949
0.808960
0.401971
0.340005
0.727244
0.002189
0.766291
0.829282
0.681504
0.816691
0.457201
0.713075
0.505064
0.841556
0.294528
0.475494
0.206623
0.037752
0.380525
0.821730
0.340005
0.146673
0.907293
0.368979
0.518727
0.215763
0.704484
0.449423
0.075538
0.009277
0.962240
0.787927
0.449423
0.233315
0.594827
0.228410
0.013654
0.312615
0.612135
0.667094
0.382926
0.935597
0.947760
0.721628
0.821730
0.375911
0.260793
0.704484
0.855893
0.000946
0.382926
0.841556
0.947760
0.771705
0.795913
0.434080
0.690166
0.727244
0.296545
0.021859
0.163153
0.333520
0.571972
0.223587
0.855893
0.290658
0.000320
0.649688
0.300471
0.704484
0.011753
0.735726
0.940331
0.557828
0.643949
0.344325
0.766291
0.994555
0.667094
0.571972
0.713075
0.039801
0.141156
0.275424
0.916674
0.368979
0.183833
0.300471
0.327120
0.571972
0.163153
0.758020
0.231634
0.540922
0.543791
0.735726
0.735726
0.779856
0.190711
0.329292
0.927324
0.082732
0.962240
0.907293
0.580543
0.357661
0.821730
0.382926
0.913005
0.635244
0.441715
0.454542
0.735726
0.175815
0.021859
0.735726
0.667094
0.218844
0.066084
0.441715
0.192150
0.626544
0.215763
0.064431
0.549354
0.658394
0.279144
0.483494
0.046970
0.927324
0.603471
0.228410
0.187953
0.521553
0.771705
0.491556
0.907293
0.816691
0.446787
0.580543
0.801128
0.695863
0.821730
0.153566
0.704484
0.094284
0.114294
0.814067
0.390021
0.978604
0.771705
0.580543
0.698805
0.626544
0.749684
0.574890
0.974087
0.704484
0.406779
0.589144
0.808960
0.371333
0.649688
0.698805
0.907293
0.421575
0.203680
0.821730
0.947760
0.808960
0.787927
0.513281
0.821730
0.211153
0.119859
0.947760
0.589144
0.527033
0.521553
0.098170
0.713075
0.566341
0.483494
0.612135
0.713075
0.589144
0.801128
0.801128
0.971109
0.457201
0.478214
0.841556
0.166886
0.566341
0.107244
0.183833
0.994555
0.470257
0.658394
0.989675
0.226757
0.580543
0.947760
0.122729
0.557828
0.735726
0.382926
0.535389
0.026438
0.566341
0.589144
0.713075
0.327120
0.930673
0.626544
0.907293
0.603471
0.449423
0.874110
0.695863
0.483494
0.470257
0.597771
0.658394
0.922090
0.848789
0.322949
0.155897
0.535389
0.704484
0.540922
0.907293
0.394742
0.039801
0.704484
0.521553
0.223587
0.884948
0.566341
0.617854
0.132684
0.612135
0.499678
0.279144
0.878466
0.787927
0.549354
0.462365
0.922090
0.907293
0.239907
0.922090
0.603471
0.649688
0.316692
0.779856
0.907293
0.163153
0.589144
0.382926
0.916674
0.173237
0.223587
0.713075
0.344325
0.390021
0.491556
0.018706
0.771705
0.483494
0.096609
0.368979
0.029708
0.557828
0.513281
0.483494
0.962240
0.940331
0.382926
0.446787
0.462365
0.758020
0.084803
0.521553
0.947760
0.496903
0.470257
0.848789
0.557828
0.441715
0.566341
0.090535
0.505064
0.713075
0.580543
0.441715
0.279144
0.163153
0.382926
0.203680
0.505064
0.922090
0.421575
0.000661
0.194957
0.867378
0.117048
0.375911
0.907293
0.589144
0.107244
0.958545
0.382926
0.231634
0.329292
0.441715
0.749684
0.306500
0.566341
0.026438
0.589144
0.000390
0.848789
0.704484
0.978604
0.884948
0.704484
0.744157
0.001048
0.236593
0.829282
0.090535
0.594827
0.580543
0.603471
0.974087
0.891273
0.681504
0.566341
0.394742
0.612135
0.112510
0.704484
0.255445
0.033659
0.169385
0.233315
0.571972
0.387593
0.084803
0.306500
0.255445
0.194957
0.821730
0.962240
0.589144
0.491556
0.643949
0.867378
0.848789
0.907293
0.594827
0.594827
0.658394
0.535389
0.884948
0.387593
0.491556
0.513281
0.449423
0.462365
0.874110
0.483494
0.034568
0.160731
0.808960
0.518727
0.808960
0.151265
0.695863
0.233315
0.483494
0.874110
0.220452
0.030518
0.406779
0.346575
0.626544
0.228410
0.940331
0.841556
