0.340005
0.801128
0.713075
0.552238
0.922090
0.947760
0.626544
0.513281
0.978604
0.521553
0.704484
0.036127
0.166886
0.922090
0.801128
0.491556
0.620815
0.571972
0.855893
0.329292
0.127623
0.829282
0.727244
0.409279
0.194957
0.867378
0.306500
0.382926
0.974087
0.429087
0.306500
0.913005
0.713075
0.649688
0.275424
0.984769
0.357661
0.375911
0.922090
0.771705
0.397198
0.571972
0.132684
0.290658
0.695863
0.557828
0.521553
0.766291
0.147829
0.449423
0.571972
0.126604
0.580543
0.483494
0.521553
0.962240
0.779856
0.038764
0.860501
0.187953
0.535389
0.704484
0.236593
0.340005
0.681504
0.103042
0.382926
0.429087
0.056256
0.779856
0.135818
0.060217
0.132684
0.566341
0.061772
0.236593
0.098170
0.727244
0.421575
0.681504
0.246759
0.535389
0.010595
0.766291
0.901408
0.891273
0.470257
0.836720
0.829282
0.429087
0.907293
0.771705
0.166886
0.704484
0.527033
0.401971
0.704484
0.727244
0.626544
0.549354
0.901408
0.901408
0.643949
0.971109
0.004591
0.549354
0.891273
0.994555
0.935597
0.144460
0.022875
0.779856
0.690166
0.215763
0.218844
0.779856
0.053907
0.991213
0.067775
0.635244
0.829282
0.758020
0.971109
0.999575
0.499678
0.855893
0.103042
0.836720
0.571972
0.505064
0.279144
0.421575
0.322949
0.284858
0.821730
0.009016
0.483494
0.704484
0.766291
0.574890
0.382926
0.414138
0.962240
0.006325
0.867378
0.462365
0.132684
0.527033
0.153566
0.841556
0.518727
0.589144
0.667094
0.916674
0.000053
0.589144
0.958545
0.401971
0.695863
0.643949
0.758020
0.867378
0.025970
0.913005
0.916674
0.681504
0.124654
0.727244
0.891273
0.874110
0.549354
0.053907
0.406779
0.771705
0.690166
0.626544
0.543791
0.766291
0.434080
0.829282
0.483494
0.364456
0.922090
0.340005
0.540922
0.557828
0.620815
0.002567
0.117048
0.749684
0.617854
0.064990
0.017063
0.635244
0.566341
0.300471
0.603471
0.974087
0.626544
0.421575
0.157114
0.505064
0.891273
0.922090
0.535389
0.690166
0.589144
0.667094
0.368979
0.603471
0.139014
0.821730
0.967937
0.649688
0.008847
0.603471
0.779856
0.527033
0.139014
0.867378
0.617854
0.115226
0.521553
0.816691
0.626544
0.050328
0.505064
0.505064
0.557828
0.603471
0.749684
0.088340
0.695863
0.119859
0.478214
0.135818
0.951979
0.667094
0.462365
0.958545
0.557828
0.199280
0.704484
0.421575
0.394742
0.958545
0.907293
0.006325
0.978604
0.421575
0.999575
0.157114
0.014305
0.771705
0.117048
0.401971
0.462365
0.658394
0.735726
0.667094
0.965738
0.907293
0.187953
0.991213
0.951979
0.499678
0.744157
0.206623
0.173237
0.891273
0.241635
0.426518
0.122729
0.434080
0.597771
0.346575
0.035180
0.279144
0.449423
0.027164
0.681504
0.658394
0.322949
0.264363
0.951979
0.306500
0.269851
0.401971
0.635244
0.491556
0.241635
0.916674
0.549354
0.284858
0.649688
0.916674
0.241635
0.357661
0.640981
0.612135
0.163153
0.612135
0.884948
0.211153
0.218844
0.255445
0.513281
0.187953
0.787927
0.836720
0.766291
0.758020
0.704484
0.478214
0.382926
0.475494
0.421575
0.199280
0.288671
0.211153
0.947760
0.626544
0.603471
0.884948
0.306500
0.681504
0.177160
0.127623
0.491556
0.649688
0.848789
0.322949
0.927324
0.848789
0.362130
0.874110
0.316692
0.603471
0.072465
0.390021
0.672823
0.589144
0.940331
0.103042
0.962240
0.275424
0.991213
0.364456
0.329292
0.223587
0.574890
0.236593
0.640981
0.940331
0.077446
0.340005
0.540922
0.836720
0.640981
0.643949
0.173237
0.294528
0.462365
0.540922
0.626544
0.045761
0.626544
0.150086
0.223587
0.382926
0.223587
0.483494
0.603471
0.971109
0.380525
0.096609
0.713075
0.215763
0.220452
0.787927
0.891273
0.421575
0.971109
0.635244
0.462365
0.483494
0.841556
0.635244
0.119859
0.316692
0.758020
0.897436
0.829282
0.357661
0.006832
0.589144
0.603471
0.535389
0.306500
0.626544
0.387593
0.454542
0.951979
0.208158
0.735726
0.779856
0.727244
0.557828
0.758020
0.994555
0.704484
0.996919
0.571972
0.808960
0.965738
0.540922
0.935597
0.744157
0.223587
0.787927
0.901408
0.329292
0.940331
0.771705
0.183833
0.735726
0.467559
0.874110
0.079397
0.306500
0.986757
0.940331
0.695863
0.758020
0.064431
0.290658
0.922090
0.401971
0.518727
0.281082
0.346575
0.284858
0.947760
0.382926
0.449423
0.913005
0.749684
0.695863
0.112510
0.643949
0.141156
0.874110
0.829282
0.228410
0.304435
0.907293
0.013276
0.681504
0.549354
0.199280
0.626544
0.399498
0.808960
0.132684
0.406779
0.454542
0.454542
0.848789
0.935597
0.749684
0.727244
0.300471
0.594827
0.387593
0.421575
0.649688
0.635244
0.228410
0.557828
0.690166
0.350951
0.891273
0.327120
0.260793
0.821730
0.681504
0.075538
0.364456
0.491556
0.513281
0.549354
0.357661
0.951979
0.744157
0.727244
0.441715
0.735726
0.589144
0.300471
0.891273
0.368979
0.350951
0.867378
0.557828
0.735726
0.617854
0.001669
0.713075
0.449423
0.771705
0.801128
0.874110
0.801128
0.521553
0.667094
0.194957
0.808960
0.112510
0.513281
0.264363
0.913005
0.006144
0.626544
0.907293
0.300471
0.649688
0.635244
0.735726
0.672823
0.649688
0.042685
0.434080
0.070668
0.061772
0.816691
0.884948
0.329292
0.749684
0.801128
0.223587
0.306500
0.612135
0.103042
0.974087
0.836720
0.589144
0.594827
0.901408
0.758020
0.535389
0.744157
0.779856
0.971109
0.004868
0.187953
0.907293
0.801128
0.779856
0.231634
0.499678
0.808960
0.441715
0.658394
0.357661
0.907293
0.441715
0.375911
0.061772
0.821730
0.333520
0.727244
0.390021
0.940331
0.144460
0.744157
0.698805
