0.557828
0.829282
0.513281
0.698805
0.901408
0.206623
0.300471
0.003738
0.594827
0.956001
0.300471
0.505064
0.675784
0.333520
0.571972
0.779856
0.082732
0.006832
0.704484
0.690166
0.635244
0.749684
0.549354
0.368979
0.333520
0.505064
0.040864
0.368979
0.935597
0.965738
0.470257
0.690166
0.935597
0.119859
0.052535
0.907293
0.626544
0.860501
0.801128
0.434080
0.704484
0.527033
0.467559
0.019768
0.203680
0.580543
0.540922
0.043818
0.245003
0.000820
0.996919
0.166886
0.603471
0.340005
0.306500
0.749684
0.163153
0.306500
0.105557
0.206623
0.713075
0.848789
0.275424
0.236593
0.421575
0.441715
0.829282
0.681504
0.566341
0.574890
0.549354
0.580543
0.051194
0.527033
0.758020
0.984769
0.635244
0.362130
0.787927
0.848789
0.010795
0.077446
0.855893
0.312615
0.874110
0.483494
0.816691
0.462365
0.535389
0.713075
0.566341
0.643949
0.594827
0.290658
0.421575
0.749684
0.821730
0.269851
0.594827
0.535389
0.300471
0.974087
0.787927
0.967937
0.958545
0.491556
0.010298
0.260793
0.727244
0.667094
0.387593
0.340005
0.218844
0.658394
0.031348
0.177160
0.401971
0.052535
0.922090
0.434080
0.713075
0.994555
0.211153
0.635244
0.658394
0.505064
0.127623
0.935597
0.194957
0.989675
0.406779
0.462365
0.364456
0.462365
0.626544
0.829282
0.589144
0.580543
0.658394
0.483494
0.901408
0.380525
0.535389
0.704484
0.951979
0.874110
0.260793
0.211153
0.202171
0.105557
0.801128
0.475494
0.635244
0.787927
0.049040
0.333520
0.727244
0.117048
0.836720
0.901408
0.626544
0.163153
0.884948
0.057717
0.612135
0.483494
0.907293
0.406779
0.029708
0.927324
0.387593
0.491556
0.362130
0.612135
0.414138
0.681504
0.571972
0.496903
0.821730
0.744157
0.956001
0.346575
0.491556
0.177160
0.735726
0.312615
0.884948
0.414138
0.626544
0.620815
0.991213
0.956001
0.390021
0.072465
0.962240
0.749684
0.855893
0.364456
0.181158
0.467559
0.094284
0.829282
0.454542
0.704484
0.758020
0.695863
0.327120
0.368979
0.571972
0.064431
0.884948
0.340005
0.011640
0.375911
0.690166
0.735726
0.771705
0.153566
0.483494
0.527033
0.211153
0.008597
0.057717
0.215763
0.951979
0.626544
0.704484
0.580543
0.199280
0.994555
0.735726
0.681504
0.535389
0.580543
0.891273
0.836720
0.462365
0.787927
0.971109
0.927324
0.704484
0.023508
0.986757
0.589144
0.658394
0.300471
0.603471
0.192150
0.475494
0.121744
0.681504
0.264363
0.891273
0.245003
0.874110
0.695863
0.779856
0.470257
0.690166
0.978604
0.483494
0.103042
0.475494
0.735726
0.187953
0.566341
0.033659
0.986757
0.940331
0.884948
0.041578
0.566341
0.094284
0.758020
0.744157
0.119859
0.008597
0.557828
0.721628
0.518727
0.874110
0.690166
0.766291
0.199280
0.394742
0.603471
0.496903
0.758020
0.649688
0.446787
0.907293
0.991213
0.441715
0.144460
0.930673
0.749684
0.063362
0.940331
0.258960
0.513281
0.808960
0.913005
0.735726
0.031348
0.713075
0.382926
0.749684
0.594827
0.108126
0.617854
0.322949
0.119859
0.491556
0.986757
0.449423
0.779856
0.704484
0.357661
0.766291
0.612135
0.019768
0.901408
0.001865
0.387593
0.535389
0.704484
0.382926
0.513281
0.124654
0.084803
0.117048
0.589144
0.394742
0.322949
0.848789
0.462365
0.848789
0.549354
0.281082
0.141156
0.346575
0.860501
0.922090
0.643949
0.841556
0.429087
0.978604
0.114294
0.505064
0.848789
0.159490
0.067775
0.241635
0.535389
0.344325
0.483494
0.626544
0.421575
0.269851
0.001922
0.004591
0.535389
0.916674
0.132684
0.749684
0.013654
0.589144
0.557828
0.346575
0.483494
0.735726
0.050328
0.380525
0.316692
0.841556
0.382926
0.056256
0.855893
0.340005
0.096609
0.139014
0.901408
0.821730
0.612135
0.137917
0.549354
0.183833
0.626544
0.033659
0.589144
0.951979
0.779856
0.215763
0.907293
0.208158
0.119859
0.190711
0.867378
0.441715
0.001351
0.382926
0.406779
0.499678
0.907293
0.310521
0.907293
0.153566
0.735726
0.518727
0.930673
0.527033
0.449423
0.320806
0.513281
0.364456
0.594827
0.401971
0.245003
0.029186
0.635244
0.269851
0.513281
0.626544
0.231634
0.266225
0.000204
0.884948
0.505064
0.675784
0.771705
0.848789
0.867378
0.589144
0.421575
0.132684
0.787927
0.681504
0.491556
0.470257
0.848789
0.329292
0.727244
0.594827
0.922090
0.535389
0.787927
0.848789
0.218844
0.808960
0.220452
0.947760
0.521553
0.951979
0.429087
0.099752
0.821730
0.603471
0.096609
0.394742
0.951979
0.011974
0.667094
0.496903
0.787927
0.836720
0.346575
0.884948
0.166886
0.155897
0.841556
0.801128
0.288671
0.236593
0.475494
0.735726
0.206623
0.275424
0.771705
0.029186
0.375911
0.061772
0.409279
0.394742
0.086192
0.808960
0.086192
0.916674
0.690166
0.004637
0.594827
0.165605
0.236593
0.626544
0.166886
0.571972
0.518727
0.421575
0.306500
0.612135
0.612135
0.704484
0.121744
0.344325
0.223587
0.986757
0.801128
0.718717
0.434080
0.891273
0.635244
0.801128
0.246759
0.991213
0.527033
0.829282
0.170690
0.690166
0.681504
0.483494
0.454542
0.255445
0.563435
0.766291
0.098985
0.922090
0.947760
0.971109
0.462365
0.787927
0.037099
0.962240
0.779856
0.414138
0.159490
0.357661
0.264363
0.667094
0.620815
0.984769
0.141156
0.758020
0.414138
0.721628
0.672823
0.816691
0.566341
0.801128
0.758020
0.166886
0.543791
0.675784
0.483494
0.841556
0.072465
0.521553
0.483494
0.284858
0.535389
0.787927
0.135818
0.382926
0.390021
0.612135
0.836720
0.704484
0.098985
0.718717
0.505064
0.275424
0.658394
0.998868
0.006832
0.155897
0.801128
0.962240
0.475494
