0.594827
0.177160
0.449423
0.020692
0.521553
0.574890
0.681504
0.821730
0.675784
0.394742
0.681504
0.183833
0.340005
0.414138
0.681504
0.119859
0.223587
0.971109
0.971109
0.947760
0.111596
0.260793
0.421575
0.236593
0.580543
0.409279
0.357661
0.056256
0.049040
0.901408
0.779856
0.322949
0.779856
0.721628
0.935597
0.387593
0.124654
0.713075
0.454542
0.166886
0.978604
0.986757
0.063362
0.079397
0.067775
0.144460
0.962240
0.884948
0.177160
0.821730
0.713075
0.867378
0.626544
0.390021
0.594827
0.749684
0.072465
0.566341
0.130653
0.382926
0.521553
0.922090
0.626544
0.580543
0.891273
0.255445
0.051194
0.001027
0.462365
0.535389
0.340005
0.947760
0.620815
0.981075
0.897436
0.978604
0.483494
0.147829
0.322949
0.971109
0.986757
0.470257
0.603471
0.002255
0.891273
0.322949
0.880693
0.449423
0.518727
0.499678
0.015409
0.617854
0.491556
0.612135
0.001310
0.808960
0.166886
0.421575
0.867378
0.037099
0.220452
0.874110
0.713075
0.787927
0.147829
0.513281
0.096609
0.441715
0.346575
0.454542
0.658394
0.269851
0.884948
0.218844
0.962240
0.364456
0.735726
0.080707
0.981075
0.779856
0.727244
0.434080
0.940331
0.589144
0.194957
0.891273
0.735726
0.173237
0.284858
0.169385
0.901408
0.571972
0.375911
0.294528
0.951979
0.002491
0.801128
0.346575
0.521553
0.640981
0.543791
0.004503
0.513281
0.416665
0.758020
0.771705
0.316692
0.681504
0.704484
0.649688
0.117048
0.867378
0.279144
0.017866
0.357661
0.951979
0.836720
0.962240
0.187953
0.382926
0.005110
0.922090
0.294528
0.175815
0.821730
0.491556
0.891273
0.848789
0.848789
0.371333
0.681504
0.357661
0.364456
0.454542
0.808960
0.808960
0.829282
0.971109
0.808960
0.672823
0.535389
0.246759
0.958545
0.721628
0.901408
0.808960
0.901408
0.744157
0.357661
0.681504
0.566341
0.779856
0.635244
0.552238
0.179787
0.421575
0.316692
0.643949
0.039801
0.264363
0.566341
0.521553
0.039801
0.962240
0.066084
0.749684
0.766291
0.744157
0.721628
0.643949
0.441715
0.521553
0.635244
0.491556
0.144460
0.401971
0.375911
0.540922
0.281082
0.421575
0.589144
0.535389
0.672823
0.001774
0.421575
0.749684
0.096609
0.421575
0.821730
0.787927
0.821730
0.594827
0.667094
0.241635
0.513281
0.829282
0.829282
0.000215
0.829282
0.382926
0.860501
0.658394
0.994555
0.135818
0.801128
0.867378
0.735726
0.250182
0.808960
0.096609
0.860501
0.375911
0.927324
0.470257
0.922090
0.246759
0.543791
0.233315
0.907293
0.535389
0.166886
0.978604
0.603471
0.901408
0.897436
0.015409
0.010298
0.867378
0.127623
0.346575
0.580543
0.994555
0.907293
0.643949
0.836720
0.860501
0.070065
0.053907
0.643949
0.681504
0.698805
0.061772
0.635244
0.991213
0.211153
0.704484
0.215763
0.821730
0.375911
0.275424
0.513281
0.836720
0.483494
0.884948
0.758020
0.057717
0.901408
0.713075
0.758020
0.241635
0.012907
0.284858
0.884948
0.151265
0.543791
0.878466
0.033659
0.907293
0.269851
0.304435
0.758020
0.727244
0.967937
0.103042
0.233315
0.535389
0.038094
0.681504
0.758020
0.922090
0.603471
0.907293
0.434080
0.005687
0.880693
0.322949
0.704484
0.721628
0.153566
0.513281
0.658394
0.239907
0.094284
0.387593
0.028409
0.505064
0.518727
0.031348
0.513281
0.121744
0.047782
0.132684
0.505064
0.774492
0.643949
0.658394
0.364456
0.364456
0.749684
0.139014
0.540922
0.620815
0.867378
0.357661
0.672823
0.589144
0.275424
0.848789
0.758020
0.766291
0.667094
0.984769
0.357661
0.758020
0.426518
0.884948
0.177160
0.808960
0.935597
0.082732
0.907293
0.962240
0.540922
0.867378
0.401971
0.695863
0.208158
0.626544
0.329292
0.139014
0.749684
0.978604
0.749684
0.173237
0.196422
0.170690
0.098170
0.306500
0.867378
0.029186
0.255445
0.029186
0.518727
0.449423
0.082732
0.566341
0.965738
0.483494
0.901408
0.649688
0.441715
0.206623
0.211153
0.787927
0.930673
0.580543
0.505064
0.947760
0.580543
0.867378
0.848789
0.787927
0.049040
0.322949
0.758020
0.841556
0.958545
0.181158
0.135818
0.927324
0.571972
0.211153
0.816691
0.491556
0.130653
0.884948
0.612135
0.505064
0.884948
0.695863
0.603471
0.829282
0.072465
0.901408
0.090535
0.848789
0.434080
0.117048
0.153566
0.050328
0.368979
0.978604
0.951979
0.020692
0.449423
0.991213
0.557828
0.766291
0.316692
0.462365
0.005855
0.907293
0.233315
0.735726
0.316692
0.284858
0.470257
0.027164
0.462365
0.635244
0.841556
0.913005
0.574890
0.066084
0.801128
0.867378
0.951979
0.163153
0.922090
0.223587
0.540922
0.808960
0.801128
0.994555
0.169385
0.179787
0.470257
0.829282
0.758020
0.031348
0.340005
0.848789
0.535389
0.649688
0.612135
0.082732
0.346575
0.643949
0.183833
0.713075
0.002863
0.735726
0.038764
0.891273
0.535389
0.855893
0.758020
0.449423
0.364456
0.947760
0.255445
0.884948
0.916674
0.333520
0.617854
0.121744
0.580543
0.735726
0.999892
0.884948
0.557828
0.518727
0.907293
0.375911
0.340005
0.454542
0.721628
0.626544
0.971109
0.246759
0.250182
0.649688
0.947760
0.322949
0.695863
0.166886
0.867378
0.117048
0.758020
0.643949
0.135818
0.594827
0.521553
0.344325
0.635244
0.350951
0.236593
0.535389
0.829282
0.620815
0.079397
0.874110
0.612135
0.566341
0.594827
0.884948
0.907293
0.150086
0.000100
0.096609
0.499678
0.429087
0.718717
0.061772
0.505064
0.000073
0.951979
0.144460
0.735726
0.057717
0.841556
0.771705
0.940331
0.049040
0.891273
0.505064
0.146673
0.801128
0.543791
0.667094
0.375911
0.907293
0.658394
0.375911
0.483494
0.543791
