0.228410
0.203680
0.039801
0.401971
0.079397
0.801128
0.643949
0.771705
0.042685
0.958545
0.971109
0.127623
0.275424
0.981075
0.735726
0.394742
0.860501
0.580543
0.060743
0.170690
0.658394
0.735726
0.649688
0.580543
0.284858
0.787927
0.281082
0.841556
0.704484
0.179787
0.357661
0.635244
0.543791
0.048208
0.735726
0.727244
0.922090
0.779856
0.891273
0.901408
0.848789
0.907293
0.364456
0.470257
0.884948
0.192150
0.989675
0.855893
0.294528
0.721628
0.996919
0.228410
0.281082
0.505064
0.635244
0.491556
0.288671
0.449423
0.594827
0.316692
0.264363
0.499678
0.072465
0.346575
0.907293
0.867378
0.704484
0.132684
0.462365
0.612135
0.878466
0.841556
0.612135
0.603471
0.681504
0.491556
0.241635
0.801128
0.721628
0.382926
0.096609
0.940331
0.434080
0.199280
0.505064
0.690166
0.505064
0.421575
0.549354
0.986757
0.727244
0.612135
0.284858
0.901408
0.672823
0.281082
0.513281
0.635244
0.935597
0.008597
0.304435
0.483494
0.841556
0.989675
0.043818
0.018368
0.029708
0.658394
0.681504
0.344325
0.658394
0.860501
0.626544
0.236593
0.279144
0.549354
0.340005
0.727244
0.922090
0.594827
0.749684
0.275424
0.038764
0.771705
0.079397
0.978604
0.467559
0.109849
0.649688
0.626544
0.117048
0.672823
0.390021
0.667094
0.612135
0.713075
0.086919
0.808960
0.312615
0.306500
0.962240
0.848789
0.535389
0.255445
0.841556
0.264363
0.073672
0.340005
0.978604
0.527033
0.801128
0.695863
0.401971
0.922090
0.758020
0.543791
0.084803
0.394742
0.098170
0.947760
0.141156
0.029982
0.446787
0.462365
0.974087
0.557828
0.096609
0.735726
0.962240
0.695863
0.801128
0.521553
0.922090
0.841556
0.994555
0.771705
0.690166
0.023508
0.795913
0.429087
0.589144
0.053907
0.867378
0.940331
0.787927
0.808960
0.194957
0.681504
0.690166
0.483494
0.860501
0.441715
0.681504
0.566341
0.394742
0.327120
0.848789
0.727244
0.735726
0.951979
0.316692
0.643949
0.197797
0.304435
0.269851
0.793201
0.483494
0.003289
0.801128
0.867378
0.364456
0.364456
0.049040
0.414138
0.086192
0.626544
0.958545
0.135818
0.801128
0.735726
0.829282
0.454542
0.998868
0.557828
0.658394
0.513281
0.505064
0.284858
0.635244
0.787927
0.350951
0.491556
0.159490
0.612135
0.132684
0.394742
0.543791
0.434080
0.340005
0.643949
0.086192
0.004043
0.681504
0.039801
0.978604
0.927324
0.371333
0.109849
0.037099
0.958545
0.643949
0.787927
0.322949
0.441715
0.690166
0.841556
0.603471
0.399498
0.935597
0.571972
0.580543
0.612135
0.491556
0.350951
0.047782
0.801128
0.779856
0.082732
0.027164
0.713075
0.978604
0.228410
0.589144
0.649688
0.100580
0.535389
0.246759
0.787927
0.090535
0.109849
0.766291
0.626544
0.132684
0.269851
0.690166
0.649688
0.421575
0.795913
0.855893
0.275424
0.867378
0.246759
0.329292
0.023935
0.137917
0.771705
0.735726
0.300471
0.233315
0.935597
0.505064
0.557828
0.491556
0.940331
0.141156
0.690166
0.801128
0.048208
0.658394
0.962240
0.867378
0.718717
0.557828
0.571972
0.039801
0.901408
0.758020
0.002189
0.124654
0.580543
0.144460
0.483494
0.690166
0.421575
0.513281
0.124654
0.211153
0.147829
0.441715
0.454542
0.218844
0.015409
0.119859
0.003850
0.749684
0.695863
0.401971
0.855893
0.766291
0.991213
0.635244
0.566341
0.566341
0.704484
0.735726
0.316692
0.107244
0.658394
0.549354
0.421575
0.816691
0.290658
0.821730
0.935597
0.211153
0.603471
0.758020
0.241635
0.727244
0.549354
0.958545
0.150086
0.557828
0.984769
0.603471
0.808960
0.357661
0.153566
0.695863
0.884948
0.163153
0.626544
0.067775
0.316692
0.681504
0.300471
0.454542
0.635244
0.008847
0.758020
0.350951
0.183833
0.394742
0.713075
0.109849
0.884948
0.441715
0.153566
0.362130
0.543791
0.821730
0.891273
0.054829
0.206623
0.241635
0.505064
0.916674
0.109849
0.771705
0.713075
0.194957
0.080707
0.658394
0.867378
0.922090
0.821730
0.907293
0.978604
0.462365
0.382926
0.855893
0.018368
0.681504
0.228410
0.947760
0.333520
0.368979
0.058699
0.635244
0.787927
0.333520
0.758020
0.109849
0.867378
0.114294
0.884948
0.808960
0.994555
0.779856
0.675784
0.986757
0.829282
0.279144
0.294528
0.208158
0.322949
0.787927
0.681504
0.475494
0.070668
0.713075
0.284858
0.181158
0.891273
0.713075
0.779856
0.364456
0.483494
0.312615
0.327120
0.951979
0.766291
0.675784
0.364456
0.329292
0.626544
0.177160
0.848789
0.038764
0.173237
0.821730
0.951979
0.643949
0.264363
0.549354
0.766291
0.589144
0.382926
0.061772
0.855893
0.044581
0.580543
0.681504
0.681504
0.984769
0.897436
0.787927
0.589144
0.183833
0.521553
0.245003
0.566341
0.160731
0.829282
0.829282
0.300471
0.364456
0.231634
0.643949
0.965738
0.233315
0.589144
0.223587
0.766291
0.441715
0.981075
0.626544
0.333520
0.884948
0.603471
0.441715
0.470257
0.401971
0.035180
0.241635
0.042685
0.658394
0.434080
0.658394
0.672823
0.260793
0.855893
0.098985
0.129613
0.901408
0.060217
0.177160
0.626544
0.350951
0.557828
0.333520
0.421575
0.203680
0.956001
0.079397
0.867378
0.808960
0.228410
0.421575
0.327120
0.228410
0.557828
0.735726
0.675784
0.052535
0.589144
0.088340
0.394742
0.978604
0.344325
0.594827
0.462365
0.208158
0.017063
0.387593
0.300471
0.300471
0.891273
0.368979
0.462365
0.874110
0.744157
0.011640
0.521553
0.088340
0.483494
0.829282
0.060217
0.346575
0.127623
0.421575
0.144460
0.704484
0.223587
0.836720
0.470257
0.100580
0.801128
0.434080
0.771705
0.021268
0.312615
0.023508
0.690166
0.758020
0.986757
