0.009104
0.766291
0.059212
0.589144
0.801128
0.891273
0.223587
0.771705
0.429087
0.907293
0.192150
0.935597
0.159490
0.535389
0.070668
0.470257
0.016595
0.771705
0.907293
0.821730
0.109849
0.258960
0.364456
0.023508
0.406779
0.429087
0.821730
0.203680
0.935597
0.603471
0.010795
0.070668
0.841556
0.535389
0.318816
0.635244
0.241635
0.649688
0.371333
0.735726
0.649688
0.368979
0.462365
0.808960
0.025274
0.346575
0.626544
0.626544
0.962240
0.153566
0.394742
0.223587
0.672823
0.375911
0.821730
0.375911
0.051648
0.454542
0.635244
0.744157
0.183833
0.884948
0.250182
0.681504
0.626544
0.704484
0.566341
0.597771
0.496903
0.935597
0.401971
0.735726
0.535389
0.109849
0.434080
0.749684
0.233315
0.513281
0.829282
0.956001
0.088340
0.860501
0.387593
0.505064
0.350951
0.557828
0.821730
0.269851
0.735726
0.067775
0.449423
0.228410
0.808960
0.540922
0.144460
0.357661
0.758020
0.967937
0.011974
0.454542
0.874110
0.801128
0.401971
0.236593
0.139014
0.836720
0.032199
0.867378
0.470257
0.491556
0.836720
0.735726
0.223587
0.421575
0.206623
0.150086
0.951979
0.626544
0.350951
0.612135
0.441715
0.913005
0.855893
0.064431
0.860501
0.635244
0.816691
0.836720
0.704484
0.787927
0.713075
0.401971
0.129613
0.787927
0.603471
0.978604
0.749684
0.231634
0.310521
0.947760
0.003354
0.103042
0.612135
0.421575
0.002255
0.681504
0.795913
0.269851
0.177160
0.107244
0.241635
0.002324
0.078727
0.025274
0.991213
0.848789
0.236593
0.316692
0.951979
0.190711
0.821730
0.643949
0.749684
0.454542
0.441715
0.690166
0.672823
0.346575
0.018368
0.922090
0.808960
0.483494
0.414138
0.690166
0.617854
0.829282
0.119859
0.173237
0.695863
0.521553
0.513281
0.454542
0.540922
0.382926
0.727244
0.346575
0.649688
0.891273
0.874110
0.070668
0.006205
0.951979
0.672823
0.306500
0.312615
0.119859
0.907293
0.124654
0.829282
0.713075
0.594827
0.557828
0.658394
0.382926
0.130653
0.063362
0.275424
0.483494
0.401971
0.215763
0.470257
0.344325
0.344325
0.535389
0.635244
0.454542
0.667094
0.362130
0.897436
0.543791
0.357661
0.344325
0.540922
0.165605
0.153566
0.829282
0.967937
0.109849
0.429087
0.421575
0.316692
0.215763
0.848789
0.635244
0.744157
0.121744
0.836720
0.848789
0.518727
0.681504
0.394742
0.483494
0.421575
0.294528
0.984769
0.612135
0.713075
0.080707
0.698805
0.867378
0.821730
0.535389
0.346575
0.829282
0.649688
0.643949
0.173237
0.635244
0.897436
0.603471
0.409279
0.549354
0.635244
0.368979
0.589144
0.566341
0.735726
0.496903
0.279144
0.612135
0.557828
0.848789
0.927324
0.409279
0.518727
0.841556
0.130653
0.690166
0.327120
0.612135
0.897436
0.549354
0.779856
0.635244
0.566341
0.907293
0.505064
0.635244
0.672823
0.766291
0.841556
0.394742
0.617854
0.329292
0.549354
0.793201
0.414138
0.766291
0.603471
0.000795
0.922090
0.935597
0.275424
0.766291
0.103042
0.260793
0.483494
0.092008
0.735726
0.454542
0.340005
0.004372
0.364456
0.173237
0.329292
0.449423
0.836720
0.635244
0.574890
0.571972
0.758020
0.841556
0.203680
0.749684
0.907293
0.001636
0.368979
0.294528
0.421575
0.907293
0.475494
0.907293
0.462365
0.127623
0.907293
0.848789
0.119859
0.991213
0.580543
0.269851
0.612135
0.981075
0.513281
0.051648
0.721628
0.462365
0.290658
0.399498
0.589144
0.475494
0.597771
0.535389
0.891273
0.033659
0.766291
0.441715
0.549354
0.375911
0.552238
0.241635
0.940331
0.491556
0.070668
0.119859
0.284858
0.329292
0.801128
0.808960
0.075538
0.513281
0.916674
0.223587
0.002892
0.916674
0.884948
0.795913
0.124654
0.855893
0.483494
0.269851
0.713075
0.787927
0.177160
0.962240
0.241635
0.771705
0.721628
0.414138
0.940331
0.922090
0.092008
0.612135
0.841556
0.874110
0.535389
0.290658
0.327120
0.549354
0.255445
0.801128
0.681504
0.704484
0.557828
0.112510
0.011974
0.947760
0.626544
0.901408
0.010298
0.829282
0.808960
0.141156
0.867378
0.848789
0.940331
0.962240
0.390021
0.364456
0.758020
0.100580
0.357661
0.649688
0.878466
0.462365
0.211153
0.935597
0.144460
0.082732
0.986757
0.107244
0.589144
0.094284
0.462365
0.518727
0.194957
0.779856
0.218844
0.766291
0.735726
0.649688
0.003850
0.821730
0.867378
0.649688
0.173237
0.100580
0.011974
0.401971
0.962240
0.421575
0.735726
0.281082
0.749684
0.382926
0.109849
0.744157
0.527033
0.223587
0.333520
0.086192
0.264363
0.727244
0.735726
0.483494
0.421575
0.535389
0.935597
0.571972
0.986757
0.255445
0.971109
0.848789
0.566341
0.005262
0.155897
0.092008
0.513281
0.620815
0.281082
0.958545
0.735726
0.340005
0.758020
0.024596
0.346575
0.779856
0.571972
0.626544
0.223587
0.589144
0.294528
0.105557
0.612135
0.296545
0.855893
0.580543
0.574890
0.801128
0.891273
0.698805
0.589144
0.766291
0.284858
0.322949
0.779856
0.727244
0.368979
0.387593
0.981075
0.727244
0.891273
0.513281
0.580543
0.829282
0.470257
0.535389
0.159490
0.643949
0.284858
0.258960
0.713075
0.821730
0.603471
0.557828
0.329292
0.779856
0.223587
0.215763
0.986757
0.037099
0.779856
0.505064
0.098170
0.100580
0.236593
0.978604
0.215763
0.907293
0.044581
0.245003
0.470257
0.429087
0.626544
0.414138
0.190711
0.603471
0.675784
0.557828
0.475494
0.874110
0.978604
0.744157
0.951979
0.727244
0.264363
0.922090
0.041578
0.690166
0.269851
0.496903
0.333520
0.681504
0.064431
0.281082
0.483494
0.107244
0.005578
0.867378
0.947760
0.821730
0.787927
0.390021
0.557828
0.695863
0.907293
0.821730
