0.483494
0.951979
0.063362
0.787927
0.626544
0.836720
0.855893
0.994555
0.246759
0.000007
0.199280
0.470257
0.758020
0.667094
0.279144
0.250182
0.211153
0.462365
0.549354
0.296545
0.649688
0.192150
0.306500
0.808960
0.194957
0.344325
0.758020
0.246759
0.891273
0.390021
0.594827
0.310521
0.635244
0.394742
0.867378
0.223587
0.346575
0.072465
0.399498
0.658394
0.434080
0.010595
0.316692
0.375911
0.901408
0.215763
0.787927
0.566341
0.022875
0.603471
0.005687
0.127623
0.001149
0.429087
0.867378
0.390021
0.513281
0.672823
0.375911
0.098170
0.353229
0.935597
0.322949
0.557828
0.084803
0.505064
0.368979
0.066084
0.082732
0.867378
0.667094
0.057717
0.816691
0.357661
0.119859
0.275424
0.112510
0.589144
0.296545
0.353229
0.571972
0.060743
0.855893
0.787927
0.491556
0.971109
0.913005
0.527033
0.010106
0.543791
0.612135
0.594827
0.927324
0.033659
0.690166
0.930673
0.901408
0.626544
0.387593
0.127623
0.557828
0.612135
0.306500
0.157114
0.704484
0.749684
0.971109
0.414138
0.401971
0.096609
0.672823
0.758020
0.612135
0.275424
0.394742
0.333520
0.947760
0.012670
0.098170
0.241635
0.571972
0.183833
0.275424
0.016902
0.199280
0.836720
0.867378
0.454542
0.626544
0.429087
0.260793
0.758020
0.505064
0.449423
0.801128
0.829282
0.414138
0.375911
0.255445
0.855893
0.275424
0.135818
0.255445
0.549354
0.658394
0.557828
0.518727
0.704484
0.801128
0.951979
0.994555
0.375911
0.086919
0.279144
0.037099
0.571972
0.713075
0.112510
0.874110
0.681504
0.329292
0.290658
0.758020
0.603471
0.086192
0.635244
0.771705
0.124654
0.612135
0.194957
0.727244
0.658394
0.667094
0.594827
0.329292
0.808960
0.704484
0.681504
0.132684
0.390021
0.245003
0.228410
0.766291
0.429087
0.117048
0.231634
0.368979
0.483494
0.675784
0.255445
0.841556
0.841556
0.557828
0.867378
0.962240
0.119859
0.021268
0.535389
0.580543
0.139014
0.157114
0.841556
0.821730
0.808960
0.884948
0.394742
0.727244
0.218844
0.779856
0.513281
0.329292
0.841556
0.867378
0.072465
0.264363
0.269851
0.505064
0.127623
0.181158
0.294528
0.003559
0.713075
0.357661
0.962240
0.922090
0.801128
0.441715
0.735726
0.401971
0.867378
0.284858
0.801128
0.922090
0.005418
0.421575
0.690166
0.735726
0.867378
0.566341
0.008847
0.690166
0.935597
0.483494
0.009546
0.002324
0.951979
0.491556
0.155897
0.649688
0.072465
0.072465
0.284858
0.901408
0.527033
0.037752
0.829282
0.667094
0.901408
0.991213
0.821730
0.199280
0.027164
0.255445
0.571972
0.649688
0.612135
0.603471
0.935597
0.072465
0.090535
0.483494
0.063362
0.597771
0.441715
0.187953
0.821730
0.727244
0.364456
0.246759
0.735726
0.275424
0.635244
0.612135
0.300471
0.571972
0.294528
0.470257
0.163153
0.061772
0.848789
0.132684
0.549354
0.269851
0.426518
0.399498
0.056256
0.296545
0.382926
0.589144
0.284858
0.907293
0.211153
0.166886
0.139014
0.580543
0.947760
0.597771
0.779856
0.132684
0.306500
0.771705
0.111596
0.922090
0.357661
0.290658
0.649688
0.322949
0.518727
0.057717
0.821730
0.187953
0.025274
0.848789
0.793201
0.245003
0.300471
0.635244
0.000320
0.064431
0.597771
0.713075
0.414138
0.441715
0.867378
0.478214
0.566341
0.357661
0.744157
0.039801
0.462365
0.891273
0.092778
0.649688
0.735726
0.449423
0.884948
0.394742
0.643949
0.549354
0.382926
0.028409
0.829282
0.382926
0.801128
0.060217
0.041578
0.543791
0.070668
0.721628
0.821730
0.927324
0.223587
0.382926
0.626544
0.008597
0.571972
0.390021
0.306500
0.368979
0.667094
0.300471
0.401971
0.300471
0.922090
0.727244
0.169385
0.135818
0.713075
0.907293
0.499678
0.672823
0.549354
0.375911
0.491556
0.022875
0.771705
0.329292
0.092778
0.112510
0.891273
0.787927
0.996919
0.658394
0.603471
0.155897
0.643949
0.874110
0.421575
0.001184
0.017866
0.144460
0.713075
0.470257
0.867378
0.884948
0.681504
0.233315
0.940331
0.062816
0.713075
0.135818
0.041578
0.991213
0.300471
0.535389
0.821730
0.801128
0.947760
0.190711
0.727244
0.505064
0.037099
0.958545
0.589144
0.874110
0.951979
0.675784
0.199280
0.643949
0.414138
0.626544
0.589144
0.269851
0.335721
0.340005
0.322949
0.012317
0.322949
0.727244
0.190711
0.635244
0.779856
0.505064
0.884948
0.867378
0.353229
0.690166
0.505064
0.344325
0.635244
0.891273
0.947760
0.907293
0.135818
0.483494
0.394742
0.141156
0.758020
0.409279
0.951979
0.454542
0.612135
0.159490
0.483494
0.117048
0.141156
0.704484
0.333520
0.698805
0.874110
0.020886
0.962240
0.255445
0.991213
0.012907
0.940331
0.322949
0.375911
0.041578
0.758020
0.771705
0.150086
0.441715
0.245003
0.124654
0.821730
0.974087
0.704484
0.194957
0.658394
0.029982
0.940331
0.690166
0.758020
0.296545
0.218844
0.940331
0.907293
0.421575
0.518727
0.535389
0.874110
0.015409
0.535389
0.183833
0.891273
0.040864
0.848789
0.414138
0.829282
0.612135
0.874110
0.075538
0.940331
0.867378
0.994555
0.382926
0.557828
0.965738
0.153566
0.362130
0.051648
0.027908
0.867378
0.312615
0.218844
0.829282
0.382926
0.535389
0.122729
0.635244
0.357661
0.333520
0.329292
0.935597
0.667094
0.557828
0.169385
0.771705
0.387593
0.935597
0.316692
0.821730
0.527033
0.971109
0.491556
0.735726
0.340005
0.434080
0.322949
0.994555
0.998868
0.758020
0.382926
0.643949
0.867378
0.787927
0.470257
0.228410
0.774492
0.218844
0.187953
0.139014
0.855893
0.821730
0.228410
0.275424
0.441715
0.409279
0.916674
0.211153
0.771705
0.088340
0.088340
0.672823
0.996919
