0.589144
0.867378
0.958545
0.255445
0.250182
0.014711
0.475494
0.284858
0.211153
0.658394
0.855893
0.329292
0.758020
0.704484
0.713075
0.346575
0.127623
0.312615
0.357661
0.340005
0.108126
0.681504
0.491556
0.000241
0.967937
0.922090
0.986757
0.563435
0.100580
0.758020
0.060217
0.801128
0.922090
0.100580
0.414138
0.749684
0.527033
0.891273
0.042685
0.255445
0.713075
0.681504
0.571972
0.922090
0.096609
0.649688
0.978604
0.855893
0.965738
0.841556
0.421575
0.364456
0.375911
0.147829
0.681504
0.513281
0.163153
0.250182
0.406779
0.177160
0.364456
0.744157
0.211153
0.774492
0.434080
0.441715
0.884948
0.649688
0.635244
0.409279
0.173237
0.203680
0.067775
0.913005
0.449423
0.449423
0.050328
0.667094
0.801128
0.096609
0.735726
0.867378
0.255445
0.273514
0.793201
0.041578
0.771705
0.483494
0.612135
0.787927
0.414138
0.390021
0.580543
0.978604
0.114294
0.340005
0.518727
0.000000
0.042685
0.935597
0.758020
0.527033
0.978604
0.333520
0.421575
0.758020
0.100580
0.109849
0.874110
0.275424
0.421575
0.940331
0.394742
0.695863
0.020320
0.667094
0.779856
0.589144
0.019230
0.855893
0.860501
0.958545
0.147829
0.801128
0.357661
0.848789
0.211153
0.901408
0.074303
0.346575
0.368979
0.922090
0.829282
0.984769
0.801128
0.000424
0.867378
0.075538
0.681504
0.344325
0.927324
0.169385
0.594827
0.704484
0.183833
0.922090
0.907293
0.220452
0.658394
0.855893
0.215763
0.626544
0.986757
0.112510
0.382926
0.368979
0.962240
0.449423
0.867378
0.658394
0.401971
0.060217
0.441715
0.808960
0.907293
0.535389
0.002061
0.483494
0.891273
0.312615
0.801128
0.867378
0.246759
0.535389
0.163153
0.462365
0.375911
0.672823
0.333520
0.513281
0.801128
0.690166
0.766291
0.735726
0.884948
0.294528
0.169385
0.375911
0.181158
0.018368
0.096609
0.505064
0.434080
0.829282
0.667094
0.571972
0.038764
0.155897
0.114294
0.416665
0.766291
0.841556
0.940331
0.033659
0.470257
0.626544
0.462365
0.003738
0.214182
0.672823
0.907293
0.127623
0.571972
0.962240
0.275424
0.275424
0.170690
0.867378
0.241635
0.735726
0.475494
0.199280
0.194957
0.457201
0.727244
0.841556
0.095811
0.300471
0.027164
0.449423
0.228410
0.264363
0.394742
0.867378
0.150086
0.031348
0.978604
0.535389
0.935597
0.008597
0.181158
0.626544
0.867378
0.333520
0.589144
0.028409
0.316692
0.109849
0.971109
0.033071
0.658394
0.290658
0.434080
0.226757
0.744157
0.766291
0.612135
0.079397
0.996919
0.020320
0.958545
0.527033
0.612135
0.698805
0.387593
0.735726
0.109849
0.848789
0.275424
0.160731
0.848789
0.626544
0.543791
0.958545
0.409279
0.387593
0.056256
0.580543
0.672823
0.787927
0.057717
0.816691
0.228410
0.779856
0.867378
0.470257
0.672823
0.107244
0.483494
0.228410
0.860501
0.390021
0.491556
0.935597
0.275424
0.375911
0.574890
0.735726
0.218844
0.940331
0.841556
0.322949
0.079397
0.429087
0.279144
0.594827
0.543791
0.571972
0.947760
0.808960
0.163153
0.626544
0.067775
0.704484
0.940331
0.658394
0.735726
0.521553
0.132684
0.727244
0.867378
0.927324
0.364456
0.735726
0.867378
0.635244
0.718717
0.808960
0.704484
0.429087
0.821730
0.571972
0.643949
0.340005
0.470257
0.626544
0.518727
0.884948
0.375911
0.375911
0.580543
0.362130
0.094284
0.690166
0.787927
0.279144
0.269851
0.112510
0.137917
0.454542
0.589144
0.626544
0.543791
0.758020
0.031348
0.063362
0.927324
0.000682
0.092008
0.346575
0.571972
0.310521
0.096609
0.505064
0.829282
0.793201
0.681504
0.518727
0.635244
0.752533
0.109849
0.658394
0.491556
0.962240
0.672823
0.916674
0.132684
0.329292
0.994555
0.236593
0.690166
0.088340
0.499678
0.290658
0.922090
0.141156
0.527033
0.597771
0.014305
0.795913
0.211153
0.978604
0.571972
0.727244
0.394742
0.916674
0.382926
0.043818
0.211153
0.521553
0.658394
0.429087
0.394742
0.635244
0.394742
0.821730
0.364456
0.329292
0.024596
0.147829
0.221961
0.350951
0.163153
0.203680
0.901408
0.922090
0.603471
0.310521
0.279144
0.429087
0.449423
0.340005
0.617854
0.096609
0.821730
0.704484
0.681504
0.192150
0.821730
0.429087
0.010795
0.901408
0.357661
0.557828
0.667094
0.382926
0.758020
0.962240
0.491556
0.603471
0.368979
0.103042
0.421575
0.779856
0.236593
0.727244
0.801128
0.935597
0.119859
0.779856
0.860501
0.098985
0.727244
0.199280
0.758020
0.681504
0.958545
0.867378
0.704484
0.635244
0.033659
0.496903
0.401971
0.535389
0.016595
0.316692
0.491556
0.414138
0.153566
0.344325
0.046970
0.930673
0.001351
0.074303
0.749684
0.527033
0.981075
0.681504
0.829282
0.603471
0.643949
0.192150
0.901408
0.096609
0.233315
0.042685
0.978604
0.922090
0.264363
0.441715
0.394742
0.414138
0.935597
0.635244
0.867378
0.658394
0.958545
0.640981
0.350951
0.713075
0.457201
0.394742
0.264363
0.478214
0.000055
0.006637
0.103042
0.491556
0.836720
0.907293
0.294528
0.177160
0.962240
0.462365
0.727244
0.368979
0.603471
0.103042
0.070668
0.557828
0.421575
0.935597
0.329292
0.841556
0.704484
0.098985
0.470257
0.264363
0.978604
0.718717
0.121744
0.491556
0.429087
0.003099
0.749684
0.884948
0.758020
0.457201
0.401971
0.483494
0.958545
0.566341
0.152372
0.022875
0.589144
0.086192
0.107244
0.429087
0.001465
0.173237
0.626544
0.421575
0.971109
0.013276
0.603471
0.535389
0.306500
0.901408
0.401971
0.390021
0.144460
0.848789
0.841556
0.922090
0.848789
0.658394
0.475494
0.416665
0.612135
0.681504
0.974087
0.940331
0.239907
0.414138
0.874110
0.434080
