0.269851
0.245003
0.698805
0.208158
0.329292
0.462365
0.449423
0.215763
0.004775
0.958545
0.077446
0.978604
0.848789
0.695863
0.829282
0.306500
0.322949
0.104694
0.049040
0.913005
0.635244
0.821730
0.028409
0.626544
0.350951
0.290658
0.580543
0.017063
0.115226
0.758020
0.483494
0.727244
0.144460
0.991213
0.144460
0.808960
0.704484
0.891273
0.241635
0.801128
0.187953
0.255445
0.251967
0.223587
0.499678
0.414138
0.007739
0.907293
0.028672
0.589144
0.557828
0.935597
0.215763
0.597771
0.401971
0.557828
0.713075
0.603471
0.571972
0.907293
0.109849
0.672823
0.974087
0.681504
0.150086
0.635244
0.441715
0.907293
0.758020
0.322949
0.462365
0.829282
0.557828
0.698805
0.300471
0.597771
0.589144
0.951979
0.758020
0.571972
0.690166
0.626544
0.394742
0.589144
0.704484
0.749684
0.649688
0.566341
0.690166
0.543791
0.735726
0.981075
0.787927
0.787927
0.340005
0.848789
0.996919
0.505064
0.690166
0.801128
0.829282
0.160731
0.151265
0.329292
0.667094
0.279144
0.612135
0.294528
0.394742
0.335721
0.922090
0.704484
0.390021
0.499678
0.801128
0.046970
0.801128
0.024158
0.867378
0.290658
0.094284
0.527033
0.441715
0.107244
0.483494
0.441715
0.177160
0.793201
0.368979
0.721628
0.713075
0.194957
0.978604
0.940331
0.173237
0.483494
0.867378
0.867378
0.478214
0.713075
0.067775
0.107244
0.681504
0.535389
0.940331
0.829282
0.449423
0.735726
0.163153
0.681504
0.727244
0.067775
0.758020
0.787927
0.357661
0.475494
0.194957
0.139014
0.658394
0.907293
0.300471
0.848789
0.713075
0.704484
0.197797
0.735726
0.991213
0.470257
0.001588
0.094284
0.013654
0.208158
0.549354
0.713075
0.179787
0.462365
0.557828
0.704484
0.704484
0.529876
0.718717
0.540922
0.940331
0.649688
0.375911
0.082732
0.612135
0.589144
0.079397
0.749684
0.935597
0.779856
0.867378
0.051648
0.518727
0.951979
0.275424
0.011974
0.617854
0.874110
0.322949
0.675784
0.713075
0.713075
0.658394
0.855893
0.735726
0.958545
0.727244
0.571972
0.031348
0.401971
0.368979
0.300471
0.004164
0.566341
0.907293
0.713075
0.713075
0.368979
0.649688
0.698805
0.801128
0.549354
0.505064
0.340005
0.727244
0.045761
0.505064
0.612135
0.907293
0.907293
0.571972
0.040864
0.021268
0.704484
0.275424
0.441715
0.491556
0.478214
0.300471
0.884948
0.264363
0.713075
0.496903
0.951979
0.105557
0.672823
0.635244
0.884948
0.462365
0.962240
0.130653
0.434080
0.387593
0.566341
0.132684
0.907293
0.787927
0.290658
0.521553
0.421575
0.072465
0.758020
0.241635
0.505064
0.821730
0.626544
0.935597
0.010198
0.187953
0.441715
0.744157
0.735726
0.771705
0.713075
0.284858
0.884948
0.105557
0.690166
0.499678
0.215763
0.681504
0.787927
0.375911
0.382926
0.649688
0.023291
0.394742
0.067775
0.635244
0.329292
0.340005
0.029982
0.766291
0.617854
0.038764
0.394742
0.867378
0.022875
0.836720
0.735726
0.147829
0.690166
0.801128
0.375911
0.375911
0.704484
0.658394
0.735726
0.038094
0.557828
0.290658
0.382926
0.155897
0.364456
0.643949
0.153566
0.527033
0.867378
0.518727
0.922090
0.878466
0.414138
0.612135
0.874110
0.801128
0.192150
0.808960
0.290658
0.382926
0.971109
0.735726
0.000145
0.215763
0.829282
0.658394
0.220452
0.357661
0.132684
0.690166
0.566341
0.475494
0.884948
0.930673
0.441715
0.801128
0.617854
0.574890
0.089781
0.011753
0.891273
0.589144
0.927324
0.340005
0.649688
0.518727
0.848789
0.223587
0.513281
0.177160
0.103042
0.007965
0.192150
0.027164
0.353229
0.808960
0.594827
0.779856
0.470257
0.543791
0.612135
0.620815
0.749684
0.557828
0.935597
0.795913
0.421575
0.922090
0.269851
0.935597
0.779856
0.649688
0.884948
0.518727
0.821730
0.997586
0.462365
0.434080
0.029982
0.658394
0.121744
0.231634
0.098170
0.814067
0.296545
0.535389
0.086192
0.527033
0.059212
0.163153
0.368979
0.549354
0.940331
0.626544
0.327120
0.557828
0.250182
0.022466
0.357661
0.640981
0.913005
0.860501
0.421575
0.557828
0.119859
0.829282
0.916674
0.884948
0.922090
0.260793
0.199280
0.829282
0.603471
0.518727
0.135818
0.829282
0.394742
0.518727
0.620815
0.434080
0.643949
0.052535
0.744157
0.269851
0.580543
0.704484
0.922090
0.540922
0.779856
0.014711
0.626544
0.535389
0.878466
0.658394
0.478214
0.449423
0.094284
0.273514
0.913005
0.426518
0.449423
0.316692
0.114294
0.672823
0.449423
0.269851
0.735726
0.675784
0.346575
0.421575
0.119859
0.690166
0.513281
0.901408
0.695863
0.991213
0.891273
0.103042
0.027652
0.801128
0.475494
0.597771
0.275424
0.362130
0.867378
0.513281
0.841556
0.031348
0.144460
0.082732
0.855893
0.288671
0.346575
0.139014
0.344325
0.793201
0.620815
0.394742
0.752533
0.793201
0.290658
0.603471
0.589144
0.067775
0.649688
0.744157
0.070668
0.163153
0.183833
0.635244
0.713075
0.626544
0.215763
0.255445
0.250182
0.414138
0.580543
0.672823
0.779856
0.387593
0.127623
0.170690
0.199280
0.107244
0.527033
0.667094
0.470257
0.672823
0.543791
0.557828
0.603471
0.181158
0.047782
0.580543
0.801128
0.141156
0.758020
0.884948
0.382926
0.801128
0.382926
0.787927
0.002255
0.571972
0.727244
0.051648
0.382926
0.848789
0.253642
0.199280
0.922090
0.475494
0.441715
0.329292
0.103042
0.255445
0.821730
0.884948
0.100580
0.233315
0.260793
0.867378
0.023935
0.223587
0.667094
0.808960
0.012907
0.218844
0.821730
0.462365
0.119859
0.695863
0.014985
0.580543
0.513281
0.038094
0.340005
0.421575
0.236593
0.505064
0.434080
0.231634
0.505064
0.829282
0.891273
