0.681504
0.867378
0.521553
0.626544
0.166886
0.612135
0.250182
0.727244
0.566341
0.649688
0.211153
0.860501
0.626544
0.029982
0.350951
0.203680
0.046970
0.001465
0.589144
0.998868
0.441715
0.241635
0.000696
0.429087
0.927324
0.758020
0.279144
0.860501
0.016139
0.294528
0.382926
0.382926
0.036127
0.236593
0.394742
0.801128
0.496903
0.491556
0.749684
0.971109
0.434080
0.771705
0.901408
0.808960
0.808960
0.658394
0.727244
0.758020
0.935597
0.401971
0.535389
0.147829
0.821730
0.951979
0.462365
0.340005
0.535389
0.922090
0.144460
0.626544
0.749684
0.064431
0.211153
0.848789
0.922090
0.034568
0.421575
0.626544
0.801128
0.211153
0.891273
0.116102
0.236593
0.981075
0.177160
0.194957
0.617854
0.986757
0.589144
0.978604
0.951979
0.758020
0.635244
0.290658
0.675784
0.758020
0.206623
0.211153
0.927324
0.518727
0.913005
0.518727
0.505064
0.166886
0.002808
0.758020
0.218844
0.971109
0.681504
0.848789
0.346575
0.643949
0.557828
0.318816
0.166886
0.801128
0.829282
0.223587
0.157114
0.223587
0.571972
0.620815
0.470257
0.874110
0.521553
0.218844
0.951979
0.470257
0.643949
0.491556
0.867378
0.787927
0.117048
0.007965
0.094284
0.269851
0.658394
0.971109
0.067775
0.779856
0.284858
0.643949
0.535389
0.322949
0.177160
0.491556
0.012907
0.690166
0.103042
0.649688
0.580543
0.483494
0.414138
0.612135
0.118894
0.535389
0.449423
0.166886
0.401971
0.019768
0.269851
0.580543
0.375911
0.958545
0.635244
0.571972
0.394742
0.962240
0.008597
0.713075
0.793201
0.037099
0.855893
0.505064
0.394742
0.441715
0.103042
0.986757
0.166886
0.246759
0.867378
0.643949
0.505064
0.841556
0.884948
0.557828
0.505064
0.288671
0.211153
0.535389
0.867378
0.141156
0.375911
0.228410
0.643949
0.449423
0.246759
0.758020
0.589144
0.649688
0.375911
0.643949
0.855893
0.549354
0.041952
0.454542
0.580543
0.675784
0.153566
0.704484
0.891273
0.139014
0.571972
0.695863
0.841556
0.681504
0.012317
0.580543
0.231634
0.922090
0.744157
0.667094
0.269851
0.808960
0.704484
0.612135
0.346575
0.821730
0.649688
0.779856
0.117048
0.681504
0.549354
0.721628
0.672823
0.566341
0.236593
0.658394
0.306500
0.855893
0.364456
0.566341
0.543791
0.947760
0.535389
0.082732
0.013909
0.382926
0.483494
0.409279
0.649688
0.153566
0.340005
0.695863
0.766291
0.350951
0.483494
0.540922
0.713075
0.203680
0.603471
0.727244
0.029186
0.836720
0.006637
0.690166
0.061772
0.177160
0.672823
0.454542
0.008597
0.088340
0.779856
0.518727
0.626544
0.513281
0.801128
0.704484
0.434080
0.874110
0.658394
0.841556
0.394742
0.927324
0.771705
0.368979
0.236593
0.183833
0.535389
0.681504
0.441715
0.316692
0.103042
0.891273
0.620815
0.233315
0.795913
0.580543
0.310521
0.245003
0.848789
0.793201
0.667094
0.535389
0.300471
0.340005
0.698805
0.829282
0.203680
0.801128
0.401971
0.867378
0.233315
0.841556
0.166886
0.371333
0.246759
0.675784
0.779856
0.855893
0.907293
0.163153
0.848789
0.215763
0.749684
0.382926
0.483494
0.028409
0.470257
0.039801
0.527033
0.571972
0.962240
0.848789
0.635244
0.626544
0.874110
0.061772
0.867378
0.020320
0.947760
0.350951
0.171915
0.170690
0.766291
0.260793
0.986757
0.449423
0.022875
0.672823
0.462365
0.000285
0.821730
0.527033
0.951979
0.735726
0.580543
0.787927
0.787927
0.306500
0.470257
0.375911
0.223587
0.322949
0.103042
0.947760
0.112510
0.603471
0.944872
0.749684
0.429087
0.074303
0.255445
0.499678
0.951979
0.808960
0.333520
0.935597
0.836720
0.821730
0.612135
0.505064
0.275424
0.340005
0.543791
0.199280
0.667094
0.033659
0.891273
0.535389
0.643949
0.033071
0.114294
0.118894
0.310521
0.735726
0.284858
0.449423
0.713075
0.891273
0.090535
0.549354
0.727244
0.643949
0.557828
0.801128
0.643949
0.513281
0.434080
0.681504
0.718717
0.727244
0.426518
0.053907
0.927324
0.060217
0.860501
0.658394
0.884948
0.779856
0.513281
0.891273
0.177160
0.104694
0.635244
0.884948
0.527033
0.041578
0.236593
0.394742
0.566341
0.080707
0.239907
0.470257
0.589144
0.681504
0.079397
0.649688
0.626544
0.557828
0.284858
0.071848
0.721628
0.094284
0.771705
0.036127
0.160731
0.141156
0.874110
0.704484
0.043429
0.483494
0.228410
0.294528
0.626544
0.300471
0.089781
0.901408
0.496903
0.144460
0.000411
0.441715
0.063362
0.250182
0.787927
0.429087
0.989675
0.749684
0.589144
0.884948
0.505064
0.086192
0.901408
0.462365
0.766291
0.281082
0.848789
0.382926
0.635244
0.362130
0.771705
0.566341
0.947760
0.046970
0.139014
0.260793
0.475494
0.112510
0.626544
0.695863
0.589144
0.808960
0.635244
0.635244
0.316692
0.406779
0.141156
0.061772
0.779856
0.462365
0.233315
0.580543
0.030518
0.971109
0.462365
0.848789
0.241635
0.006832
0.215763
0.072465
0.922090
0.735726
0.901408
0.672823
0.434080
0.744157
0.552238
0.054829
0.667094
0.713075
0.779856
0.132684
0.612135
0.241635
0.916674
0.635244
0.454542
0.787927
0.005262
0.658394
0.284858
0.333520
0.382926
0.421575
0.681504
0.028409
0.215763
0.033659
0.758020
0.635244
0.518727
0.901408
0.589144
0.346575
0.470257
0.103042
0.675784
0.214182
0.594827
0.096609
0.848789
0.549354
0.848789
0.704484
0.236593
0.284858
0.306500
0.166886
0.727244
0.612135
0.002211
0.535389
0.300471
0.414138
0.118894
0.327120
0.236593
0.867378
0.795913
0.749684
0.462365
0.218844
0.713075
0.681504
0.612135
0.163153
0.135818
0.589144
0.429087
0.316692
0.557828
0.340005
0.612135
0.704484
0.421575
0.874110
