0.329292
0.183833
0.051194
0.491556
0.571972
0.927324
0.124654
0.414138
0.505064
0.801128
0.513281
0.236593
0.635244
0.891273
0.130653
0.007593
0.916674
0.483494
0.187953
0.000000
0.013909
0.940331
0.077446
0.721628
0.594827
0.758020
0.603471
0.004868
0.907293
0.860501
0.704484
0.884948
0.333520
0.255445
0.808960
0.891273
0.306500
0.793201
0.037099
0.744157
0.141156
0.594827
0.414138
0.078727
0.250182
0.296545
0.470257
0.958545
0.735726
0.935597
0.549354
0.046970
0.695863
0.223587
0.927324
0.867378
0.017543
0.974087
0.626544
0.713075
0.947760
0.491556
0.281082
0.163153
0.470257
0.441715
0.015845
0.884948
0.382926
0.094284
0.284858
0.421575
0.112510
0.704484
0.014711
0.387593
0.449423
0.867378
0.922090
0.187953
0.144460
0.589144
0.727244
0.549354
0.114294
0.258960
0.279144
0.566341
0.350951
0.589144
0.223587
0.382926
0.727244
0.375911
0.841556
0.067775
0.077446
0.549354
0.155897
0.884948
0.735726
0.787927
0.681504
0.056256
0.829282
0.300471
0.690166
0.340005
0.829282
0.462365
0.821730
0.140045
0.801128
0.033659
0.994555
0.513281
0.290658
0.821730
0.056256
0.013276
0.017543
0.401971
0.935597
0.058699
0.829282
0.264363
0.603471
0.874110
0.589144
0.434080
0.535389
0.382926
0.967937
0.704484
0.540922
0.250182
0.414138
0.375911
0.848789
0.649688
0.940331
0.787927
0.483494
0.557828
0.735726
0.094284
0.649688
0.159490
0.635244
0.064431
0.002725
0.947760
0.735726
0.203680
0.333520
0.594827
0.829282
0.401971
0.922090
0.368979
0.801128
0.491556
0.766291
0.375911
0.658394
0.215763
0.470257
0.821730
0.766291
0.727244
0.958545
0.848789
0.766291
0.998463
0.704484
0.951979
0.867378
0.635244
0.901408
0.735726
0.005013
0.181158
0.063362
0.771705
0.250182
0.006144
0.275424
0.269851
0.505064
0.535389
0.935597
0.779856
0.735726
0.695863
0.491556
0.421575
0.649688
0.580543
0.557828
0.357661
0.215763
0.916674
0.260793
0.801128
0.233315
0.505064
0.907293
0.000075
0.429087
0.005262
0.603471
0.658394
0.333520
0.801128
0.744157
0.594827
0.346575
0.867378
0.836720
0.643949
0.027908
0.557828
0.801128
0.387593
0.390021
0.771705
0.848789
0.848789
0.984769
0.322949
0.704484
0.867378
0.667094
0.036127
0.672823
0.801128
0.535389
0.951979
0.454542
0.878466
0.841556
0.978604
0.414138
0.779856
0.269851
0.916674
0.507859
0.513281
0.329292
0.984769
0.543791
0.375911
0.215763
0.192150
0.935597
0.727244
0.986757
0.557828
0.449423
0.635244
0.829282
0.991213
0.589144
0.962240
0.690166
0.704484
0.947760
0.681504
0.112510
0.821730
0.346575
0.199280
0.603471
0.454542
0.135818
0.183833
0.166886
0.483494
0.406779
0.014711
0.749684
0.749684
0.454542
0.766291
0.808960
0.913005
0.147829
0.329292
0.698805
0.181158
0.159490
0.801128
0.801128
0.346575
0.159490
0.635244
0.434080
0.907293
0.333520
0.916674
0.483494
0.758020
0.173237
0.779856
0.829282
0.364456
0.727244
0.735726
0.758020
0.801128
0.589144
0.306500
0.640981
0.470257
0.841556
0.884948
0.483494
0.566341
0.713075
0.841556
0.907293
0.273514
0.192150
0.288671
0.643949
0.165605
0.153566
0.075538
0.491556
0.194957
0.779856
0.829282
0.986757
0.269851
0.535389
0.821730
0.779856
0.643949
0.004503
0.667094
0.414138
0.603471
0.072465
0.023935
0.199280
0.086192
0.766291
0.434080
0.713075
0.057717
0.483494
0.231634
0.801128
0.612135
0.940331
0.228410
0.758020
0.055312
0.867378
0.557828
0.667094
0.218844
0.874110
0.304435
0.940331
0.855893
0.901408
0.907293
0.306500
0.294528
0.434080
0.409279
0.177160
0.527033
0.306500
0.779856
0.346575
0.543791
0.441715
0.727244
0.884948
0.991213
0.787927
0.124654
0.951979
0.045761
0.322949
0.024596
0.986757
0.744157
0.907293
0.211153
0.867378
0.100580
0.513281
0.186540
0.749684
0.434080
0.434080
0.549354
0.038764
0.387593
0.540922
0.290658
0.735726
0.475494
0.177160
0.821730
0.999988
0.649688
0.535389
0.922090
0.306500
0.047782
0.003523
0.690166
0.829282
0.470257
0.951979
0.414138
0.744157
0.566341
0.401971
0.971109
0.173237
0.024596
0.364456
0.151265
0.735726
0.801128
0.401971
0.029186
0.779856
0.327120
0.994555
0.183833
0.758020
0.884948
0.620815
0.612135
0.695863
0.727244
0.275424
0.626544
0.801128
0.878466
0.571972
0.394742
0.808960
0.749684
0.375911
0.394742
0.434080
0.681504
0.441715
0.016139
0.414138
0.829282
0.401971
0.082732
0.947760
0.513281
0.127623
0.421575
0.294528
0.496903
0.672823
0.690166
0.061772
0.255445
0.141156
0.147829
0.801128
0.406779
0.288671
0.141156
0.441715
0.029982
0.860501
0.053907
0.294528
0.801128
0.107244
0.077446
0.114294
0.401971
0.049040
0.758020
0.571972
0.758020
0.387593
0.594827
0.855893
0.557828
0.513281
0.836720
0.907293
0.327120
0.612135
0.735726
0.907293
0.340005
0.727244
0.491556
0.177160
0.635244
0.483494
0.434080
0.483494
0.496903
0.940331
0.513281
0.626544
0.930673
0.635244
0.098170
0.401971
0.475494
0.031348
0.357661
0.808960
0.527033
0.236593
0.589144
0.965738
0.758020
0.022875
0.913005
0.382926
0.978604
0.779856
0.211153
0.340005
0.640981
0.821730
0.649688
0.163153
0.749684
0.496903
0.635244
0.626544
0.316692
0.681504
0.758020
0.971109
0.848789
0.173237
0.658394
0.749684
0.704484
0.787927
0.233315
0.922090
0.104694
0.434080
0.441715
0.841556
0.382926
0.409279
0.105557
0.922090
0.549354
0.199280
0.057717
0.766291
0.350951
0.658394
0.649688
0.543791
0.401971
0.063362
0.077446
0.211153
0.947760
0.414138
0.594827
