0.580543
0.470257
0.808960
0.401971
0.766291
0.874110
0.994555
0.967937
0.821730
0.401971
0.974087
0.364456
0.394742
0.855893
0.603471
0.382926
0.194957
0.681504
0.962240
0.119859
0.269851
0.350951
0.571972
0.597771
0.441715
0.589144
0.121744
0.096609
0.505064
0.635244
0.144460
0.421575
0.406779
0.281082
0.704484
0.552238
0.048208
0.787927
0.357661
0.132684
0.513281
0.626544
0.597771
0.192150
0.401971
0.874110
0.801128
0.779856
0.962240
0.766291
0.855893
0.771705
0.084803
0.290658
0.540922
0.527033
0.220452
0.170690
0.643949
0.044581
0.199280
0.364456
0.635244
0.566341
0.808960
0.690166
0.218844
0.012317
0.114294
0.907293
0.344325
0.429087
0.016293
0.821730
0.478214
0.779856
0.401971
0.011974
0.947760
0.571972
0.698805
0.007032
0.603471
0.119859
0.991213
0.727244
0.005262
0.612135
0.808960
0.922090
0.246759
0.640981
0.119859
0.306500
0.153566
0.288671
0.094284
0.316692
0.454542
0.566341
0.744157
0.626544
0.401971
0.667094
0.735726
0.007168
0.698805
0.340005
0.927324
0.159490
0.962240
0.357661
0.801128
0.758020
0.947760
0.015409
0.727244
0.018368
0.821730
0.236593
0.867378
0.649688
0.947760
0.499678
0.088340
0.049040
0.735726
0.808960
0.635244
0.052535
0.414138
0.713075
0.387593
0.603471
0.594827
0.483494
0.971109
0.300471
0.382926
0.594827
0.077446
0.275424
0.566341
0.779856
0.483494
0.320806
0.505064
0.649688
0.401971
0.223587
0.215763
0.394742
0.258960
0.075538
0.475494
0.557828
0.603471
0.787927
0.077446
0.409279
0.333520
0.454542
0.290658
0.749684
0.758020
0.223587
0.735726
0.153566
0.787927
0.144460
0.860501
0.382926
0.829282
0.557828
0.260793
0.727244
0.635244
0.236593
0.658394
0.626544
0.635244
0.040864
0.922090
0.874110
0.860501
0.535389
0.513281
0.672823
0.151265
0.571972
0.333520
0.658394
0.589144
0.766291
0.829282
0.704484
0.362130
0.821730
0.962240
0.513281
0.340005
0.066084
0.112510
0.449423
0.916674
0.829282
0.907293
0.051648
0.236593
0.491556
0.499678
0.223587
0.194957
0.735726
0.029982
0.848789
0.704484
0.300471
0.203680
0.290658
0.401971
0.690166
0.114294
0.557828
0.241635
0.344325
0.346575
0.483494
0.884948
0.808960
0.284858
0.718717
0.340005
0.233315
0.119859
0.557828
0.589144
0.103042
0.829282
0.744157
0.483494
0.704484
0.901408
0.124654
0.779856
0.667094
0.375911
0.004868
0.007739
0.449423
0.571972
0.031348
0.603471
0.566341
0.236593
0.322949
0.203680
0.055312
0.312615
0.187953
0.010298
0.907293
0.454542
0.907293
0.329292
0.749684
0.109849
0.215763
0.371333
0.401971
0.589144
0.491556
0.294528
0.199280
0.836720
0.049886
0.947760
0.284858
0.014711
0.962240
0.284858
0.951979
0.991213
0.891273
0.978604
0.649688
0.353229
0.421575
0.713075
0.050328
0.874110
0.612135
0.368979
0.672823
0.643949
0.074303
0.836720
0.787927
0.535389
0.096609
0.635244
0.255445
0.626544
0.061772
0.907293
0.594827
0.294528
0.758020
0.984769
0.434080
0.084092
0.566341
0.626544
0.163153
0.643949
0.878466
0.795913
0.758020
0.030518
0.758020
0.779856
0.015845
0.518727
0.346575
0.821730
0.557828
0.513281
0.891273
0.449423
0.801128
0.505064
0.505064
0.008197
0.649688
0.290658
0.036127
0.505064
0.092778
0.535389
0.841556
0.867378
0.117048
0.211153
0.962240
0.454542
0.947760
0.940331
0.346575
0.930673
0.940331
0.935597
0.119859
0.387593
0.470257
0.855893
0.462365
0.414138
0.727244
0.620815
0.891273
0.160731
0.571972
0.357661
0.194957
0.922090
0.766291
0.855893
0.749684
0.787927
0.557828
0.603471
0.566341
0.406779
0.527033
0.589144
0.513281
0.066084
0.255445
0.312615
0.220452
0.978604
0.695863
0.727244
0.603471
0.470257
0.436675
0.848789
0.040864
0.394742
0.658394
0.073672
0.079397
0.867378
0.787927
0.801128
0.414138
0.312615
0.316692
0.543791
0.907293
0.163153
0.066084
0.758020
0.922090
0.907293
0.141156
0.681504
0.107244
0.260793
0.300471
0.203680
0.329292
0.067775
0.033659
0.290658
0.951979
0.672823
0.543791
0.808960
0.735726
0.771705
0.394742
0.157114
0.749684
0.991213
0.535389
0.571972
0.978604
0.103042
0.064431
0.649688
0.021859
0.038094
0.169385
0.675784
0.829282
0.727244
0.057717
0.228410
0.470257
0.821730
0.704484
0.829282
0.020692
0.241635
0.401971
0.499678
0.667094
0.735726
0.721628
0.891273
0.947760
0.364456
0.721628
0.014985
0.580543
0.441715
0.187953
0.787927
0.713075
0.947760
0.250182
0.816691
0.147829
0.962240
0.821730
0.362130
0.535389
0.940331
0.032199
0.793201
0.357661
0.626544
0.449423
0.771705
0.566341
0.470257
0.223587
0.177160
0.382926
0.016595
0.557828
0.107244
0.735726
0.112510
0.023508
0.005855
0.855893
0.589144
0.643949
0.241635
0.571972
0.310521
0.901408
0.132684
0.681504
0.594827
0.034568
0.250182
0.962240
0.194957
0.991213
0.922090
0.821730
0.951979
0.294528
0.112510
0.333520
0.862861
0.364456
0.901408
0.758020
0.462365
0.094284
0.580543
0.681504
0.795913
0.829282
0.144460
0.119859
0.462365
0.749684
0.088340
0.375911
0.848789
0.727244
0.421575
0.454542
0.690166
0.947760
0.681504
0.406779
0.566341
0.589144
0.264363
0.382926
0.010198
0.597771
0.589144
0.994555
0.074303
0.829282
0.255445
0.357661
0.245003
0.667094
0.884948
0.930673
0.478214
0.300471
0.965738
0.612135
0.779856
0.368979
0.223587
0.029186
0.300471
0.612135
0.223587
0.022258
0.250182
0.401971
0.228410
0.808960
0.620815
0.867378
0.068911
0.012199
0.956001
0.025274
0.557828
0.449423
0.779856
0.867378
0.462365
0.779856
