0.109849
0.027164
0.020692
0.672823
0.907293
0.749684
0.603471
0.543791
0.228410
0.658394
0.316692
0.658394
0.649688
0.090535
0.518727
0.382926
0.816691
0.038764
0.096609
0.231634
0.306500
0.808960
0.000756
0.557828
0.521553
0.449423
0.589144
0.766291
0.965738
0.003850
0.672823
0.549354
0.284858
0.043818
0.011425
0.434080
0.117048
0.394742
0.211153
0.779856
0.971109
0.269851
0.603471
0.978604
0.690166
0.947760
0.635244
0.483494
0.483494
0.927324
0.513281
0.288671
0.808960
0.258960
0.991213
0.306500
0.521553
0.808960
0.409279
0.470257
0.901408
0.475494
0.580543
0.897436
0.470257
0.947760
0.986757
0.867378
0.051648
0.649688
0.194957
0.922090
0.155897
0.672823
0.649688
0.635244
0.434080
0.279144
0.779856
0.589144
0.535389
0.119859
0.690166
0.897436
0.475494
0.658394
0.704484
0.713075
0.202171
0.264363
0.758020
0.884948
0.163153
0.211153
0.749684
0.015409
0.117048
0.300471
0.958545
0.414138
0.220452
0.104694
0.787927
0.153566
0.867378
0.063362
0.867378
0.907293
0.649688
0.375911
0.130653
0.394742
0.907293
0.005013
0.962240
0.808960
0.971109
0.848789
0.907293
0.758020
0.187953
0.072465
0.735726
0.884948
0.269851
0.340005
0.935597
0.187953
0.340005
0.316692
0.290658
0.713075
0.255445
0.758020
0.913005
0.368979
0.335721
0.649688
0.667094
0.114294
0.667094
0.821730
0.394742
0.306500
0.635244
0.429087
0.635244
0.947760
0.132684
0.991213
0.141156
0.891273
0.119859
0.454542
0.255445
0.787927
0.935597
0.735726
0.681504
0.681504
0.557828
0.907293
0.635244
0.414138
0.816691
0.643949
0.758020
0.566341
0.808960
0.009277
0.122729
0.884948
0.841556
0.589144
0.192150
0.436675
0.897436
0.144460
0.483494
0.421575
0.735726
0.549354
0.884948
0.681504
0.779856
0.491556
0.505064
0.284858
0.774492
0.635244
0.571972
0.114294
0.025731
0.434080
0.462365
0.841556
0.612135
0.100580
0.566341
0.090535
0.930673
0.340005
0.414138
0.681504
0.658394
0.119859
0.535389
0.907293
0.635244
0.566341
0.214182
0.137917
0.566341
0.364456
0.801128
0.215763
0.801128
0.640981
0.997586
0.998868
0.135818
0.951979
0.333520
0.491556
0.986757
0.010595
0.771705
0.362130
0.199280
0.441715
0.566341
0.967937
0.695863
0.658394
0.421575
0.727244
0.989675
0.001378
0.821730
0.991213
0.364456
0.312615
0.557828
0.169385
0.434080
0.704484
0.695863
0.144460
0.994555
0.935597
0.971109
0.084803
0.643949
0.907293
0.721628
0.187953
0.958545
0.098985
0.713075
0.387593
0.228410
0.483494
0.779856
0.958545
0.571972
0.913005
0.626544
0.255445
0.808960
0.177160
0.672823
0.848789
0.779856
0.457201
0.971109
0.808960
0.721628
0.527033
0.141156
0.681504
0.766291
0.505064
0.978604
0.940331
0.153566
0.612135
0.667094
0.434080
0.727244
0.626544
0.779856
0.032199
0.255445
0.357661
0.589144
0.306500
0.958545
0.223587
0.056256
0.441715
0.749684
0.316692
0.375911
0.129613
0.467559
0.322949
0.735726
0.177160
0.406779
0.147829
0.322949
0.163153
0.681504
0.758020
0.836720
0.984769
0.040864
0.079397
0.505064
0.635244
0.829282
0.250182
0.713075
0.000590
0.246759
0.260793
0.241635
0.521553
0.571972
0.072465
0.364456
0.290658
0.848789
0.787927
0.891273
0.340005
0.275424
0.279144
0.491556
0.727244
0.620815
0.779856
0.312615
0.434080
0.681504
0.766291
0.015409
0.589144
0.329292
0.279144
0.316692
0.284858
0.951979
0.808960
0.269851
0.974087
0.874110
0.557828
0.475494
0.704484
0.375911
0.984769
0.429087
0.250182
0.557828
0.414138
0.394742
0.836720
0.382926
0.401971
0.194957
0.441715
0.603471
0.290658
0.153566
0.414138
0.421575
0.681504
0.749684
0.672823
0.294528
0.735726
0.505064
0.316692
0.233315
0.316692
0.907293
0.421575
0.913005
0.884948
0.829282
0.000191
0.052535
0.009104
0.250182
0.658394
0.380525
0.529876
0.727244
0.382926
0.603471
0.848789
0.390021
0.421575
0.045761
0.077446
0.695863
0.483494
0.394742
0.159490
0.897436
0.371333
0.194957
0.357661
0.155897
0.771705
0.322949
0.368979
0.255445
0.571972
0.848789
0.362130
0.735726
0.704484
0.880693
0.454542
0.340005
0.635244
0.829282
0.233315
0.999892
0.491556
0.727244
0.749684
0.986757
0.333520
0.801128
0.603471
0.821730
0.713075
0.589144
0.543791
0.035500
0.940331
0.884948
0.050328
0.612135
0.002255
0.449423
0.491556
0.589144
0.816691
0.250182
0.713075
0.281082
0.449423
0.766291
0.878466
0.409279
0.801128
0.401971
0.269851
0.011640
0.766291
0.658394
0.907293
0.758020
0.821730
0.013524
0.269851
0.779856
0.141156
0.549354
0.704484
0.329292
0.626544
0.771705
0.421575
0.808960
0.672823
0.275424
0.735726
0.135818
0.269851
0.617854
0.150086
0.695863
0.064431
0.984769
0.667094
0.245003
0.177160
0.051648
0.589144
0.409279
0.643949
0.147829
0.735726
0.658394
0.236593
0.409279
0.758020
0.269851
0.236593
0.991213
0.535389
0.079397
0.635244
0.874110
0.603471
0.275424
0.513281
0.927324
0.025274
0.690166
0.816691
0.907293
0.535389
0.505064
0.557828
0.557828
0.340005
0.173237
0.527033
0.414138
0.626544
0.922090
0.821730
0.047782
0.935597
0.626544
0.681504
0.231634
0.994555
0.284858
0.199280
0.394742
0.801128
0.787927
0.749684
0.032771
0.962240
0.414138
0.036127
0.340005
0.421575
0.927324
0.940331
0.269851
0.649688
0.947760
0.218844
0.022875
0.787927
0.566341
0.635244
0.300471
0.513281
0.801128
0.635244
0.187953
0.916674
0.658394
0.290658
0.935597
0.109849
0.144460
0.749684
0.566341
0.269851
0.991213
0.037752
0.483494
0.513281
0.758020
0.981075
