0.563435
0.350951
0.658394
0.166886
0.758020
0.322949
0.255445
0.986757
0.132684
0.744157
0.052535
0.612135
0.462365
0.766291
0.239907
0.499678
0.735726
0.284858
0.375911
0.649688
0.483494
0.848789
0.260793
0.821730
0.808960
0.836720
0.884948
0.971109
0.829282
0.996919
0.574890
0.947760
0.053907
0.543791
0.258960
0.429087
0.704484
0.991213
0.829282
0.077446
0.449423
0.000204
0.121744
0.735726
0.907293
0.829282
0.907293
0.491556
0.068911
0.067775
0.855893
0.749684
0.612135
0.829282
0.375911
0.218844
0.557828
0.971109
0.996919
0.535389
0.446787
0.179787
0.603471
0.935597
0.011640
0.580543
0.375911
0.079397
0.527033
0.735726
0.084803
0.690166
0.940331
0.549354
0.848789
0.935597
0.241635
0.187953
0.951979
0.597771
0.727244
0.039801
0.643949
0.958545
0.118894
0.681504
0.774492
0.758020
0.916674
0.749684
0.841556
0.958545
0.478214
0.801128
0.059212
0.306500
0.003926
0.421575
0.214182
0.916674
0.122729
0.241635
0.635244
0.013276
0.571972
0.927324
0.333520
0.947760
0.884948
0.333520
0.079397
0.612135
0.009546
0.527033
0.967937
0.340005
0.867378
0.013909
0.322949
0.535389
0.462365
0.744157
0.658394
0.612135
0.801128
0.808960
0.907293
0.505064
0.704484
0.667094
0.884948
0.159490
0.557828
0.727244
0.050328
0.001114
0.793201
0.744157
0.974087
0.037099
0.658394
0.306500
0.062816
0.269851
0.626544
0.672823
0.848789
0.527033
0.643949
0.620815
0.117048
0.681504
0.279144
0.580543
0.779856
0.880693
0.441715
0.157114
0.001540
0.801128
0.449423
0.816691
0.749684
0.594827
0.203680
0.557828
0.766291
0.016595
0.994555
0.821730
0.787927
0.744157
0.475494
0.499678
0.390021
0.187953
0.795913
0.681504
0.150086
0.749684
0.364456
0.038764
0.527033
0.543791
0.183833
0.667094
0.667094
0.721628
0.589144
0.173237
0.478214
0.594827
0.186540
0.907293
0.029186
0.521553
0.603471
0.014985
0.690166
0.042685
0.897436
0.557828
0.057717
0.971109
0.626544
0.434080
0.147829
0.808960
0.971109
0.836720
0.907293
0.735726
0.057717
0.681504
0.127623
0.052535
0.194957
0.867378
0.177160
0.916674
0.713075
0.281082
0.021268
0.010595
0.119859
0.901408
0.874110
0.667094
0.735726
0.808960
0.375911
0.667094
0.037099
0.264363
0.322949
0.603471
0.267971
0.658394
0.300471
0.513281
0.375911
0.279144
0.821730
0.333520
0.848789
0.170690
0.491556
0.233315
0.667094
0.681504
0.829282
0.401971
0.236593
0.255445
0.543791
0.505064
0.695863
0.077446
0.300471
0.787927
0.033659
0.394742
0.000320
0.375911
0.816691
0.157114
0.382926
0.322949
0.236593
0.735726
0.880693
0.922090
0.300471
0.612135
0.081393
0.971109
0.513281
0.557828
0.821730
0.434080
0.749684
0.491556
0.454542
0.441715
0.211153
0.749684
0.027908
0.867378
0.787927
0.505064
0.603471
0.978604
0.340005
0.527033
0.721628
0.119859
0.884948
0.947760
0.092008
0.121744
0.927324
0.667094
0.749684
0.951979
0.300471
0.672823
0.063362
0.735726
0.704484
0.434080
0.841556
0.206623
0.643949
0.557828
0.603471
0.681504
0.935597
0.382926
0.667094
0.401971
0.735726
0.053907
0.496903
0.105557
0.658394
0.901408
0.340005
0.612135
0.978604
0.681504
0.821730
0.704484
0.478214
0.801128
0.951979
0.589144
0.681504
0.290658
0.927324
0.046970
0.978604
0.467559
0.060217
0.434080
0.821730
0.056256
0.483494
0.236593
0.046970
0.344325
0.951979
0.552238
0.266225
0.300471
0.779856
0.704484
0.109849
0.721628
0.984769
0.014043
0.513281
0.681504
0.744157
0.364456
0.269851
0.758020
0.090535
0.589144
0.667094
0.117048
0.951979
0.426518
0.571972
0.626544
0.421575
0.867378
0.836720
0.635244
0.758020
0.117048
0.713075
0.589144
0.758020
0.535389
0.025274
0.236593
0.681504
0.848789
0.829282
0.779856
0.505064
0.094284
0.829282
0.333520
0.580543
0.316692
0.649688
0.801128
0.223587
0.571972
0.441715
0.064431
0.183833
0.535389
0.421575
0.012317
0.580543
0.066084
0.557828
0.364456
0.922090
0.449423
0.231634
0.535389
0.333520
0.658394
0.603471
0.173237
0.841556
0.027164
0.617854
0.884948
0.626544
0.037099
0.672823
0.505064
0.029186
0.223587
0.891273
0.758020
0.801128
0.491556
0.260793
0.557828
0.848789
0.971109
0.916674
0.199280
0.475494
0.199280
0.505064
0.194957
0.727244
0.066084
0.901408
0.441715
0.124654
0.658394
0.951979
0.626544
0.031348
0.009546
0.421575
0.704484
0.891273
0.801128
0.024596
0.727244
0.329292
0.612135
0.208158
0.357661
0.414138
0.375911
0.255445
0.441715
0.808960
0.935597
0.022258
0.284858
0.406779
0.758020
0.006144
0.429087
0.521553
0.713075
0.713075
0.612135
0.867378
0.241635
0.672823
0.108126
0.540922
0.535389
0.721628
0.681504
0.986757
0.409279
0.020320
0.275424
0.491556
0.779856
0.000030
0.981075
0.122729
0.021859
0.014985
0.571972
0.401971
0.884948
0.153566
0.306500
0.436675
0.589144
0.612135
0.574890
0.935597
0.635244
0.068911
0.228410
0.620815
0.394742
0.848789
0.713075
0.860501
0.571972
0.401971
0.387593
0.004868
0.155897
0.513281
0.124654
0.429087
0.841556
0.279144
0.031348
0.414138
0.426518
0.255445
0.997586
0.241635
0.566341
0.855893
0.681504
0.997586
0.962240
0.462365
0.067775
0.241635
0.821730
0.250182
0.947760
0.290658
0.848789
0.672823
0.543791
0.658394
0.672823
0.215763
0.513281
0.612135
0.884948
0.884948
0.695863
0.744157
0.836720
0.962240
0.000040
0.635244
0.643949
0.483494
0.635244
0.667094
0.300471
0.884948
0.211153
0.513281
0.829282
0.891273
0.100580
0.039801
0.695863
0.147829
0.187953
0.350951
0.779856
