0.821730
0.527033
0.658394
0.971109
0.947760
0.475494
0.117048
0.635244
0.658394
0.749684
0.022875
0.978604
0.958545
0.080707
0.499678
0.535389
0.220452
0.829282
0.387593
0.891273
0.127623
0.260793
0.535389
0.086192
0.362130
0.816691
0.187953
0.199280
0.658394
0.454542
0.571972
0.884948
0.549354
0.552238
0.187953
0.589144
0.867378
0.441715
0.170690
0.829282
0.913005
0.039801
0.329292
0.891273
0.022258
0.527033
0.284858
0.841556
0.690166
0.441715
0.721628
0.316692
0.491556
0.620815
0.787927
0.891273
0.513281
0.011425
0.300471
0.580543
0.084803
0.874110
0.255445
0.535389
0.907293
0.658394
0.241635
0.421575
0.841556
0.580543
0.527033
0.713075
0.357661
0.612135
0.922090
0.300471
0.483494
0.454542
0.394742
0.394742
0.727244
0.290658
0.310521
0.340005
0.787927
0.264363
0.046970
0.935597
0.306500
0.421575
0.713075
0.233315
0.779856
0.483494
0.294528
0.513281
0.816691
0.771705
0.808960
0.603471
0.505064
0.124654
0.841556
0.190711
0.218844
0.031348
0.414138
0.916674
0.273514
0.010298
0.594827
0.322949
0.177160
0.375911
0.860501
0.916674
0.981075
0.094284
0.020320
0.449423
0.594827
0.300471
0.947760
0.779856
0.907293
0.150086
0.735726
0.527033
0.269851
0.667094
0.771705
0.978604
0.884948
0.557828
0.357661
0.612135
0.965738
0.114294
0.787927
0.375911
0.454542
0.884948
0.346575
0.375911
0.984769
0.119859
0.327120
0.346575
0.312615
0.255445
0.241635
0.649688
0.441715
0.312615
0.962240
0.589144
0.434080
0.199280
0.774492
0.995551
0.916674
0.132684
0.981075
0.304435
0.454542
0.821730
0.114294
0.019230
0.891273
0.454542
0.704484
0.010900
0.874110
0.816691
0.571972
0.090535
0.860501
0.132684
0.340005
0.884948
0.848789
0.340005
0.414138
0.340005
0.913005
0.958545
0.114294
0.829282
0.566341
0.916674
0.421575
0.499678
0.000348
0.027164
0.727244
0.808960
0.322949
0.088340
0.275424
0.281082
0.874110
0.816691
0.375911
0.144460
0.997586
0.947760
0.758020
0.300471
0.269851
0.713075
0.320806
0.296545
0.454542
0.094284
0.617854
0.173237
0.146673
0.441715
0.446787
0.779856
0.387593
0.130653
0.549354
0.394742
0.290658
0.884948
0.816691
0.907293
0.246759
0.947760
0.475494
0.549354
0.310521
0.801128
0.177160
0.907293
0.394742
0.829282
0.098170
0.571972
0.713075
0.658394
0.255445
0.041578
0.368979
0.658394
0.681504
0.157114
0.004503
0.901408
0.713075
0.434080
0.626544
0.718717
0.735726
0.316692
0.045761
0.695863
0.394742
0.690166
0.978604
0.057717
0.214182
0.801128
0.848789
0.329292
0.801128
0.038764
0.082732
0.223587
0.603471
0.901408
0.940331
0.821730
0.421575
0.462365
0.124654
0.316692
0.401971
0.255445
0.421575
0.758020
0.848789
0.080707
0.589144
0.749684
0.681504
0.626544
0.735726
0.643949
0.264363
0.001922
0.580543
0.535389
0.884948
0.922090
0.907293
0.635244
0.333520
0.758020
0.549354
0.779856
0.681504
0.848789
0.589144
0.735726
0.787927
0.159490
0.841556
0.580543
0.505064
0.695863
0.649688
0.483494
0.483494
0.521553
0.675784
0.758020
0.867378
0.801128
0.284858
0.357661
0.891273
0.382926
0.084803
0.597771
0.215763
0.199280
0.635244
0.499678
0.521553
0.119859
0.779856
0.441715
0.766291
0.406779
0.513281
0.521553
0.758020
0.394742
0.018883
0.681504
0.036127
0.169385
0.434080
0.829282
0.787927
0.070668
0.206623
0.068911
0.735726
0.672823
0.211153
0.884948
0.927324
0.617854
0.527033
0.771705
0.958545
0.836720
0.891273
0.394742
0.223587
0.483494
0.841556
0.320806
0.698805
0.848789
0.951979
0.787927
0.986757
0.589144
0.357661
0.183833
0.505064
0.749684
0.927324
0.580543
0.766291
0.667094
0.549354
0.749684
0.003289
0.635244
0.779856
0.727244
0.312615
0.962240
0.704484
0.069506
0.658394
0.649688
0.735726
0.779856
0.580543
0.421575
0.518727
0.181158
0.382926
0.132684
0.098985
0.414138
0.749684
0.821730
0.951979
0.441715
0.580543
0.901408
0.672823
0.549354
0.434080
0.041578
0.035180
0.312615
0.163153
0.250182
0.713075
0.067775
0.620815
0.658394
0.127623
0.163153
0.643949
0.935597
0.260793
0.991213
0.612135
0.713075
0.874110
0.681504
0.228410
0.064990
0.667094
0.082732
0.491556
0.215763
0.808960
0.589144
0.483494
0.808960
0.718717
0.658394
0.005162
0.075538
0.441715
0.470257
0.821730
0.681504
0.312615
0.566341
0.344325
0.779856
0.667094
0.521553
0.241635
0.549354
0.269851
0.947760
0.951979
0.626544
0.787927
0.082732
0.505064
0.667094
0.907293
0.571972
0.029982
0.603471
0.658394
0.744157
0.340005
0.429087
0.672823
0.681504
0.658394
0.643949
0.916674
0.491556
0.394742
0.744157
0.935597
0.704484
0.187953
0.117048
0.848789
0.958545
0.394742
0.169385
0.197797
0.434080
0.848789
0.273514
0.434080
0.075538
0.867378
0.316692
0.766291
0.350951
0.521553
0.117048
0.300471
0.735726
0.766291
0.013276
0.045761
0.821730
0.333520
0.891273
0.409279
0.848789
0.940331
0.090535
0.935597
0.434080
0.626544
0.658394
0.779856
0.284858
0.626544
0.907293
0.518727
0.273514
0.159490
0.034568
0.635244
0.290658
0.462365
0.387593
0.255445
0.033659
0.635244
0.958545
0.284858
0.612135
0.681504
0.394742
0.187953
0.199280
0.808960
0.951979
0.513281
0.635244
0.681504
0.401971
0.300471
0.382926
0.672823
0.513281
0.462365
0.643949
0.543791
0.549354
0.394742
0.475494
0.836720
0.449423
0.483494
0.603471
0.713075
0.658394
0.549354
0.962240
0.704484
0.758020
0.589144
0.612135
0.153566
0.589144
0.574890
0.744157
0.223587
0.549354
0.029708
0.566341
0.867378
0.848789
