0.978604
0.505064
0.935597
0.266225
0.821730
0.269851
0.681504
0.727244
0.867378
0.350951
0.808960
0.231634
0.907293
0.867378
0.713075
0.513281
0.019768
0.821730
0.808960
0.215763
0.571972
0.375911
0.483494
0.940331
0.580543
0.971109
0.275424
0.907293
0.801128
0.867378
0.808960
0.269851
0.994555
0.429087
0.491556
0.940331
0.891273
0.513281
0.891273
0.643949
0.129613
0.177160
0.758020
0.704484
0.779856
0.080707
0.064990
0.681504
0.589144
0.603471
0.441715
0.066084
0.922090
0.658394
0.535389
0.681504
0.930673
0.364456
0.513281
0.916674
0.829282
0.153566
0.808960
0.470257
0.829282
0.801128
0.557828
0.269851
0.429087
0.449423
0.658394
0.916674
0.409279
0.527033
0.340005
0.640981
0.612135
0.922090
0.727244
0.617854
0.132684
0.245003
0.382926
0.124654
0.690166
0.470257
0.429087
0.821730
0.749684
0.192150
0.094284
0.007739
0.801128
0.571972
0.414138
0.594827
0.801128
0.841556
0.475494
0.513281
0.008197
0.153566
0.549354
0.672823
0.848789
0.816691
0.620815
0.848789
0.690166
0.867378
0.984769
0.043429
0.779856
0.421575
0.100580
0.841556
0.779856
0.829282
0.635244
0.922090
0.310521
0.051194
0.127623
0.406779
0.958545
0.675784
0.027164
0.907293
0.821730
0.132684
0.075538
0.441715
0.867378
0.643949
0.793201
0.357661
0.727244
0.884948
0.535389
0.409279
0.429087
0.867378
0.580543
0.387593
0.922090
0.357661
0.855893
0.100580
0.695863
0.159490
0.635244
0.996919
0.758020
0.981075
0.312615
0.505064
0.380525
0.626544
0.513281
0.491556
0.467559
0.996919
0.153566
0.082732
0.589144
0.401971
0.787927
0.821730
0.935597
0.984769
0.675784
0.518727
0.117048
0.483494
0.001465
0.580543
0.194957
0.077446
0.962240
0.658394
0.649688
0.557828
0.907293
0.290658
0.112510
0.401971
0.986757
0.241635
0.001510
0.848789
0.603471
0.346575
0.681504
0.758020
0.194957
0.111596
0.051648
0.749684
0.387593
0.867378
0.380525
0.294528
0.995551
0.032199
0.371333
0.104694
0.994555
0.039801
0.203680
0.594827
0.187953
0.306500
0.718717
0.635244
0.867378
0.340005
0.589144
0.203680
0.026914
0.496903
0.749684
0.971109
0.962240
0.681504
0.521553
0.758020
0.922090
0.913005
0.589144
0.057717
0.971109
0.704484
0.787927
0.874110
0.594827
0.004591
0.874110
0.563435
0.543791
0.264363
0.727244
0.446787
0.897436
0.357661
0.454542
0.749684
0.557828
0.643949
0.681504
0.658394
0.462365
0.829282
0.340005
0.296545
0.215763
0.387593
0.223587
0.441715
0.316692
0.874110
0.695863
0.704484
0.589144
0.290658
0.005687
0.031348
0.401971
0.557828
0.727244
0.549354
0.667094
0.290658
0.557828
0.860501
0.414138
0.603471
0.867378
0.357661
0.935597
0.566341
0.874110
0.096609
0.199280
0.907293
0.449423
0.290658
0.483494
0.322949
0.475494
0.357661
0.527033
0.218844
0.478214
0.169385
0.344325
0.867378
0.441715
0.306500
0.971109
0.414138
0.612135
0.470257
0.907293
0.704484
0.394742
0.658394
0.951979
0.304435
0.658394
0.051648
0.566341
0.340005
0.571972
0.322949
0.836720
0.897436
0.594827
0.643949
0.449423
0.103042
0.635244
0.169385
0.215763
0.300471
0.557828
0.401971
0.626544
0.063362
0.056256
0.090535
0.801128
0.891273
0.375911
0.296545
0.549354
0.275424
0.884948
0.589144
0.241635
0.958545
0.940331
0.571972
0.935597
0.816691
0.603471
0.011425
0.996919
0.891273
0.612135
0.255445
0.603471
0.758020
0.658394
0.603471
0.626544
0.922090
0.727244
0.070668
0.000249
0.829282
0.635244
0.177160
0.206623
0.635244
0.620815
0.147829
0.241635
0.981075
0.122729
0.867378
0.594827
0.855893
0.603471
0.867378
0.978604
0.043818
0.470257
0.571972
0.557828
0.109849
0.350951
0.667094
0.848789
0.867378
0.275424
0.001721
0.962240
0.157114
0.658394
0.470257
0.749684
0.787927
0.667094
0.406779
0.029186
0.527033
0.829282
0.704484
0.907293
0.907293
0.986757
0.275424
0.787927
0.848789
0.913005
0.962240
0.735726
0.173237
0.446787
0.187953
0.649688
0.483494
0.103042
0.991213
0.643949
0.449423
0.884948
0.878466
0.449423
0.382926
0.867378
0.139014
0.211153
0.218844
0.974087
0.000001
0.557828
0.483494
0.073672
0.368979
0.375911
0.496903
0.880693
0.690166
0.821730
0.848789
0.589144
0.626544
0.491556
0.829282
0.571972
0.475494
0.260793
0.470257
0.667094
0.064431
0.620815
0.735726
0.635244
0.192150
0.112510
0.394742
0.284858
0.371333
0.449423
0.026438
0.462365
0.901408
0.390021
0.594827
0.704484
0.279144
0.513281
0.978604
0.491556
0.075538
0.387593
0.401971
0.958545
0.300471
0.626544
0.434080
0.589144
0.649688
0.382926
0.779856
0.499678
0.100580
0.521553
0.333520
0.704484
0.935597
0.540922
0.406779
0.597771
0.228410
0.401971
0.364456
0.505064
0.643949
0.836720
0.704484
0.891273
0.478214
0.922090
0.913005
0.884948
0.421575
0.127623
0.589144
0.758020
0.821730
0.194957
0.841556
0.491556
0.535389
0.612135
0.821730
0.260793
0.223587
0.695863
0.521553
0.848789
0.079397
0.362130
0.749684
0.228410
0.612135
0.991213
0.344325
0.543791
0.566341
0.801128
0.153566
0.571972
0.462365
0.848789
0.766291
0.549354
0.557828
0.284858
0.779856
0.878466
0.362130
0.441715
0.288671
0.801128
0.215763
0.005418
0.183833
0.005687
0.713075
0.421575
0.187953
0.086919
0.126604
0.223587
0.505064
0.296545
0.166886
0.505064
0.057717
0.571972
0.603471
0.394742
0.566341
0.713075
0.594827
0.521553
0.766291
0.000241
0.571972
0.704484
0.874110
0.744157
0.203680
0.327120
0.891273
0.357661
0.290658
0.255445
0.163153
0.132684
0.322949
0.163153
0.947760
