0.231634
0.300471
0.127623
0.727244
0.922090
0.935597
0.084803
0.039801
0.194957
0.867378
0.043429
0.690166
0.658394
0.535389
0.521553
0.041578
0.944872
0.848789
0.749684
0.658394
0.681504
0.163153
0.821730
0.727244
0.421575
0.884948
0.612135
0.409279
0.643949
0.401971
0.658394
0.215763
0.744157
0.441715
0.935597
0.260793
0.907293
0.109849
0.322949
0.241635
0.279144
0.771705
0.275424
0.884948
0.626544
0.543791
0.127623
0.580543
0.829282
0.010106
0.401971
0.187953
0.658394
0.312615
0.031348
0.643949
0.527033
0.867378
0.375911
0.107244
0.884948
0.090535
0.094284
0.629509
0.399498
0.441715
0.322949
0.030798
0.951979
0.640981
0.829282
0.549354
0.821730
0.457201
0.913005
0.505064
0.364456
0.643949
0.986757
0.672823
0.255445
0.816691
0.801128
0.922090
0.457201
0.135818
0.068911
0.160731
0.290658
0.965738
0.681504
0.749684
0.327120
0.749684
0.003289
0.092008
0.603471
0.275424
0.457201
0.010795
0.382926
0.269851
0.566341
0.913005
0.406779
0.518727
0.758020
0.779856
0.449423
0.801128
0.643949
0.735726
0.333520
0.829282
0.566341
0.250182
0.518727
0.401971
0.995551
0.947760
0.580543
0.589144
0.009546
0.935597
0.046970
0.821730
0.357661
0.475494
0.956001
0.521553
0.462365
0.112510
0.557828
0.462365
0.962240
0.117048
0.150086
0.088340
0.375911
0.036127
0.658394
0.557828
0.681504
0.801128
0.114294
0.462365
0.202171
0.118894
0.713075
0.364456
0.462365
0.727244
0.603471
0.279144
0.194957
0.499678
0.135818
0.000198
0.947760
0.058699
0.612135
0.829282
0.867378
0.001540
0.094284
0.801128
0.862861
0.967937
0.640981
0.535389
0.874110
0.092008
0.779856
0.626544
0.306500
0.860501
0.635244
0.821730
0.916674
0.603471
0.557828
0.340005
0.971109
0.228410
0.589144
0.978604
0.166886
0.066084
0.127623
0.681504
0.357661
0.421575
0.421575
0.771705
0.032199
0.713075
0.667094
0.462365
0.004164
0.269851
0.672823
0.513281
0.589144
0.513281
0.922090
0.891273
0.603471
0.603471
0.350951
0.000485
0.322949
0.597771
0.808960
0.160731
0.649688
0.535389
0.922090
0.829282
0.752533
0.527033
0.127623
0.721628
0.744157
0.063362
0.787927
0.218844
0.491556
0.867378
0.821730
0.414138
0.269851
0.535389
0.962240
0.470257
0.848789
0.019768
0.094284
0.635244
0.867378
0.088340
0.009546
0.766291
0.907293
0.758020
0.848789
0.721628
0.187953
0.635244
0.901408
0.549354
0.513281
0.406779
0.907293
0.327120
0.735726
0.994555
0.758020
0.713075
0.758020
0.913005
0.690166
0.518727
0.735726
0.557828
0.620815
0.294528
0.735726
0.496903
0.713075
0.043818
0.350951
0.177160
0.141156
0.421575
0.192150
0.059212
0.241635
0.735726
0.951979
0.612135
0.333520
0.306500
0.037752
0.061772
0.462365
0.375911
0.061772
0.340005
0.141156
0.947760
0.603471
0.401971
0.470257
0.836720
0.019230
0.454542
0.223587
0.159490
0.735726
0.549354
0.483494
0.801128
0.617854
0.046970
0.449423
0.364456
0.978604
0.690166
0.758020
0.884948
0.462365
0.617854
0.421575
0.441715
0.163153
0.491556
0.658394
0.695863
0.816691
0.505064
0.284858
0.907293
0.951979
0.340005
0.749684
0.771705
0.589144
0.312615
0.513281
0.543791
0.144460
0.368979
0.891273
0.316692
0.940331
0.626544
0.449423
0.269851
0.620815
0.821730
0.513281
0.793201
0.513281
0.340005
0.681504
0.848789
0.340005
0.635244
0.704484
0.483494
0.935597
0.300471
0.758020
0.513281
0.127623
0.491556
0.470257
0.109849
0.513281
0.034568
0.175815
0.002725
0.589144
0.147829
0.535389
0.033659
0.766291
0.891273
0.470257
0.836720
0.470257
0.557828
0.127623
0.104694
0.589144
0.916674
0.749684
0.059212
0.808960
0.649688
0.580543
0.499678
0.848789
0.527033
0.884948
0.441715
0.916674
0.228410
0.821730
0.203680
0.566341
0.771705
0.117048
0.795913
0.867378
0.580543
0.215763
0.594827
0.801128
0.281082
0.333520
0.713075
0.414138
0.795913
0.589144
0.643949
0.153566
0.779856
0.499678
0.513281
0.250182
0.935597
0.368979
0.241635
0.713075
0.758020
0.139014
0.713075
0.499678
0.658394
0.401971
0.513281
0.340005
0.166886
0.173237
0.316692
0.057717
0.766291
0.922090
0.667094
0.566341
0.779856
0.766291
0.787927
0.414138
0.552238
0.848789
0.327120
0.672823
0.340005
0.275424
0.808960
0.387593
0.947760
0.045761
0.233315
0.690166
0.913005
0.603471
0.053907
0.907293
0.758020
0.848789
0.462365
0.470257
0.246759
0.543791
0.836720
0.513281
0.053907
0.521553
0.513281
0.927324
0.821730
0.421575
0.333520
0.296545
0.704484
0.086192
0.104694
0.603471
0.821730
0.999575
0.044581
0.981075
0.549354
0.375911
0.211153
0.294528
0.994555
0.114294
0.357661
0.603471
0.713075
0.935597
0.612135
0.194957
0.139014
0.589144
0.829282
0.874110
0.704484
0.874110
0.009277
0.779856
0.947760
0.038094
0.874110
0.380525
0.340005
0.758020
0.003193
0.787927
0.255445
0.549354
0.067775
0.860501
0.470257
0.300471
0.801128
0.962240
0.758020
0.434080
0.470257
0.194957
0.350951
0.620815
0.364456
0.891273
0.891273
0.082732
0.901408
0.300471
0.304435
0.930673
0.478214
0.612135
0.681504
0.505064
0.382926
0.884948
0.322949
0.063362
0.793201
0.084803
0.855893
0.040864
0.935597
0.002370
0.475494
0.505064
0.695863
0.215763
0.047782
0.150086
0.011106
0.951979
0.658394
0.958545
0.003289
0.132684
0.312615
0.891273
0.414138
0.749684
0.808960
0.364456
0.758020
0.574890
0.557828
0.727244
0.483494
0.006511
0.735726
0.589144
0.478214
0.046970
0.675784
0.658394
0.571972
0.250182
0.557828
0.543791
0.499678
0.236593
0.057717
