0.350951
0.801128
0.421575
0.066084
0.177160
0.119859
0.704484
0.103042
0.000572
0.787927
0.236593
0.434080
0.103042
0.173237
0.499678
0.333520
0.897436
0.758020
0.094284
0.821730
0.169385
0.962240
0.808960
0.144460
0.181158
0.002863
0.015695
0.787927
0.353229
0.787927
0.187953
0.635244
0.787927
0.947760
0.114294
0.620815
0.549354
0.061772
0.406779
0.884948
0.505064
0.462365
0.211153
0.884948
0.978604
0.375911
0.491556
0.816691
0.801128
0.478214
0.050328
0.841556
0.300471
0.114294
0.986757
0.032771
0.350951
0.580543
0.382926
0.766291
0.971109
0.310521
0.907293
0.070668
0.203680
0.951979
0.704484
0.072465
0.922090
0.475494
0.580543
0.713075
0.643949
0.009104
0.635244
0.612135
0.350951
0.916674
0.855893
0.165605
0.147829
0.829282
0.549354
0.922090
0.394742
0.649688
0.025731
0.019768
0.414138
0.991213
0.505064
0.860501
0.143326
0.901408
0.306500
0.947760
0.421575
0.441715
0.196422
0.052535
0.935597
0.727244
0.735726
0.434080
0.713075
0.801128
0.177160
0.094284
0.543791
0.203680
0.874110
0.891273
0.649688
0.434080
0.779856
0.117048
0.848789
0.996919
0.891273
0.940331
0.848789
0.649688
0.713075
0.867378
0.874110
0.429087
0.203680
0.713075
0.735726
0.132684
0.306500
0.475494
0.884948
0.269851
0.808960
0.557828
0.322949
0.300471
0.901408
0.284858
0.340005
0.626544
0.011753
0.535389
0.159490
0.821730
0.801128
0.704484
0.758020
0.951979
0.088340
0.462365
0.801128
0.056256
0.603471
0.019768
0.312615
0.434080
0.375911
0.357661
0.681504
0.371333
0.922090
0.967937
0.543791
0.206623
0.681504
0.279144
0.454542
0.394742
0.672823
0.744157
0.475494
0.401971
0.787927
0.626544
0.357661
0.695863
0.766291
0.649688
0.978604
0.082732
0.300471
0.965738
0.357661
0.867378
0.821730
0.333520
0.891273
0.290658
0.067775
0.269851
0.322949
0.441715
0.989675
0.483494
0.470257
0.166886
0.681504
0.749684
0.273514
0.816691
0.371333
0.350951
0.322949
0.766291
0.462365
0.935597
0.848789
0.766291
0.735726
0.001669
0.429087
0.801128
0.300471
0.357661
0.916674
0.175815
0.543791
0.000572
0.589144
0.821730
0.159490
0.215763
0.157114
0.848789
0.643949
0.074303
0.603471
0.635244
0.758020
0.096609
0.874110
0.958545
0.758020
0.357661
0.962240
0.153566
0.713075
0.031348
0.103042
0.250182
0.535389
0.024596
0.027164
0.787927
0.557828
0.603471
0.153566
0.013909
0.867378
0.681504
0.462365
0.401971
0.284858
0.681504
0.000020
0.394742
0.829282
0.935597
0.801128
0.124654
0.867378
0.446787
0.801128
0.848789
0.704484
0.107244
0.284858
0.322949
0.801128
0.735726
0.223587
0.735726
0.245003
0.749684
0.620815
0.758020
0.163153
0.860501
0.649688
0.316692
0.535389
0.801128
0.279144
0.652656
0.127623
0.478214
0.009822
0.989675
0.667094
0.255445
0.441715
0.236593
0.014305
0.173237
0.491556
0.793201
0.589144
0.829282
0.441715
0.441715
0.603471
0.922090
0.971109
0.672823
0.713075
0.051194
0.867378
0.399498
0.103042
0.981075
0.681504
0.829282
0.279144
0.294528
0.518727
0.758020
0.589144
0.594827
0.032771
0.470257
0.002950
0.922090
0.518727
0.513281
0.771705
0.874110
0.848789
0.426518
0.867378
0.045761
0.549354
0.064431
0.513281
0.884948
0.649688
0.001006
0.913005
0.426518
0.211153
0.589144
0.159490
0.891273
0.649688
0.916674
0.758020
0.004164
0.907293
0.658394
0.658394
0.836720
0.779856
0.364456
0.771705
0.194957
0.681504
0.848789
0.758020
0.112510
0.841556
0.364456
0.978604
0.713075
0.580543
0.491556
0.698805
0.940331
0.266225
0.758020
0.884948
0.470257
0.021859
0.829282
0.029982
0.264363
0.499678
0.132684
0.787927
0.406779
0.735726
0.004868
0.727244
0.867378
0.727244
0.467559
0.022875
0.922090
0.454542
0.766291
0.951979
0.312615
0.357661
0.603471
0.340005
0.713075
0.153566
0.549354
0.004503
0.635244
0.527033
0.333520
0.052535
0.306500
0.841556
0.024596
0.002255
0.907293
0.956001
0.635244
0.000153
0.441715
0.449423
0.387593
0.406779
0.727244
0.010298
0.269851
0.891273
0.306500
0.196422
0.012317
0.119859
0.414138
0.475494
0.991213
0.025731
0.470257
0.658394
0.967937
0.971109
0.922090
0.855893
0.589144
0.571972
0.300471
0.841556
0.518727
0.986757
0.241635
0.643949
0.965738
0.589144
0.829282
0.867378
0.758020
0.766291
0.029186
0.033659
0.527033
0.744157
0.284858
0.045761
0.779856
0.057717
0.658394
0.589144
0.067775
0.029982
0.841556
0.211153
0.821730
0.080707
0.727244
0.449423
0.640981
0.787927
0.704484
0.003193
0.220452
0.557828
0.649688
0.401971
0.031348
0.401971
0.505064
0.103042
0.364456
0.364456
0.290658
0.434080
0.521553
0.580543
0.223587
0.023508
0.491556
0.821730
0.401971
0.421575
0.635244
0.744157
0.019768
0.617854
0.962240
0.829282
0.916674
0.667094
0.095811
0.079397
0.368979
0.039801
0.922090
0.984769
0.112510
0.350951
0.491556
0.470257
0.127623
0.758020
0.779856
0.236593
0.681504
0.658394
0.018368
0.913005
0.927324
0.135818
0.040864
0.626544
0.117048
0.215763
0.635244
0.540922
0.454542
0.907293
0.434080
0.491556
0.086919
0.119859
0.758020
0.612135
0.907293
0.382926
0.940331
0.713075
0.589144
0.275424
0.019230
0.429087
0.744157
0.333520
0.470257
0.170690
0.157114
0.727244
0.483494
0.749684
0.626544
0.749684
0.203680
0.891273
0.801128
0.141156
0.008597
0.057717
0.034568
0.749684
0.704484
0.916674
0.260793
0.891273
0.635244
0.241635
0.749684
0.721628
0.290658
0.566341
0.951979
0.958545
0.038764
0.922090
0.250182
0.735726
0.284858
0.681504
0.884948
