0.855893
0.375911
0.552238
0.316692
0.491556
0.690166
0.401971
0.667094
0.529876
0.571972
0.067775
0.069506
0.612135
0.617854
0.380525
0.211153
0.829282
0.475494
0.449423
0.112510
0.808960
0.454542
0.049040
0.821730
0.821730
0.589144
0.947760
0.462365
0.951979
0.401971
0.658394
0.294528
0.829282
0.779856
0.521553
0.758020
0.695863
0.667094
0.927324
0.749684
0.971109
0.499678
0.643949
0.727244
0.557828
0.779856
0.612135
0.821730
0.013654
0.735726
0.250182
0.144460
0.046970
0.401971
0.072465
0.163153
0.891273
0.177160
0.749684
0.643949
0.913005
0.962240
0.441715
0.170690
0.958545
0.658394
0.042685
0.540922
0.652656
0.535389
0.907293
0.981075
0.727244
0.119859
0.704484
0.997586
0.067775
0.974087
0.269851
0.766291
0.105557
0.340005
0.153566
0.535389
0.672823
0.470257
0.496903
0.275424
0.986757
0.006832
0.681504
0.913005
0.758020
0.922090
0.070668
0.867378
0.505064
0.821730
0.060217
0.612135
0.255445
0.629509
0.907293
0.371333
0.051648
0.275424
0.454542
0.132684
0.394742
0.589144
0.294528
0.300471
0.749684
0.505064
0.454542
0.848789
0.884948
0.008597
0.848789
0.597771
0.681504
0.273514
0.394742
0.454542
0.603471
0.421575
0.612135
0.658394
0.211153
0.521553
0.891273
0.749684
0.535389
0.441715
0.441715
0.681504
0.557828
0.901408
0.241635
0.690166
0.122729
0.927324
0.540922
0.121744
0.316692
0.505064
0.499678
0.281082
0.163153
0.727244
0.589144
0.129613
0.758020
0.571972
0.020130
0.527033
0.566341
0.449423
0.620815
0.557828
0.658394
0.446787
0.284858
0.505064
0.884948
0.735726
0.041578
0.119859
0.037752
0.003193
0.000172
0.409279
0.527033
0.449423
0.758020
0.449423
0.808960
0.206623
0.681504
0.371333
0.690166
0.672823
0.357661
0.096609
0.483494
0.340005
0.483494
0.409279
0.112510
0.571972
0.090535
0.612135
0.749684
0.353229
0.878466
0.766291
0.255445
0.236593
0.518727
0.260793
0.713075
0.907293
0.841556
0.340005
0.031348
0.984769
0.527033
0.704484
0.603471
0.793201
0.713075
0.042685
0.475494
0.635244
0.228410
0.891273
0.690166
0.860501
0.787927
0.333520
0.727244
0.018368
0.064431
0.626544
0.375911
0.434080
0.867378
0.141156
0.441715
0.787927
0.449423
0.012317
0.183833
0.612135
0.006144
0.779856
0.513281
0.094284
0.043818
0.867378
0.429087
0.264363
0.394742
0.112510
0.380525
0.884948
0.535389
0.626544
0.390021
0.100580
0.202171
0.449423
0.721628
0.749684
0.658394
0.163153
0.169385
0.658394
0.922090
0.429087
0.401971
0.434080
0.735726
0.626544
0.505064
0.300471
0.603471
0.991213
0.250182
0.080707
0.300471
0.681504
0.357661
0.848789
0.713075
0.566341
0.215763
0.454542
0.052535
0.375911
0.004372
0.449423
0.421575
0.658394
0.713075
0.329292
0.462365
0.009727
0.947760
0.589144
0.557828
0.836720
0.173237
0.004164
0.643949
0.878466
0.124654
0.150086
0.626544
0.296545
0.901408
0.441715
0.051648
0.779856
0.505064
0.667094
0.483494
0.690166
0.571972
0.821730
0.897436
0.535389
0.098985
0.986757
0.454542
0.848789
0.340005
0.346575
0.434080
0.070668
0.406779
0.147829
0.505064
0.163153
0.698805
0.612135
0.848789
0.353229
0.294528
0.744157
0.300471
0.962240
0.867378
0.013654
0.211153
0.264363
0.727244
0.855893
0.626544
0.284858
0.836720
0.566341
0.801128
0.884948
0.860501
0.068911
0.357661
0.681504
0.681504
0.940331
0.187953
0.867378
0.199280
0.269851
0.635244
0.916674
0.275424
0.177160
0.535389
0.916674
0.779856
0.513281
0.181158
0.340005
0.727244
0.643949
0.771705
0.475494
0.617854
0.312615
0.115226
0.704484
0.808960
0.867378
0.829282
0.891273
0.713075
0.109849
0.441715
0.346575
0.867378
0.916674
0.111596
0.052535
0.150086
0.462365
0.557828
0.848789
0.211153
0.457201
0.462365
0.713075
0.025731
0.387593
0.594827
0.535389
0.340005
0.004868
0.024596
0.233315
0.855893
0.718717
0.491556
0.744157
0.454542
0.901408
0.255445
0.681504
0.620815
0.940331
0.467559
0.997586
0.640981
0.690166
0.793201
0.704484
0.978604
0.304435
0.962240
0.130653
0.079397
0.041578
0.441715
0.327120
0.713075
0.549354
0.874110
0.874110
0.704484
0.086919
0.003099
0.836720
0.080707
0.667094
0.690166
0.787927
0.891273
0.114294
0.129613
0.483494
0.574890
0.808960
0.513281
0.989675
0.483494
0.005968
0.441715
0.801128
0.131630
0.690166
0.704484
0.965738
0.535389
0.758020
0.649688
0.357661
0.758020
0.135818
0.527033
0.787927
0.643949
0.787927
0.194957
0.220452
0.284858
0.841556
0.094284
0.375911
0.072465
0.102197
0.635244
0.594827
0.766291
0.004164
0.727244
0.103042
0.159490
0.841556
0.053907
0.008597
0.557828
0.566341
0.387593
0.275424
0.007593
0.801128
0.540922
0.322949
0.643949
0.891273
0.971109
0.626544
0.206623
0.603471
0.199280
0.421575
0.974087
0.496903
0.801128
0.202171
0.241635
0.658394
0.228410
0.891273
0.035500
0.084092
0.884948
0.401971
0.801128
0.922090
0.426518
0.907293
0.063362
0.223587
0.470257
0.060217
0.744157
0.635244
0.801128
0.690166
0.075538
0.194957
0.721628
0.094284
0.571972
0.913005
0.589144
0.620815
0.580543
0.801128
0.421575
0.874110
0.862861
0.620815
0.005523
0.518727
0.787927
0.652656
0.916674
0.922090
0.382926
0.434080
0.454542
0.082732
0.940331
0.105557
0.999892
0.836720
0.449423
0.681504
0.166886
0.082732
0.075538
0.462365
0.603471
0.284858
0.727244
0.000029
0.187953
0.549354
0.284858
0.589144
0.940331
0.055312
0.107244
0.787927
0.199280
0.199280
0.580543
0.327120
0.173237
0.228410
0.643949
0.279144
0.382926
0.340005
