0.475494
0.557828
0.387593
0.333520
0.535389
0.006144
0.681504
0.951979
0.984769
0.727244
0.597771
0.649688
0.223587
0.612135
0.787927
0.571972
0.940331
0.626544
0.284858
0.999575
0.491556
0.218844
0.429087
0.094284
0.940331
0.275424
0.848789
0.057717
0.169385
0.462365
0.557828
0.589144
0.635244
0.884948
0.513281
0.603471
0.010009
0.135818
0.580543
0.907293
0.971109
0.758020
0.409279
0.329292
0.821730
0.177160
0.571972
0.084092
0.675784
0.483494
0.658394
0.269851
0.841556
0.704484
0.658394
0.082732
0.658394
0.462365
0.940331
0.041578
0.913005
0.340005
0.884948
0.704484
0.940331
0.228410
0.681504
0.462365
0.971109
0.215763
0.829282
0.557828
0.505064
0.462365
0.836720
0.672823
0.159490
0.860501
0.891273
0.518727
0.258960
0.927324
0.626544
0.236593
0.053907
0.808960
0.496903
0.421575
0.119859
0.779856
0.211153
0.880693
0.275424
0.860501
0.571972
0.312615
0.127623
0.521553
0.986757
0.744157
0.836720
0.333520
0.132684
0.032199
0.571972
0.681504
0.749684
0.994555
0.187953
0.382926
0.916674
0.130653
0.375911
0.947760
0.816691
0.635244
0.049040
0.626544
0.667094
0.117048
0.626544
0.829282
0.884948
0.749684
0.177160
0.727244
0.333520
0.907293
0.801128
0.100580
0.375911
0.344325
0.454542
0.922090
0.935597
0.951979
0.177160
0.557828
0.394742
0.491556
0.808960
0.535389
0.667094
0.250182
0.766291
0.357661
0.667094
0.223587
0.829282
0.513281
0.658394
0.907293
0.984769
0.672823
0.462365
0.333520
0.141156
0.766291
0.173237
0.483494
0.549354
0.549354
0.612135
0.002443
0.462365
0.989675
0.874110
0.897436
0.294528
0.626544
0.860501
0.913005
0.535389
0.836720
0.981075
0.082732
0.962240
0.779856
0.841556
0.414138
0.306500
0.779856
0.951979
0.801128
0.181158
0.589144
0.434080
0.594827
0.421575
0.067775
0.848789
0.580543
0.316692
0.127623
0.766291
0.499678
0.808960
0.202171
0.199280
0.032199
0.603471
0.394742
0.884948
0.250182
0.801128
0.130653
0.779856
0.401971
0.984769
0.004164
0.446787
0.874110
0.766291
0.327120
0.059212
0.454542
0.766291
0.749684
0.841556
0.236593
0.340005
0.199280
0.434080
0.922090
0.124654
0.375911
0.069506
0.727244
0.829282
0.211153
0.306500
0.056256
0.557828
0.962240
0.236593
0.004503
0.713075
0.088340
0.922090
0.695863
0.434080
0.907293
0.771705
0.922090
0.414138
0.735726
0.491556
0.916674
0.019768
0.571972
0.947760
0.612135
0.557828
0.620815
0.535389
0.681504
0.387593
0.454542
0.984769
0.209600
0.159490
0.055312
0.829282
0.368979
0.829282
0.357661
0.626544
0.521553
0.540922
0.758020
0.836720
0.808960
0.801128
0.947760
0.721628
0.965738
0.994555
0.066084
0.874110
0.206623
0.346575
0.589144
0.808960
0.368979
0.202171
0.467559
0.421575
0.867378
0.350951
0.612135
0.922090
0.228410
0.239907
0.771705
0.434080
0.658394
0.527033
0.557828
0.233315
0.713075
0.050328
0.626544
0.241635
0.758020
0.958545
0.735726
0.978604
0.589144
0.103042
0.695863
0.867378
0.571972
0.513281
0.513281
0.571972
0.557828
0.981075
0.540922
0.449423
0.000846
0.139014
0.426518
0.935597
0.535389
0.597771
0.713075
0.246759
0.907293
0.255445
0.580543
0.603471
0.704484
0.429087
0.704484
0.364456
0.713075
0.206623
0.749684
0.787927
0.907293
0.821730
0.394742
0.649688
0.139014
0.505064
0.841556
0.074303
0.000020
0.079397
0.884948
0.795913
0.179787
0.884948
0.704484
0.690166
0.779856
0.855893
0.635244
0.841556
0.557828
0.649688
0.907293
0.446787
0.848789
0.951979
0.704484
0.429087
0.907293
0.027652
0.103042
0.491556
0.441715
0.695863
0.426518
0.681504
0.092008
0.978604
0.626544
0.483494
0.927324
0.062816
0.041578
0.169385
0.821730
0.690166
0.947760
0.829282
0.891273
0.491556
0.527033
0.713075
0.597771
0.246759
0.935597
0.922090
0.382926
0.744157
0.704484
0.816691
0.612135
0.333520
0.635244
0.901408
0.421575
0.787927
0.333520
0.913005
0.483494
0.269851
0.635244
0.496903
0.986757
0.022258
0.922090
0.441715
0.897436
0.150086
0.124654
0.901408
0.848789
0.626544
0.470257
0.057717
0.401971
0.394742
0.491556
0.713075
0.241635
0.353229
0.535389
0.019768
0.052535
0.333520
0.855893
0.735726
0.713075
0.019230
0.667094
0.264363
0.649688
0.241635
0.177160
0.891273
0.375911
0.194957
0.672823
0.153566
0.643949
0.364456
0.643949
0.557828
0.082732
0.549354
0.394742
0.513281
0.672823
0.090535
0.117048
0.603471
0.279144
0.681504
0.306500
0.867378
0.357661
0.187953
0.626544
0.735726
0.571972
0.907293
0.589144
0.346575
0.109849
0.505064
0.300471
0.951979
0.077446
0.175815
0.290658
0.322949
0.566341
0.535389
0.483494
0.997586
0.658394
0.258960
0.012317
0.499678
0.290658
0.394742
0.368979
0.029982
0.364456
0.557828
0.056256
0.681504
0.499678
0.470257
0.727244
0.907293
0.290658
0.612135
0.940331
0.333520
0.223587
0.019230
0.056256
0.841556
0.855893
0.322949
0.401971
0.690166
0.491556
0.566341
0.483494
0.228410
0.353229
0.758020
0.672823
0.080707
0.394742
0.922090
0.566341
0.029708
0.527033
0.540922
0.884948
0.787927
0.060217
0.187953
0.505064
0.177160
0.695863
0.718717
0.434080
0.901408
0.294528
0.626544
0.144460
0.371333
0.727244
0.907293
0.947760
0.962240
0.974087
0.571972
0.241635
0.981075
0.300471
0.032771
0.088340
0.994555
0.218844
0.884948
0.690166
0.821730
0.521553
0.218844
0.153566
0.962240
0.635244
0.958545
0.236593
0.206623
0.787927
0.019768
0.409279
0.177160
0.449423
0.496903
0.290658
0.005968
0.695863
0.346575
0.294528
0.994555
0.513281
