0.246759
0.181158
0.187953
0.312615
0.077446
0.891273
0.364456
0.829282
0.658394
0.382926
0.505064
0.557828
0.795913
0.690166
0.935597
0.635244
0.891273
0.124654
0.848789
0.088340
0.250182
0.867378
0.891273
0.758020
0.353229
0.884948
0.454542
0.505064
0.704484
0.223587
0.787927
0.603471
0.986757
0.290658
0.505064
0.597771
0.848789
0.801128
0.203680
0.557828
0.258960
0.329292
0.704484
0.727244
0.535389
0.064990
0.841556
0.603471
0.557828
0.940331
0.658394
0.005262
0.181158
0.884948
0.758020
0.841556
0.779856
0.986757
0.758020
0.082732
0.612135
0.306500
0.042685
0.735726
0.922090
0.037099
0.713075
0.891273
0.080707
0.080707
0.749684
0.177160
0.521553
0.296545
0.181158
0.907293
0.306500
0.986757
0.771705
0.454542
0.340005
0.603471
0.032199
0.704484
0.233315
0.382926
0.749684
0.713075
0.603471
0.612135
0.735726
0.698805
0.690166
0.971109
0.947760
0.300471
0.082732
0.779856
0.667094
0.766291
0.713075
0.801128
0.115226
0.735726
0.245003
0.947760
0.566341
0.978604
0.589144
0.483494
0.836720
0.187953
0.266225
0.258960
0.269851
0.984769
0.922090
0.713075
0.672823
0.808960
0.848789
0.574890
0.117048
0.907293
0.505064
0.821730
0.984769
0.643949
0.027164
0.727244
0.626544
0.387593
0.860501
0.255445
0.574890
0.758020
0.119859
0.612135
0.114294
0.848789
0.597771
0.135818
0.704484
0.462365
0.434080
0.246759
0.874110
0.626544
0.998868
0.060217
0.462365
0.867378
0.496903
0.052535
0.166886
0.986757
0.005262
0.557828
0.211153
0.053907
0.557828
0.543791
0.704484
0.192150
0.971109
0.626544
0.491556
0.535389
0.884948
0.010298
0.867378
0.995551
0.901408
0.675784
0.013276
0.209600
0.690166
0.364456
0.658394
0.462365
0.907293
0.758020
0.848789
0.744157
0.429087
0.808960
0.505064
0.202171
0.382926
0.144460
0.032199
0.801128
0.401971
0.635244
0.434080
0.860501
0.021859
0.589144
0.364456
0.353229
0.382926
0.001421
0.364456
0.436675
0.779856
0.177160
0.848789
0.829282
0.187953
0.296545
0.958545
0.080707
0.557828
0.997586
0.371333
0.066084
0.704484
0.245003
0.228410
0.069506
0.505064
0.891273
0.284858
0.100580
0.310521
0.454542
0.185229
0.766291
0.441715
0.022875
0.967937
0.681504
0.045761
0.082732
0.166886
0.011425
0.470257
0.046970
0.612135
0.436675
0.039801
0.758020
0.535389
0.300471
0.187953
0.589144
0.441715
0.884948
0.329292
0.927324
0.620815
0.122729
0.848789
0.744157
0.199280
0.922090
0.829282
0.766291
0.922090
0.135818
0.173237
0.040864
0.505064
0.922090
0.667094
0.505064
0.855893
0.215763
0.009104
0.927324
0.690166
0.529876
0.114294
0.306500
0.322949
0.499678
0.698805
0.505064
0.157114
0.951979
0.346575
0.166886
0.667094
0.527033
0.727244
0.203680
0.855893
0.594827
0.199280
0.322949
0.166886
0.758020
0.368979
0.549354
0.801128
0.922090
0.821730
0.947760
0.527033
0.994555
0.801128
0.808960
0.394742
0.320806
0.690166
0.390021
0.414138
0.063362
0.808960
0.891273
0.462365
0.787927
0.992594
0.860501
0.322949
0.375911
0.077446
0.727244
0.173237
0.004164
0.228410
0.829282
0.704484
0.735726
0.951979
0.177160
0.194957
0.394742
0.735726
0.984769
0.255445
0.441715
0.891273
0.082732
0.744157
0.643949
0.795913
0.020320
0.375911
0.475494
0.808960
0.421575
0.855893
0.821730
0.589144
0.382926
0.199280
0.346575
0.891273
0.013524
0.958545
0.329292
0.429087
0.557828
0.228410
0.901408
0.971109
0.284858
0.294528
0.603471
0.672823
0.901408
0.580543
0.275424
0.012907
0.382926
0.109849
0.112510
0.187953
0.958545
0.704484
0.766291
0.821730
0.735726
0.160731
0.667094
0.316692
0.446787
0.891273
0.513281
0.215763
0.884948
0.635244
0.387593
0.246759
0.241635
0.713075
0.375911
0.513281
0.978604
0.306500
0.462365
0.107244
0.290658
0.025970
0.046970
0.236593
0.557828
0.713075
0.695863
0.984769
0.848789
0.974087
0.357661
0.163153
0.958545
0.566341
0.603471
0.704484
0.045761
0.215763
0.157114
0.046970
0.220452
0.039801
0.004164
0.821730
0.483494
0.075538
0.566341
0.350951
0.580543
0.867378
0.821730
0.603471
0.589144
0.000320
0.005523
0.142275
0.236593
0.173237
0.580543
0.543791
0.150086
0.208158
0.713075
0.727244
0.589144
0.855893
0.007032
0.874110
0.275424
0.340005
0.758020
0.635244
0.744157
0.038764
0.557828
0.808960
0.891273
0.018883
0.462365
0.907293
0.505064
0.077446
0.223587
0.183833
0.766291
0.269851
0.010795
0.535389
0.713075
0.922090
0.860501
0.394742
0.121744
0.499678
0.153566
0.571972
0.713075
0.316692
0.758020
0.922090
0.793201
0.891273
0.119859
0.340005
0.147829
0.758020
0.603471
0.333520
0.848789
0.808960
0.947760
0.070668
0.177160
0.387593
0.077446
0.801128
0.483494
0.306500
0.121744
0.907293
0.821730
0.704484
0.269851
0.620815
0.874110
0.535389
0.371333
0.829282
0.566341
0.916674
0.603471
0.891273
0.713075
0.449423
0.353229
0.867378
0.218844
0.626544
0.808960
0.962240
0.031348
0.913005
0.801128
0.589144
0.855893
0.626544
0.483494
0.105557
0.580543
0.566341
0.454542
0.620815
0.962240
0.874110
0.991213
0.612135
0.574890
0.996919
0.758020
0.635244
0.462365
0.505064
0.024158
0.779856
0.635244
0.735726
0.612135
0.130653
0.617854
0.672823
0.163153
0.192150
0.394742
0.202171
0.300471
0.675784
0.462365
0.901408
0.821730
0.421575
0.658394
0.236593
0.994555
0.275424
0.974087
0.350951
0.771705
0.241635
0.766291
0.346575
0.368979
0.527033
0.978604
0.744157
0.787927
0.589144
0.557828
0.483494
0.907293
0.543791
0.626544
0.986757
0.527033
