0.483494
0.179787
0.049040
0.223587
0.930673
0.236593
0.713075
0.589144
0.829282
0.787927
0.084092
0.284858
0.318816
0.971109
0.635244
0.031348
0.521553
0.279144
0.848789
0.935597
0.000433
0.103042
0.260793
0.441715
0.681504
0.787927
0.667094
0.571972
0.580543
0.808960
0.922090
0.981075
0.211153
0.735726
0.649688
0.848789
0.527033
0.462365
0.801128
0.320806
0.483494
0.209600
0.922090
0.675784
0.927324
0.255445
0.681504
0.557828
0.713075
0.927324
0.884948
0.836720
0.082732
0.713075
0.390021
0.935597
0.346575
0.129613
0.159490
0.003738
0.026438
0.036765
0.566341
0.327120
0.368979
0.695863
0.139014
0.958545
0.033071
0.264363
0.009277
0.922090
0.947760
0.801128
0.808960
0.467559
0.991213
0.275424
0.449423
0.394742
0.543791
0.002443
0.907293
0.346575
0.612135
0.316692
0.260793
0.690166
0.223587
0.841556
0.766291
0.094284
0.935597
0.454542
0.346575
0.681504
0.535389
0.068911
0.155897
0.340005
0.829282
0.971109
0.375911
0.549354
0.306500
0.310521
0.527033
0.713075
0.771705
0.589144
0.368979
0.159490
0.066084
0.076183
0.454542
0.491556
0.766291
0.023508
0.718717
0.003289
0.024158
0.441715
0.306500
0.874110
0.978604
0.626544
0.499678
0.414138
0.236593
0.829282
0.357661
0.414138
0.658394
0.470257
0.978604
0.121744
0.594827
0.821730
0.571972
0.771705
0.375911
0.250182
0.821730
0.260793
0.727244
0.368979
0.518727
0.387593
0.672823
0.727244
0.535389
0.612135
0.275424
0.922090
0.704484
0.394742
0.589144
0.053907
0.055312
0.635244
0.344325
0.594827
0.808960
0.779856
0.549354
0.649688
0.375911
0.681504
0.527033
0.658394
0.183833
0.907293
0.094284
0.844036
0.250182
0.779856
0.470257
0.884948
0.667094
0.004503
0.284858
0.340005
0.100580
0.004043
0.962240
0.246759
0.483494
0.043818
0.841556
0.620815
0.316692
0.157114
0.005578
0.971109
0.316692
0.836720
0.829282
0.499678
0.079397
0.421575
0.068911
0.566341
0.901408
0.640981
0.779856
0.112510
0.695863
0.793201
0.884948
0.580543
0.513281
0.177160
0.269851
0.033659
0.779856
0.571972
0.749684
0.874110
0.962240
0.597771
0.991213
0.727244
0.951979
0.891273
0.012907
0.290658
0.441715
0.496903
0.801128
0.913005
0.829282
0.390021
0.273514
0.169385
0.059212
0.848789
0.333520
0.557828
0.690166
0.801128
0.658394
0.181158
0.496903
0.658394
0.513281
0.211153
0.994555
0.190711
0.246759
0.421575
0.275424
0.580543
0.667094
0.117048
0.290658
0.462365
0.626544
0.103042
0.094284
0.364456
0.096609
0.958545
0.649688
0.075538
0.475494
0.394742
0.135818
0.808960
0.951979
0.496903
0.290658
0.658394
0.483494
0.491556
0.390021
0.153566
0.880693
0.735726
0.681504
0.380525
0.758020
0.011106
0.226757
0.199280
0.279144
0.375911
0.749684
0.704484
0.735726
0.617854
0.187953
0.000446
0.891273
0.612135
0.499678
0.294528
0.603471
0.015845
0.867378
0.922090
0.612135
0.001922
0.306500
0.695863
0.571972
0.505064
0.327120
0.527033
0.580543
0.841556
0.010009
0.821730
0.816691
0.901408
0.808960
0.223587
0.557828
0.070668
0.241635
0.951979
0.821730
0.848789
0.580543
0.094284
0.382926
0.704484
0.848789
0.053907
0.626544
0.749684
0.192150
0.117048
0.316692
0.779856
0.867378
0.771705
0.848789
0.499678
0.260793
0.681504
0.382926
0.829282
0.096609
0.211153
0.901408
0.735726
0.658394
0.129613
0.013149
0.612135
0.829282
0.177160
0.421575
0.603471
0.449423
0.124654
0.549354
0.913005
0.821730
0.103042
0.122729
0.246759
0.340005
0.037099
0.922090
0.635244
0.513281
0.549354
0.971109
0.414138
0.119859
0.766291
0.557828
0.000996
0.713075
0.860501
0.072465
0.241635
0.075538
0.060743
0.457201
0.441715
0.223587
0.901408
0.571972
0.841556
0.004043
0.190711
0.147829
0.499678
0.107244
0.860501
0.353229
0.787927
0.421575
0.153566
0.513281
0.801128
0.940331
0.228410
0.251967
0.003926
0.779856
0.475494
0.320806
0.421575
0.658394
0.223587
0.681504
0.375911
0.333520
0.394742
0.306500
0.821730
0.117048
0.535389
0.589144
0.194957
0.169385
0.159490
0.913005
0.713075
0.801128
0.027164
0.848789
0.566341
0.930673
0.727244
0.962240
0.758020
0.179787
0.612135
0.316692
0.922090
0.284858
0.132684
0.117048
0.779856
0.491556
0.187953
0.316692
0.414138
0.793201
0.667094
0.971109
0.057717
0.874110
0.801128
0.713075
0.690166
0.327120
0.409279
0.758020
0.346575
0.199280
0.771705
0.580543
0.878466
0.612135
0.462365
0.749684
0.177160
0.294528
0.962240
0.821730
0.183833
0.491556
0.322949
0.690166
0.922090
0.801128
0.580543
0.704484
0.867378
0.475494
0.557828
0.357661
0.421575
0.346575
0.491556
0.704484
0.721628
0.096609
0.499678
0.626544
0.446787
0.434080
0.566341
0.793201
0.008597
0.549354
0.971109
0.166886
0.922090
0.535389
0.177160
0.505064
0.848789
0.667094
0.821730
0.035500
0.350951
0.535389
0.603471
0.300471
0.690166
0.704484
0.771705
0.117048
0.350951
0.340005
0.543791
0.965738
0.675784
0.580543
0.744157
0.421575
0.916674
0.434080
0.658394
0.119859
0.749684
0.096609
0.884948
0.958545
0.626544
0.681504
0.848789
0.635244
0.721628
0.505064
0.077446
0.617854
0.070668
0.841556
0.958545
0.368979
0.891273
0.744157
0.181158
0.935597
0.922090
0.874110
0.916674
0.255445
0.829282
0.801128
0.603471
0.589144
0.967937
0.884948
0.483494
0.483494
0.735726
0.836720
0.266225
0.667094
0.470257
0.457201
0.935597
0.603471
0.801128
0.690166
0.513281
0.704484
0.000661
0.513281
0.986757
0.527033
0.635244
0.290658
0.059212
0.855893
0.643949
0.284858
0.848789
