0.211153
0.021268
0.141156
0.848789
0.063362
0.421575
0.220452
0.603471
0.382926
0.275424
0.787927
0.505064
0.394742
0.667094
0.667094
0.808960
0.401971
0.049040
0.821730
0.535389
0.672823
0.543791
0.867378
0.269851
0.580543
0.246759
0.557828
0.829282
0.454542
0.012548
0.454542
0.206623
0.927324
0.429087
0.566341
0.922090
0.787927
0.513281
0.974087
0.478214
0.713075
0.620815
0.916674
0.153566
0.635244
0.236593
0.306500
0.758020
0.505064
0.169385
0.557828
0.527033
0.037099
0.470257
0.535389
0.907293
0.635244
0.971109
0.801128
0.250182
0.070668
0.821730
0.907293
0.441715
0.296545
0.273514
0.735726
0.015409
0.884948
0.357661
0.836720
0.617854
0.922090
0.255445
0.962240
0.146673
0.580543
0.658394
0.220452
0.001059
0.930673
0.690166
0.681504
0.521553
0.387593
0.580543
0.566341
0.735726
0.038094
0.513281
0.253642
0.166886
0.049040
0.874110
0.414138
0.166886
0.571972
0.382926
0.203680
0.322949
0.916674
0.001310
0.483494
0.483494
0.603471
0.801128
0.620815
0.766291
0.566341
0.779856
0.603471
0.690166
0.518727
0.223587
0.848789
0.891273
0.540922
0.527033
0.103042
0.698805
0.499678
0.821730
0.617854
0.390021
0.557828
0.066084
0.543791
0.269851
0.513281
0.867378
0.935597
0.011974
0.658394
0.064431
0.505064
0.829282
0.155897
0.153566
0.643949
0.935597
0.940331
0.779856
0.009546
0.483494
0.144460
0.566341
0.264363
0.144460
0.499678
0.801128
0.779856
0.127623
0.146673
0.454542
0.713075
0.322949
0.088340
0.127623
0.505064
0.037099
0.300471
0.543791
0.211153
0.069506
0.215763
0.153566
0.190711
0.891273
0.698805
0.300471
0.821730
0.589144
0.571972
0.122729
0.891273
0.735726
0.779856
0.357661
0.635244
0.421575
0.382926
0.907293
0.228410
0.695863
0.965738
0.589144
0.124654
0.364456
0.426518
0.735726
0.962240
0.620815
0.635244
0.620815
0.574890
0.913005
0.916674
0.829282
0.681504
0.513281
0.787927
0.557828
0.971109
0.014305
0.033071
0.793201
0.880693
0.147829
0.580543
0.144460
0.626544
0.454542
0.998868
0.836720
0.557828
0.382926
0.672823
0.749684
0.766291
0.787927
0.801128
0.013654
0.147829
0.971109
0.574890
0.434080
0.382926
0.329292
0.965738
0.382926
0.434080
0.163153
0.163153
0.132684
0.704484
0.635244
0.635244
0.406779
0.157114
0.658394
0.787927
0.841556
0.206623
0.236593
0.721628
0.779856
0.821730
0.382926
0.744157
0.215763
0.094284
0.612135
0.505064
0.766291
0.192150
0.350951
0.744157
0.981075
0.916674
0.681504
0.667094
0.333520
0.713075
0.015128
0.434080
0.667094
0.003559
0.203680
0.009546
0.981075
0.306500
0.060217
0.441715
0.735726
0.958545
0.017543
0.801128
0.698805
0.284858
0.698805
0.981075
0.713075
0.967937
0.169385
0.255445
0.226757
0.426518
0.749684
0.177160
0.643949
0.088340
0.072465
0.394742
0.414138
0.429087
0.681504
0.269851
0.907293
0.916674
0.527033
0.787927
0.166886
0.922090
0.557828
0.836720
0.449423
0.187953
0.063362
0.635244
0.491556
0.672823
0.821730
0.009104
0.105557
0.000946
0.667094
0.932372
0.088340
0.935597
0.449423
0.038094
0.971109
0.713075
0.635244
0.658394
0.371333
0.199280
0.535389
0.535389
0.153566
0.041578
0.867378
0.947760
0.483494
0.862861
0.038094
0.009546
0.322949
0.727244
0.643949
0.867378
0.947760
0.322949
0.566341
0.571972
0.589144
0.574890
0.016139
0.874110
0.897436
0.940331
0.884948
0.294528
0.698805
0.907293
0.260793
0.441715
0.635244
0.612135
0.340005
0.177160
0.340005
0.658394
0.612135
0.499678
0.635244
0.434080
0.019768
0.704484
0.787927
0.735726
0.269851
0.053907
0.527033
0.344325
0.574890
0.566341
0.478214
0.003354
0.557828
0.057717
0.713075
0.801128
0.901408
0.077446
0.867378
0.771705
0.368979
0.449423
0.454542
0.543791
0.470257
0.681504
0.041578
0.787927
0.082732
0.612135
0.566341
0.779856
0.940331
0.105557
0.698805
0.713075
0.947760
0.260793
0.974087
0.107244
0.163153
0.771705
0.312615
0.333520
0.907293
0.215763
0.930673
0.375911
0.836720
0.779856
0.713075
0.382926
0.704484
0.994555
0.153566
0.094284
0.045761
0.387593
0.275424
0.236593
0.947760
0.103042
0.025274
0.927324
0.269851
0.829282
0.000007
0.527033
0.543791
0.016595
0.721628
0.713075
0.135818
0.867378
0.916674
0.901408
0.441715
0.011425
0.922090
0.735726
0.704484
0.603471
0.787927
0.735726
0.300471
0.874110
0.535389
0.241635
0.027652
0.589144
0.141156
0.056256
0.690166
0.855893
0.951979
0.927324
0.454542
0.441715
0.333520
0.015409
0.231634
0.971109
0.375911
0.603471
0.848789
0.421575
0.801128
0.758020
0.690166
0.612135
0.163153
0.681504
0.690166
0.513281
0.891273
0.022258
0.368979
0.194957
0.340005
0.496903
0.901408
0.000045
0.626544
0.848789
0.860501
0.891273
0.617854
0.357661
0.721628
0.109849
0.013654
0.187953
0.421575
0.681504
0.051194
0.183833
0.713075
0.327120
0.387593
0.441715
0.401971
0.821730
0.612135
0.082732
0.014305
0.779856
0.233315
0.340005
0.371333
0.094284
0.951979
0.029982
0.127623
0.808960
0.284858
0.597771
0.940331
0.491556
0.758020
0.907293
0.681504
0.115226
0.000019
0.144460
0.597771
0.867378
0.787927
0.860501
0.713075
0.922090
0.867378
0.787927
0.643949
0.649688
0.735726
0.294528
0.947760
0.470257
0.771705
0.255445
0.173237
0.421575
0.971109
0.574890
0.998868
0.096609
0.053907
0.713075
0.855893
0.713075
0.735726
0.612135
0.704484
0.141156
0.187953
0.462365
0.150086
0.626544
0.658394
0.527033
0.269851
0.117048
0.626544
0.000327
0.144460
0.457201
0.491556
0.841556
0.667094
