0.649688
0.310521
0.119859
0.808960
0.072465
0.566341
0.758020
0.867378
0.874110
0.329292
0.658394
0.290658
0.080707
0.727244
0.603471
0.779856
0.039801
0.114294
0.922090
0.346575
0.549354
0.771705
0.787927
0.426518
0.535389
0.771705
0.695863
0.421575
0.169385
0.046970
0.779856
0.971109
0.066084
0.387593
0.088340
0.414138
0.049040
0.580543
0.721628
0.078727
0.192150
0.897436
0.801128
0.049040
0.255445
0.681504
0.020692
0.264363
0.690166
0.096609
0.779856
0.891273
0.105557
0.787927
0.713075
0.505064
0.401971
0.829282
0.306500
0.163153
0.166886
0.513281
0.891273
0.787927
0.306500
0.090535
0.535389
0.449423
0.401971
0.163153
0.808960
0.626544
0.160731
0.066084
0.294528
0.070668
0.371333
0.808960
0.115226
0.491556
0.867378
0.635244
0.787927
0.357661
0.978604
0.867378
0.916674
0.187953
0.003965
0.001465
0.426518
0.779856
0.649688
0.552238
0.816691
0.681504
0.958545
0.132684
0.535389
0.735726
0.698805
0.816691
0.580543
0.829282
0.166886
0.179787
0.704484
0.867378
0.821730
0.779856
0.454542
0.069506
0.350951
0.284858
0.206623
0.880693
0.735726
0.066084
0.421575
0.109849
0.535389
0.779856
0.971109
0.848789
0.275424
0.316692
0.958545
0.690166
0.971109
0.329292
0.901408
0.635244
0.462365
0.940331
0.206623
0.891273
0.635244
0.801128
0.160731
0.449423
0.364456
0.092778
0.394742
0.000088
0.735726
0.483494
0.449423
0.513281
0.947760
0.141156
0.690166
0.329292
0.841556
0.675784
0.012317
0.496903
0.364456
0.816691
0.312615
0.758020
0.127623
0.066084
0.375911
0.626544
0.375911
0.173237
0.454542
0.874110
0.991213
0.043818
0.036127
0.626544
0.649688
0.215763
0.169385
0.394742
0.829282
0.829282
0.713075
0.203680
0.874110
0.322949
0.163153
0.907293
0.401971
0.603471
0.848789
0.513281
0.371333
0.140045
0.947760
0.275424
0.771705
0.027164
0.860501
0.357661
0.255445
0.306500
0.250182
0.612135
0.829282
0.935597
0.549354
0.246759
0.867378
0.029186
0.626544
0.951979
0.040864
0.735726
0.727244
0.749684
0.860501
0.092008
0.603471
0.594827
0.735726
0.771705
0.535389
0.658394
0.215763
0.017063
0.672823
0.727244
0.117048
0.406779
0.153566
0.626544
0.269851
0.848789
0.962240
0.635244
0.037099
0.958545
0.787927
0.236593
0.250182
0.394742
0.018368
0.974087
0.658394
0.264363
0.603471
0.147829
0.153566
0.187953
0.290658
0.250182
0.192150
0.000144
0.255445
0.203680
0.612135
0.527033
0.279144
0.223587
0.829282
0.340005
0.978604
0.246759
0.735726
0.603471
0.589144
0.454542
0.695863
0.215763
0.880693
0.003850
0.300471
0.571972
0.891273
0.667094
0.713075
0.306500
0.771705
0.449423
0.521553
0.414138
0.901408
0.103042
0.124654
0.947760
0.518727
0.836720
0.316692
0.505064
0.284858
0.505064
0.094284
0.603471
0.009546
0.947760
0.269851
0.107244
0.535389
0.867378
0.787927
0.589144
0.364456
0.713075
0.521553
0.441715
0.667094
0.580543
0.808960
0.620815
0.617854
0.416665
0.635244
0.211153
0.727244
0.121744
0.067775
0.491556
0.658394
0.672823
0.821730
0.962240
0.409279
0.390021
0.139014
0.913005
0.749684
0.848789
0.927324
0.744157
0.557828
0.014711
0.727244
0.421575
0.203680
0.284858
0.658394
0.690166
0.499678
0.441715
0.749684
0.704484
0.589144
0.275424
0.758020
0.033659
0.535389
0.821730
0.998463
0.758020
0.163153
0.273514
0.357661
0.713075
0.907293
0.187953
0.454542
0.368979
0.535389
0.233315
0.034568
0.414138
0.713075
0.041578
0.735726
0.527033
0.135818
0.357661
0.211153
0.901408
0.496903
0.094284
0.462365
0.808960
0.441715
0.382926
0.001246
0.483494
0.066084
0.884948
0.284858
0.491556
0.401971
0.922090
0.808960
0.310521
0.727244
0.603471
0.574890
0.063362
0.821730
0.322949
0.727244
0.566341
0.566341
0.194957
0.107244
0.947760
0.159490
0.766291
0.013276
0.930673
0.032199
0.059212
0.382926
0.779856
0.612135
0.535389
0.841556
0.032771
0.986757
0.967937
0.841556
0.144460
0.681504
0.177160
0.913005
0.255445
0.135818
0.580543
0.907293
0.749684
0.927324
0.462365
0.787927
0.173237
0.290658
0.033659
0.215763
0.718717
0.245003
0.382926
0.284858
0.543791
0.421575
0.935597
0.727244
0.199280
0.808960
0.478214
0.529876
0.744157
0.475494
0.163153
0.836720
0.340005
0.434080
0.907293
0.527033
0.119859
0.255445
0.306500
0.231634
0.401971
0.672823
0.829282
0.169385
0.215763
0.357661
0.681504
0.667094
0.935597
0.264363
0.399498
0.300471
0.620815
0.421575
0.000461
0.236593
0.787927
0.203680
0.907293
0.181158
0.935597
0.758020
0.971109
0.643949
0.057717
0.649688
0.589144
0.441715
0.155897
0.333520
0.557828
0.867378
0.635244
0.029186
0.046970
0.513281
0.603471
0.067775
0.965738
0.079397
0.279144
0.779856
0.505064
0.571972
0.667094
0.228410
0.401971
0.907293
0.401971
0.891273
0.426518
0.922090
0.855893
0.021268
0.135818
0.841556
0.718717
0.626544
0.947760
0.672823
0.070668
0.658394
0.294528
0.208158
0.079397
0.449423
0.897436
0.603471
0.527033
0.704484
0.196422
0.672823
0.073672
0.713075
0.956001
0.978604
0.015409
0.891273
0.350951
0.829282
0.603471
0.003289
0.346575
0.841556
0.535389
0.535389
0.801128
0.260793
0.082732
0.958545
0.300471
0.215763
0.672823
0.749684
0.986757
0.070668
0.215763
0.940331
0.744157
0.940331
0.340005
0.130653
0.527033
0.483494
0.061772
0.922090
0.129613
0.867378
0.394742
0.612135
0.333520
0.375911
0.016595
0.357661
0.454542
0.316692
0.640981
0.005968
0.958545
0.962240
0.483494
0.927324
0.727244
0.061772
0.935597
0.320806
0.922090
