0.177160
0.382926
0.048208
0.566341
0.211153
0.991213
0.518727
0.037752
0.860501
0.543791
0.967937
0.090535
0.901408
0.907293
0.574890
0.269851
0.505064
0.300471
0.357661
0.357661
0.021268
0.571972
0.260793
0.124654
0.250182
0.364456
0.658394
0.808960
0.340005
0.214182
0.891273
0.907293
0.153566
0.421575
0.801128
0.935597
0.713075
0.333520
0.357661
0.505064
0.513281
0.258960
0.434080
0.727244
0.557828
0.470257
0.626544
0.986757
0.409279
0.891273
0.114294
0.333520
0.690166
0.758020
0.735726
0.114294
0.891273
0.695863
0.028409
0.063362
0.255445
0.014305
0.597771
0.594827
0.816691
0.695863
0.173237
0.821730
0.874110
0.223587
0.132684
0.258960
0.098985
0.382926
0.994555
0.704484
0.241635
0.884948
0.281082
0.260793
0.090535
0.157114
0.357661
0.978604
0.414138
0.406779
0.612135
0.681504
0.681504
0.147829
0.704484
0.109849
0.368979
0.346575
0.962240
0.401971
0.362130
0.626544
0.032199
0.245003
0.667094
0.836720
0.891273
0.491556
0.462365
0.907293
0.557828
0.566341
0.727244
0.962240
0.144460
0.449423
0.206623
0.603471
0.357661
0.513281
0.672823
0.681504
0.275424
0.922090
0.758020
0.535389
0.947760
0.698805
0.047782
0.901408
0.766291
0.848789
0.612135
0.000661
0.951979
0.068911
0.076183
0.223587
0.084092
0.130653
0.057717
0.019230
0.045761
0.704484
0.290658
0.667094
0.571972
0.594827
0.940331
0.589144
0.414138
0.658394
0.052535
0.245003
0.681504
0.940331
0.346575
0.112510
0.042685
0.603471
0.322949
0.067775
0.031348
0.041578
0.375911
0.059212
0.449423
0.779856
0.144460
0.462365
0.001809
0.690166
0.375911
0.002950
0.316692
0.867378
0.223587
0.499678
0.269851
0.491556
0.357661
0.947760
0.971109
0.922090
0.109849
0.031348
0.357661
0.557828
0.848789
0.296545
0.194957
0.758020
0.192150
0.667094
0.649688
0.704484
0.137917
0.698805
0.103042
0.713075
0.109849
0.594827
0.505064
0.375911
0.735726
0.940331
0.978604
0.174566
0.192150
0.612135
0.947760
0.922090
0.612135
0.066084
0.626544
0.406779
0.771705
0.322949
0.316692
0.916674
0.880693
0.387593
0.518727
0.962240
0.779856
0.695863
0.194957
0.513281
0.457201
0.264363
0.821730
0.454542
0.096609
0.594827
0.801128
0.935597
0.667094
0.704484
0.779856
0.401971
0.603471
0.375911
0.078727
0.505064
0.667094
0.223587
0.264363
0.322949
0.146673
0.245003
0.848789
0.518727
0.066084
0.758020
0.667094
0.401971
0.491556
0.040864
0.015409
0.100580
0.967937
0.300471
0.735726
0.735726
0.462365
0.364456
0.962240
0.177160
0.375911
0.127623
0.119859
0.801128
0.766291
0.540922
0.462365
0.848789
0.836720
0.300471
0.801128
0.922090
0.079397
0.005855
0.603471
0.223587
0.103042
0.841556
0.294528
0.159490
0.681504
0.744157
0.513281
0.695863
0.094284
0.795913
0.010595
0.082732
0.441715
0.166886
0.829282
0.382926
0.127623
0.766291
0.316692
0.505064
0.124654
0.557828
0.808960
0.771705
0.279144
0.727244
0.543791
0.220452
0.612135
0.231634
0.223587
0.454542
0.107244
0.203680
0.009277
0.704484
0.681504
0.275424
0.766291
0.860501
0.401971
0.223587
0.150086
0.218844
0.521553
0.848789
0.147829
0.017063
0.841556
0.626544
0.088340
0.414138
0.049040
0.203680
0.194957
0.340005
0.010298
0.958545
0.878466
0.478214
0.991213
0.766291
0.658394
0.236593
0.399498
0.344325
0.808960
0.421575
0.549354
0.704484
0.557828
0.107244
0.947760
0.571972
0.223587
0.092778
0.394742
0.589144
0.333520
0.144460
0.690166
0.260793
0.848789
0.513281
0.922090
0.470257
0.350951
0.357661
0.223587
0.971109
0.695863
0.958545
0.266225
0.130653
0.429087
0.962240
0.527033
0.513281
0.429087
0.491556
0.829282
0.787927
0.658394
0.916674
0.214182
0.017543
0.841556
0.557828
0.250182
0.594827
0.449423
0.594827
0.935597
0.774492
0.129613
0.467559
0.744157
0.667094
0.816691
0.540922
0.962240
0.518727
0.007965
0.589144
0.821730
0.505064
0.795913
0.848789
0.994555
0.884948
0.540922
0.228410
0.246759
0.478214
0.862861
0.874110
0.779856
0.986757
0.557828
0.855893
0.264363
0.454542
0.935597
0.612135
0.290658
0.635244
0.279144
0.007378
0.535389
0.829282
0.758020
0.667094
0.218844
0.107244
0.860501
0.264363
0.340005
0.084803
0.704484
0.279144
0.441715
0.649688
0.681504
0.350951
0.215763
0.029186
0.721628
0.072465
0.787927
0.652656
0.891273
0.867378
0.241635
0.744157
0.713075
0.269851
0.139014
0.758020
0.284858
0.603471
0.916674
0.322949
0.346575
0.922090
0.163153
0.135818
0.589144
0.127623
0.901408
0.821730
0.300471
0.958545
0.255445
0.192150
0.704484
0.421575
0.829282
0.208158
0.316692
0.069506
0.470257
0.808960
0.269851
0.046970
0.072465
0.368979
0.203680
0.434080
0.735726
0.779856
0.288671
0.916674
0.626544
0.320806
0.163153
0.787927
0.003850
0.098985
0.713075
0.255445
0.867378
0.695863
0.072465
0.907293
0.406779
0.727244
0.333520
0.884948
0.626544
0.478214
0.735726
0.958545
0.855893
0.795913
0.667094
0.421575
0.974087
0.681504
0.483494
0.375911
0.808960
0.580543
0.690166
0.002950
0.255445
0.535389
0.535389
0.749684
0.414138
0.836720
0.004164
0.597771
0.766291
0.984769
0.766291
0.690166
0.552238
0.758020
0.735726
0.000411
0.801128
0.867378
0.241635
0.779856
0.735726
0.518727
0.935597
0.084092
0.681504
0.951979
0.022258
0.491556
0.935597
0.401971
0.170690
0.658394
0.801128
0.612135
0.779856
0.446787
0.112510
0.177160
0.387593
0.901408
0.867378
0.470257
0.549354
0.017378
0.672823
0.104694
0.029982
0.907293
0.635244
0.749684
0.884948
0.215763
