0.971109
0.011106
0.483494
0.779856
0.543791
0.513281
0.735726
0.357661
0.901408
0.329292
0.947760
0.951979
0.995551
0.007239
0.127623
0.947760
0.241635
0.279144
0.947760
0.231634
0.535389
0.215763
0.735726
0.535389
0.658394
0.727244
0.549354
0.118894
0.901408
0.294528
0.597771
0.107244
0.774492
0.841556
0.513281
0.401971
0.470257
0.779856
0.978604
0.779856
0.557828
0.901408
0.327120
0.557828
0.316692
0.346575
0.220452
0.566341
0.907293
0.088340
0.002950
0.589144
0.434080
0.449423
0.275424
0.922090
0.322949
0.406779
0.284858
0.603471
0.718717
0.322949
0.082732
0.836720
0.350951
0.421575
0.874110
0.475494
0.649688
0.848789
0.589144
0.727244
0.362130
0.316692
0.962240
0.752533
0.013654
0.991213
0.603471
0.030518
0.401971
0.132684
0.535389
0.327120
0.322949
0.368979
0.922090
0.557828
0.681504
0.635244
0.266225
0.312615
0.672823
0.401971
0.165605
0.603471
0.021859
0.491556
0.589144
0.779856
0.375911
0.808960
0.643949
0.821730
0.275424
0.421575
0.153566
0.981075
0.141156
0.132684
0.183833
0.801128
0.580543
0.008847
0.566341
0.543791
0.535389
0.527033
0.821730
0.475494
0.566341
0.103042
0.998868
0.441715
0.144460
0.042685
0.098170
0.643949
0.535389
0.322949
0.475494
0.535389
0.401971
0.310521
0.626544
0.401971
0.409279
0.713075
0.218844
0.643949
0.922090
0.387593
0.157114
0.617854
0.322949
0.779856
0.901408
0.050328
0.491556
0.704484
0.491556
0.658394
0.713075
0.557828
0.543791
0.382926
0.612135
0.394742
0.340005
0.108126
0.233315
0.275424
0.690166
0.139014
0.007965
0.801128
0.429087
0.203680
0.698805
0.090535
0.855893
0.594827
0.117048
0.829282
0.978604
0.801128
0.643949
0.079397
0.907293
0.527033
0.635244
0.713075
0.549354
0.766291
0.704484
0.021859
0.649688
0.491556
0.057717
0.597771
0.922090
0.518727
0.505064
0.382926
0.241635
0.901408
0.084803
0.051648
0.758020
0.062816
0.771705
0.527033
0.580543
0.603471
0.290658
0.907293
0.294528
0.130653
0.491556
0.223587
0.100580
0.153566
0.098170
0.505064
0.206623
0.891273
0.829282
0.991213
0.874110
0.017866
0.713075
0.194957
0.626544
0.749684
0.907293
0.557828
0.002950
0.589144
0.194957
0.290658
0.787927
0.073672
0.375911
0.787927
0.329292
0.667094
0.000301
0.449423
0.758020
0.483494
0.144460
0.304435
0.483494
0.695863
0.340005
0.121744
0.758020
0.166886
0.571972
0.829282
0.236593
0.194957
0.735726
0.549354
0.316692
0.021268
0.801128
0.475494
0.801128
0.246759
0.989675
0.951979
0.681504
0.441715
0.000682
0.496903
0.589144
0.855893
0.557828
0.409279
0.281082
0.429087
0.540922
0.187953
0.620815
0.346575
0.727244
0.836720
0.025274
0.907293
0.429087
0.874110
0.061772
0.658394
0.206623
0.135818
0.612135
0.241635
0.787927
0.557828
0.306500
0.275424
0.414138
0.848789
0.003193
0.096609
0.470257
0.375911
0.333520
0.626544
0.612135
0.521553
0.766291
0.518727
0.187953
0.357661
0.284858
0.658394
0.922090
0.603471
0.978604
0.681504
0.109849
0.766291
0.333520
0.667094
0.626544
0.380525
0.984769
0.006637
0.884948
0.821730
0.491556
0.035180
0.177160
0.681504
0.635244
0.346575
0.874110
0.681504
0.115226
0.414138
0.038764
0.620815
0.986757
0.989675
0.012548
0.470257
0.535389
0.779856
0.518727
0.290658
0.008847
0.173237
0.220452
0.808960
0.947760
0.681504
0.962240
0.884948
0.236593
0.394742
0.829282
0.470257
0.635244
0.135818
0.141156
0.245003
0.557828
0.364456
0.947760
0.264363
0.681504
0.535389
0.183833
0.117048
0.735726
0.027908
0.951979
0.441715
0.787927
0.649688
0.284858
0.000779
0.916674
0.322949
0.449423
0.984769
0.121744
0.808960
0.357661
0.086192
0.375911
0.690166
0.190711
0.535389
0.340005
0.491556
0.462365
0.713075
0.441715
0.951979
0.414138
0.269851
0.037099
0.223587
0.681504
0.612135
0.603471
0.357661
0.557828
0.340005
0.163153
0.441715
0.333520
0.897436
0.695863
0.901408
0.449423
0.394742
0.079397
0.322949
0.947760
0.038094
0.836720
0.421575
0.758020
0.025970
0.626544
0.462365
0.055312
0.962240
0.051648
0.935597
0.124654
0.922090
0.518727
0.793201
0.718717
0.346575
0.434080
0.462365
0.177160
0.589144
0.380525
0.848789
0.260793
0.649688
0.603471
0.387593
0.535389
0.127623
0.978604
0.129613
0.855893
0.121744
0.084803
0.312615
0.090535
0.829282
0.034568
0.704484
0.771705
0.635244
0.401971
0.294528
0.160731
0.951979
0.580543
0.269851
0.316692
0.884948
0.758020
0.901408
0.414138
0.848789
0.867378
0.084803
0.916674
0.103042
0.535389
0.787927
0.394742
0.787927
0.233315
0.132684
0.891273
0.163153
0.771705
0.390021
0.978604
0.829282
0.721628
0.333520
0.527033
0.597771
0.177160
0.470257
0.841556
0.454542
0.612135
0.421575
0.357661
0.449423
0.483494
0.401971
0.246759
0.521553
0.727244
0.281082
0.884948
0.382926
0.057717
0.296545
0.446787
0.704484
0.986757
0.220452
0.649688
0.401971
0.801128
0.284858
0.350951
0.246759
0.052535
0.147829
0.401971
0.658394
0.594827
0.183833
0.350951
0.061772
0.470257
0.821730
0.375911
0.470257
0.294528
0.340005
0.744157
0.571972
0.758020
0.255445
0.681504
0.127623
0.695863
0.203680
0.658394
0.390021
0.255445
0.371333
0.475494
0.185229
0.505064
0.535389
0.940331
0.951979
0.580543
0.223587
0.072465
0.667094
0.401971
0.626544
0.690166
0.947760
0.704484
0.375911
0.124654
0.962240
0.681504
0.566341
0.620815
0.635244
0.771705
0.124654
0.173237
0.177160
0.157114
0.808960
0.841556
0.962240
0.146673
0.658394
0.695863
0.491556
0.147829
0.922090
