0.454542
0.449423
0.322949
0.159490
0.454542
0.681504
0.327120
0.940331
0.306500
0.571972
0.026438
0.434080
0.635244
0.620815
0.535389
0.779856
0.704484
0.414138
0.808960
0.127623
0.183833
0.718717
0.626544
0.414138
0.340005
0.114294
0.005968
0.173237
0.513281
0.735726
0.103042
0.032199
0.429087
0.808960
0.177160
0.470257
0.981075
0.098170
0.766291
0.635244
0.758020
0.635244
0.603471
0.340005
0.566341
0.649688
0.214182
0.505064
0.153566
0.019768
0.735726
0.986757
0.766291
0.107244
0.177160
0.549354
0.589144
0.177160
0.527033
0.690166
0.735726
0.255445
0.935597
0.350951
0.005262
0.557828
0.649688
0.241635
0.029186
0.146673
0.635244
0.935597
0.074303
0.290658
0.012907
0.771705
0.421575
0.357661
0.441715
0.208158
0.704484
0.245003
0.527033
0.357661
0.094284
0.935597
0.649688
0.322949
0.727244
0.236593
0.771705
0.266225
0.441715
0.401971
0.552238
0.635244
0.986757
0.667094
0.907293
0.181158
0.922090
0.841556
0.072465
0.557828
0.441715
0.995551
0.557828
0.735726
0.704484
0.821730
0.566341
0.667094
0.589144
0.589144
0.353229
0.038764
0.821730
0.084092
0.246759
0.758020
0.387593
0.316692
0.695863
0.793201
0.848789
0.199280
0.947760
0.053907
0.068911
0.612135
0.535389
0.535389
0.040864
0.018368
0.096609
0.935597
0.223587
0.491556
0.935597
0.421575
0.635244
0.643949
0.829282
0.744157
0.801128
0.580543
0.429087
0.808960
0.848789
0.771705
0.958545
0.421575
0.284858
0.829282
0.543791
0.991213
0.105557
0.255445
0.483494
0.735726
0.414138
0.016595
0.100580
0.409279
0.127623
0.371333
0.092778
0.841556
0.563435
0.040864
0.713075
0.401971
0.971109
0.848789
0.072465
0.690166
0.211153
0.414138
0.821730
0.483494
0.127623
0.874110
0.300471
0.735726
0.947760
0.974087
0.001588
0.429087
0.540922
0.064431
0.535389
0.215763
0.727244
0.375911
0.787927
0.390021
0.513281
0.994555
0.279144
0.215763
0.284858
0.779856
0.220452
0.025274
0.829282
0.758020
0.874110
0.543791
0.626544
0.829282
0.038764
0.787927
0.159490
0.290658
0.821730
0.357661
0.521553
0.194957
0.991213
0.940331
0.907293
0.795913
0.848789
0.947760
0.491556
0.535389
0.518727
0.643949
0.681504
0.704484
0.300471
0.273514
0.958545
0.434080
0.505064
0.137917
0.421575
0.306500
0.327120
0.649688
0.566341
0.836720
0.441715
0.901408
0.549354
0.505064
0.612135
0.901408
0.986757
0.245003
0.390021
0.009277
0.922090
0.203680
0.986757
0.344325
0.984769
0.749684
0.344325
0.002255
0.462365
0.294528
0.901408
0.643949
0.031348
0.462365
0.421575
0.801128
0.043818
0.543791
0.206623
0.394742
0.580543
0.518727
0.009546
0.787927
0.867378
0.649688
0.626544
0.535389
0.312615
0.695863
0.294528
0.269851
0.236593
0.429087
0.884948
0.947760
0.000001
0.266225
0.112510
0.483494
0.787927
0.020320
0.462365
0.901408
0.951979
0.039801
0.549354
0.518727
0.713075
0.580543
0.549354
0.250182
0.173237
0.779856
0.874110
0.187953
0.735726
0.744157
0.170690
0.066084
0.491556
0.394742
0.019230
0.496903
0.255445
0.478214
0.449423
0.421575
0.483494
0.327120
0.129613
0.649688
0.721628
0.617854
0.907293
0.264363
0.518727
0.187953
0.421575
0.053907
0.192150
0.236593
0.713075
0.916674
0.735726
0.454542
0.357661
0.808960
0.649688
0.667094
0.072465
0.612135
0.197797
0.141156
0.779856
0.721628
0.387593
0.675784
0.640981
0.362130
0.848789
0.779856
0.589144
0.571972
0.681504
0.571972
0.971109
0.580543
0.013276
0.940331
0.658394
0.829282
0.829282
0.727244
0.603471
0.681504
0.429087
0.255445
0.922090
0.454542
0.658394
0.170690
0.958545
0.067775
0.375911
0.984769
0.867378
0.012548
0.344325
0.124654
0.132684
0.557828
0.269851
0.364456
0.121744
0.848789
0.236593
0.518727
0.290658
0.454542
0.713075
0.808960
0.922090
0.571972
0.513281
0.100580
0.434080
0.681504
0.549354
0.203680
0.704484
0.704484
0.612135
0.626544
0.766291
0.860501
0.884948
0.279144
0.483494
0.935597
0.649688
0.884948
0.672823
0.223587
0.147829
0.037099
0.986757
0.181158
0.543791
0.264363
0.333520
0.401971
0.821730
0.535389
0.643949
0.094284
0.151265
0.088340
0.543791
0.194957
0.380525
0.884948
0.441715
0.521553
0.758020
0.284858
0.007815
0.735726
0.260793
0.211153
0.429087
0.364456
0.884948
0.449423
0.117048
0.064431
0.005110
0.635244
0.821730
0.231634
0.667094
0.603471
0.681504
0.836720
0.940331
0.118894
0.758020
0.527033
0.496903
0.322949
0.394742
0.649688
0.401971
0.913005
0.103042
0.000641
0.166886
0.505064
0.401971
0.779856
0.499678
0.090535
0.045761
0.187953
0.681504
0.735726
0.527033
0.279144
0.698805
0.727244
0.150086
0.037099
0.038094
0.735726
0.801128
0.626544
0.368979
0.984769
0.475494
0.971109
0.462365
0.535389
0.884948
0.626544
0.874110
0.051648
0.874110
0.127623
0.518727
0.801128
0.848789
0.255445
0.414138
0.713075
0.589144
0.891273
0.513281
0.364456
0.000804
0.340005
0.557828
0.991213
0.483494
0.029186
0.867378
0.626544
0.574890
0.935597
0.394742
0.571972
0.874110
0.127623
0.434080
0.310521
0.867378
0.269851
0.571972
0.612135
0.927324
0.470257
0.284858
0.454542
0.779856
0.007965
0.816691
0.245003
0.808960
0.001721
0.107244
0.779856
0.758020
0.127623
0.672823
0.096609
0.429087
0.779856
0.535389
0.141156
0.086192
0.566341
0.589144
0.306500
0.580543
0.094284
0.580543
0.635244
0.475494
0.998868
0.749684
0.758020
0.470257
0.978604
0.860501
0.922090
0.279144
0.901408
0.344325
0.496903
0.006325
0.643949
0.766291
0.021859
0.897436
0.003455
