0.801128
0.300471
0.984769
0.029186
0.913005
0.940331
0.901408
0.958545
0.329292
0.070668
0.978604
0.023508
0.527033
0.681504
0.758020
0.981075
0.002517
0.300471
0.695863
0.698805
0.491556
0.294528
0.643949
0.901408
0.527033
0.930673
0.971109
0.077446
0.704484
0.228410
0.505064
0.891273
0.001080
0.491556
0.144460
0.930673
0.382926
0.704484
0.421575
0.566341
0.296545
0.316692
0.612135
0.312615
0.290658
0.535389
0.635244
0.527033
0.612135
0.727244
0.649688
0.350951
0.958545
0.787927
0.867378
0.808960
0.223587
0.901408
0.170690
0.153566
0.771705
0.589144
0.144460
0.603471
0.535389
0.940331
0.513281
0.449423
0.821730
0.787927
0.744157
0.150086
0.793201
0.294528
0.414138
0.340005
0.978604
0.829282
0.029982
0.571972
0.527033
0.978604
0.434080
0.612135
0.029982
0.956001
0.387593
0.144460
0.011974
0.779856
0.187953
0.187953
0.626544
0.414138
0.821730
0.414138
0.255445
0.681504
0.082732
0.951979
0.127623
0.927324
0.552238
0.698805
0.187953
0.357661
0.984769
0.346575
0.121744
0.279144
0.617854
0.808960
0.930673
0.166886
0.449423
0.006963
0.808960
0.962240
0.951979
0.290658
0.382926
0.916674
0.735726
0.801128
0.119859
0.387593
0.962240
0.357661
0.470257
0.580543
0.414138
0.223587
0.273514
0.727244
0.801128
0.300471
0.787927
0.124654
0.860501
0.470257
0.454542
0.667094
0.874110
0.000779
0.566341
0.658394
0.499678
0.907293
0.891273
0.088340
0.312615
0.513281
0.841556
0.483494
0.557828
0.841556
0.119859
0.995551
0.913005
0.580543
0.060217
0.867378
0.947760
0.855893
0.316692
0.658394
0.612135
0.821730
0.357661
0.603471
0.930673
0.566341
0.454542
0.007239
0.704484
0.672823
0.635244
0.779856
0.294528
0.368979
0.505064
0.340005
0.951979
0.713075
0.901408
0.986757
0.907293
0.793201
0.916674
0.316692
0.978604
0.457201
0.589144
0.255445
0.704484
0.821730
0.704484
0.505064
0.375911
0.296545
0.000696
0.855893
0.867378
0.441715
0.758020
0.995551
0.735726
0.023508
0.211153
0.070668
0.649688
0.141156
0.194957
0.375911
0.603471
0.483494
0.284858
0.801128
0.306500
0.132684
0.841556
0.088340
0.364456
0.241635
0.117048
0.505064
0.181158
0.649688
0.766291
0.090535
0.922090
0.421575
0.527033
0.034568
0.153566
0.269851
0.421575
0.829282
0.002725
0.513281
0.121744
0.139014
0.848789
0.940331
0.434080
0.135818
0.891273
0.658394
0.269851
0.848789
0.951979
0.874110
0.589144
0.574890
0.183833
0.940331
0.962240
0.294528
0.375911
0.841556
0.635244
0.387593
0.521553
0.401971
0.394742
0.935597
0.421575
0.236593
0.421575
0.821730
0.029982
0.940331
0.566341
0.816691
0.206623
0.698805
0.446787
0.103042
0.375911
0.157114
0.284858
0.626544
0.801128
0.470257
0.543791
0.426518
0.816691
0.144460
0.258960
0.029982
0.223587
0.406779
0.077446
0.727244
0.462365
0.995551
0.566341
0.612135
0.535389
0.549354
0.329292
0.029708
0.566341
0.333520
0.012548
0.513281
0.310521
0.816691
0.958545
0.681504
0.974087
0.294528
0.281082
0.612135
0.446787
0.571972
0.801128
0.346575
0.021859
0.096609
0.117048
0.121744
0.999575
0.855893
0.322949
0.749684
0.940331
0.848789
0.841556
0.255445
0.801128
0.058699
0.779856
0.649688
0.187953
0.454542
0.571972
0.771705
0.779856
0.094284
0.483494
0.793201
0.491556
0.958545
0.867378
0.594827
0.681504
0.695863
0.891273
0.340005
0.801128
0.795913
0.026914
0.141156
0.891273
0.333520
0.922090
0.672823
0.441715
0.215763
0.357661
0.211153
0.037099
0.758020
0.626544
0.690166
0.223587
0.860501
0.704484
0.000112
0.658394
0.215763
0.779856
0.387593
0.194957
0.962240
0.002645
0.371333
0.626544
0.962240
0.236593
0.382926
0.589144
0.513281
0.021859
0.441715
0.527033
0.387593
0.612135
0.878466
0.698805
0.409279
0.241635
0.441715
0.749684
0.092008
0.109849
0.362130
0.454542
0.096609
0.681504
0.779856
0.612135
0.867378
0.206623
0.704484
0.704484
0.441715
0.681504
0.046970
0.901408
0.884948
0.735726
0.626544
0.951979
0.841556
0.290658
0.496903
0.681504
0.169385
0.475494
0.322949
0.626544
0.177160
0.344325
0.749684
0.713075
0.045761
0.255445
0.157114
0.612135
0.491556
0.159490
0.187953
0.758020
0.470257
0.874110
0.483494
0.771705
0.589144
0.454542
0.177160
0.771705
0.446787
0.518727
0.449423
0.284858
0.913005
0.635244
0.821730
0.141156
0.382926
0.169385
0.002370
0.635244
0.382926
0.891273
0.034568
0.527033
0.996919
0.594827
0.897436
0.513281
0.774492
0.821730
0.255445
0.574890
0.099752
0.260793
0.429087
0.382926
0.635244
0.231634
0.250182
0.643949
0.594827
0.612135
0.735726
0.897436
0.681504
0.441715
0.557828
0.215763
0.199280
0.228410
0.626544
0.306500
0.580543
0.940331
0.269851
0.907293
0.092778
0.947760
0.401971
0.787927
0.394742
0.913005
0.907293
0.951979
0.058699
0.927324
0.449423
0.962240
0.549354
0.749684
0.441715
0.594827
0.300471
0.787927
0.566341
0.340005
0.080707
0.022875
0.434080
0.135818
0.092778
0.727244
0.984769
0.202171
0.306500
0.236593
0.667094
0.984769
0.884948
0.505064
0.050328
0.612135
0.190711
0.284858
0.300471
0.196422
0.387593
0.368979
0.829282
0.527033
0.808960
0.549354
0.779856
0.947760
0.380525
0.981075
0.958545
0.971109
0.220452
0.024596
0.364456
0.667094
0.250182
0.535389
0.441715
0.084803
0.749684
0.483494
0.192150
0.867378
0.626544
0.199280
0.749684
0.250182
0.727244
0.006447
0.808960
0.891273
0.958545
0.060743
0.505064
0.166886
0.940331
0.713075
0.084803
0.041578
0.727244
0.478214
0.821730
0.527033
0.855893
