0.635244
0.333520
0.159490
0.340005
0.491556
0.962240
0.036127
0.275424
0.635244
0.294528
0.787927
0.907293
0.103042
0.375911
0.940331
0.901408
0.124654
0.470257
0.971109
0.470257
0.951979
0.159490
0.470257
0.127623
0.543791
0.421575
0.206623
0.371333
0.096609
0.350951
0.626544
0.841556
0.557828
0.626544
0.951979
0.984769
0.535389
0.475494
0.571972
0.406779
0.557828
0.421575
0.126604
0.793201
0.867378
0.084803
0.199280
0.491556
0.115226
0.571972
0.005968
0.223587
0.848789
0.279144
0.649688
0.250182
0.947760
0.589144
0.594827
0.491556
0.984769
0.848789
0.901408
0.306500
0.394742
0.704484
0.300471
0.891273
0.016293
0.744157
0.429087
0.163153
0.260793
0.612135
0.037099
0.821730
0.000733
0.429087
0.022875
0.159490
0.327120
0.744157
0.096609
0.704484
0.771705
0.965738
0.421575
0.462365
0.228410
0.771705
0.409279
0.141156
0.749684
0.161896
0.177160
0.749684
0.922090
0.962240
0.704484
0.704484
0.867378
0.446787
0.434080
0.421575
0.620815
0.940331
0.649688
0.667094
0.449423
0.008197
0.793201
0.557828
0.612135
0.766291
0.994555
0.255445
0.996919
0.382926
0.635244
0.672823
0.070668
0.199280
0.215763
0.121744
0.718717
0.557828
0.357661
0.223587
0.620815
0.255445
0.913005
0.841556
0.884948
0.612135
0.260793
0.612135
0.264363
0.848789
0.626544
0.801128
0.884948
0.991213
0.971109
0.640981
0.848789
0.891273
0.867378
0.449423
0.475494
0.203680
0.787927
0.151265
0.994555
0.690166
0.505064
0.855893
0.649688
0.874110
0.829282
0.962240
0.808960
0.735726
0.316692
0.874110
0.401971
0.462365
0.223587
0.580543
0.316692
0.394742
0.829282
0.179787
0.470257
0.223587
0.821730
0.816691
0.841556
0.170690
0.130653
0.620815
0.470257
0.836720
0.907293
0.721628
0.002370
0.255445
0.166886
0.527033
0.727244
0.744157
0.816691
0.713075
0.549354
0.543791
0.965738
0.971109
0.414138
0.848789
0.173237
0.681504
0.499678
0.821730
0.951979
0.535389
0.695863
0.681504
0.211153
0.580543
0.927324
0.981075
0.187953
0.675784
0.483494
0.867378
0.557828
0.236593
0.967937
0.513281
0.241635
0.735726
0.612135
0.971109
0.749684
0.867378
0.130653
0.752533
0.808960
0.978604
0.947760
0.421575
0.166886
0.449423
0.333520
0.667094
0.375911
0.124654
0.505064
0.626544
0.096609
0.758020
0.350951
0.758020
0.429087
0.467559
0.801128
0.496903
0.874110
0.681504
0.603471
0.462365
0.003354
0.940331
0.901408
0.848789
0.269851
0.681504
0.940331
0.947760
0.557828
0.704484
0.635244
0.284858
0.704484
0.449423
0.260793
0.947760
0.246759
0.075538
0.462365
0.603471
0.269851
0.758020
0.994555
0.594827
0.907293
0.329292
0.258960
0.571972
0.414138
0.922090
0.549354
0.387593
0.505064
0.916674
0.681504
0.496903
0.215763
0.322949
0.884948
0.045761
0.958545
0.203680
0.401971
0.045761
0.518727
0.499678
0.867378
0.322949
0.922090
0.177160
0.103042
0.290658
0.074303
0.549354
0.681504
0.603471
0.927324
0.290658
0.643949
0.787927
0.109849
0.103042
0.766291
0.860501
0.635244
0.005968
0.505064
0.667094
0.672823
0.333520
0.535389
0.681504
0.971109
0.884948
0.159490
0.016139
0.157114
0.223587
0.862861
0.394742
0.001465
0.340005
0.774492
0.169385
0.215763
0.007593
0.441715
0.907293
0.535389
0.984769
0.658394
0.173237
0.279144
0.255445
0.364456
0.658394
0.867378
0.958545
0.713075
0.779856
0.491556
0.043818
0.033071
0.187953
0.414138
0.589144
0.199280
0.346575
0.357661
0.414138
0.426518
0.958545
0.658394
0.566341
0.848789
0.070668
0.357661
0.681504
0.130653
0.462365
0.643949
0.814067
0.406779
0.082732
0.401971
0.735726
0.947760
0.735726
0.231634
0.206623
0.779856
0.387593
0.848789
0.635244
0.529876
0.284858
0.913005
0.836720
0.223587
0.841556
0.698805
0.635244
0.483494
0.499678
0.821730
0.409279
0.922090
0.801128
0.475494
0.620815
0.441715
0.735726
0.704484
0.187953
0.096609
0.429087
0.005418
0.580543
0.344325
0.236593
0.387593
0.340005
0.246759
0.749684
0.505064
0.698805
0.672823
0.346575
0.867378
0.978604
0.989675
0.543791
0.998868
0.406779
0.513281
0.580543
0.290658
0.255445
0.848789
0.735726
0.060217
0.269851
0.589144
0.215763
0.735726
0.000820
0.014305
0.316692
0.284858
0.192150
0.475494
0.406779
0.421575
0.346575
0.223587
0.527033
0.255445
0.635244
0.518727
0.199280
0.496903
0.019768
0.681504
0.505064
0.681504
0.808960
0.269851
0.513281
0.000051
0.409279
0.250182
0.039801
0.958545
0.294528
0.848789
0.077446
0.223587
0.329292
0.978604
0.173237
0.557828
0.635244
0.848789
0.635244
0.316692
0.521553
0.735726
0.658394
0.117048
0.245003
0.357661
0.841556
0.166886
0.223587
0.635244
0.406779
0.518727
0.026438
0.483494
0.603471
0.063362
0.075538
0.491556
0.505064
0.947760
0.727244
0.038764
0.771705
0.527033
0.658394
0.787927
0.779856
0.179787
0.841556
0.566341
0.034568
0.891273
0.626544
0.275424
0.848789
0.177160
0.454542
0.357661
0.024596
0.187953
0.478214
0.874110
0.483494
0.704484
0.039801
0.153566
0.744157
0.589144
0.382926
0.672823
0.695863
0.589144
0.414138
0.779856
0.620815
0.557828
0.971109
0.127623
0.245003
0.092778
0.114294
0.414138
0.141156
0.068911
0.787927
0.255445
0.150086
0.974087
0.169385
0.119859
0.721628
0.499678
0.617854
0.951979
0.491556
0.643949
0.306500
0.713075
0.891273
0.727244
0.951979
0.316692
0.346575
0.695863
0.026438
0.521553
0.589144
0.211153
0.958545
0.250182
0.855893
0.713075
0.916674
0.454542
0.518727
0.527033
0.580543
0.836720
0.643949
0.434080
0.269851
