0.350951
0.771705
0.223587
0.019230
0.434080
0.157114
0.157114
0.100580
0.635244
0.735726
0.505064
0.421575
0.192150
0.527033
0.056256
0.681504
0.109849
0.962240
0.084803
0.032199
0.829282
0.513281
0.029186
0.884948
0.626544
0.690166
0.860501
0.884948
0.153566
0.241635
0.620815
0.652656
0.072465
0.704484
0.974087
0.535389
0.589144
0.401971
0.475494
0.132684
0.667094
0.300471
0.382926
0.643949
0.557828
0.387593
0.475494
0.635244
0.998868
0.382926
0.543791
0.077446
0.491556
0.013909
0.681504
0.907293
0.357661
0.521553
0.074303
0.867378
0.513281
0.557828
0.421575
0.603471
0.070668
0.434080
0.867378
0.749684
0.557828
0.927324
0.787927
0.916674
0.580543
0.690166
0.848789
0.375911
0.649688
0.626544
0.457201
0.364456
0.228410
0.855893
0.801128
0.316692
0.446787
0.527033
0.147829
0.322949
0.130653
0.956001
0.907293
0.589144
0.231634
0.147829
0.821730
0.166886
0.008354
0.364456
0.951979
0.801128
0.690166
0.535389
0.382926
0.505064
0.320806
0.470257
0.300471
0.612135
0.848789
0.401971
0.475494
0.329292
0.380525
0.223587
0.978604
0.382926
0.026438
0.246759
0.322949
0.589144
0.066084
0.867378
0.808960
0.483494
0.513281
0.255445
0.090535
0.155897
0.667094
0.269851
0.527033
0.163153
0.867378
0.603471
0.884948
0.774492
0.375911
0.779856
0.991213
0.060217
0.462365
0.571972
0.333520
0.549354
0.643949
0.999575
0.571972
0.147829
0.050328
0.279144
0.658394
0.009546
0.771705
0.758020
0.226757
0.901408
0.884948
0.713075
0.056256
0.735726
0.401971
0.375911
0.695863
0.821730
0.011753
0.787927
0.491556
0.117048
0.061772
0.246759
0.779856
0.549354
0.518727
0.744157
0.922090
0.580543
0.814067
0.958545
0.117048
0.194957
0.250182
0.382926
0.758020
0.841556
0.947760
0.394742
0.163153
0.603471
0.779856
0.312615
0.535389
0.735726
0.907293
0.643949
0.744157
0.829282
0.766291
0.821730
0.063362
0.749684
0.860501
0.300471
0.958545
0.821730
0.228410
0.557828
0.841556
0.667094
0.072465
0.681504
0.258960
0.841556
0.491556
0.199280
0.681504
0.364456
0.704484
0.043818
0.333520
0.333520
0.117048
0.549354
0.364456
0.922090
0.927324
0.327120
0.994555
0.429087
0.658394
0.758020
0.226757
0.566341
0.001588
0.848789
0.060217
0.333520
0.549354
0.681504
0.808960
0.978604
0.829282
0.052535
0.000067
0.004043
0.312615
0.312615
0.727244
0.470257
0.974087
0.841556
0.681504
0.441715
0.681504
0.626544
0.635244
0.080707
0.867378
0.855893
0.055312
0.014305
0.446787
0.375911
0.499678
0.836720
0.037099
0.470257
0.074303
0.079397
0.483494
0.521553
0.735726
0.135818
0.589144
0.350951
0.279144
0.166886
0.901408
0.166886
0.001687
0.704484
0.935597
0.612135
0.801128
0.612135
0.250182
0.075538
0.841556
0.643949
0.884948
0.667094
0.749684
0.032771
0.380525
0.649688
0.557828
0.316692
0.281082
0.406779
0.241635
0.220452
0.446787
0.499678
0.758020
0.209600
0.521553
0.907293
0.483494
0.951979
0.357661
0.434080
0.787927
0.566341
0.329292
0.566341
0.051194
0.635244
0.260793
0.779856
0.884948
0.015845
0.491556
0.505064
0.735726
0.127623
0.978604
0.394742
0.589144
0.801128
0.735726
0.264363
0.891273
0.034568
0.215763
0.801128
0.836720
0.462365
0.981075
0.779856
0.698805
0.836720
0.821730
0.801128
0.462365
0.727244
0.153566
0.067775
0.758020
0.218844
0.867378
0.499678
0.231634
0.075538
0.681504
0.981075
0.626544
0.043818
0.974087
0.620815
0.808960
0.603471
0.090535
0.779856
0.124654
0.891273
0.064990
0.557828
0.958545
0.215763
0.749684
0.194957
0.151265
0.024596
0.749684
0.681504
0.897436
0.220452
0.042685
0.735726
0.801128
0.387593
0.727244
0.571972
0.491556
0.727244
0.962240
0.491556
0.236593
0.049040
0.023508
0.549354
0.000544
0.947760
0.043818
0.958545
0.566341
0.190711
0.233315
0.434080
0.978604
0.364456
0.496903
0.279144
0.441715
0.867378
0.375911
0.218844
0.907293
0.042685
0.801128
0.260793
0.713075
0.206623
0.848789
0.449423
0.255445
0.589144
0.649688
0.462365
0.306500
0.935597
0.329292
0.874110
0.006028
0.580543
0.848789
0.735726
0.821730
0.658394
0.284858
0.475494
0.848789
0.867378
0.626544
0.329292
0.186540
0.571972
0.667094
0.223587
0.306500
0.935597
0.117048
0.649688
0.612135
0.491556
0.867378
0.157114
0.316692
0.177160
0.462365
0.010298
0.053907
0.166886
0.499678
0.183833
0.470257
0.088340
0.000163
0.236593
0.368979
0.535389
0.681504
0.109849
0.306500
0.279144
0.566341
0.094284
0.462365
0.117048
0.667094
0.023508
0.058699
0.922090
0.603471
0.971109
0.518727
0.264363
0.092778
0.713075
0.958545
0.836720
0.971109
0.947760
0.612135
0.269851
0.704484
0.157114
0.589144
0.718717
0.643949
0.971109
0.084803
0.829282
0.441715
0.557828
0.527033
0.005687
0.241635
0.698805
0.421575
0.117048
0.971109
0.758020
0.236593
0.051194
0.387593
0.667094
0.580543
0.275424
0.829282
0.382926
0.296545
0.984769
0.462365
0.049040
0.658394
0.735726
0.513281
0.000641
0.279144
0.429087
0.816691
0.491556
0.589144
0.300471
0.273514
0.874110
0.483494
0.829282
0.922090
0.004637
0.020320
0.713075
0.394742
0.758020
0.727244
0.390021
0.260793
0.124654
0.658394
0.086919
0.072465
0.927324
0.821730
0.935597
0.962240
0.690166
0.269851
0.643949
0.344325
0.649688
0.667094
0.454542
0.829282
0.543791
0.483494
0.766291
0.672823
0.681504
0.203680
0.144460
0.394742
0.094284
0.721628
0.571972
0.998868
0.496903
0.011425
0.974087
0.672823
0.626544
0.617854
0.535389
0.635244
0.203680
0.454542
0.177160
