0.589144
0.749684
0.086192
0.603471
0.088340
0.449423
0.380525
0.290658
0.382926
0.012907
0.236593
0.913005
0.735726
0.766291
0.032771
0.874110
0.124654
0.940331
0.779856
0.241635
0.046554
0.744157
0.901408
0.535389
0.771705
0.675784
0.986757
0.260793
0.667094
0.010009
0.018368
0.735726
0.362130
0.306500
0.552238
0.635244
0.962240
0.801128
0.059212
0.192150
0.245003
0.273514
0.848789
0.848789
0.991213
0.000918
0.000141
0.004288
0.808960
0.144460
0.327120
0.991213
0.557828
0.169385
0.848789
0.626544
0.787927
0.758020
0.527033
0.394742
0.735726
0.147829
0.521553
0.978604
0.744157
0.462365
0.063362
0.848789
0.067775
0.626544
0.505064
0.867378
0.316692
0.947760
0.246759
0.513281
0.521553
0.441715
0.470257
0.867378
0.829282
0.681504
0.153566
0.962240
0.483494
0.038094
0.978604
0.704484
0.312615
0.981075
0.203680
0.429087
0.275424
0.387593
0.808960
0.223587
0.023508
0.829282
0.144460
0.094284
0.612135
0.549354
0.513281
0.758020
0.643949
0.139014
0.991213
0.264363
0.032771
0.535389
0.658394
0.505064
0.279144
0.139014
0.766291
0.028672
0.421575
0.566341
0.758020
0.375911
0.884948
0.066084
0.475494
0.357661
0.127623
0.795913
0.681504
0.681504
0.557828
0.672823
0.744157
0.414138
0.841556
0.667094
0.958545
0.350951
0.250182
0.821730
0.031348
0.141156
0.758020
0.421575
0.771705
0.333520
0.231634
0.177160
0.626544
0.681504
0.387593
0.153566
0.704484
0.574890
0.107244
0.491556
0.165605
0.986757
0.922090
0.695863
0.704484
0.874110
0.357661
0.766291
0.141156
0.057717
0.434080
0.744157
0.003559
0.916674
0.801128
0.574890
0.535389
0.521553
0.967937
0.382926
0.074303
0.527033
0.626544
0.848789
0.429087
0.000094
0.667094
0.483494
0.658394
0.275424
0.070668
0.375911
0.141156
0.109849
0.549354
0.470257
0.011106
0.491556
0.121744
0.015409
0.014711
0.215763
0.202171
0.518727
0.002189
0.626544
0.390021
0.855893
0.089781
0.211153
0.098985
0.483494
0.340005
0.617854
0.808960
0.117048
0.658394
0.250182
0.589144
0.971109
0.382926
0.649688
0.891273
0.744157
0.681504
0.836720
0.014711
0.333520
0.067195
0.758020
0.557828
0.713075
0.006832
0.462365
0.821730
0.211153
0.801128
0.612135
0.978604
0.841556
0.521553
0.597771
0.713075
0.981075
0.749684
0.749684
0.475494
0.147829
0.228410
0.434080
0.401971
0.690166
0.241635
0.735726
0.922090
0.441715
0.333520
0.749684
0.340005
0.429087
0.421575
0.245003
0.836720
0.635244
0.891273
0.612135
0.513281
0.340005
0.566341
0.290658
0.829282
0.626544
0.999575
0.771705
0.153566
0.387593
0.421575
0.801128
0.597771
0.147829
0.779856
0.735726
0.024158
0.027164
0.874110
0.874110
0.527033
0.194957
0.107244
0.449423
0.300471
0.273514
0.947760
0.203680
0.434080
0.139014
0.727244
0.124654
0.571972
0.035500
0.704484
0.060217
0.390021
0.300471
0.394742
0.364456
0.667094
0.057717
0.019768
0.173237
0.829282
0.269851
0.153566
0.698805
0.841556
0.571972
0.215763
0.758020
0.029186
0.727244
0.066084
0.483494
0.068911
0.758020
0.241635
0.971109
0.098985
0.603471
0.867378
0.409279
0.527033
0.829282
0.124654
0.056256
0.421575
0.320806
0.462365
0.690166
0.187953
0.327120
0.848789
0.766291
0.075538
0.132684
0.001774
0.051648
0.357661
0.749684
0.041578
0.264363
0.566341
0.821730
0.096609
0.394742
0.260793
0.971109
0.470257
0.713075
0.499678
0.821730
0.635244
0.368979
0.727244
0.901408
0.978604
0.406779
0.103042
0.327120
0.163153
0.079397
0.535389
0.874110
0.787927
0.848789
0.771705
0.199280
0.566341
0.038764
0.962240
0.401971
0.340005
0.401971
0.779856
0.187953
0.005968
0.735726
0.394742
0.513281
0.357661
0.947760
0.067775
0.084803
0.566341
0.658394
0.771705
0.643949
0.935597
0.183833
0.997586
0.690166
0.527033
0.690166
0.713075
0.294528
0.022875
0.907293
0.462365
0.535389
0.841556
0.258960
0.255445
0.958545
0.061772
0.124654
0.907293
0.940331
0.312615
0.236593
0.144460
0.022875
0.549354
0.735726
0.589144
0.635244
0.401971
0.958545
0.698805
0.364456
0.848789
0.841556
0.535389
0.236593
0.521553
0.236593
0.375911
0.387593
0.429087
0.749684
0.704484
0.346575
0.275424
0.117048
0.153566
0.260793
0.119859
0.002443
0.061772
0.635244
0.690166
0.626544
0.907293
0.401971
0.454542
0.462365
0.994555
0.594827
0.454542
0.620815
0.421575
0.513281
0.808960
0.947760
0.884948
0.981075
0.006832
0.177160
0.549354
0.150086
0.580543
0.513281
0.066084
0.014305
0.304435
0.589144
0.470257
0.215763
0.025274
0.916674
0.103042
0.862861
0.749684
0.421575
0.454542
0.916674
0.462365
0.626544
0.649688
0.997586
0.848789
0.434080
0.296545
0.159490
0.922090
0.462365
0.744157
0.255445
0.672823
0.513281
0.045761
0.241635
0.340005
0.284858
0.713075
0.749684
0.874110
0.294528
0.566341
0.991213
0.284858
0.269851
0.749684
0.816691
0.566341
0.387593
0.322949
0.901408
0.462365
0.649688
0.004728
0.260793
0.409279
0.159490
0.153566
0.264363
0.681504
0.215763
0.513281
0.901408
0.153566
0.620815
0.505064
0.316692
0.935597
0.163153
0.264363
0.513281
0.855893
0.603471
0.801128
0.153566
0.009104
0.681504
0.387593
0.260793
0.233315
0.077446
0.735726
0.001588
0.409279
0.965738
0.808960
0.322949
0.340005
0.658394
0.758020
0.260793
0.891273
0.362130
0.088340
0.329292
0.855893
0.005110
0.173237
0.681504
0.635244
0.766291
0.981075
0.166886
0.050328
0.199280
0.290658
0.521553
0.255445
0.267971
0.672823
0.704484
0.163153
0.891273
0.808960
0.713075
0.394742
0.978604
