0.177160
0.462365
0.557828
0.159490
0.387593
0.527033
0.984769
0.721628
0.269851
0.667094
0.658394
0.958545
0.390021
0.329292
0.107244
0.260793
0.951979
0.727244
0.907293
0.250182
0.049040
0.808960
0.119859
0.658394
0.749684
0.922090
0.681504
0.787927
0.513281
0.574890
0.848789
0.635244
0.264363
0.491556
0.004084
0.901408
0.279144
0.962240
0.004372
0.727244
0.375911
0.617854
0.672823
0.787927
0.667094
0.357661
0.070668
0.744157
0.620815
0.449423
0.078727
0.935597
0.978604
0.821730
0.063362
0.801128
0.855893
0.103042
0.667094
0.499678
0.947760
0.269851
0.382926
0.173237
0.535389
0.626544
0.758020
0.049040
0.306500
0.967937
0.077446
0.350951
0.350951
0.316692
0.620815
0.907293
0.535389
0.018368
0.255445
0.414138
0.855893
0.173237
0.340005
0.897436
0.808960
0.255445
0.951979
0.002082
0.357661
0.793201
0.713075
0.067775
0.421575
0.350951
0.387593
0.052535
0.269851
0.264363
0.735726
0.672823
0.470257
0.727244
0.273514
0.749684
0.499678
0.429087
0.535389
0.713075
0.034568
0.505064
0.027908
0.635244
0.032771
0.112510
0.255445
0.989675
0.801128
0.713075
0.146673
0.867378
0.704484
0.264363
0.947760
0.006144
0.884948
0.779856
0.499678
0.074303
0.958545
0.594827
0.322949
0.848789
0.279144
0.713075
0.414138
0.141156
0.884948
0.118894
0.935597
0.284858
0.962240
0.580543
0.401971
0.971109
0.549354
0.681504
0.340005
0.907293
0.658394
0.333520
0.884948
0.115226
0.635244
0.016139
0.483494
0.429087
0.690166
0.891273
0.981075
0.294528
0.527033
0.364456
0.566341
0.183833
0.801128
0.170690
0.382926
0.667094
0.364456
0.951979
0.543791
0.626544
0.350951
0.199280
0.836720
0.884948
0.597771
0.096609
0.922090
0.787927
0.462365
0.727244
0.202171
0.744157
0.223587
0.421575
0.867378
0.000740
0.603471
0.421575
0.449423
0.836720
0.667094
0.829282
0.022875
0.808960
0.406779
0.867378
0.535389
0.127623
0.626544
0.483494
0.617854
0.735726
0.109849
0.713075
0.153566
0.284858
0.779856
0.907293
0.557828
0.496903
0.166886
0.401971
0.821730
0.543791
0.867378
0.540922
0.744157
0.947760
0.927324
0.594827
0.475494
0.566341
0.147829
0.000411
0.589144
0.284858
0.132684
0.137917
0.273514
0.082732
0.916674
0.322949
0.557828
0.344325
0.070668
0.462365
0.735726
0.169385
0.626544
0.483494
0.505064
0.704484
0.540922
0.521553
0.340005
0.187953
0.543791
0.434080
0.187953
0.603471
0.375911
0.543791
0.841556
0.322949
0.744157
0.808960
0.269851
0.649688
0.867378
0.124654
0.513281
0.478214
0.406779
0.913005
0.513281
0.518727
0.801128
0.107244
0.505064
0.649688
0.306500
0.478214
0.626544
0.989675
0.119859
0.695863
0.483494
0.001208
0.211153
0.159490
0.907293
0.944872
0.620815
0.594827
0.467559
0.117048
0.401971
0.779856
0.513281
0.057717
0.884948
0.787927
0.580543
0.566341
0.884948
0.114294
0.434080
0.166886
0.421575
0.855893
0.077446
0.860501
0.141156
0.891273
0.612135
0.260793
0.571972
0.829282
0.306500
0.801128
0.333520
0.612135
0.346575
0.028409
0.907293
0.390021
0.922090
0.580543
0.727244
0.649688
0.557828
0.119859
0.978604
0.094284
0.527033
0.008597
0.787927
0.401971
0.643949
0.077446
0.228410
0.771705
0.612135
0.241635
0.067775
0.947760
0.173237
0.016595
0.580543
0.640981
0.499678
0.557828
0.255445
0.441715
0.535389
0.003256
0.312615
0.462365
0.643949
0.096609
0.901408
0.998868
0.535389
0.681504
0.612135
0.735726
0.927324
0.916674
0.228410
0.329292
0.290658
0.072465
0.749684
0.978604
0.279144
0.192150
0.132684
0.727244
0.749684
0.713075
0.643949
0.043818
0.294528
0.951979
0.306500
0.246759
0.104694
0.350951
0.808960
0.203680
0.713075
0.429087
0.962240
0.594827
0.766291
0.028409
0.069506
0.187953
0.922090
0.566341
0.787927
0.000578
0.758020
0.236593
0.426518
0.441715
0.698805
0.521553
0.991213
0.821730
0.690166
0.013654
0.021268
0.306500
0.322949
0.394742
0.279144
0.940331
0.513281
0.527033
0.667094
0.978604
0.114294
0.434080
0.944872
0.951979
0.260793
0.483494
0.589144
0.829282
0.603471
0.066084
0.836720
0.867378
0.401971
0.643949
0.658394
0.290658
0.513281
0.991213
0.801128
0.867378
0.603471
0.063362
0.056256
0.884948
0.681504
0.364456
0.122729
0.177160
0.690166
0.744157
0.223587
0.867378
0.535389
0.535389
0.048208
0.028409
0.884948
0.394742
0.462365
0.758020
0.597771
0.449423
0.821730
0.375911
0.203680
0.766291
0.695863
0.000036
0.491556
0.310521
0.867378
0.434080
0.962240
0.884948
0.192150
0.003850
0.535389
0.401971
0.758020
0.658394
0.462365
0.735726
0.250182
0.513281
0.521553
0.749684
0.855893
0.491556
0.874110
0.090535
0.589144
0.414138
0.571972
0.316692
0.658394
0.021268
0.649688
0.758020
0.067775
0.499678
0.571972
0.394742
0.698805
0.603471
0.382926
0.704484
0.246759
0.874110
0.264363
0.255445
0.727244
0.649688
0.867378
0.107244
0.829282
0.758020
0.935597
0.801128
0.758020
0.901408
0.103042
0.053907
0.549354
0.855893
0.166886
0.236593
0.681504
0.173237
0.635244
0.874110
0.449423
0.038764
0.860501
0.681504
0.829282
0.907293
0.527033
0.958545
0.672823
0.841556
0.449423
0.735726
0.368979
0.019768
0.003289
0.394742
0.139014
0.429087
0.211153
0.907293
0.841556
0.357661
0.589144
0.649688
0.571972
0.974087
0.038764
0.350951
0.003559
0.139014
0.039801
0.203680
0.620815
0.612135
0.513281
0.387593
0.801128
0.801128
0.002020
0.183833
0.867378
0.441715
0.643949
0.626544
0.821730
0.449423
0.713075
0.013654
0.962240
0.974087
0.808960
0.027908
