0.867378
0.787927
0.549354
0.649688
0.808960
0.690166
0.322949
0.177160
0.962240
0.329292
0.513281
0.527033
0.758020
0.505064
0.275424
0.821730
0.557828
0.836720
0.749684
0.589144
0.891273
0.211153
0.704484
0.250182
0.421575
0.147829
0.667094
0.603471
0.907293
0.829282
0.111596
0.416665
0.462365
0.255445
0.467559
0.329292
0.860501
0.935597
0.000123
0.223587
0.848789
0.199280
0.672823
0.304435
0.001310
0.721628
0.322949
0.940331
0.067775
0.306500
0.978604
0.350951
0.940331
0.371333
0.779856
0.196422
0.009104
0.643949
0.721628
0.766291
0.766291
0.962240
0.333520
0.312615
0.221961
0.758020
0.635244
0.260793
0.245003
0.112510
0.027908
0.727244
0.801128
0.829282
0.322949
0.072465
0.441715
0.088340
0.580543
0.166886
0.364456
0.603471
0.535389
0.766291
0.496903
0.580543
0.421575
0.462365
0.082732
0.787927
0.971109
0.821730
0.000176
0.483494
0.649688
0.566341
0.513281
0.901408
0.088340
0.375911
0.019768
0.951979
0.829282
0.401971
0.848789
0.218844
0.241635
0.011640
0.236593
0.821730
0.766291
0.132684
0.704484
0.090535
0.874110
0.053907
0.173237
0.394742
0.672823
0.874110
0.643949
0.667094
0.901408
0.749684
0.079397
0.505064
0.649688
0.836720
0.421575
0.971109
0.401971
0.241635
0.594827
0.060743
0.841556
0.179787
0.159490
0.421575
0.449423
0.713075
0.891273
0.279144
0.801128
0.513281
0.635244
0.956001
0.808960
0.758020
0.940331
0.382926
0.829282
0.441715
0.032199
0.681504
0.304435
0.070668
0.139014
0.752533
0.153566
0.713075
0.255445
0.922090
0.521553
0.055312
0.758020
0.681504
0.203680
0.984769
0.375911
0.088340
0.540922
0.429087
0.258960
0.907293
0.580543
0.483494
0.483494
0.947760
0.387593
0.916674
0.735726
0.658394
0.667094
0.758020
0.368979
0.749684
0.721628
0.513281
0.727244
0.787927
0.211153
0.580543
0.698805
0.382926
0.566341
0.454542
0.470257
0.766291
0.290658
0.382926
0.082732
0.153566
0.594827
0.612135
0.580543
0.808960
0.721628
0.141156
0.346575
0.025274
0.002645
0.187953
0.521553
0.281082
0.922090
0.667094
0.801128
0.649688
0.505064
0.475494
0.681504
0.695863
0.107244
0.000996
0.986757
0.279144
0.698805
0.749684
0.470257
0.079397
0.496903
0.082732
0.070668
0.421575
0.735726
0.891273
0.916674
0.382926
0.626544
0.290658
0.441715
0.848789
0.177160
0.735726
0.958545
0.028409
0.640981
0.233315
0.848789
0.603471
0.340005
0.421575
0.549354
0.571972
0.421575
0.039801
0.163153
0.721628
0.658394
0.513281
0.141156
0.051194
0.401971
0.436675
0.057717
0.236593
0.060217
0.000996
0.744157
0.441715
0.211153
0.192150
0.023508
0.649688
0.998463
0.821730
0.063362
0.382926
0.867378
0.801128
0.571972
0.084803
0.066084
0.033659
0.499678
0.132684
0.907293
0.658394
0.368979
0.971109
0.930673
0.543791
0.779856
0.603471
0.056256
0.935597
0.150086
0.962240
0.375911
0.744157
0.901408
0.841556
0.821730
0.250182
0.808960
0.026438
0.855893
0.801128
0.150086
0.658394
0.214182
0.470257
0.194957
0.483494
0.015845
0.192150
0.907293
0.449423
0.779856
0.194957
0.848789
0.704484
0.779856
0.808960
0.375911
0.387593
0.884948
0.867378
0.594827
0.758020
0.603471
0.658394
0.527033
0.414138
0.855893
0.787927
0.935597
0.454542
0.787927
0.163153
0.907293
0.566341
0.166886
0.867378
0.801128
0.084803
0.527033
0.913005
0.115226
0.704484
0.927324
0.571972
0.766291
0.279144
0.153566
0.478214
0.177160
0.036127
0.787927
0.322949
0.829282
0.897436
0.779856
0.284858
0.072465
0.907293
0.223587
0.306500
0.279144
0.690166
0.855893
0.135818
0.667094
0.322949
0.907293
0.557828
0.841556
0.064990
0.027164
0.004503
0.620815
0.045761
0.735726
0.713075
0.907293
0.855893
0.916674
0.279144
0.483494
0.132684
0.721628
0.518727
0.483494
0.421575
0.050328
0.916674
0.364456
0.024596
0.855893
0.801128
0.199280
0.681504
0.194957
0.124654
0.333520
0.117048
0.978604
0.478214
0.951979
0.312615
0.947760
0.860501
0.841556
0.329292
0.744157
0.060743
0.329292
0.535389
0.306500
0.566341
0.346575
0.387593
0.721628
0.310521
0.223587
0.612135
0.787927
0.603471
0.023508
0.962240
0.082732
0.848789
0.134742
0.922090
0.013654
0.457201
0.735726
0.000641
0.552238
0.907293
0.916674
0.617854
0.735726
0.211153
0.159490
0.483494
0.672823
0.704484
0.329292
0.978604
0.667094
0.643949
0.060217
0.793201
0.766291
0.991213
0.401971
0.667094
0.029708
0.612135
0.241635
0.922090
0.177160
0.112510
0.540922
0.406779
0.927324
0.260793
0.333520
0.814067
0.658394
0.401971
0.075538
0.681504
0.951979
0.067775
0.231634
0.387593
0.454542
0.635244
0.478214
0.940331
0.594827
0.034568
0.441715
0.612135
0.971109
0.667094
0.922090
0.829282
0.387593
0.626544
0.483494
0.971109
0.421575
0.322949
0.364456
0.649688
0.695863
0.284858
0.107244
0.329292
0.978604
0.612135
0.401971
0.505064
0.094284
0.394742
0.907293
0.441715
0.766291
0.327120
0.082732
0.401971
0.505064
0.340005
0.620815
0.612135
0.173237
0.092778
0.951979
0.874110
0.094284
0.255445
0.713075
0.000779
0.357661
0.951979
0.513281
0.907293
0.922090
0.658394
0.543791
0.779856
0.971109
0.462365
0.727244
0.718717
0.793201
0.322949
0.340005
0.940331
0.401971
0.543791
0.429087
0.449423
0.114294
0.698805
0.867378
0.340005
0.434080
0.907293
0.032199
0.649688
0.867378
0.436675
0.635244
0.094284
0.269851
0.357661
0.766291
0.571972
0.867378
0.228410
0.483494
0.907293
0.074303
0.144460
0.491556
0.499678
0.092008
0.690166
0.758020
0.166886
0.947760
0.727244
