0.284858
0.011425
0.675784
0.036127
0.766291
0.429087
0.940331
0.829282
0.387593
0.994555
0.801128
0.658394
0.981075
0.922090
0.057717
0.922090
0.681504
0.612135
0.211153
0.594827
0.401971
0.771705
0.597771
0.566341
0.787927
0.557828
0.672823
0.183833
0.521553
0.368979
0.414138
0.901408
0.557828
0.260793
0.821730
0.316692
0.375911
0.801128
0.658394
0.727244
0.241635
0.518727
0.867378
0.549354
0.344325
0.535389
0.250182
0.449423
0.981075
0.727244
0.483494
0.690166
0.042685
0.860501
0.462365
0.434080
0.721628
0.300471
0.173237
0.681504
0.414138
0.316692
0.119859
0.571972
0.543791
0.603471
0.414138
0.316692
0.643949
0.401971
0.109849
0.867378
0.907293
0.449423
0.434080
0.808960
0.643949
0.127623
0.211153
0.183833
0.255445
0.166886
0.513281
0.571972
0.333520
0.177160
0.758020
0.695863
0.513281
0.589144
0.034568
0.766291
0.483494
0.947760
0.192150
0.698805
0.036127
0.194957
0.766291
0.357661
0.841556
0.157114
0.735726
0.995551
0.141156
0.483494
0.306500
0.727244
0.848789
0.907293
0.316692
0.333520
0.483494
0.129613
0.821730
0.018883
0.994555
0.462365
0.199280
0.829282
0.766291
0.721628
0.233315
0.841556
0.867378
0.808960
0.981075
0.649688
0.779856
0.867378
0.971109
0.190711
0.003666
0.986757
0.159490
0.014043
0.505064
0.032771
0.535389
0.153566
0.236593
0.549354
0.658394
0.387593
0.077446
0.681504
0.387593
0.434080
0.986757
0.483494
0.275424
0.296545
0.867378
0.855893
0.549354
0.094284
0.505064
0.612135
0.848789
0.612135
0.603471
0.312615
0.758020
0.513281
0.014711
0.441715
0.916674
0.387593
0.690166
0.005110
0.951979
0.406779
0.215763
0.513281
0.057717
0.454542
0.223587
0.821730
0.907293
0.643949
0.758020
0.855893
0.867378
0.364456
0.589144
0.499678
0.496903
0.771705
0.787927
0.255445
0.727244
0.475494
0.801128
0.105557
0.203680
0.749684
0.658394
0.947760
0.250182
0.749684
0.916674
0.808960
0.713075
0.302517
0.040498
0.264363
0.916674
0.003193
0.947760
0.449423
0.801128
0.771705
0.549354
0.306500
0.704484
0.981075
0.000001
0.454542
0.727244
0.935597
0.434080
0.446787
0.031348
0.801128
0.063362
0.771705
0.505064
0.603471
0.275424
0.704484
0.758020
0.735726
0.022466
0.787927
0.749684
0.203680
0.884948
0.612135
0.580543
0.749684
0.340005
0.114294
0.801128
0.779856
0.333520
0.056256
0.749684
0.735726
0.002020
0.109849
0.779856
0.626544
0.290658
0.105557
0.255445
0.721628
0.978604
0.704484
0.549354
0.704484
0.867378
0.855893
0.521553
0.635244
0.096609
0.962240
0.000193
0.867378
0.787927
0.527033
0.105557
0.250182
0.306500
0.829282
0.202171
0.594827
0.346575
0.020320
0.594827
0.513281
0.166886
0.758020
0.035180
0.394742
0.620815
0.557828
0.981075
0.907293
0.971109
0.552238
0.300471
0.643949
0.958545
0.603471
0.470257
0.927324
0.105557
0.808960
0.848789
0.580543
0.157114
0.011106
0.808960
0.183833
0.801128
0.250182
0.855893
0.215763
0.951979
0.357661
0.073672
0.971109
0.690166
0.922090
0.441715
0.057717
0.672823
0.053907
0.766291
0.617854
0.698805
0.000149
0.603471
0.316692
0.774492
0.867378
0.543791
0.284858
0.848789
0.032771
0.483494
0.935597
0.163153
0.228410
0.350951
0.470257
0.157114
0.626544
0.594827
0.874110
0.867378
0.787927
0.713075
0.183833
0.771705
0.749684
0.897436
0.649688
0.117048
0.749684
0.067775
0.414138
0.375911
0.978604
0.505064
0.194957
0.350951
0.848789
0.771705
0.808960
0.635244
0.836720
0.350951
0.166886
0.848789
0.163153
0.406779
0.566341
0.821730
0.981075
0.387593
0.801128
0.816691
0.836720
0.981075
0.260793
0.801128
0.322949
0.346575
0.401971
0.192150
0.483494
0.177160
0.749684
0.218844
0.436675
0.947760
0.901408
0.527033
0.713075
0.626544
0.483494
0.075538
0.574890
0.146673
0.771705
0.566341
0.279144
0.891273
0.446787
0.841556
0.727244
0.218844
0.470257
0.031348
0.346575
0.141156
0.626544
0.491556
0.462365
0.540922
0.290658
0.181158
0.779856
0.441715
0.421575
0.901408
0.735726
0.023935
0.735726
0.462365
0.294528
0.557828
0.401971
0.829282
0.735726
0.380525
0.199280
0.695863
0.907293
0.727244
0.766291
0.333520
0.878466
0.916674
0.749684
0.394742
0.441715
0.549354
0.649688
0.617854
0.901408
0.233315
0.406779
0.007593
0.571972
0.139014
0.173237
0.698805
0.449423
0.787927
0.735726
0.557828
0.382926
0.350951
0.672823
0.306500
0.103042
0.017866
0.144460
0.273514
0.867378
0.978604
0.821730
0.589144
0.779856
0.801128
0.005687
0.475494
0.787927
0.132684
0.290658
0.841556
0.255445
0.626544
0.505064
0.557828
0.090535
0.874110
0.589144
0.880693
0.001421
0.462365
0.766291
0.058699
0.169385
0.527033
0.421575
0.744157
0.991213
0.549354
0.626544
0.801128
0.218844
0.079397
0.066084
0.098985
0.635244
0.829282
0.310521
0.801128
0.749684
0.713075
0.704484
0.935597
0.491556
0.470257
0.603471
0.100580
0.513281
0.958545
0.603471
0.735726
0.566341
0.620815
0.867378
0.157114
0.250182
0.414138
0.672823
0.117048
0.758020
0.758020
0.766291
0.063362
0.891273
0.135818
0.549354
0.505064
0.549354
0.127623
0.543791
0.246759
0.907293
0.744157
0.344325
0.223587
0.787927
0.658394
0.035180
0.094284
0.597771
0.521553
0.971109
0.513281
0.414138
0.617854
0.672823
0.874110
0.597771
0.124654
0.401971
0.695863
0.269851
0.414138
0.406779
0.612135
0.429087
0.022875
0.649688
0.160731
0.088340
0.749684
0.505064
0.978604
0.499678
0.672823
0.505064
0.357661
0.649688
0.690166
0.462365
0.836720
0.620815
0.897436
0.566341
