0.655489
0.574067
0.053630
0.059197
0.211119
0.549401
0.072066
0.469934
0.077492
0.312961
0.071942
0.158725
0.301788
0.577642
0.009574
0.037278
0.136046
0.053246
0.594152
0.789354
0.000063
0.001897
0.994163
0.909181
0.443473
0.240419
0.354283
0.208145
0.666031
0.470630
0.740241
0.913543
0.255254
0.424849
0.116759
0.137856
0.648688
0.494053
0.909168
0.786356
0.243653
0.093167
0.358514
0.963640
0.099879
0.774790
0.350709
0.938082
0.303511
0.463693
0.266176
0.701556
0.882202
0.827779
0.804008
0.704015
0.027694
0.040175
0.926320
0.843365
0.105575
0.508751
0.709539
0.422710
0.317133
0.739594
0.024065
0.294813
0.152787
0.058471
0.760516
0.657005
0.497584
0.545323
0.372893
0.486245
0.537180
0.372959
0.323285
0.334147
0.444182
0.326002
0.092971
0.103817
0.793449
0.749555
0.401437
0.318543
0.050111
0.204306
0.871254
0.337131
0.869850
0.852981
0.800585
0.747349
0.007107
0.282936
0.921105
0.644579
0.918009
0.863116
0.983336
0.949690
0.259550
0.633876
0.080234
0.412914
0.288410
0.394989
0.322886
0.277070
0.868615
0.937249
0.942013
0.779614
0.086113
0.166083
0.390910
0.445903
0.062742
0.048149
0.000000
0.000000
0.238565
0.167489
0.908299
0.642859
0.195760
0.720958
0.365986
0.947340
0.353019
0.794789
0.108437
0.155033
0.457975
0.571061
0.231315
0.707603
0.759365
0.976080
0.304472
0.106881
0.609155
0.967962
0.044931
0.138774
0.130228
0.053791
0.627186
0.826788
0.825847
0.602235
0.806983
0.489610
0.246476
0.394831
0.551541
0.353053
0.643641
0.330479
0.962773
0.782637
0.893582
0.640565
0.297222
0.743293
0.032389
0.196325
0.144498
0.335282
0.859984
0.485538
0.698046
0.479022
0.068437
0.457323
0.560896
0.288128
0.162424
0.977092
0.003034
0.000763
0.606358
0.206957
0.057723
0.027838
0.889429
0.759433
0.935756
0.842087
0.792141
0.526368
0.127497
0.221155
0.964955
0.653947
0.644651
0.538302
0.018918
0.112538
0.599493
0.636360
0.943541
0.946671
0.103957
0.248755
0.662523
0.877036
0.123342
0.073195
0.182994
0.333016
0.396044
0.430143
0.613730
0.859464
0.304279
0.352318
0.134886
0.135412
0.542211
0.161763
0.842101
0.608128
0.408458
0.368861
0.703439
0.539409
0.903131
0.829592
0.589576
0.957239
0.036153
0.284196
0.429868
0.881060
0.529401
0.830906
0.243158
0.112420
0.636561
0.501737
0.717785
0.343584
0.286558
0.634067
0.022107
0.076231
0.725728
0.622800
0.069989
0.550144
0.310275
0.273619
0.508956
0.731236
0.143171
0.115947
0.443237
0.537749
0.637067
0.713634
0.560896
0.586319
0.504002
0.739039
0.077888
0.348078
0.755671
0.368709
0.680750
0.368407
0.471208
0.790760
0.453437
0.642285
0.856862
0.653756
0.065195
0.084778
0.716576
0.891000
0.099552
0.873395
0.572302
0.192477
0.155358
0.236882
0.052731
0.100029
0.528149
0.971433
0.126298
0.083636
0.139140
0.156830
0.170499
0.094424
0.143502
0.036654
0.334176
0.236662
0.198733
0.065567
0.801443
0.797751
0.114538
0.444719
0.593390
0.848911
0.853891
0.911811
0.324484
0.836288
0.062251
0.004521
0.100700
0.744216
0.441821
0.719083
0.187721
0.250357
0.577633
0.875731
0.318120
0.213455
0.296465
0.855310
0.157488
0.167738
0.000008
0.017330
0.386695
0.140696
0.370294
0.475691
0.136469
0.111773
0.468791
0.467849
0.908879
0.992019
0.138817
0.307582
0.065706
0.121262
0.987847
0.956215
0.950301
0.997548
0.995245
0.979091
0.652721
0.750106
0.176921
0.551259
0.504250
0.810664
0.360640
0.501379
0.894528
0.567122
0.398511
0.679527
0.017505
0.069651
0.377464
0.576889
0.833669
0.538302
0.197880
0.155734
0.702215
0.526734
0.514670
0.235457
0.564442
0.914525
0.952465
0.936724
0.852582
0.655667
0.020817
0.017703
0.780893
0.497621
0.770559
0.452873
0.527398
0.703259
0.494630
0.733842
0.638332
0.855155
0.565962
0.901859
0.690905
0.712316
0.098496
0.350999
0.704417
0.969797
0.540197
0.191641
0.606867
0.908170
0.933861
0.914280
0.000000
0.000000
0.589322
0.279805
0.225787
0.170415
0.942452
0.857470
0.083479
0.482187
0.056064
0.599956
0.001282
0.036314
0.739769
0.776043
0.251852
0.782637
0.000370
0.383255
0.415308
0.356000
0.383605
0.451168
0.309303
0.598248
0.449156
0.119322
0.270776
0.059697
0.765784
0.601855
0.187312
0.847334
0.416225
0.079119
0.205951
0.080600
0.865411
0.860686
0.545486
0.920656
0.557860
0.448616
0.192959
0.402453
0.104466
0.056594
0.869674
0.771379
0.691152
0.416816
0.239871
0.246707
0.101942
0.229394
0.954094
0.823302
0.230360
0.218770
0.766696
0.393727
0.564695
0.210937
0.704661
0.347496
0.400086
0.056086
0.780224
0.374027
0.664278
0.979422
0.166113
0.053397
0.835055
0.593887
0.546494
0.640374
0.744948
0.445395
0.844032
0.616697
0.443945
0.456294
0.106782
0.557028
0.160725
0.846068
0.973214
0.963640
0.161573
0.479900
0.006176
0.091580
0.350919
0.349975
0.712941
0.675906
0.401437
0.824799
0.621857
0.784233
0.343211
0.134444
0.182060
0.581411
0.082849
0.134858
0.396044
0.413725
0.386474
0.485362
0.010823
0.638271
0.672282
0.523629
0.579157
0.952522
0.926320
0.821132
0.023743
0.046820
0.575602
0.855310
0.011410
0.038735
0.775748
0.914525
0.479215
0.697391
0.737168
0.985646
0.350709
0.528381
0.894213
0.663883
0.532911
0.090066
0.039941
0.079639
0.123147
0.105478
0.873520
0.484479
0.033279
0.714198
0.936924
0.992663
0.580935
0.426996
0.669534
0.444719
0.061064
0.468891
0.440408
0.293002
0.950897
0.623945
0.347157
0.254861
0.386917
0.549216
0.347157
0.293648
0.919499
0.578583
0.426381
0.222302
0.123342
0.057720
0.051154
0.093970
0.077229
0.120382
0.419444
0.583864
0.493892
0.679718
0.668284
0.962784
0.973607
0.892505
0.056312
0.438655
0.390465
0.348661
0.301023
0.400380
0.872302
0.438823
0.418753
0.843525
0.449393
0.222825
0.979198
0.995777
0.703439
0.818450
0.446074
0.518347
0.221588
0.469934
0.467344
0.345175
0.462050
0.531130
0.248986
0.655858
0.793667
0.775864
0.947250
0.982261
0.480432
0.923811
0.895626
0.836936
0.704417
0.770479
0.717301
0.361347
0.433369
0.822469
0.747526
0.905104
0.215474
0.247615
0.733608
0.535172
0.099389
0.339989
0.205221
0.245349
0.068024
0.172701
0.889590
0.838875
0.792359
0.545879
0.973607
0.968746
0.109759
0.887405
0.828271
0.629673
0.491681
0.837583
0.586271
0.501020
0.606867
0.245123
0.067147
0.991434
0.645156
0.560760
0.721643
0.515987
0.054592
0.233494
0.138174
0.093317
0.307752
0.306647
0.906839
0.896428
0.051844
0.309591
0.137426
0.065823
0.524146
0.389642
0.179279
0.097815
0.434071
0.157854
0.482138
0.990822
0.002140
0.035539
0.924907
0.689801
0.818898
0.703070
0.132076
0.414700
0.296843
0.690751
0.610426
0.909685
0.000000
0.002327
0.935991
0.865980
0.480676
0.729372
0.587034
0.480251
0.565709
0.737185
0.067438
0.442355
0.842875
0.982110
0.437586
0.426996
0.181394
0.131646
0.363414
0.501020
0.655238
0.722457
0.147747
0.894543
0.160967
0.265610
0.773271
0.867028
0.029873
0.139270
0.369646
0.589533
0.864155
0.983149
0.210673
0.703259
0.195619
0.579714
0.397165
0.688661
0.025490
0.031869
0.669284
0.623182
0.488004
0.349099
0.107825
0.097503
0.862530
0.957239
0.531156
0.822135
0.515914
0.521077
0.057672
0.901335
0.249490
0.488015
0.011023
0.577077
0.174717
0.825794
0.035456
0.021424
0.616270
0.337701
0.391801
0.707414
0.093977
0.170921
0.062034
0.223454
0.239707
0.453727
0.092127
0.544582
0.809518
0.572188
0.266001
0.087480
0.728122
0.939425
0.594152
0.277566
0.229884
0.497799
0.445127
0.828274
0.474357
0.769578
0.066567
0.025905
0.361279
0.717581
0.836830
0.541070
0.272202
0.630628
0.263198
0.291456
0.044768
0.003221
0.344454
0.193036
0.798433
0.449126
0.001780
0.044799
0.654231
0.682003
0.470483
0.650888
0.130842
0.365994
0.389799
0.330338
0.733132
0.614792
0.488248
0.659680
0.004080
0.091482
0.085537
0.058800
0.617287
0.994314
0.434071
0.278684
0.109847
0.053065
0.537934
0.308251
0.052590
0.027706
0.902380
0.761797
0.325085
0.388547
0.380967
0.907153
0.292701
0.488192
0.493646
0.150805
0.091822
0.029993
0.246476
0.162490
0.331737
0.588398
0.351548
0.596351
0.626679
0.542548
0.072874
0.910187
0.529151
0.303062
0.724048
0.735886
0.184335
0.289021
0.632002
0.230145
0.484579
0.604895
0.702460
0.366897
0.518904
0.665793
0.904327
0.855000
0.630735
0.612125
0.557607
0.479724
0.269533
0.802430
0.006347
0.075317
0.964478
0.894813
0.755208
0.344885
0.099797
0.042368
0.531406
0.525089
0.923086
0.759797
0.229725
0.309054
0.000000
0.000000
0.972078
0.772996
0.756828
0.848439
0.573571
0.958250
0.024065
0.084228
0.336013
0.219184
0.648688
0.242203
0.453437
0.318133
0.209781
0.174411
0.898420
0.724142
0.671283
0.465942
0.708078
0.783525
0.232272
0.226515
0.885353
0.671711
0.338470
0.657961
0.245145
0.351145
0.738115
0.455780
0.197738
0.698149
0.245976
0.561508
0.841325
0.830413
0.438291
0.602235
0.410507
0.160078
0.082293
0.357036
0.072375
0.085748
0.209485
0.626045
0.265649
0.099233
0.287298
0.277442
0.166237
0.311880
0.022257
0.158566
0.290830
0.726199
0.453676
0.483244
0.796488
0.571436
0.001661
0.003371
0.024065
0.038199
0.104806
0.009662
0.053869
0.718708
0.090761
0.046075
0.126298
0.805015
0.699519
0.369617
0.749162
0.342863
0.037655
0.087622
0.236131
0.698338
0.560137
0.736443
0.601527
0.735514
0.232912
0.566934
0.747760
0.935987
0.780001
0.808274
0.544730
0.743846
0.825847
0.837421
0.371159
0.518529
0.039178
0.394673
0.780893
0.378162
0.502766
0.666748
0.090535
0.358074
0.143281
0.119695
0.508708
0.443536
0.847480
0.988966
0.049175
0.215182
0.695834
0.537565
0.119870
0.343729
0.288782
0.326420
0.843647
0.570310
0.880862
0.807761
0.199018
0.104478
0.324084
0.331182
0.752191
0.814570
0.489474
0.762342
0.443473
0.340706
0.693864
0.767052
0.527899
0.350267
0.980963
0.900810
0.281048
0.247615
0.055177
0.058536
0.397389
0.618223
0.375719
0.636169
0.810570
0.650697
0.160001
0.967240
0.607629
0.939527
0.009486
0.001966
0.307558
0.221259
0.306012
0.137575
0.462770
0.568059
0.249154
0.165754
0.951783
0.920184
0.064799
0.289405
0.545738
0.899624
0.582967
0.660063
0.914425
0.921598
0.670534
0.863721
0.284714
0.226727
0.332549
0.442187
0.360214
0.488723
0.582205
0.845275
0.375501
0.225773
0.437586
0.157302
0.420135
0.332310
0.233714
0.181036
0.038890
0.064698
0.839378
0.523629
0.991361
0.991434
0.139032
0.459212
0.258687
0.563003
0.009198
0.040083
0.792577
0.413562
0.088669
0.626999
0.085897
0.151490
0.423600
0.118764
0.163156
0.043832
0.216231
0.500125
0.696818
0.987172
0.113077
0.436309
0.129009
0.318133
0.938536
0.924042
0.881868
0.575759
0.222516
0.527100
0.837223
0.932231
0.131972
0.133620
0.687197
0.893458
0.971874
0.863267
0.013778
0.109274
0.000000
0.000000
0.960330
0.823469
0.096412
0.431638
0.521648
0.792164
0.939784
0.921598
0.422675
0.277938
0.984258
0.927803
0.110114
0.763250
0.794536
0.627190
0.030384
0.391838
0.993741
0.988741
