0.150747
0.404218
0.845431
0.704759
0.245205
0.263408
0.671466
0.867384
0.570731
0.384035
0.916249
0.522969
0.791658
0.849119
0.660949
0.627384
0.992714
0.869937
0.938053
0.361137
0.913421
0.627927
0.898873
0.413829
0.574368
0.797616
0.451287
0.337140
0.006092
0.285869
0.214523
0.171639
0.925182
0.168996
0.283529
0.330885
0.970286
0.829573
0.041249
0.839938
0.738441
0.080748
0.053730
0.906718
0.979572
0.247662
0.650340
0.304242
0.306363
0.284404
0.299700
0.629255
0.238334
0.660231
0.671920
0.865337
0.742349
0.979473
0.399765
0.541786
0.851759
0.000000
0.947352
0.797630
0.841566
0.500852
0.907836
0.720295
0.113979
0.146866
0.871071
0.089251
0.068024
0.769824
0.727185
0.558108
0.695479
0.763625
0.372049
0.127547
0.634954
0.006333
0.318989
0.239293
0.493575
0.027014
0.203083
0.477692
0.276675
0.620879
0.025748
0.606782
0.157284
0.556794
0.081155
0.288340
0.480736
0.708659
0.609146
0.911732
0.161922
0.313433
0.453004
0.122920
0.710523
0.985317
0.932123
0.843811
0.964089
0.641916
0.122334
0.818690
0.392230
0.073965
0.942688
0.743534
0.781021
0.296424
0.869427
0.636224
0.096029
0.952502
0.630736
0.149476
0.287276
0.948253
0.984633
0.558308
0.953660
0.018585
0.493125
0.673254
0.206640
0.382540
0.500017
0.403603
0.326199
0.744537
0.004755
0.034682
0.774359
0.474555
0.706910
0.286458
0.571803
0.297413
0.050383
0.424333
0.712869
0.470221
0.849300
0.239809
0.814978
0.936993
0.752841
0.231412
0.410037
0.885261
0.490319
0.708286
0.732236
0.475024
0.254725
0.323018
0.885740
0.858856
0.951861
0.409405
0.524868
0.096704
0.173374
0.131744
0.607418
0.379464
0.157433
0.829654
0.593530
0.682610
0.716400
0.280515
0.541584
0.383504
0.882370
0.808844
0.419890
0.810067
0.745488
0.207348
0.567416
0.085699
0.304204
0.310402
0.536873
0.312716
0.009080
0.549460
0.565154
0.412760
0.474952
0.392645
0.113331
0.237246
0.538762
0.133539
0.327547
0.000023
0.582742
0.023076
0.646963
0.131818
0.661625
0.324490
0.656175
0.872991
0.250685
0.935772
0.763113
0.861468
0.641279
0.988808
0.294210
0.432713
0.145443
0.593582
0.527273
0.992055
0.092939
0.032191
0.887897
0.677599
0.875582
0.567680
0.077692
0.128518
0.631396
0.199414
0.379150
0.159860
0.023568
0.075235
0.175224
0.506687
0.046519
0.527128
0.241039
0.321480
0.606732
0.393262
0.391501
0.421259
0.832790
0.328298
0.742793
0.385078
0.992289
0.184540
0.576960
0.421019
0.252178
0.429783
0.970632
0.233610
0.235370
0.199463
0.220854
0.855562
0.288790
0.479414
0.484703
0.777015
0.375285
0.347741
0.027713
0.072969
0.632172
0.374710
0.017578
0.616814
0.008127
0.783779
0.679709
0.769438
0.794542
0.173685
0.331586
0.196487
0.479136
0.928746
0.458326
0.836567
0.403322
0.895669
0.318440
0.584181
0.595373
0.384477
0.017645
0.488210
0.146935
0.472839
0.837433
0.965526
0.574710
0.213575
0.417732
0.604284
0.841096
0.011125
0.698577
0.536293
0.808814
0.368593
0.333135
0.636986
0.002192
0.559471
0.750675
0.738579
0.764942
0.710536
0.254636
0.677480
0.260938
0.426217
0.856160
0.221364
0.236880
0.583655
0.525230
0.624402
0.332219
0.825271
0.391621
0.246272
0.828474
0.107540
0.440868
0.419194
0.897623
0.353411
0.215609
0.671020
0.488572
0.319035
0.582345
0.258753
0.554670
0.043785
0.438264
0.356676
0.948159
0.808932
0.772030
0.423432
0.104573
0.399608
0.057285
0.330457
0.106082
0.623893
0.047240
0.749292
0.643931
0.783276
0.101883
0.772469
0.297633
0.304362
0.932221
0.145051
0.736803
0.159749
0.035195
0.771947
0.129685
0.179233
0.576172
0.652685
0.811858
0.056894
0.636302
0.158280
0.945260
0.631470
0.041704
0.523841
0.502436
0.161718
0.090320
0.294464
0.729662
0.290023
0.364280
0.158976
0.166848
0.442882
0.105941
0.164226
0.769961
0.090877
0.563115
0.061094
0.997555
0.511660
0.087319
0.197606
0.270200
0.294305
0.023906
0.639081
0.098476
0.304912
0.743245
0.554748
0.937669
0.106592
0.691879
0.464377
0.375274
0.018422
0.621470
0.607761
0.083389
0.391763
0.199872
0.642208
0.481226
0.996555
0.725152
0.327216
0.709147
0.518068
0.140567
0.068544
0.207174
0.925829
0.617020
0.277369
0.604632
0.620413
0.322232
0.891950
0.502440
0.196792
0.085334
0.000092
0.806509
0.765982
0.502922
0.834640
0.434364
0.811507
0.961131
0.422399
0.394660
0.899068
0.184117
0.964545
0.334434
0.102558
0.432395
0.184401
0.448262
0.530869
0.203265
0.230528
0.800182
0.888978
0.663175
0.540585
0.355990
0.828202
0.826923
0.244129
0.008515
0.014764
0.210437
0.803387
0.341695
0.219916
0.436150
0.600442
0.425727
0.674106
0.686962
0.650246
0.006016
0.654834
0.669899
0.719461
0.176829
0.991283
0.092655
0.683182
0.456984
0.852595
0.020134
0.080099
0.360927
0.461405
0.464897
0.432575
0.295756
0.839287
0.212179
0.613506
0.002648
0.443384
0.703695
0.213780
0.961515
0.951982
0.839595
0.563400
0.665149
0.198396
0.962976
0.641716
0.317206
0.306801
0.606987
0.692875
0.536041
0.479464
0.399546
0.526193
0.925892
0.079261
0.284588
0.397037
0.382908
0.422589
0.686213
0.396715
0.651510
0.023034
0.088467
0.445889
0.730702
0.521045
0.516174
0.827942
0.934541
0.964859
0.809954
0.200159
0.290778
0.157028
0.060100
0.426371
0.281071
0.087946
0.560956
0.509337
0.397430
0.637714
0.087855
0.495706
0.591236
0.519010
0.530595
0.910944
0.698210
0.548795
0.901007
0.805773
0.719167
0.634556
0.156969
0.191110
0.408694
0.358094
0.422864
0.654277
0.709505
0.315138
