0.627383
0.893194
0.656969
0.316435
0.426467
0.717742
0.687103
0.702362
0.036031
0.450885
0.064501
0.391323
0.598384
0.109414
0.438578
0.702362
0.438578
0.844429
0.260273
0.717742
0.542293
0.812236
0.796253
0.671970
0.211416
0.269120
0.733237
0.380011
0.748842
0.925942
0.001879
0.671970
0.598384
0.347298
0.909549
0.687103
0.234946
0.157089
0.326516
0.975282
0.812236
0.084569
0.942367
0.438578
0.515265
0.860628
0.269120
0.812236
0.034240
0.748842
0.414552
0.687103
0.860628
0.260273
0.278172
0.733237
0.876885
0.733237
0.780356
0.287429
0.196706
0.000003
0.357997
0.196706
0.925942
0.414552
0.909549
0.627383
0.096352
0.796253
0.251628
0.243187
0.269120
0.687103
0.488954
0.046229
0.176068
0.251628
0.515265
0.007948
0.096352
0.764550
0.336804
0.018025
0.061573
0.450885
0.003958
0.025015
0.542293
0.296891
0.717742
0.056047
0.037901
0.556067
0.306560
0.067542
0.860628
0.584117
0.438578
0.958816
0.034240
0.368902
0.975282
0.450885
0.139703
0.414552
0.058756
0.476075
0.030886
0.357997
0.584117
0.488954
0.812236
0.860628
0.584117
0.048537
0.316435
0.702362
0.128962
0.796253
0.438578
0.243187
0.780356
0.316435
0.391323
0.450885
0.357997
0.269120
0.391323
0.780356
0.296891
0.627383
0.234946
0.925942
0.828296
0.671970
0.211416
0.380011
0.488954
0.118873
0.764550
0.780356
0.656969
0.570009
0.627383
0.023708
0.357997
0.134249
0.687103
0.687103
0.764550
0.860628
0.306560
0.764550
0.000108
0.211416
0.702362
0.463385
0.860628
0.828296
0.163235
0.243187
0.671970
0.528691
0.134249
0.211416
0.598384
0.796253
0.598384
0.287429
0.278172
0.025015
0.687103
0.876885
0.702362
0.414552
0.438578
0.326516
0.812236
0.893194
0.828296
0.357997
0.627383
0.812236
0.064501
0.687103
0.764550
0.450885
0.402837
0.391323
0.717742
0.925942
0.182760
0.991760
0.269120
0.008976
0.671970
0.260273
0.828296
0.037901
0.226905
0.169560
0.733237
0.844429
0.958816
0.008976
0.656969
0.070701
0.656969
0.942367
0.612808
0.011395
0.326516
0.642105
0.780356
0.909549
0.975282
0.942367
0.163235
0.151120
0.515265
0.287429
0.139703
0.991760
0.975282
0.088360
0.780356
0.780356
0.812236
0.764550
0.876885
0.139703
0.844429
0.598384
0.925942
0.182760
0.764550
0.438578
0.642105
0.488954
0.598384
0.860628
0.925942
0.438578
0.542293
0.357997
0.975282
0.476075
0.671970
0.380011
0.627383
0.909549
0.077382
0.450885
0.438578
0.584117
0.860628
0.893194
0.893194
0.876885
0.391323
0.876885
0.070701
0.876885
0.909549
0.380011
0.414552
0.044015
0.296891
0.975282
0.463385
0.733237
0.287429
0.598384
0.046229
0.528691
0.528691
0.942367
0.942367
0.598384
0.488954
0.627383
0.909549
0.088360
0.426467
0.104913
0.656969
0.036031
0.991760
0.991760
0.627383
0.570009
0.163235
0.316435
0.296891
0.139703
0.796253
0.671970
0.528691
0.828296
0.438578
0.780356
0.114066
0.380011
0.528691
0.012084
0.402837
0.368902
0.925942
0.163235
0.357997
0.450885
0.687103
0.975282
0.627383
0.844429
0.189638
0.402837
0.876885
0.812236
0.058756
0.717742
0.463385
0.515265
0.796253
0.991760
0.463385
0.975282
0.251628
0.925942
0.402837
0.426467
0.287429
0.488954
0.748842
0.357997
0.958816
0.796253
0.764550
0.391323
0.502019
0.077382
0.243187
0.780356
0.037901
0.925942
0.656969
0.642105
0.426467
0.000117
0.189638
0.046229
0.893194
0.380011
0.642105
0.080911
0.109414
0.909549
0.570009
0.219062
0.391323
0.438578
0.717742
0.780356
0.942367
0.893194
0.316435
0.391323
0.104913
0.909549
0.287429
0.287429
0.426467
0.627383
0.145326
0.828296
0.656969
0.702362
0.687103
0.211416
0.598384
0.748842
0.991760
0.426467
0.476075
0.502019
0.296891
0.058756
0.139703
0.570009
0.764550
0.128962
0.219062
0.013573
0.528691
0.030886
0.123837
0.764550
0.176068
0.278172
0.702362
0.438578
0.380011
0.163235
0.357997
0.975282
0.050940
0.556067
0.260273
0.702362
0.450885
0.925942
0.764550
0.656969
0.733237
0.234946
0.488954
0.114066
0.975282
0.296891
0.642105
0.488954
0.942367
0.542293
0.296891
0.104913
0.570009
0.671970
0.015221
0.488954
0.001633
0.764550
0.764550
0.627383
0.671970
0.642105
0.812236
0.002015
0.844429
0.196706
0.118873
0.064501
0.046229
0.515265
0.109414
0.001752
0.211416
0.812236
0.642105
0.426467
0.016110
0.502019
0.296891
0.050940
0.026384
0.073980
0.958816
0.764550
0.023708
0.991760
0.702362
0.748842
0.612808
0.860628
0.975282
0.893194
0.034240
0.391323
0.796253
0.876885
0.642105
0.502019
0.219062
0.671970
0.925942
0.528691
0.542293
0.438578
0.671970
0.139703
0.764550
0.584117
0.463385
0.828296
0.151120
0.733237
0.515265
0.687103
0.687103
0.733237
0.064501
0.542293
0.234946
0.570009
0.182760
0.796253
0.402837
0.812236
0.061573
0.347298
0.828296
0.702362
0.671970
0.733237
0.812236
0.717742
0.671970
0.226905
0.251628
0.780356
0.671970
0.502019
0.627383
0.251628
0.336804
0.687103
0.004809
0.687103
0.476075
0.104913
0.748842
0.942367
0.502019
0.157089
0.157089
0.219062
0.251628
0.812236
0.748842
0.612808
0.189638
0.958816
0.975282
0.717742
0.450885
0.942367
0.287429
0.488954
0.064501
0.488954
0.053443
0.975282
0.627383
0.502019
0.642105
0.163235
0.163235
0.058756
0.876885
0.656969
0.642105
0.844429
0.380011
0.909549
0.656969
0.876885
0.402837
0.189638
0.488954
0.139703
0.488954
0.642105
0.893194
0.084569
0.118873
0.001879
0.463385
0.182760
0.114066
0.287429
0.671970
0.671970
0.991760
0.733237
0.189638
0.909549
