0.169614
0.378119
0.896406
0.391578
0.067789
0.113897
0.639850
0.759365
0.654986
0.929346
0.929471
0.596187
0.721884
0.407776
0.508212
0.487759
0.980807
0.480432
0.486535
0.151745
0.900563
0.266176
0.952562
0.271489
0.535421
0.655238
0.098012
0.697309
0.012946
0.329713
0.927084
0.310080
0.701235
0.432902
0.879683
0.392915
0.924000
0.849380
0.220509
0.613730
0.403921
0.007952
0.153952
0.930708
0.998738
0.286558
0.469516
0.332346
0.313398
0.926830
0.154185
0.782894
0.058388
0.171133
0.366416
0.740477
0.904921
0.972949
0.063127
0.402340
0.834264
0.000000
0.891676
0.648436
0.984304
0.585763
0.795839
0.391801
0.391355
0.224381
0.374196
0.573825
0.273454
0.629215
0.739769
0.473145
0.233233
0.578395
0.183128
0.529902
0.546494
0.022430
0.226570
0.041470
0.632509
0.719957
0.225005
0.413018
0.430334
0.325686
0.020515
0.146620
0.462290
0.930338
0.046630
0.530153
0.283611
0.451770
0.217143
0.880357
0.119394
0.116014
0.555837
0.144165
0.455346
0.777990
0.675774
0.499309
0.685712
0.471934
0.533915
0.540701
0.406186
0.044728
0.924649
0.144165
0.684968
0.678512
0.821979
0.836240
0.053774
0.560643
0.454868
0.243323
0.659511
0.859436
0.886339
0.505982
0.869145
0.075925
0.612967
0.875248
0.147070
0.817452
0.262675
0.448918
0.199589
0.556848
0.144387
0.012675
0.391133
0.262849
0.393808
0.312420
0.756365
0.367276
0.082779
0.699028
0.511687
0.592627
0.903879
0.157013
0.835451
0.966361
0.705883
0.250332
0.605341
0.721643
0.666782
0.351129
0.405053
0.398287
0.938991
0.592881
0.844032
0.851268
0.891516
0.595932
0.077624
0.025320
0.069448
0.039868
0.719475
0.182060
0.416684
0.621857
0.942123
0.496352
0.852957
0.143391
0.483603
0.337035
0.813712
0.657752
0.293639
0.743069
0.739533
0.192680
0.613730
0.027642
0.173430
0.083620
0.681247
0.295521
0.006522
0.381186
0.533664
0.845761
0.134886
0.482138
0.121307
0.711727
0.407548
0.881030
0.138495
0.000001
0.862168
0.144165
0.680502
0.389133
0.548512
0.374848
0.429636
0.944081
0.288410
0.732418
0.865590
0.849569
0.422444
0.813712
0.215020
0.689670
0.043366
0.201022
0.383825
0.967578
0.361919
0.192959
0.572302
0.523147
0.908153
0.225005
0.060319
0.065935
0.439231
0.455107
0.494138
0.177182
0.353440
0.224381
0.395149
0.615000
0.041243
0.492663
0.850514
0.443709
0.534919
0.418063
0.128201
0.447732
0.953236
0.672781
0.938536
0.461809
0.926830
0.744244
0.308915
0.388024
0.251007
0.274172
0.906839
0.536426
0.885024
0.457257
0.688187
0.624395
0.220971
0.219280
0.474357
0.584746
0.526147
0.160483
0.016712
0.057978
0.808886
0.476784
0.402791
0.389577
0.005664
0.499556
0.512929
0.223292
0.984394
0.892632
0.316738
0.194776
0.334176
0.552804
0.806347
0.736457
0.319307
0.976729
0.036120
0.570780
0.382505
0.394701
0.084894
0.934694
0.807830
0.650201
0.424063
0.834264
0.863614
0.650201
0.322886
0.581951
0.407094
0.482138
0.656244
0.344869
0.766924
0.709296
0.084965
0.480676
0.002910
0.310664
0.479945
0.846717
0.675774
0.966744
0.819927
0.723327
0.218668
0.250164
0.971394
0.249995
0.657752
0.173046
0.300070
0.327293
0.630229
0.610934
0.305627
0.042235
0.505735
0.093744
0.685464
0.266528
0.823204
0.417833
0.159640
0.973672
0.334584
0.160363
0.712456
0.857231
0.494138
0.417603
0.245311
0.805498
0.841325
0.317725
0.825239
0.431734
0.224381
0.292513
0.270243
0.509204
0.365986
0.733846
0.068437
0.866840
0.353019
0.691892
0.147973
0.858886
0.360001
0.782450
0.892314
0.337650
0.681992
0.174975
0.044122
0.785994
0.144165
0.070534
0.490700
0.599238
0.917737
0.294015
0.223758
0.126398
0.997161
0.517907
0.101444
0.169740
0.553056
0.141416
0.148767
0.302744
0.939671
0.147070
0.893740
0.602798
0.358302
0.421289
0.052169
0.557101
0.501778
0.388467
0.539443
0.476055
0.918959
0.425453
0.534668
0.085037
0.164383
0.407776
0.051752
0.284346
0.053965
0.167232
0.444891
0.774398
0.767152
0.022322
0.749862
0.684473
0.948484
0.053250
0.557607
0.603053
0.179015
0.837616
0.316935
0.567990
0.287113
0.994376
0.758444
0.755440
0.830880
0.578141
0.162059
0.670284
0.260242
0.951095
0.230360
0.222516
0.297979
0.270421
0.113897
0.875075
0.700255
0.145389
0.382724
0.001206
0.766013
0.444418
0.812458
0.850702
0.248818
0.696326
0.733608
0.406640
0.433369
0.925808
0.607629
0.926064
0.446311
0.037795
0.289339
0.097770
0.714881
0.359151
0.279591
0.381625
0.463010
0.788637
0.456062
0.367060
0.116479
0.977959
0.335808
0.015285
0.222981
0.112624
0.250332
0.843261
0.593135
0.638332
0.628961
0.353019
0.819721
0.597967
0.946625
0.722606
0.007644
0.481651
0.695342
0.504250
0.319902
0.972750
0.758444
0.759596
0.983336
0.971669
0.122369
0.066222
0.445127
0.194355
0.746824
0.452961
0.764185
0.669534
0.817038
0.779108
0.028171
0.670284
0.472176
0.023812
0.752191
0.952755
0.445127
0.135940
0.838400
0.856677
0.862530
0.408685
0.966897
0.090685
0.533162
0.778661
0.653476
0.361919
0.113259
0.595170
0.852770
0.021205
0.192124
0.063514
0.559631
0.540701
0.544226
0.178097
0.605595
0.462530
0.035820
0.306785
0.923478
0.437352
0.741892
0.452961
0.697309
0.995793
0.870202
0.240198
0.383825
0.351129
0.061332
0.342177
0.526397
0.157369
0.652217
0.756134
0.509204
0.260936
0.197171
0.376155
0.185009
0.419444
0.668284
0.911179
0.800799
0.549521
0.660013
0.482138
0.488738
0.803581
0.212613
0.591610
0.177443
0.394701
0.773271
0.269533
0.798433
0.823612
