0.000012
0.000054
0.000000
0.000000
0.008976
0.243187
0.000000
0.450885
0.000117
0.243187
0.251628
0.269120
0.488954
0.007948
0.251628
0.012809
0.041890
0.368902
0.096352
0.005823
0.000246
0.001752
0.000000
0.000000
0.000006
0.088360
0.008976
0.000001
0.812236
0.347298
0.002313
0.006202
0.733237
0.942367
0.000000
0.169560
0.151120
0.010741
0.002652
0.000138
0.000070
0.278172
0.015221
0.000000
0.000000
0.278172
0.001141
0.000009
0.109414
0.000789
0.034240
0.014376
0.925942
0.243187
0.026384
0.053443
0.958816
0.570009
0.163235
0.748842
0.000193
0.000000
0.893194
0.000000
0.000001
0.306560
0.070701
0.000789
0.030886
0.000000
0.037901
0.991760
0.007948
0.219062
0.278172
0.402837
0.006603
0.100560
0.584117
0.000000
0.077382
0.096352
0.021271
0.909549
0.219062
0.000000
0.000000
0.426467
0.975282
0.828296
0.014376
0.000000
0.000679
0.006202
0.000002
0.000006
0.027817
0.007026
0.000003
0.702362
0.671970
0.025015
0.844429
0.296891
0.118873
0.000000
0.080911
0.034240
0.542293
0.077382
0.556067
0.542293
0.278172
0.145326
0.073980
0.287429
0.157089
0.114066
0.007474
0.687103
0.876885
0.000000
0.488954
0.000267
0.000083
0.556067
0.893194
0.000000
0.502019
0.046229
0.006603
0.007948
0.463385
0.000032
0.003469
0.002313
0.001752
0.000000
0.053443
0.000000
0.687103
0.010741
0.000000
0.336804
0.000000
0.000000
0.048537
0.010121
0.000000
0.000000
0.000000
0.260273
0.000000
0.000583
0.000000
0.002313
0.438578
0.000000
0.000679
0.005466
0.169560
0.000001
0.278172
0.000117
0.145326
0.000000
0.000000
0.000000
0.000000
0.128962
0.326516
0.380011
0.764550
0.001416
0.000789
0.070701
0.000429
0.000000
0.002015
0.073980
0.114066
0.000002
0.005823
0.876885
0.991760
0.000000
0.219062
0.001752
0.000000
0.000014
0.104913
0.000000
0.000000
0.000001
0.780356
0.005823
0.780356
0.084569
0.084569
0.942367
0.556067
0.925942
0.002313
0.050940
0.109414
0.000000
0.000366
0.000000
0.876885
0.000001
0.048537
0.000000
0.189638
0.077382
0.000000
0.002159
0.000117
0.000070
0.070701
0.000267
0.001752
0.656969
0.056047
0.000000
0.502019
0.000000
0.026384
0.000000
0.000789
0.733237
0.000004
0.203964
0.044015
0.000000
0.012809
0.067542
0.975282
0.000339
0.000583
0.073980
0.000000
0.100560
0.211416
0.128962
0.003246
0.438578
0.001061
0.000000
0.030886
0.067542
0.000000
0.002838
0.015221
0.450885
0.080911
0.037901
0.000138
0.476075
0.123837
0.004225
0.001318
0.039854
0.008448
0.463385
0.006603
0.000000
0.011395
0.000227
0.000000
0.000000
0.001416
0.073980
0.016110
0.000038
0.958816
0.007474
0.016110
0.012084
0.000059
0.012809
0.104913
0.402837
0.000850
0.021271
0.001141
0.001633
0.000076
0.000583
0.796253
0.084569
0.000000
0.018025
0.012084
0.005466
0.196706
0.733237
0.542293
0.828296
0.000000
0.070701
0.001141
0.000000
0.347298
0.004809
0.000038
0.023708
0.000138
0.000029
0.357997
0.034240
0.000463
0.157089
0.128962
0.000000
0.000000
0.000000
0.347298
0.053443
0.226905
0.169560
0.000070
0.100560
0.029317
0.056047
0.000001
0.570009
0.687103
0.203964
0.000002
0.860628
0.000000
0.306560
0.975282
0.000429
0.000000
0.001416
0.005823
0.000000
0.402837
0.000076
0.027817
0.502019
0.070701
0.542293
0.426467
0.000000
0.306560
0.000209
0.347298
0.000000
0.019055
0.598384
0.211416
0.004809
0.656969
0.316435
0.438578
0.570009
0.000018
0.000005
0.000000
0.027817
0.002477
0.025015
0.000732
0.000000
0.000000
0.000001
0.203964
0.005128
0.176068
0.000000
0.000000
0.000003
0.015221
0.828296
0.975282
0.000001
0.000001
0.000000
0.502019
0.000000
0.748842
0.002838
0.000000
0.145326
0.000004
0.109414
0.000000
0.000059
0.000000
0.000000
0.041890
0.000000
0.016110
0.139703
0.528691
0.000000
0.203964
0.050940
0.893194
0.001521
0.612808
0.000010
0.000000
0.000000
0.925942
0.001752
0.000000
0.391323
0.114066
0.056047
0.008448
0.000000
0.157089
0.000000
0.015221
0.037901
0.118873
0.000000
0.004225
0.000209
0.000000
0.991760
0.002652
0.030886
0.044015
0.000000
0.000024
0.000630
0.080911
0.488954
0.000000
0.000583
0.260273
0.000000
0.096352
0.000193
0.000000
0.088360
0.077382
0.287429
0.876885
0.000630
0.056047
0.000000
0.010741
0.088360
0.010121
0.000000
0.000001
0.203964
0.000045
0.000002
0.000000
0.036031
0.000000
0.000009
0.006603
0.000020
0.000163
0.001226
0.000000
0.203964
0.269120
0.000000
0.000070
0.000000
0.717742
0.000000
0.000000
0.380011
0.189638
0.000000
0.073980
0.029317
0.426467
0.000000
0.000014
0.000005
0.004509
0.000022
0.018025
0.909549
0.476075
0.123837
0.145326
0.642105
0.426467
0.812236
0.000500
0.306560
0.000000
0.528691
0.316435
0.211416
0.077382
0.128962
0.733237
0.019055
0.000099
0.017044
0.000000
0.000630
0.011395
0.008976
0.109414
0.012084
0.012809
0.000000
0.306560
0.046229
0.000396
0.007948
0.627383
0.044015
0.001141
0.048537
0.000163
0.000000
0.182760
0.176068
0.000000
0.000083
0.203964
0.000000
0.000000
0.000000
0.005128
0.000000
0.243187
0.027817
0.925942
0.000038
0.642105
0.000000
0.000076
0.000004
0.000000
0.000138
0.000000
0.357997
0.000000
0.584117
0.748842
0.000000
0.909549
0.182760
0.000032
0.000000
0.000000
0.037901
0.748842
0.000000
0.169560
0.000117
0.000000
0.003469
0.438578
0.000070
0.000540
0.000178
0.023708
0.067542
0.000000
0.000000
0.000000
0.000000
0.006202
0.182760
0.000000
0.037901
0.000429
0.041890
0.000500
0.975282
