0.574067
0.059197
0.549401
0.469934
0.312961
0.158725
0.577642
0.037278
0.053246
0.789354
0.001897
0.909181
0.240419
0.208145
0.470630
0.913543
0.424849
0.137856
0.494053
0.786356
0.093167
0.963640
0.774790
0.938082
0.463693
0.701556
0.827779
0.704015
0.040175
0.843365
0.508751
0.422710
0.739594
0.294813
0.058471
0.657005
0.545323
0.486245
0.372959
0.334147
0.326002
0.103817
0.749555
0.318543
0.204306
0.337131
0.852981
0.747349
0.282936
0.644579
0.863116
0.949690
0.633876
0.412914
0.394989
0.277070
0.937249
0.779614
0.166083
0.445903
0.048149
0.000000
0.167489
0.642859
0.720958
0.947340
0.794789
0.155033
0.571061
0.707603
0.976080
0.106881
0.967962
0.138774
0.053791
0.826788
0.602235
0.489610
0.394831
0.353053
0.330479
0.782637
0.640565
0.743293
0.196325
0.335282
0.485538
0.479022
0.457323
0.288128
0.977092
0.000763
0.206957
0.027838
0.759433
0.842087
0.526368
0.221155
0.653947
0.538302
0.112538
0.636360
0.946671
0.248755
0.877036
0.073195
0.333016
0.430143
0.859464
0.352318
0.135412
0.161763
0.608128
0.368861
0.539409
0.829592
0.957239
0.284196
0.881060
0.830906
0.112420
0.501737
0.343584
0.634067
0.076231
0.622800
0.550144
0.273619
0.731236
0.115947
0.537749
0.713634
0.586319
0.739039
0.348078
0.368709
0.368407
0.790760
0.642285
0.653756
0.084778
0.891000
0.873395
0.192477
0.236882
0.100029
0.971433
0.083636
0.156830
0.094424
0.036654
0.236662
0.065567
0.797751
0.444719
0.848911
0.911811
0.836288
0.004521
0.744216
0.719083
0.250357
0.875731
0.213455
0.855310
0.167738
0.017330
0.140696
0.475691
0.111773
0.467849
0.992019
0.307582
0.121262
0.956215
0.997548
0.979091
0.750106
0.551259
0.810664
0.501379
0.567122
0.679527
0.069651
0.576889
0.538302
0.155734
0.526734
0.235457
0.914525
0.936724
0.655667
0.017703
0.497621
0.452873
0.703259
0.733842
0.855155
0.901859
0.712316
0.350999
0.969797
0.191641
0.908170
0.914280
0.000000
0.279805
0.170415
0.857470
0.482187
0.599956
0.036314
0.776043
0.782637
0.383255
0.356000
0.451168
0.598248
0.119322
0.059697
0.601855
0.847334
0.079119
0.080600
0.860686
0.920656
0.448616
0.402453
0.056594
0.771379
0.416816
0.246707
0.229394
0.823302
0.218770
0.393727
0.210937
0.347496
0.056086
0.374027
0.979422
0.053397
0.593887
0.640374
0.445395
0.616697
0.456294
0.557028
0.846068
0.963640
0.479900
0.091580
0.349975
0.675906
0.824799
0.784233
0.134444
0.581411
0.134858
0.413725
0.485362
0.638271
0.523629
0.952522
0.821132
0.046820
0.855310
0.038735
0.914525
0.697391
0.985646
0.528381
0.663883
0.090066
0.079639
0.105478
0.484479
0.714198
0.992663
0.426996
0.444719
0.468891
0.293002
0.623945
0.254861
0.549216
0.293648
0.578583
0.222302
0.057720
0.093970
0.120382
0.583864
0.679718
0.962784
0.892505
0.438655
0.348661
0.400380
0.438823
0.843525
0.222825
0.995777
0.818450
0.518347
0.469934
0.345175
0.531130
0.655858
0.775864
0.982261
0.923811
0.836936
0.770479
0.361347
0.822469
0.905104
0.247615
0.535172
0.339989
0.245349
0.172701
0.838875
0.545879
0.968746
0.887405
0.629673
0.837583
0.501020
0.245123
0.991434
0.560760
0.515987
0.233494
0.093317
0.306647
0.896428
0.309591
0.065823
0.389642
0.097815
0.157854
0.990822
0.035539
0.689801
0.703070
0.414700
0.690751
0.909685
0.002327
0.865980
0.729372
0.480251
0.737185
0.442355
0.982110
0.426996
0.131646
0.501020
0.722457
0.894543
0.265610
0.867028
0.139270
0.589533
0.983149
0.703259
0.579714
0.688661
0.031869
0.623182
0.349099
0.097503
0.957239
0.822135
0.521077
0.901335
0.488015
0.577077
0.825794
0.021424
0.337701
0.707414
0.170921
0.223454
0.453727
0.544582
0.572188
0.087480
0.939425
0.277566
0.497799
0.828274
0.769578
0.025905
0.717581
0.541070
0.630628
0.291456
0.003221
0.193036
0.449126
0.044799
0.682003
0.650888
0.365994
0.330338
0.614792
0.659680
0.091482
0.058800
0.994314
0.278684
0.053065
0.308251
0.027706
0.761797
0.388547
0.907153
0.488192
0.150805
0.029993
0.162490
0.588398
0.596351
0.542548
0.910187
0.303062
0.735886
0.289021
0.230145
0.604895
0.366897
0.665793
0.855000
0.612125
0.479724
0.802430
0.075317
0.894813
0.344885
0.042368
0.525089
0.759797
0.309054
0.000000
0.772996
0.848439
0.958250
0.084228
0.219184
0.242203
0.318133
0.174411
0.724142
0.465942
0.783525
0.226515
0.671711
0.657961
0.351145
0.455780
0.698149
0.561508
0.830413
0.602235
0.160078
0.357036
0.085748
0.626045
0.099233
0.277442
0.311880
0.158566
0.726199
0.483244
0.571436
0.003371
0.038199
0.009662
0.718708
0.046075
0.805015
0.369617
0.342863
0.087622
0.698338
0.736443
0.735514
0.566934
0.935987
0.808274
0.743846
0.837421
0.518529
0.394673
0.378162
0.666748
0.358074
0.119695
0.443536
0.988966
0.215182
0.537565
0.343729
0.326420
0.570310
0.807761
0.104478
0.331182
0.814570
0.762342
0.340706
0.767052
0.350267
0.900810
0.247615
0.058536
0.618223
0.636169
0.650697
0.967240
0.939527
0.001966
0.221259
0.137575
0.568059
0.165754
0.920184
0.289405
0.899624
0.660063
0.921598
0.863721
0.226727
0.442187
0.488723
0.845275
0.225773
0.157302
0.332310
0.181036
0.064698
0.523629
0.991434
0.459212
0.563003
0.040083
0.413562
0.626999
0.151490
0.118764
0.043832
0.500125
0.987172
0.436309
0.318133
0.924042
0.575759
0.527100
0.932231
0.133620
0.893458
0.863267
0.109274
0.000000
0.823469
0.431638
0.792164
0.921598
0.277938
0.927803
0.763250
0.627190
0.391838
0.988741
