0.655489
0.053630
0.211119
0.072066
0.077492
0.071942
0.301788
0.009574
0.136046
0.594152
0.000063
0.994163
0.443473
0.354283
0.666031
0.740241
0.255254
0.116759
0.648688
0.909168
0.243653
0.358514
0.099879
0.350709
0.303511
0.266176
0.882202
0.804008
0.027694
0.926320
0.105575
0.709539
0.317133
0.024065
0.152787
0.760516
0.497584
0.372893
0.537180
0.323285
0.444182
0.092971
0.793449
0.401437
0.050111
0.871254
0.869850
0.800585
0.007107
0.921105
0.918009
0.983336
0.259550
0.080234
0.288410
0.322886
0.868615
0.942013
0.086113
0.390910
0.062742
0.000000
0.238565
0.908299
0.195760
0.365986
0.353019
0.108437
0.457975
0.231315
0.759365
0.304472
0.609155
0.044931
0.130228
0.627186
0.825847
0.806983
0.246476
0.551541
0.643641
0.962773
0.893582
0.297222
0.032389
0.144498
0.859984
0.698046
0.068437
0.560896
0.162424
0.003034
0.606358
0.057723
0.889429
0.935756
0.792141
0.127497
0.964955
0.644651
0.018918
0.599493
0.943541
0.103957
0.662523
0.123342
0.182994
0.396044
0.613730
0.304279
0.134886
0.542211
0.842101
0.408458
0.703439
0.903131
0.589576
0.036153
0.429868
0.529401
0.243158
0.636561
0.717785
0.286558
0.022107
0.725728
0.069989
0.310275
0.508956
0.143171
0.443237
0.637067
0.560896
0.504002
0.077888
0.755671
0.680750
0.471208
0.453437
0.856862
0.065195
0.716576
0.099552
0.572302
0.155358
0.052731
0.528149
0.126298
0.139140
0.170499
0.143502
0.334176
0.198733
0.801443
0.114538
0.593390
0.853891
0.324484
0.062251
0.100700
0.441821
0.187721
0.577633
0.318120
0.296465
0.157488
0.000008
0.386695
0.370294
0.136469
0.468791
0.908879
0.138817
0.065706
0.987847
0.950301
0.995245
0.652721
0.176921
0.504250
0.360640
0.894528
0.398511
0.017505
0.377464
0.833669
0.197880
0.702215
0.514670
0.564442
0.952465
0.852582
0.020817
0.780893
0.770559
0.527398
0.494630
0.638332
0.565962
0.690905
0.098496
0.704417
0.540197
0.606867
0.933861
0.000000
0.589322
0.225787
0.942452
0.083479
0.056064
0.001282
0.739769
0.251852
0.000370
0.415308
0.383605
0.309303
0.449156
0.270776
0.765784
0.187312
0.416225
0.205951
0.865411
0.545486
0.557860
0.192959
0.104466
0.869674
0.691152
0.239871
0.101942
0.954094
0.230360
0.766696
0.564695
0.704661
0.400086
0.780224
0.664278
0.166113
0.835055
0.546494
0.744948
0.844032
0.443945
0.106782
0.160725
0.973214
0.161573
0.006176
0.350919
0.712941
0.401437
0.621857
0.343211
0.182060
0.082849
0.396044
0.386474
0.010823
0.672282
0.579157
0.926320
0.023743
0.575602
0.011410
0.775748
0.479215
0.737168
0.350709
0.894213
0.532911
0.039941
0.123147
0.873520
0.033279
0.936924
0.580935
0.669534
0.061064
0.440408
0.950897
0.347157
0.386917
0.347157
0.919499
0.426381
0.123342
0.051154
0.077229
0.419444
0.493892
0.668284
0.973607
0.056312
0.390465
0.301023
0.872302
0.418753
0.449393
0.979198
0.703439
0.446074
0.221588
0.467344
0.462050
0.248986
0.793667
0.947250
0.480432
0.895626
0.704417
0.717301
0.433369
0.747526
0.215474
0.733608
0.099389
0.205221
0.068024
0.889590
0.792359
0.973607
0.109759
0.828271
0.491681
0.586271
0.606867
0.067147
0.645156
0.721643
0.054592
0.138174
0.307752
0.906839
0.051844
0.137426
0.524146
0.179279
0.434071
0.482138
0.002140
0.924907
0.818898
0.132076
0.296843
0.610426
0.000000
0.935991
0.480676
0.587034
0.565709
0.067438
0.842875
0.437586
0.181394
0.363414
0.655238
0.147747
0.160967
0.773271
0.029873
0.369646
0.864155
0.210673
0.195619
0.397165
0.025490
0.669284
0.488004
0.107825
0.862530
0.531156
0.515914
0.057672
0.249490
0.011023
0.174717
0.035456
0.616270
0.391801
0.093977
0.062034
0.239707
0.092127
0.809518
0.266001
0.728122
0.594152
0.229884
0.445127
0.474357
0.066567
0.361279
0.836830
0.272202
0.263198
0.044768
0.344454
0.798433
0.001780
0.654231
0.470483
0.130842
0.389799
0.733132
0.488248
0.004080
0.085537
0.617287
0.434071
0.109847
0.537934
0.052590
0.902380
0.325085
0.380967
0.292701
0.493646
0.091822
0.246476
0.331737
0.351548
0.626679
0.072874
0.529151
0.724048
0.184335
0.632002
0.484579
0.702460
0.518904
0.904327
0.630735
0.557607
0.269533
0.006347
0.964478
0.755208
0.099797
0.531406
0.923086
0.229725
0.000000
0.972078
0.756828
0.573571
0.024065
0.336013
0.648688
0.453437
0.209781
0.898420
0.671283
0.708078
0.232272
0.885353
0.338470
0.245145
0.738115
0.197738
0.245976
0.841325
0.438291
0.410507
0.082293
0.072375
0.209485
0.265649
0.287298
0.166237
0.022257
0.290830
0.453676
0.796488
0.001661
0.024065
0.104806
0.053869
0.090761
0.126298
0.699519
0.749162
0.037655
0.236131
0.560137
0.601527
0.232912
0.747760
0.780001
0.544730
0.825847
0.371159
0.039178
0.780893
0.502766
0.090535
0.143281
0.508708
0.847480
0.049175
0.695834
0.119870
0.288782
0.843647
0.880862
0.199018
0.324084
0.752191
0.489474
0.443473
0.693864
0.527899
0.980963
0.281048
0.055177
0.397389
0.375719
0.810570
0.160001
0.607629
0.009486
0.307558
0.306012
0.462770
0.249154
0.951783
0.064799
0.545738
0.582967
0.914425
0.670534
0.284714
0.332549
0.360214
0.582205
0.375501
0.437586
0.420135
0.233714
0.038890
0.839378
0.991361
0.139032
0.258687
0.009198
0.792577
0.088669
0.085897
0.423600
0.163156
0.216231
0.696818
0.113077
0.129009
0.938536
0.881868
0.222516
0.837223
0.131972
0.687197
0.971874
0.013778
0.000000
0.960330
0.096412
0.521648
0.939784
0.422675
0.984258
0.110114
0.794536
0.030384
0.993741
