0.861458
0.266959
0.945017
0.404979
0.719868
0.488148
0.569088
0.152127
0.349816
0.566835
0.530142
0.844623
0.326392
0.160084
0.977567
0.756630
0.254036
0.568860
0.646783
0.442301
0.088770
0.620894
0.598659
0.839572
0.111959
0.634038
0.158438
0.737176
0.805978
0.302227
0.377770
0.242502
0.296025
0.736520
0.326516
0.168919
0.812612
0.502387
0.389728
0.391747
0.034340
0.734829
0.423572
0.390571
0.828192
0.785000
0.938885
0.834975
0.542311
0.527698
0.058504
0.749029
0.915231
0.092347
0.800062
0.196117
0.381435
0.964293
0.876362
0.780349
0.151692
0.000000
0.367363
0.358828
0.683875
0.919544
0.328521
0.964573
0.317008
0.901129
0.211530
0.114023
0.527844
0.878204
0.862080
0.665603
0.720409
0.174375
0.236153
0.844678
0.168436
0.018656
0.910919
0.678037
0.844437
0.092322
0.876814
0.780364
0.199845
0.489391
0.308856
0.134272
0.876615
0.941818
0.728795
0.942914
0.024962
0.696718
0.859031
0.163113
0.053110
0.888400
0.513548
0.794423
0.176076
0.298912
0.379431
0.844533
0.274945
0.100741
0.021136
0.926386
0.215979
0.164801
0.845859
0.841415
0.687142
0.253778
0.389468
0.721881
0.090864
0.641685
0.379938
0.930002
0.375250
0.913236
0.848294
0.043487
0.050940
0.902431
0.157173
0.908597
0.315248
0.876842
0.382393
0.357634
0.756378
0.243198
0.587167
0.911644
0.772776
0.947777
0.779982
0.470891
0.958859
0.562649
0.748741
0.812380
0.580286
0.278148
0.764920
0.120564
0.425160
0.843371
0.975211
0.182202
0.930002
0.584840
0.110142
0.748600
0.313578
0.796295
0.579613
0.556332
0.413150
0.942564
0.793287
0.272228
0.878333
0.678068
0.715058
0.011584
0.876780
0.119263
0.354004
0.884717
0.347594
0.076438
0.652940
0.006128
0.314811
0.712056
0.600066
0.114198
0.598860
0.815204
0.929527
0.358779
0.277083
0.132817
0.921772
0.531945
0.832617
0.151804
0.252037
0.515520
0.325765
0.268768
0.489153
0.759882
0.457880
0.045137
0.104510
0.396339
0.942515
0.678811
0.163503
0.315849
0.887199
0.668563
0.474815
0.582960
0.108238
0.379996
0.547423
0.062976
0.796356
0.586033
0.744134
0.978551
0.209698
0.439199
0.701469
0.631289
0.399143
0.296896
0.868706
0.310317
0.042681
0.143105
0.763936
0.476368
0.099269
0.414883
0.492493
0.415515
0.501984
0.225959
0.038558
0.524924
0.127030
0.585924
0.268742
0.306833
0.642098
0.709213
0.888027
0.003957
0.556126
0.929234
0.877517
0.978551
0.606170
0.892262
0.945017
0.768093
0.726138
0.579843
0.425273
0.092694
0.702382
0.716485
0.274104
0.220889
0.357997
0.313430
0.580395
0.150980
0.438687
0.178898
0.914458
0.964221
0.559411
0.958817
0.954367
0.832926
0.598446
0.757578
0.283966
0.051318
0.393450
0.994062
0.877198
0.415709
0.713152
0.413683
0.211396
0.488948
0.845483
0.383911
0.643425
0.629568
0.955548
0.054081
0.143806
0.408599
0.605564
0.727752
0.100476
0.311898
0.073203
0.163238
0.061802
0.528778
0.104807
0.885376
0.928223
0.051111
0.839572
0.735785
0.556007
0.345447
0.018928
0.766100
0.261410
0.796275
0.541288
0.280217
0.199326
0.627294
0.942855
0.818995
0.927412
0.417234
0.574899
0.617014
0.656616
0.177174
0.726946
0.524105
0.973881
0.570003
0.211118
0.134487
0.101015
0.532951
0.651682
0.752165
0.501707
0.102708
0.472619
0.950366
0.036254
0.655349
0.889108
0.453206
0.939902
0.168099
0.398750
0.469636
0.074246
0.877782
0.645426
0.214323
0.556773
0.167512
0.770345
0.763268
0.375034
0.633194
0.230936
0.771808
0.332929
0.347046
0.913957
0.690729
0.277422
0.188876
0.278029
0.077974
0.059194
0.851790
0.064790
0.197068
0.414090
0.668147
0.432978
0.598939
0.150357
0.897763
0.489703
0.698569
0.745519
0.252119
0.515162
0.145190
0.350126
0.927713
0.958815
0.500821
0.463303
0.848294
0.454201
0.269767
0.368901
0.885975
0.733620
0.892244
0.293556
0.023750
0.157985
0.893047
0.246723
0.528617
0.915387
0.781774
0.942260
0.704453
0.692582
0.302491
0.004800
0.758037
0.465594
0.926405
0.970832
0.004589
0.647490
0.096638
0.308880
0.732306
0.844387
0.236877
0.637363
0.309627
0.242276
0.202489
0.103497
0.796261
0.206254
0.880779
0.417973
0.414018
0.978024
0.139831
0.593089
0.157115
0.403354
0.668131
0.870895
0.335672
0.380823
0.861569
0.992309
0.569913
0.750108
0.148790
0.314691
0.746831
0.528656
0.694097
0.005651
0.990556
0.914199
0.463497
0.023007
0.509609
0.501153
0.624464
0.783383
0.358866
0.747367
0.575652
0.835089
0.357285
0.269011
0.277757
0.895899
0.877198
0.236442
0.109205
0.790764
0.346882
0.716167
0.146277
0.041752
0.940785
0.316369
0.402382
0.337819
0.687082
0.212179
0.961470
0.219278
0.612845
0.985453
0.144585
0.141282
0.287246
0.404421
0.073611
0.685306
0.701239
0.458040
0.851251
0.702428
0.598513
0.109483
0.043389
0.246377
0.020176
0.382838
0.779738
0.906709
0.733932
0.689203
0.285169
0.679531
0.811782
0.268865
0.597547
0.379793
0.549375
0.829174
0.074116
0.402562
0.100724
0.942914
0.358779
0.794207
0.724042
0.776776
0.683667
0.645634
0.403871
0.315532
0.504835
0.859898
0.555265
0.322493
0.199845
0.907093
0.701672
0.595997
0.394546
0.568348
0.733216
0.796232
0.838450
0.892356
0.306281
0.518467
0.293353
0.049431
0.490346
0.642009
0.938429
0.151753
0.927749
0.554693
0.438525
0.585262
0.504138
0.866246
0.262043
0.991761
0.912586
0.470405
0.093601
0.077947
0.528528
0.486193
0.381677
0.779433
0.476228
0.234893
0.081402
0.269108
0.503833
0.611856
0.814283
0.867477
0.627607
0.077413
0.022538
0.592304
0.553980
