0.461489
0.169559
0.050092
0.856837
0.507900
0.465707
0.218923
0.384375
0.124930
0.480087
0.731596
0.720878
0.143090
0.489459
0.480087
0.728018
0.015506
0.061259
0.662261
0.612776
0.393383
0.192366
0.070209
0.192366
0.399646
0.256140
0.362356
0.112912
0.108836
0.494089
0.556665
0.034290
0.188316
0.423094
0.209926
0.172532
0.310677
0.634032
0.645819
0.352634
0.806222
0.194416
0.303016
0.368524
0.867438
0.772918
0.351453
0.807359
0.000909
0.634032
0.797091
0.621128
0.384246
0.581761
0.317596
0.767070
0.818818
0.655140
0.849384
0.142303
0.286319
0.387065
0.644483
0.468766
0.391450
0.674340
0.310677
0.443660
0.541222
0.209926
0.980941
0.818818
0.109759
0.596703
0.256900
0.844010
0.032093
0.507900
0.287317
0.767070
0.214599
0.818818
0.633841
0.052048
0.108221
0.022481
0.111643
0.387065
0.574724
0.195986
0.244083
0.283352
0.387065
0.441692
0.498935
0.317596
0.485127
0.545659
0.291636
0.373738
0.422673
0.772918
0.094381
0.800526
0.276733
0.767070
0.626987
0.493673
0.853659
0.545659
0.316807
0.634032
0.381704
0.884472
0.681484
0.701607
0.938859
0.088550
0.774086
0.545659
0.873581
0.041650
0.461032
0.730219
0.370129
0.278440
0.657511
0.777595
0.965781
0.735164
0.468766
0.844010
0.657511
0.403495
0.372747
0.264739
0.516068
0.938859
0.630334
0.553306
0.818818
0.362356
0.217696
0.431779
0.742280
0.122840
0.657511
0.853659
0.421718
0.542317
0.938859
0.051305
0.192888
0.396129
0.378509
0.404421
0.884472
0.330071
0.372747
0.094381
0.730219
0.039601
0.645819
0.621128
0.087077
0.297181
0.207649
0.700402
0.646845
0.800526
0.222380
0.593242
0.645819
0.202535
0.630334
0.468766
0.377275
0.753945
0.250047
0.047126
0.585188
0.378016
0.920683
0.483046
0.657511
0.215503
0.890345
0.853659
0.070837
0.596703
0.884472
0.512834
0.020178
0.670770
0.061259
0.600150
0.735164
0.545659
0.491400
0.297181
0.362356
0.539018
0.184822
0.597686
0.432875
0.237880
0.873581
0.116791
0.938859
0.501960
0.164958
0.930768
0.194416
0.272211
0.017804
0.657511
0.576057
0.499995
0.397407
0.458600
0.343026
0.720878
0.832159
0.285604
0.328478
0.832159
0.920683
0.095692
0.370129
0.206640
0.021954
0.164974
0.418492
0.573599
0.048760
0.963248
0.873581
0.884472
0.800526
0.822183
0.471829
0.109718
0.685071
0.806222
0.965781
0.612776
0.673149
0.423094
0.439570
0.144100
0.416972
0.040900
0.644483
0.626810
0.098511
0.303131
0.039844
0.563407
0.581589
0.150168
0.189021
0.943438
0.585188
0.742280
0.166387
0.637389
0.645819
0.236905
0.144100
0.873581
0.418492
0.994346
0.670770
0.600163
0.935595
0.753945
0.109759
0.020034
0.184035
0.598842
0.403355
0.812070
0.530032
0.609282
0.338256
0.531306
0.576057
0.867438
0.387065
0.581761
0.600150
0.384375
0.008222
0.290616
0.291636
0.581589
0.459609
0.390679
0.772918
0.418492
0.516068
0.109759
0.563407
0.328478
0.138250
0.027352
0.531128
0.256900
0.717303
0.495780
0.352634
0.197766
0.421718
0.564546
0.807359
0.397407
0.254850
0.061805
0.049771
0.777595
0.406276
0.041524
0.485127
0.738720
0.646845
0.277849
0.621128
0.812070
0.152067
0.822183
0.410798
0.156883
0.282057
0.000683
0.465707
0.067360
0.959450
0.193908
0.441692
0.840760
0.719685
0.800526
0.537249
0.728018
0.112912
0.152478
0.738720
0.856837
0.276733
0.501960
0.690861
0.391944
0.670770
0.822183
0.274262
0.023062
0.490518
0.963248
0.453995
0.284183
0.008222
0.075320
0.104597
0.222380
0.396118
0.319136
0.600150
0.492618
0.537249
0.649383
0.158438
0.630334
0.598842
0.633841
0.502133
0.268903
0.020798
0.137271
0.615106
0.408932
0.573599
0.965781
0.943438
0.883482
0.581761
0.501960
0.482004
0.081201
0.488242
0.959450
0.136955
0.867438
0.396129
0.630334
0.597686
0.959450
0.532413
0.494089
0.731596
0.531306
0.164958
0.867438
0.272211
0.372747
0.195986
0.585188
0.681484
0.585188
0.432875
0.626987
0.553306
0.004608
0.292073
0.077765
0.172344
0.890345
0.728018
0.806222
0.530032
0.095304
0.720878
0.169559
0.053465
0.818818
0.024461
0.310677
0.633841
0.218923
0.365927
0.211592
0.391450
0.510532
0.368001
0.283467
0.853659
0.440709
0.330071
0.017129
0.640403
0.057053
0.777595
0.011331
0.516068
0.368524
0.391944
0.422673
0.753945
0.224357
0.728018
0.141564
0.681484
0.943438
0.943438
0.322270
0.225206
0.600150
0.911105
0.023102
0.285604
0.369735
0.303131
0.853659
0.094381
0.681484
0.066966
0.603639
0.800526
0.256900
0.085536
0.055106
0.334885
0.767070
0.637389
0.403495
0.594853
0.495144
0.007984
0.753945
0.669389
0.563407
0.379929
0.499995
0.047742
0.223541
0.646845
0.763550
0.387065
0.645819
0.853659
0.609282
0.489459
0.399646
0.322270
0.532413
0.498935
0.728018
0.531306
0.284183
0.726648
0.832159
0.507900
0.890345
0.287317
0.753945
0.009020
0.015894
0.822183
0.994346
0.489459
0.293823
0.596703
0.563407
0.152060
0.563407
0.596703
0.034082
0.202535
0.015506
0.994346
0.107731
0.108836
0.256140
0.492618
0.574724
0.490518
0.537249
0.219411
0.738720
0.494089
0.576057
0.075320
0.319136
0.822183
0.481124
0.066094
0.601154
0.738720
0.495780
0.723082
0.072515
0.728018
0.856837
0.176035
0.421718
0.055106
0.935595
0.136563
0.234835
0.717303
0.305267
0.807359
0.224357
0.188316
0.283467
0.626987
0.140409
0.911105
0.297822
0.630334
0.454997
0.506405
0.180906
0.376242
0.867438
0.289902
0.136955
0.777595
0.156657
0.282057
0.381704
0.545659
0.109759
0.073542
0.674340
0.000240
0.554426
