0.000000
0.000000
0.000431
0.000194
0.000000
0.000002
0.000000
0.000000
0.000000
0.000000
0.000000
0.000000
0.000000
0.000000
0.000000
0.000010
0.000000
0.000000
0.000000
0.000000
0.000000
0.000000
0.000000
0.000000
0.000000
0.000000
0.000000
0.000007
0.002074
0.000006
0.000000
0.000000
0.000000
0.000000
0.000010
0.000000
0.000000
0.000000
0.000000
0.000000
0.000000
0.000000
0.000000
0.000009
0.000000
0.000000
0.000000
0.000000
0.000000
0.000000
0.000000
0.000009
0.000199
0.000000
0.000000
0.000000
0.000000
0.000001
0.000000
0.001902
0.000000
0.000005
0.000000
0.000539
0.137271
0.000006
0.000000
0.000494
0.000006
0.000119
0.000000
0.000007
0.000002
0.000000
0.000006
0.000008
0.000007
0.193830
0.000075
0.000000
0.000000
0.000000
0.000112
0.000000
0.000006
0.000489
0.000006
0.000006
0.000000
0.000000
0.000000
0.000000
0.000000
0.000000
0.000000
0.000000
0.000007
0.000194
0.000432
0.000007
0.000489
0.000004
0.001494
0.000000
0.003487
0.000000
0.000009
0.000607
0.000000
0.000342
0.010113
0.000006
0.000539
0.000000
0.000000
0.000000
0.010968
0.000000
0.000005
0.000000
0.000000
0.000000
0.000011
0.000000
0.000000
0.000007
0.000000
0.000008
0.000000
0.000007
0.000005
0.000006
0.000159
0.000000
0.000000
0.000009
0.000377
0.000000
0.000000
0.000003
0.000011
0.000000
0.000000
0.000000
0.000000
0.000000
0.000000
0.000000
0.000000
0.000009
0.000000
0.000000
0.000000
0.000000
0.000000
0.000000
0.000000
0.000000
0.000000
0.000000
0.000000
0.000000
0.000000
0.000000
0.000000
0.000000
0.000000
0.000000
0.000000
0.000494
0.003797
0.012305
0.007252
0.000174
0.000663
0.000010
0.016407
0.000008
0.087825
0.000000
0.000010
0.000581
0.000009
0.000663
0.012305
0.000345
0.000532
0.000007
0.014687
0.007789
0.000194
0.000000
0.000000
0.000007
0.000002
0.000000
0.000000
0.000000
0.000000
0.000000
0.000000
0.000000
0.000000
0.000000
0.000000
0.000000
0.000010
0.000000
0.000000
0.000005
0.000000
0.000000
0.000000
0.000000
0.000000
0.000006
0.000009
0.000000
0.000005
0.000000
0.010968
0.000278
0.000432
0.000000
0.000000
0.002367
0.000000
0.000068
0.000377
0.000000
0.000000
0.000000
0.000432
0.000004
0.000000
0.000112
0.000000
0.000007
0.000000
0.000000
0.000000
0.000000
0.000000
0.000000
0.000009
0.000000
0.000000
0.000000
0.000000
0.000000
0.000000
0.000000
0.000000
0.000000
0.000000
0.000000
0.000009
0.000000
0.000000
0.000000
0.000000
0.000005
0.000000
0.000000
0.000489
0.000010
0.000342
0.000000
0.012417
0.101942
0.000000
0.000000
0.010968
0.000489
0.000000
0.000005
0.000342
0.000000
0.000009
0.000174
0.002580
0.000194
0.000009
0.000000
0.000005
0.000000
0.000000
0.000000
0.000000
0.000000
0.007229
0.010968
0.000011
0.000494
0.000000
0.000000
0.000000
0.000007
0.000005
0.000004
0.000000
0.000000
0.000007
0.000001
0.000000
0.000005
0.000000
0.000000
0.000007
0.000000
0.000000
0.000000
0.000000
0.000005
0.002934
0.000000
0.000011
0.005282
0.000068
0.000008
0.010904
0.000000
0.000000
0.000000
0.000532
0.000000
0.000011
0.000000
0.000006
0.000008
0.000000
0.000000
0.000009
0.000009
0.000010
0.000000
0.000000
0.000000
0.000342
0.000000
0.000004
0.000011
0.000000
0.000000
0.000000
0.000000
0.000000
0.000000
0.000006
0.000006
0.000000
0.000494
0.000000
0.000000
0.000000
0.000000
0.000494
0.000000
0.000000
0.000009
0.000000
0.000000
0.000000
0.000000
0.000000
0.000000
0.000000
0.000000
0.000000
0.000000
0.000000
0.000000
0.000000
0.000000
0.000000
0.000000
0.000000
0.000000
0.000000
0.000000
0.000000
0.000000
0.000000
0.000000
0.000000
0.000000
0.000000
0.000000
0.000000
0.000000
0.000000
0.000000
0.000000
0.000000
0.000000
0.000000
0.000000
0.000000
0.000000
0.000000
0.000000
0.000000
0.000000
0.000000
0.000000
0.000000
0.000000
0.000000
0.000086
0.000002
0.000000
0.000000
0.000000
0.000000
0.000000
0.000000
0.000000
0.000000
0.000000
0.000000
0.000000
0.000000
0.000000
0.000000
0.000006
0.000000
0.000006
0.000000
0.000000
0.000000
0.000000
0.000011
0.000000
0.000000
0.000726
0.000431
0.000006
0.000000
0.000000
0.000000
0.000377
0.000007
0.000000
0.000014
0.000759
0.000000
0.000005
0.000472
0.015302
0.000000
0.000000
0.000000
0.000006
0.000009
0.000000
0.000278
0.000005
0.000000
0.000000
0.000000
0.000000
0.000009
0.000011
0.000000
0.000000
0.000539
0.000006
0.000000
0.000000
0.000000
0.000000
0.000000
0.000000
0.000000
0.000000
0.000000
0.000000
0.013484
0.000010
0.000000
0.000000
0.000000
0.000005
0.000009
0.000009
0.000007
0.000000
0.000000
0.000000
0.000011
0.000000
0.000006
0.000000
0.000000
0.000000
0.000000
0.000008
0.000000
0.000000
0.000006
0.000000
0.000000
0.000000
0.000000
0.000000
0.000000
0.000000
0.000000
0.000000
0.000000
0.000000
0.000000
0.000000
0.000000
0.000000
0.000000
0.000002
0.000000
0.000000
0.000000
0.000000
0.000000
0.000000
0.000000
0.000011
0.000000
0.000000
0.000003
0.000009
0.000000
0.000000
0.000000
0.000000
0.000009
0.000000
0.000000
0.000000
0.000009
0.000010
0.000000
0.000000
0.000005
0.000000
0.000009
0.000342
0.000000
0.000000
0.000000
0.000010
0.000009
0.000000
0.000000
0.000009
0.000000
0.000000
0.000009
0.000000
0.000000
0.000000
0.000000
0.000008
0.000278
0.000000
0.012305
0.499995
0.000006
0.000000
0.000000
0.000000
0.000000
0.000000
0.000431
0.000633
0.000000
0.000000
0.008829
