0.785253
0.017254
0.713428
0.045270
0.915088
0.933908
0.291709
0.222374
0.455450
0.337254
0.858955
0.561576
0.126448
0.577659
0.250491
0.047878
0.302688
0.561576
0.561576
0.455450
0.400272
0.933908
0.455450
0.188505
0.915088
0.840387
0.400272
0.713428
0.126448
0.514670
0.250491
0.713428
0.627161
0.158602
0.785253
0.514670
0.561576
0.767097
0.291709
0.695834
0.069895
0.069895
0.627161
0.514670
0.222374
0.400272
0.400272
0.644058
0.695834
0.695834
0.085831
0.213524
0.767097
0.291709
0.291709
0.059610
0.000048
0.213524
0.213524
0.213524
0.990548
0.132436
0.990548
0.840387
0.915088
0.104582
0.441268
0.014194
0.188505
0.990548
0.840387
0.713428
0.302688
0.713428
0.858955
0.767097
0.090243
0.337254
0.785253
0.858955
0.387132
0.387132
0.109745
0.713428
0.713428
0.695834
0.073632
0.455450
0.499499
0.785253
0.767097
0.038152
0.349319
0.337254
0.713428
0.132436
0.132436
0.085831
0.387132
0.767097
0.028402
0.337254
0.840387
0.151719
0.337254
0.349319
0.695834
0.006207
0.499499
0.933908
0.109745
0.933908
0.260393
0.069895
0.695834
0.151719
0.785253
0.644058
0.644058
0.400272
0.858955
0.577659
0.990548
0.056474
0.104582
0.022227
0.915088
0.695834
0.349319
0.109745
0.349319
0.785253
0.400272
0.644058
0.499499
0.441268
0.045270
0.188505
0.158602
0.561576
0.222374
0.840387
0.028402
0.337254
0.577659
0.695834
0.990548
0.109745
0.915088
0.767097
0.785253
0.785253
0.441268
0.291709
0.577659
0.441268
0.915088
0.337254
0.302688
0.713428
0.627161
0.627161
0.514670
0.441268
0.036001
0.302688
0.840387
0.349319
0.577659
0.151719
0.577659
0.337254
0.151719
0.337254
0.499499
0.302688
0.302688
0.990548
0.302688
0.915088
0.132436
0.785253
0.188505
0.001693
0.337254
0.577659
0.441268
0.455450
0.038152
0.023650
0.627161
0.069895
0.785253
0.713428
0.337254
0.337254
0.785253
0.036001
0.387132
0.767097
0.073632
0.022227
0.059610
0.561576
0.915088
0.038152
0.455450
0.017254
0.499499
0.767097
0.695834
0.915088
0.840387
0.840387
0.349319
0.767097
0.644058
0.400272
0.499499
0.990548
0.499499
0.840387
0.291709
0.561576
0.213524
0.785253
0.250491
0.933908
0.627161
0.038152
0.840387
0.180666
0.858955
0.349319
0.767097
0.577659
0.858955
0.933908
0.840387
0.188505
0.713428
0.514670
0.126448
0.840387
0.627161
0.695834
0.455450
0.023650
0.915088
0.441268
0.400272
0.158602
0.915088
0.158602
0.441268
0.561576
0.514670
0.990548
0.915088
0.400272
0.030159
0.785253
0.047878
0.514670
0.291709
0.785253
0.858955
0.858955
0.126448
0.767097
0.222374
0.056474
0.499499
0.441268
0.915088
0.990548
0.767097
0.561576
0.109745
0.627161
0.695834
0.561576
0.017254
0.713428
0.695834
0.400272
0.627161
0.785253
0.785253
0.291709
0.387132
0.990548
0.000474
0.990548
0.933908
0.990548
0.151719
0.767097
0.151719
0.933908
0.151719
0.455450
0.915088
0.349319
0.577659
0.915088
0.514670
0.915088
0.213524
0.561576
0.006207
0.260393
0.250491
0.644058
0.713428
0.577659
0.577659
0.514670
0.767097
0.302688
0.349319
0.180666
0.713428
0.400272
0.104582
0.004302
0.085831
0.577659
0.785253
0.785253
0.990548
0.022227
0.915088
0.990548
0.627161
0.785253
0.561576
0.840387
0.785253
0.990548
0.514670
0.036001
0.499499
0.291709
0.840387
0.785253
0.158602
0.104582
0.260393
0.915088
0.767097
0.126448
0.767097
0.561576
0.090243
0.158602
0.132436
0.915088
0.250491
0.073632
0.915088
0.441268
0.561576
0.627161
0.073632
0.337254
0.441268
0.104582
0.158602
0.302688
0.840387
0.577659
0.213524
0.915088
0.069895
0.291709
0.455450
0.627161
0.349319
0.387132
0.158602
0.085831
0.038152
0.073632
0.441268
0.840387
0.514670
0.222374
0.933908
0.400272
0.644058
0.915088
0.017254
0.499499
0.933908
0.785253
0.561576
0.990548
0.644058
0.213524
0.627161
0.577659
0.126448
0.990548
0.514670
0.627161
0.627161
0.767097
0.006207
0.713428
0.644058
0.222374
0.767097
0.151719
0.990548
0.644058
0.577659
0.222374
0.840387
0.767097
0.085831
0.499499
0.126448
0.858955
0.695834
0.514670
0.260393
0.915088
0.337254
0.933908
0.400272
0.188505
0.767097
0.455450
0.291709
0.933908
0.441268
0.455450
0.180666
0.056474
0.499499
0.713428
0.455450
0.577659
0.785253
0.713428
0.514670
0.561576
0.073632
0.213524
0.056474
0.695834
0.337254
0.455450
0.499499
0.990548
0.455450
0.695834
0.017254
0.858955
0.151719
0.126448
0.561576
0.109745
0.455450
0.455450
0.441268
0.104582
0.514670
0.627161
0.441268
0.767097
0.291709
0.627161
0.577659
0.713428
0.713428
0.644058
0.038152
0.126448
0.069895
0.302688
0.349319
0.499499
0.441268
0.514670
0.499499
0.126448
0.455450
0.030159
0.767097
0.151719
0.561576
0.073632
0.561576
0.291709
0.767097
0.400272
0.627161
0.250491
0.126448
0.785253
0.990548
0.858955
0.915088
0.387132
0.337254
0.499499
0.349319
0.349319
0.499499
0.695834
0.577659
0.644058
0.260393
0.561576
0.577659
0.104582
0.337254
0.036001
0.387132
0.695834
0.785253
0.291709
0.400272
0.695834
0.695834
0.441268
0.132436
0.151719
0.561576
0.695834
0.151719
0.400272
0.455450
0.302688
0.250491
0.151719
0.858955
0.349319
0.069895
0.387132
0.302688
0.713428
0.090243
0.030159
0.455450
0.933908
0.915088
0.644058
0.337254
0.785253
0.514670
0.387132
0.349319
0.222374
0.349319
0.180666
0.858955
0.455450
0.038152
0.644058
0.004302
0.644058
0.514670
0.018396
0.915088
0.561576
0.990548
0.045270
0.785253
0.073632
0.291709
0.349319
0.222374
0.104582
