0.637030
0.993223
0.762440
0.453232
0.273894
0.917581
0.809762
0.184573
0.070252
0.733464
0.079707
0.510543
0.519081
0.158261
0.252749
0.752811
0.743149
0.627566
0.326412
0.477258
0.871626
0.781565
0.453232
0.469159
0.176719
0.308127
0.665695
0.314134
0.752811
0.930921
0.002935
0.930921
0.618155
0.637030
0.937166
0.948758
0.101880
0.154764
0.135085
0.879828
0.809762
0.123145
0.924389
0.332684
0.818985
0.684982
0.407651
0.485447
0.008450
0.863239
0.590279
0.252749
0.656099
0.196875
0.372205
0.572025
0.837097
0.445405
0.871626
0.430027
0.284965
0.000000
0.407651
0.365391
0.694661
0.665695
0.326412
0.762440
0.169138
0.879828
0.372205
0.055634
0.141402
0.762440
0.837097
0.075803
0.065052
0.097073
0.723765
0.010256
0.042543
0.302207
0.223438
0.011284
0.117512
0.180612
0.007171
0.033142
0.422476
0.188603
0.743149
0.055634
0.029587
0.772028
0.205434
0.033142
0.345496
0.422476
0.545196
0.800443
0.024167
0.469159
0.995789
0.618155
0.161822
0.339045
0.057117
0.209823
0.036050
0.581117
0.762440
0.536409
0.572025
0.982328
0.895620
0.068481
0.223438
0.871626
0.228128
0.608801
0.608801
0.379110
0.910508
0.345496
0.752811
0.800443
0.314134
0.485447
0.608801
0.997555
0.284965
0.608801
0.326412
0.461150
0.917581
0.618155
0.242664
0.422476
0.627566
0.138214
0.723765
0.762440
0.415017
0.106885
0.723765
0.039179
0.379110
0.232895
0.694661
0.837097
0.279387
0.665695
0.527703
0.871626
0.000019
0.422476
0.646543
0.845961
0.818985
0.637030
0.223438
0.407651
0.863239
0.469159
0.151331
0.088029
0.684982
0.618155
0.675324
0.453232
0.393196
0.023470
0.887831
0.627566
0.646543
0.743149
0.665695
0.273894
0.903184
0.407651
0.279387
0.618155
0.910508
0.733464
0.075803
0.646543
0.618155
0.386107
0.273894
0.263158
0.519081
0.646543
0.314134
0.781565
0.326412
0.004627
0.209823
0.422476
0.968145
0.050031
0.422476
0.205434
0.854679
0.910508
0.937166
0.001123
0.733464
0.112094
0.430027
0.743149
0.581117
0.019066
0.109463
0.656099
0.762440
0.445405
0.924389
0.948758
0.218825
0.097073
0.646543
0.172895
0.126045
0.519081
0.963785
0.165447
0.975882
0.903184
0.994616
0.828101
0.554062
0.092458
0.675324
0.485447
0.627566
0.308127
0.422476
0.646543
0.930921
0.903184
0.646543
0.963785
0.268484
0.781565
0.845961
0.485447
0.646543
0.415017
0.910508
0.372205
0.284965
0.554062
0.135085
0.519081
0.563006
0.510543
0.975882
0.461150
0.386107
0.510543
0.422476
0.242664
0.135085
0.608801
0.581117
0.637030
0.326412
0.065052
0.345496
0.968145
0.675324
0.930921
0.461150
0.937166
0.075803
0.837097
0.809762
0.257913
0.781565
0.358668
0.527703
0.959098
0.704356
0.085883
0.554062
0.172895
0.545196
0.016896
0.590279
0.772028
0.510543
0.800443
0.172895
0.581117
0.563006
0.192703
0.809762
0.895620
0.218825
0.407651
0.502090
0.694661
0.135085
0.656099
0.854679
0.015415
0.232895
0.165447
0.743149
0.296374
0.519081
0.704356
0.445405
0.818985
0.554062
0.917581
0.290627
0.665695
0.809762
0.430027
0.112094
0.887831
0.694661
0.510543
0.963785
0.959098
0.502090
0.854679
0.320229
0.910508
0.469159
0.332684
0.572025
0.743149
0.545196
0.554062
0.943115
0.379110
0.917581
0.372205
0.599508
0.090221
0.192703
0.895620
0.063393
0.837097
0.358668
0.665695
0.332684
0.000025
0.088029
0.025618
0.493724
0.733464
0.781565
0.085883
0.188603
0.963785
0.948758
0.132014
0.762440
0.308127
0.581117
0.733464
0.733464
0.937166
0.461150
0.743149
0.101880
0.854679
0.422476
0.352037
0.477258
0.485447
0.158261
0.917581
0.791040
0.800443
0.279387
0.302207
0.563006
0.809762
0.818985
0.477258
0.618155
0.694661
0.247667
0.106885
0.196875
0.675324
0.800443
0.247667
0.123145
0.009314
0.800443
0.040274
0.232895
0.910508
0.201118
0.290627
0.871626
0.339045
0.339045
0.209823
0.273894
0.694661
0.051384
0.809762
0.232895
0.863239
0.714060
0.948758
0.895620
0.723765
0.863239
0.461150
0.618155
0.123145
0.887831
0.358668
0.772028
0.290627
0.599508
0.871626
0.358668
0.109463
0.895620
0.519081
0.017416
0.407651
0.003265
0.656099
0.445405
0.572025
0.618155
0.493724
0.917581
0.000926
0.637030
0.345496
0.024883
0.120301
0.081722
0.733464
0.172895
0.000533
0.326412
0.863239
0.519081
0.818985
0.027145
0.618155
0.527703
0.097073
0.051384
0.085883
0.461150
0.365391
0.047417
0.733464
0.733464
0.665695
0.863239
0.937166
0.493724
0.772028
0.051384
0.581117
0.993223
0.818985
0.358668
0.733464
0.180612
0.493724
0.519081
0.461150
0.879828
0.469159
0.723765
0.129001
0.924389
0.704356
0.743149
0.989700
0.237740
0.180612
0.665695
0.781565
0.930921
0.599508
0.126045
0.273894
0.393196
0.723765
0.033142
0.554062
0.445405
0.887831
0.038111
0.554062
0.675324
0.743149
0.924389
0.871626
0.665695
0.943115
0.386107
0.290627
0.296374
0.879828
0.959098
0.828101
0.791040
0.422476
0.477258
0.762440
0.007916
0.772028
0.545196
0.161822
0.527703
0.910508
0.308127
0.120301
0.247667
0.422476
0.242664
0.358668
0.879828
0.723765
0.205434
0.332684
0.993223
0.879828
0.590279
0.863239
0.214287
0.800443
0.099452
0.135085
0.085883
0.924389
0.924389
0.290627
0.345496
0.242664
0.273894
0.075803
0.694661
0.218825
0.646543
0.358668
0.618155
0.968145
0.809762
0.937166
0.646543
0.214287
0.608801
0.268484
0.675324
0.752811
0.910508
0.077734
0.223438
0.000370
0.781565
0.063393
0.228128
0.502090
0.352037
0.608801
0.646543
0.599508
0.308127
0.871626
