0.637030
0.563006
0.993223
0.948758
0.762440
0.554062
0.453232
0.461150
0.273894
0.273894
0.917581
0.599508
0.809762
0.453232
0.184573
0.386107
0.070252
0.065052
0.733464
0.527703
0.079707
0.060185
0.510543
0.627566
0.519081
0.930921
0.158261
0.114776
0.252749
0.599508
0.752811
0.772028
0.743149
0.743149
0.627566
0.733464
0.326412
0.379110
0.477258
0.247667
0.871626
0.502090
0.781565
0.959098
0.453232
0.284965
0.469159
0.510543
0.176719
0.422476
0.308127
0.461150
0.665695
0.895620
0.314134
0.554062
0.752811
0.554062
0.930921
0.975882
0.002935
0.001212
0.930921
0.917581
0.618155
0.837097
0.637030
0.445405
0.937166
0.854679
0.948758
0.733464
0.101880
0.453232
0.154764
0.242664
0.135085
0.545196
0.879828
0.854679
0.809762
0.972177
0.123145
0.158261
0.924389
0.871626
0.332684
0.800443
0.818985
0.646543
0.684982
0.845961
0.407651
0.422476
0.485447
0.694661
0.008450
0.042543
0.863239
0.714060
0.590279
0.572025
0.252749
0.519081
0.656099
0.818985
0.196875
0.345496
0.372205
0.502090
0.572025
0.879828
0.837097
0.948758
0.445405
0.237740
0.871626
0.854679
0.430027
0.415017
0.284965
0.247667
0.000000
0.000002
0.407651
0.485447
0.365391
0.214287
0.694661
0.781565
0.665695
0.437670
0.326412
0.400378
0.762440
0.358668
0.169138
0.120301
0.879828
0.845961
0.372205
0.365391
0.055634
0.273894
0.141402
0.469159
0.762440
0.752811
0.837097
0.665695
0.075803
0.037068
0.065052
0.352037
0.097073
0.461150
0.723765
0.723765
0.010256
0.007916
0.042543
0.151331
0.302207
0.510543
0.223438
0.453232
0.011284
0.024167
0.117512
0.077734
0.180612
0.684982
0.007171
0.006938
0.033142
0.015895
0.422476
0.937166
0.188603
0.205434
0.743149
0.430027
0.055634
0.046155
0.029587
0.055634
0.772028
0.320229
0.205434
0.437670
0.033142
0.106885
0.345496
0.247667
0.422476
0.599508
0.545196
0.599508
0.800443
0.752811
0.024167
0.046155
0.469159
0.184573
0.995789
0.991590
0.618155
0.379110
0.161822
0.169138
0.339045
0.590279
0.057117
0.092458
0.209823
0.599508
0.036050
0.044922
0.581117
0.339045
0.762440
0.618155
0.536409
0.563006
0.572025
0.386107
0.982328
0.930921
0.895620
0.422476
0.068481
0.088029
0.223438
0.393196
0.871626
0.887831
0.228128
0.024883
0.608801
0.723765
0.608801
0.176719
0.379110
0.232895
0.910508
0.772028
0.345496
0.218825
0.752811
0.461150
0.800443
0.252749
0.314134
0.590279
0.485447
0.061771
0.608801
0.461150
0.997555
0.924389
0.284965
0.332684
0.608801
0.263158
0.326412
0.123145
0.461150
0.536409
0.917581
0.996761
0.618155
0.963785
0.242664
0.422476
0.422476
0.257913
0.627566
0.646543
0.138214
0.176719
0.723765
0.461150
0.762440
0.968145
0.415017
0.176719
0.106885
0.345496
0.723765
0.979264
0.039179
0.039179
0.379110
0.352037
0.232895
0.214287
0.694661
0.618155
0.837097
0.477258
0.279387
0.477258
0.665695
0.510543
0.527703
0.437670
0.871626
0.863239
0.000019
0.000146
0.422476
0.176719
0.646543
0.959098
0.845961
0.545196
0.818985
0.656099
0.637030
0.837097
0.223438
0.180612
0.407651
0.154764
0.863239
0.879828
0.469159
0.895620
0.151331
0.141402
0.088029
0.422476
0.684982
0.762440
0.618155
0.407651
0.675324
0.887831
0.453232
0.437670
0.393196
0.545196
0.023470
0.029587
0.887831
0.959098
0.627566
0.493724
0.646543
0.924389
0.743149
0.393196
0.665695
0.675324
0.273894
0.196875
0.903184
0.694661
0.407651
0.320229
0.279387
0.415017
0.618155
0.386107
0.910508
0.684982
0.733464
0.519081
0.075803
0.114776
0.646543
0.910508
0.618155
0.379110
0.386107
0.791040
0.273894
0.637030
0.263158
0.372205
0.519081
0.845961
0.646543
0.563006
0.314134
0.365391
0.781565
0.791040
0.326412
0.117512
0.004627
0.016896
0.209823
0.461150
0.422476
0.302207
0.968145
0.999577
0.050031
0.024167
0.422476
0.112094
0.205434
0.201118
0.854679
0.545196
0.910508
0.943115
0.937166
0.903184
0.001123
0.017416
0.733464
0.828101
0.112094
0.060185
0.430027
0.772028
0.743149
0.675324
0.581117
0.975882
0.019066
0.004029
0.109463
0.572025
0.656099
0.895620
0.762440
0.510543
0.445405
0.536409
0.924389
0.924389
0.948758
0.979264
0.218825
0.308127
0.097073
0.242664
0.646543
0.519081
0.172895
0.242664
0.126045
0.135085
0.519081
0.527703
0.963785
0.948758
0.165447
0.151331
0.975882
0.781565
0.903184
0.968145
0.994616
0.963785
0.828101
0.554062
0.554062
0.430027
0.092458
0.129001
0.675324
0.502090
0.485447
0.895620
0.627566
0.545196
0.308127
0.365391
0.422476
0.675324
0.646543
0.477258
0.930921
0.733464
0.903184
0.445405
0.646543
0.903184
0.963785
0.982328
0.268484
0.223438
0.781565
0.519081
0.845961
0.545196
0.485447
0.646543
0.646543
0.675324
0.415017
0.871626
0.910508
0.536409
0.372205
0.581117
0.284965
0.581117
0.554062
0.656099
0.135085
0.135085
0.519081
0.461150
0.563006
0.252749
0.510543
0.252749
0.975882
0.871626
0.461150
0.572025
0.386107
0.302207
0.510543
0.646543
0.422476
0.326412
0.242664
0.326412
0.135085
0.114776
0.608801
0.752811
0.581117
0.684982
0.637030
0.123145
0.326412
0.762440
0.065052
0.051384
0.345496
0.519081
0.968145
0.979264
0.675324
0.519081
0.930921
0.637030
0.461150
0.218825
0.937166
0.581117
0.075803
0.057117
0.837097
0.572025
0.809762
0.510543
0.257913
0.296374
0.781565
0.845961
0.358668
0.800443
0.527703
0.437670
0.959098
0.554062
0.704356
0.599508
0.085883
0.151331
0.554062
0.675324
0.172895
0.165447
0.545196
0.752811
0.016896
0.060185
0.590279
0.581117
0.772028
0.781565
0.510543
0.930921
0.800443
0.339045
0.172895
0.184573
0.581117
0.308127
0.563006
0.400378
0.192703
0.101880
0.809762
0.723765
0.895620
0.572025
0.218825
0.656099
0.407651
0.273894
0.502090
0.477258
0.694661
0.453232
0.135085
0.192703
0.656099
0.393196
0.854679
0.332684
0.015415
0.022790
0.232895
0.599508
0.165447
0.437670
0.743149
0.828101
0.296374
0.192703
0.519081
0.085883
0.704356
0.704356
0.445405
0.800443
0.818985
0.845961
0.554062
0.910508
0.917581
0.930921
0.290627
0.228128
0.665695
0.510543
0.809762
0.665695
0.430027
0.279387
0.112094
0.109463
0.887831
0.809762
0.694661
0.714060
0.510543
0.608801
0.963785
0.772028
0.959098
0.954088
0.502090
0.809762
0.854679
0.845961
0.320229
0.242664
0.910508
0.837097
0.469159
0.563006
0.332684
0.733464
0.572025
0.242664
0.743149
0.694661
0.545196
0.837097
0.554062
0.684982
0.943115
0.968145
0.379110
0.581117
0.917581
0.656099
0.372205
0.618155
0.599508
0.493724
0.090221
0.135085
0.192703
0.477258
0.895620
0.646543
0.063393
0.065052
0.837097
0.752811
0.358668
0.723765
0.665695
0.407651
0.332684
0.791040
0.000025
0.000153
0.088029
0.273894
0.025618
0.048708
0.493724
0.393196
0.733464
0.263158
0.781565
0.675324
0.085883
0.044922
0.188603
0.154764
0.963785
0.968145
0.948758
0.608801
0.132014
0.273894
0.762440
0.296374
0.308127
0.320229
0.581117
0.809762
0.733464
0.618155
0.733464
0.665695
0.937166
0.989700
0.461150
0.453232
0.743149
0.502090
0.101880
0.141402
0.854679
0.863239
0.422476
0.407651
0.352037
0.296374
0.477258
0.545196
0.485447
0.445405
0.158261
0.257913
0.917581
0.996761
0.791040
0.985082
0.800443
0.461150
0.279387
0.563006
0.302207
0.151331
0.563006
0.675324
0.809762
0.519081
0.818985
0.828101
0.477258
0.637030
0.618155
0.743149
0.694661
0.469159
0.247667
0.358668
0.106885
0.057117
0.196875
0.060185
0.675324
0.879828
0.800443
0.527703
0.247667
0.073913
0.123145
0.352037
0.009314
0.027145
0.800443
0.743149
0.040274
0.057117
0.232895
0.169138
0.910508
0.646543
0.201118
0.123145
0.290627
0.332684
0.871626
0.818985
0.339045
0.618155
0.339045
0.048708
0.209823
0.058634
0.273894
0.608801
0.694661
0.665695
0.051384
0.057117
0.809762
0.493724
0.232895
0.415017
0.863239
0.871626
0.714060
0.192703
0.948758
0.985082
0.895620
0.999365
0.723765
0.477258
0.863239
0.809762
0.461150
0.273894
0.618155
0.469159
0.123145
0.109463
0.887831
0.863239
0.358668
0.422476
0.772028
0.656099
0.290627
0.791040
0.599508
0.536409
0.871626
0.358668
0.358668
0.326412
0.109463
0.042543
0.895620
0.608801
0.519081
0.895620
0.017416
0.024167
0.407651
0.646543
0.003265
0.003152
0.656099
0.407651
0.445405
0.704356
0.572025
0.242664
0.618155
0.963785
0.493724
0.209823
0.917581
0.714060
0.000926
0.002543
0.637030
0.818985
0.345496
0.296374
0.024883
0.184573
0.120301
0.088029
0.081722
0.083781
0.733464
0.772028
0.172895
0.158261
0.000533
0.001971
0.326412
0.339045
0.863239
0.989700
0.519081
0.762440
0.818985
0.527703
0.027145
0.031320
0.618155
0.599508
0.527703
0.345496
0.097073
0.040274
0.051384
0.048708
0.085883
0.138214
0.461150
0.502090
0.365391
0.599508
0.047417
0.042543
0.733464
0.723765
0.733464
0.407651
0.665695
0.665695
0.863239
0.723765
0.937166
0.887831
0.493724
0.469159
0.772028
0.646543
0.051384
0.061771
0.581117
0.461150
0.993223
0.863239
0.818985
0.675324
0.358668
0.743149
0.733464
0.608801
0.180612
0.129001
0.493724
0.871626
0.519081
0.445405
0.461150
0.903184
0.879828
0.365391
0.469159
0.694661
0.723765
0.987535
0.129001
0.172895
0.924389
0.665695
0.704356
0.917581
0.743149
0.581117
0.989700
0.879828
0.237740
0.180612
0.180612
0.083781
0.665695
0.704356
0.781565
0.646543
0.930921
0.581117
0.599508
0.903184
0.126045
0.083781
0.273894
0.743149
0.393196
0.358668
0.723765
0.968145
0.033142
0.352037
0.554062
0.791040
0.445405
0.257913
0.887831
0.675324
0.038111
0.052768
0.554062
0.393196
0.675324
0.871626
0.743149
0.991590
0.924389
0.863239
0.871626
0.563006
0.665695
0.879828
0.943115
0.723765
0.386107
0.743149
0.290627
0.345496
0.296374
0.379110
0.879828
0.972177
0.959098
0.608801
0.828101
0.733464
0.791040
0.379110
0.422476
0.123145
0.477258
0.268484
0.762440
0.415017
0.007916
0.005304
0.772028
0.871626
0.545196
0.493724
0.161822
0.094742
0.527703
0.818985
0.910508
0.954088
0.308127
0.675324
0.120301
0.284965
0.247667
0.058634
0.422476
0.332684
0.242664
0.209823
0.358668
0.228128
0.879828
0.997555
0.723765
0.887831
0.205434
0.273894
0.332684
0.302207
0.993223
0.987535
0.879828
0.887831
0.590279
0.637030
0.863239
0.917581
0.214287
0.445405
0.800443
0.461150
0.099452
0.073913
0.135085
0.510543
0.085883
0.042543
0.924389
0.943115
0.924389
0.684982
0.290627
0.828101
0.345496
0.723765
0.242664
0.218825
0.273894
0.232895
0.075803
0.057117
0.694661
0.837097
0.218825
0.493724
0.646543
0.772028
0.358668
0.247667
0.618155
0.493724
0.968145
0.937166
0.809762
0.879828
0.937166
0.985082
0.646543
0.172895
0.214287
0.314134
0.608801
0.590279
0.268484
0.242664
0.675324
0.469159
0.752811
0.365391
0.910508
0.800443
0.077734
0.158261
0.223438
0.120301
0.000370
0.001259
0.781565
0.279387
0.063393
0.332684
0.228128
0.180612
0.502090
0.430027
0.352037
0.694661
0.608801
0.572025
0.646543
0.637030
0.599508
0.903184
0.308127
0.214287
0.871626
0.948758
