0.028402
0.213524
0.017254
0.260393
0.990548
0.222374
0.858955
0.990548
0.151719
0.767097
0.090243
0.151719
0.260393
0.349319
0.644058
0.767097
0.990548
0.005774
0.073632
0.785253
0.337254
0.785253
0.561576
0.858955
0.561576
0.933908
0.514670
0.627161
0.126448
0.455450
0.151719
0.455450
0.180666
0.188505
0.337254
0.933908
0.455450
0.158602
0.767097
0.915088
0.644058
0.785253
0.109745
0.644058
0.499499
0.499499
0.785253
0.499499
0.627161
0.158602
0.302688
0.441268
0.455450
0.561576
0.180666
0.028402
0.644058
0.915088
0.499499
0.767097
0.933908
0.030159
0.499499
0.023650
0.260393
0.933908
0.915088
0.222374
0.250491
0.158602
0.644058
0.090243
0.441268
0.915088
0.302688
0.933908
0.767097
0.260393
0.291709
0.577659
0.840387
0.180666
0.090243
0.151719
0.933908
0.291709
0.337254
0.387132
0.990548
0.387132
0.767097
0.627161
0.514670
0.004302
0.109745
0.695834
0.213524
0.291709
0.990548
0.047878
0.695834
0.291709
0.514670
0.260393
0.577659
0.840387
0.126448
0.441268
0.260393
0.337254
0.291709
0.915088
0.858955
0.915088
0.561576
0.514670
0.933908
0.337254
0.785253
0.250491
0.302688
0.499499
0.627161
0.990548
0.840387
0.132436
0.132436
0.059610
0.499499
0.627161
0.695834
0.151719
0.180666
0.291709
0.400272
0.222374
0.767097
0.349319
0.499499
0.627161
0.291709
0.387132
0.915088
0.180666
0.514670
0.785253
0.933908
0.499499
0.151719
0.858955
0.090243
0.933908
0.302688
0.915088
0.767097
0.222374
0.291709
0.158602
0.713428
0.004302
0.104582
0.858955
0.858955
0.349319
0.387132
0.990548
0.222374
0.400272
0.933908
0.577659
0.069895
0.028402
0.561576
0.349319
0.858955
0.627161
0.126448
0.933908
0.840387
0.045270
0.250491
0.059610
0.455450
0.387132
0.933908
0.990548
0.499499
0.030159
0.302688
0.990548
0.785253
0.085831
0.785253
0.151719
0.840387
0.151719
0.713428
0.695834
0.915088
0.180666
0.387132
0.337254
0.990548
0.151719
0.260393
0.644058
0.000872
0.713428
0.441268
0.038152
0.858955
0.990548
0.260393
0.455450
0.349319
0.858955
0.291709
0.713428
0.644058
0.713428
0.933908
0.222374
0.000949
0.188505
0.387132
0.291709
0.840387
0.073632
0.455450
0.400272
0.455450
0.455450
0.073632
0.038152
0.337254
0.036001
0.695834
0.337254
0.577659
0.561576
0.858955
0.387132
0.387132
0.059610
0.349319
0.109745
0.222374
0.007686
0.499499
0.840387
0.337254
0.387132
0.151719
0.695834
0.104582
0.441268
0.337254
0.441268
0.915088
0.644058
0.337254
0.713428
0.990548
0.073632
0.695834
0.644058
0.126448
0.387132
0.577659
0.561576
0.990548
0.056474
0.213524
0.990548
0.337254
0.785253
0.132436
0.349319
0.713428
0.915088
0.627161
0.644058
0.400272
0.045270
0.441268
0.713428
0.158602
0.933908
0.387132
0.627161
0.109745
0.713428
0.151719
0.695834
0.858955
0.180666
0.400272
0.990548
0.056474
0.785253
0.085831
0.695834
0.695834
0.291709
0.577659
0.767097
0.222374
0.455450
0.073632
0.455450
0.126448
0.499499
0.022227
0.713428
0.455450
0.713428
0.840387
0.387132
0.858955
0.785253
0.858955
0.250491
0.644058
0.499499
0.222374
0.441268
0.213524
0.260393
0.933908
0.059610
0.561576
0.627161
0.104582
0.302688
0.915088
0.073632
0.302688
0.006207
0.188505
0.030159
0.126448
0.158602
0.400272
0.400272
0.213524
0.180666
0.349319
0.109745
0.577659
0.514670
0.514670
0.933908
0.840387
0.695834
0.441268
0.349319
0.933908
0.785253
0.514670
0.151719
0.577659
0.499499
0.213524
0.349319
0.695834
0.713428
0.400272
0.915088
0.990548
0.785253
0.767097
0.915088
0.222374
0.499499
0.222374
0.004302
0.990548
0.126448
0.045270
0.713428
0.933908
0.627161
0.090243
0.260393
0.627161
0.644058
0.577659
0.840387
0.713428
0.222374
0.007686
0.695834
0.713428
0.514670
0.158602
0.349319
0.933908
0.013286
0.499499
0.213524
0.785253
0.291709
0.577659
0.785253
0.695834
0.455450
0.302688
0.627161
0.349319
0.158602
0.577659
0.577659
0.400272
0.151719
0.151719
0.056474
0.387132
0.030159
0.627161
0.840387
0.840387
0.627161
0.915088
0.858955
0.222374
0.387132
0.038152
0.441268
0.028402
0.915088
0.387132
0.085831
0.109745
0.349319
0.349319
0.337254
0.059610
0.017254
0.514670
0.858955
0.695834
0.291709
0.302688
0.627161
0.767097
0.104582
0.337254
0.387132
0.260393
0.260393
0.644058
0.045270
0.767097
0.713428
0.441268
0.302688
0.915088
0.561576
0.713428
0.349319
0.004302
0.455450
0.158602
0.514670
0.514670
0.933908
0.785253
0.767097
0.337254
0.644058
0.387132
0.180666
0.126448
0.455450
0.990548
0.561576
0.627161
0.337254
0.250491
0.291709
0.561576
0.644058
0.056474
0.915088
0.695834
0.018396
0.644058
0.260393
0.644058
0.644058
0.499499
0.767097
0.059610
0.126448
0.400272
0.644058
0.302688
0.858955
0.577659
0.785253
0.695834
0.933908
0.767097
0.400272
0.349319
0.858955
0.349319
0.400272
0.260393
0.713428
0.090243
0.990548
0.695834
0.151719
0.260393
0.059610
0.441268
0.713428
0.349319
0.577659
0.933908
0.644058
0.561576
0.387132
0.840387
0.337254
0.213524
0.785253
0.499499
0.767097
0.000209
0.260393
0.291709
0.250491
0.291709
0.056474
0.840387
0.840387
0.695834
0.767097
0.455450
0.514670
0.126448
0.561576
0.132436
0.695834
0.085831
0.213524
0.302688
0.180666
0.010147
0.858955
0.577659
0.713428
0.337254
0.151719
0.400272
0.840387
0.933908
0.933908
0.499499
0.627161
0.627161
0.085831
0.158602
0.109745
0.180666
0.713428
0.455450
0.126448
0.188505
0.387132
0.180666
0.349319
0.933908
0.109745
