0.249910
0.822576
0.245873
0.967675
0.512223
0.064656
0.099537
0.561087
0.061286
0.903929
0.482366
0.324022
0.886667
0.235589
0.020959
0.389809
0.593703
0.625142
0.540551
0.697578
0.723302
0.852772
0.883413
0.157694
0.307640
0.622006
0.888359
0.360161
0.802549
0.919517
0.167259
0.676599
0.419363
0.469739
0.789073
0.157415
0.894904
0.652112
0.719923
0.042652
0.723596
0.000481
0.014461
0.702530
0.251340
0.856783
0.656654
0.029623
0.214629
0.680340
0.715313
0.929064
0.019597
0.481425
0.151718
0.767981
0.381861
0.696093
0.360022
0.949554
0.914301
0.196132
0.839491
0.279970
0.885240
0.713025
0.143464
0.898653
0.751449
0.490841
0.569345
0.190818
0.614046
0.727668
0.137848
0.000908
0.597540
0.910268
0.135007
0.057108
0.486337
0.108762
0.285700
0.479716
0.425070
0.184970
0.130790
0.680876
0.875332
0.586472
0.818089
0.550649
0.291152
0.565070
0.759437
0.671336
0.907305
0.339244
0.363830
0.906418
0.944658
0.553554
0.120307
0.486841
0.104818
0.571582
0.029442
0.589059
0.266130
0.737350
0.351204
0.635802
0.614031
0.092548
0.141403
0.854753
0.937313
0.260324
0.162453
0.541670
0.306490
0.803879
0.884479
0.458913
0.937203
0.309524
0.013678
0.608905
0.315601
0.311603
0.982749
0.338550
0.798130
0.751755
0.601957
0.437547
0.638630
0.776503
0.520333
0.163754
0.853605
0.096152
0.705896
0.238233
0.839983
0.696580
0.256667
0.186907
0.424261
0.419667
0.245165
0.977759
0.693042
0.678951
0.902103
0.024209
0.777799
0.241450
0.495402
0.282072
0.176770
0.887544
0.885782
0.148361
0.989537
0.184670
0.523738
0.143215
0.319555
0.987029
0.256128
0.490689
0.776980
0.846430
0.171735
0.460045
0.965290
0.197857
0.253338
0.516217
0.612315
0.776480
0.929096
0.438114
0.094961
0.849839
0.085649
0.383502
0.794471
0.874644
0.058184
0.016013
0.300554
0.747735
0.188929
0.769143
0.293592
0.984456
0.151425
0.745167
0.048465
0.069840
0.541359
0.083768
0.753619
0.207797
0.192427
0.045613
0.388643
0.435021
0.540268
0.966301
0.068086
0.481869
0.543897
0.351268
0.689421
0.236083
0.800060
0.958211
0.405629
0.122178
0.461515
0.411013
0.938116
0.382752
0.539887
0.120725
0.743345
0.136904
0.206273
0.073627
0.610627
0.479795
0.373169
0.818470
0.342785
0.634109
0.892769
0.123522
0.121597
0.334743
0.260063
0.815136
0.467248
0.502997
0.447705
0.600399
0.128318
0.524528
0.507499
0.524103
0.327117
0.847854
0.427722
0.525945
0.456256
0.813985
0.644081
0.983907
0.589277
0.209964
0.235974
0.980646
0.143733
0.353731
0.139876
0.537572
0.380832
0.064566
0.164650
0.688172
0.009494
0.859416
0.237856
0.776226
0.300271
0.112931
0.502037
0.947558
0.366342
0.444967
0.552813
0.197180
0.862538
0.999108
0.982749
0.376372
0.069689
0.925661
0.724105
0.486611
0.320239
0.886690
0.466115
0.876689
0.153616
0.690831
0.566814
0.990334
0.491548
0.986099
0.854625
0.462611
0.114092
0.008711
0.650979
0.130567
0.964745
0.098734
0.661859
0.054240
0.352489
0.635063
0.546291
0.936544
0.592323
0.454672
0.657084
0.480606
0.539826
0.155553
0.998261
0.176745
0.722559
0.292758
0.353723
0.258373
0.691693
0.712338
0.637710
0.852150
0.388622
0.416048
0.367213
0.008981
0.003092
0.885407
0.754242
0.465901
0.037634
0.030722
0.223810
0.204488
0.870704
0.723700
0.770456
0.652797
0.300642
0.445263
0.302942
0.914438
0.948643
0.433973
0.776814
0.657385
0.348969
0.129595
0.431693
0.893319
0.005680
0.180254
0.820793
0.147882
0.963925
0.867469
0.790016
0.659672
0.953488
0.723681
0.071300
0.424716
0.240324
0.692030
0.354812
0.428403
0.881349
0.250680
0.410858
0.106728
0.781955
0.514691
0.928662
0.249409
0.631951
0.732804
0.178561
0.135220
0.805985
0.990375
0.231953
0.916917
0.063837
0.407019
0.558242
0.714950
0.573015
0.739109
0.406537
0.717842
0.945009
0.737909
0.299949
0.413745
0.017296
0.536342
0.856440
0.880766
0.129213
0.303450
0.000969
0.682996
0.004023
0.282262
0.273625
0.291420
0.164711
0.237408
0.556249
0.195933
0.187334
0.915070
0.440859
0.651022
0.232344
0.747996
0.985540
0.743373
0.722306
0.813435
0.400988
0.182694
0.395668
0.655743
0.833822
0.541925
0.796035
0.061004
0.559515
0.935476
0.352260
0.938515
0.508930
0.996345
0.401367
0.732385
0.592624
0.780674
0.939524
0.857675
0.730504
0.387619
0.438801
0.978242
0.918324
0.125159
0.681400
0.956421
0.857078
0.208935
0.115635
0.859017
0.170255
0.747247
0.036205
0.787596
0.965290
0.093787
0.341543
0.663730
0.106066
0.770754
0.147487
0.194155
0.158283
0.482588
0.597590
0.957457
0.455862
0.885588
0.593517
0.856781
0.732351
0.536760
0.188371
0.024772
0.284093
0.229237
0.401129
0.600424
0.473135
0.643309
0.080802
0.877911
0.620179
0.019388
0.853817
0.852757
0.279273
0.065258
0.993269
0.314889
0.896453
0.556430
0.488686
0.839262
0.888728
0.472649
0.581925
0.918616
0.843460
0.313192
0.749835
0.335107
0.561969
0.279166
0.633462
0.044214
0.842284
0.289055
0.319532
0.850501
0.424105
0.860195
0.370214
0.872926
0.124155
0.393844
0.279553
0.345544
0.828425
0.603565
0.363447
0.961010
0.546161
0.302077
0.015049
0.059093
0.307396
0.217864
0.726484
0.527834
0.085655
0.889751
0.557927
0.627588
0.357020
0.937203
0.318776
0.187953
0.665584
0.534616
0.747448
0.872082
0.639700
0.004233
0.971633
0.332028
0.488340
0.154571
0.931794
0.706145
0.468683
0.383045
0.439023
0.994879
0.277288
0.474735
0.645275
0.569732
0.413250
0.356460
0.769228
0.533896
0.594669
0.754205
