0.841556
0.779856
0.962240
0.695863
0.096609
0.382926
0.462365
0.947760
0.364456
0.306500
0.290658
0.808960
0.704484
0.848789
0.543791
0.667094
0.808960
0.727244
0.744157
0.457201
0.029186
0.228410
0.109849
0.414138
0.387593
0.907293
0.483494
0.132684
0.922090
0.103042
0.483494
0.316692
0.496903
0.394742
0.971109
0.658394
0.275424
0.649688
0.340005
0.672823
0.475494
0.109849
0.958545
0.927324
0.300471
0.316692
0.513281
0.649688
0.478214
0.375911
0.927324
0.787927
0.121744
0.594827
0.557828
0.211153
0.695863
0.958545
0.986757
0.052535
0.848789
0.401971
0.658394
0.159490
0.958545
0.269851
0.962240
0.364456
0.475494
0.109849
0.470257
0.399498
0.681504
0.897436
0.935597
0.535389
0.891273
0.967937
0.848789
0.211153
0.867378
0.312615
0.690166
0.947760
0.483494
0.779856
0.549354
0.855893
0.821730
0.672823
0.096609
0.962240
0.478214
0.368979
0.322949
0.658394
0.483494
0.978604
0.540922
0.787927
0.467559
0.279144
0.053907
0.978604
0.279144
0.434080
0.981075
0.848789
0.867378
0.112510
0.958545
0.916674
0.855893
0.962240
0.727244
0.626544
0.566341
0.491556
0.848789
0.186540
0.713075
0.793201
0.236593
0.236593
0.713075
0.401971
0.375911
0.255445
0.841556
0.029186
0.177160
0.290658
0.580543
0.144460
0.103042
0.246759
0.382926
0.139014
0.635244
0.202171
0.462365
0.505064
0.535389
0.239907
0.821730
0.327120
0.135818
0.704484
0.483494
0.215763
0.124654
0.169385
0.117048
0.766291
0.935597
0.891273
0.050328
0.808960
0.635244
0.808960
0.672823
0.935597
0.387593
0.290658
0.984769
0.491556
0.841556
0.690166
0.284858
0.245003
0.022258
0.046970
0.549354
0.371333
0.848789
0.462365
0.947760
0.132684
0.612135
0.322949
0.947760
0.269851
0.177160
0.368979
0.513281
0.082732
0.454542
0.406779
0.594827
0.491556
0.971109
0.801128
0.901408
0.449423
0.350951
0.150086
0.971109
0.518727
0.727244
0.446787
0.147829
0.187953
0.346575
0.860501
0.132684
0.055312
0.026438
0.681504
0.901408
0.260793
0.594827
0.612135
0.159490
0.681504
0.052535
0.771705
0.695863
0.758020
0.527033
0.672823
0.935597
0.177160
0.250182
0.913005
0.269851
0.141156
0.951979
0.228410
0.075538
0.984769
0.000011
0.681504
0.643949
0.127623
0.426518
0.779856
0.620815
0.535389
0.675784
0.681504
0.375911
0.279144
0.284858
0.375911
0.441715
0.947760
0.032199
0.951979
0.951979
0.079397
0.135818
0.462365
0.848789
0.304435
0.371333
0.935597
0.907293
0.940331
0.050328
0.829282
0.758020
0.535389
0.779856
0.907293
0.681504
0.434080
0.027908
0.841556
0.518727
0.401971
0.951979
0.735726
0.958545
0.290658
0.681504
0.206623
0.264363
0.505064
0.483494
0.916674
0.557828
0.758020
0.003256
0.958545
0.821730
0.690166
0.867378
0.787927
0.002808
0.088340
0.192150
0.513281
0.808960
0.316692
0.441715
0.836720
0.215763
0.962240
0.841556
0.962240
0.346575
0.218844
0.779856
0.250182
0.557828
0.907293
0.947760
0.329292
0.713075
0.132684
0.269851
0.414138
0.394742
0.884948
0.220452
0.470257
0.836720
0.635244
0.228410
0.744157
0.922090
0.841556
0.040864
0.836720
0.787927
0.901408
0.294528
0.375911
0.718717
0.518727
0.566341
0.030518
0.603471
0.505064
0.329292
0.635244
0.998868
0.808960
0.041578
0.346575
0.357661
0.364456
0.940331
0.005797
0.072465
0.187953
0.260793
0.681504
0.667094
0.002863
0.329292
0.003099
0.643949
0.173237
0.350951
0.994555
0.414138
0.513281
0.994555
0.897436
0.821730
0.258960
0.401971
0.690166
0.044581
0.279144
0.316692
0.275424
0.284858
0.922090
0.122729
0.264363
0.603471
0.935597
0.255445
0.704484
0.713075
0.150086
0.346575
0.060743
0.496903
0.333520
0.571972
0.132684
0.192150
0.540922
0.801128
0.001774
0.984769
0.860501
0.667094
0.991213
0.672823
0.186540
0.681504
0.766291
0.357661
0.867378
0.658394
0.080707
0.566341
0.571972
0.787927
0.340005
0.766291
0.255445
0.382926
0.382926
0.951979
0.130653
0.766291
0.594827
0.169385
0.294528
0.543791
0.387593
0.672823
0.094284
0.922090
0.935597
0.157114
0.922090
0.557828
0.231634
0.079397
0.695863
0.721628
0.995551
0.340005
0.096609
0.441715
0.275424
0.496903
0.429087
0.250182
0.974087
0.758020
0.571972
0.163153
0.124654
0.698805
0.698805
0.603471
0.935597
0.951979
0.603471
0.406779
0.612135
0.527033
0.787927
0.735726
0.124654
0.316692
0.098170
0.821730
0.527033
0.649688
0.543791
0.947760
0.094284
0.246759
0.603471
0.223587
0.649688
0.163153
0.061772
0.518727
0.111596
0.203680
0.958545
0.527033
0.130653
0.713075
0.801128
0.580543
0.927324
0.006832
0.300471
0.971109
0.658394
0.626544
0.077446
0.241635
0.364456
0.994555
0.003926
0.025731
0.891273
0.675784
0.132684
0.935597
0.848789
0.421575
0.135818
0.907293
0.446787
0.491556
0.867378
0.821730
0.867378
0.649688
0.907293
0.007378
0.038764
0.346575
0.658394
0.758020
0.449423
0.491556
0.535389
0.735726
0.434080
0.394742
0.434080
0.766291
0.758020
0.848789
0.047782
0.279144
0.058699
0.046970
0.779856
0.844036
0.406779
0.557828
0.183833
0.163153
0.121744
0.223587
0.112510
0.215763
0.139014
0.214182
0.177160
0.612135
0.867378
0.672823
0.518727
0.867378
0.107244
0.194957
0.401971
0.658394
0.829282
0.454542
0.612135
0.971109
0.927324
0.801128
0.766291
0.681504
0.735726
0.744157
0.364456
0.513281
0.808960
0.051648
0.986757
0.031348
0.401971
0.801128
0.597771
0.958545
0.951979
0.874110
0.801128
0.643949
0.891273
0.713075
0.454542
0.713075
0.033659
0.667094
0.771705
0.594827
0.612135
