0.329292
0.998868
0.012199
0.491556
0.483494
0.394742
0.269851
0.935597
0.211153
0.245003
0.177160
0.218844
0.922090
0.821730
0.947760
0.177160
0.735726
0.758020
0.779856
0.316692
0.779856
0.513281
0.971109
0.421575
0.626544
0.429087
0.098985
0.698805
0.169385
0.441715
0.357661
0.068911
0.635244
0.848789
0.658394
0.994555
0.744157
0.333520
0.771705
0.626544
0.322949
0.543791
0.713075
0.571972
0.483494
0.449423
0.316692
0.406779
0.375911
0.316692
0.998868
0.721628
0.264363
0.206623
0.394742
0.704484
0.017378
0.549354
0.183833
0.821730
0.039801
0.462365
0.160731
0.310521
0.032199
0.897436
0.020692
0.199280
0.034568
0.284858
0.127623
0.401971
0.421575
0.589144
0.163153
0.704484
0.841556
0.000003
0.357661
0.994555
0.127623
0.947760
0.566341
0.441715
0.329292
0.228410
0.640981
0.940331
0.855893
0.434080
0.727244
0.681504
0.187953
0.368979
0.048208
0.913005
0.951979
0.100580
0.103042
0.211153
0.758020
0.698805
0.566341
0.597771
0.907293
0.836720
0.727244
0.626544
0.594827
0.203680
0.004372
0.681504
0.698805
0.795913
0.695863
0.855893
0.300471
0.103042
0.203680
0.449423
0.766291
0.922090
0.241635
0.874110
0.779856
0.867378
0.540922
0.228410
0.051194
0.922090
0.003629
0.787927
0.251967
0.801128
0.991213
0.053907
0.771705
0.635244
0.505064
0.535389
0.340005
0.306500
0.829282
0.913005
0.766291
0.580543
0.913005
0.513281
0.984769
0.199280
0.681504
0.074303
0.922090
0.884948
0.787927
0.521553
0.922090
0.907293
0.713075
0.735726
0.935597
0.169385
0.163153
0.001540
0.951979
0.014985
0.434080
0.549354
0.808960
0.867378
0.414138
0.483494
0.446787
0.173237
0.394742
0.907293
0.603471
0.891273
0.557828
0.357661
0.620815
0.329292
0.727244
0.994555
0.226757
0.153566
0.672823
0.215763
0.901408
0.103042
0.690166
0.215763
0.658394
0.269851
0.000899
0.884948
0.527033
0.294528
0.891273
0.000014
0.713075
0.166886
0.390021
0.829282
0.527033
0.245003
0.758020
0.690166
0.787927
0.333520
0.543791
0.051648
0.774492
0.535389
0.084092
0.617854
0.735726
0.233315
0.566341
0.535389
0.241635
0.617854
0.094284
0.589144
0.449423
0.044581
0.310521
0.744157
0.535389
0.009546
0.947760
0.801128
0.566341
0.672823
0.927324
0.884948
0.146673
0.187953
0.333520
0.483494
0.406779
0.153566
0.075538
0.658394
0.233315
0.346575
0.535389
0.306500
0.357661
0.496903
0.620815
0.658394
0.612135
0.535389
0.978604
0.153566
0.727244
0.713075
0.357661
0.421575
0.884948
0.279144
0.771705
0.401971
0.971109
0.329292
0.038764
0.626544
0.434080
0.074303
0.124654
0.816691
0.357661
0.867378
0.779856
0.612135
0.543791
0.194957
0.690166
0.491556
0.643949
0.816691
0.867378
0.153566
0.821730
0.594827
0.829282
0.306500
0.704484
0.513281
0.821730
0.735726
0.203680
0.350951
0.829282
0.744157
0.557828
0.220452
0.821730
0.535389
0.612135
0.454542
0.901408
0.340005
0.462365
0.100580
0.922090
0.215763
0.228410
0.153566
0.867378
0.821730
0.094284
0.658394
0.499678
0.306500
0.901408
0.255445
0.829282
0.132684
0.940331
0.884948
0.589144
0.491556
0.306500
0.059212
0.848789
0.141156
0.166886
0.039801
0.557828
0.038094
0.860501
0.603471
0.540922
0.971109
0.897436
0.132684
0.357661
0.848789
0.518727
0.643949
0.505064
0.855893
0.077446
0.543791
0.177160
0.333520
0.441715
0.475494
0.935597
0.672823
0.246759
0.727244
0.557828
0.382926
0.401971
0.935597
0.771705
0.821730
0.406779
0.749684
0.491556
0.114294
0.793201
0.067775
0.916674
0.681504
0.079397
0.208158
0.382926
0.907293
0.491556
0.144460
0.836720
0.080707
0.245003
0.390021
0.999575
0.667094
0.787927
0.549354
0.884948
0.690166
0.940331
0.986757
0.350951
0.626544
0.704484
0.891273
0.119859
0.549354
0.294528
0.529876
0.246759
0.766291
0.640981
0.181158
0.801128
0.867378
0.549354
0.072465
0.758020
0.626544
0.543791
0.344325
0.758020
0.867378
0.535389
0.681504
0.521553
0.580543
0.971109
0.727244
0.855893
0.169385
0.467559
0.245003
0.658394
0.449423
0.841556
0.841556
0.269851
0.721628
0.306500
0.713075
0.848789
0.409279
0.194957
0.580543
0.147829
0.521553
0.340005
0.713075
0.483494
0.766291
0.426518
0.127623
0.333520
0.535389
0.449423
0.357661
0.672823
0.434080
0.549354
0.535389
0.368979
0.454542
0.281082
0.557828
0.000500
0.735726
0.021268
0.971109
0.496903
0.771705
0.300471
0.635244
0.003738
0.907293
0.470257
0.543791
0.672823
0.187953
0.329292
0.169385
0.744157
0.260793
0.014711
0.316692
0.571972
0.346575
0.013276
0.051194
0.836720
0.144460
0.922090
0.563435
0.246759
0.867378
0.478214
0.269851
0.907293
0.426518
0.387593
0.867378
0.996919
0.913005
0.521553
0.643949
0.187953
0.922090
0.643949
0.478214
0.758020
0.166886
0.779856
0.144460
0.322949
0.836720
0.978604
0.801128
0.603471
0.429087
0.094284
0.031348
0.454542
0.527033
0.096609
0.667094
0.499678
0.414138
0.617854
0.829282
0.183833
0.978604
0.018368
0.841556
0.316692
0.022875
0.891273
0.749684
0.429087
0.483494
0.735726
0.848789
0.470257
0.681504
0.260793
0.848789
0.643949
0.017063
0.236593
0.215763
0.068911
0.690166
0.907293
0.300471
0.250182
0.137917
0.848789
0.513281
0.829282
0.698805
0.401971
0.094284
0.658394
0.005110
0.626544
0.690166
0.589144
0.454542
0.462365
0.496903
0.727244
0.787927
0.566341
0.986757
0.401971
0.626544
0.100580
0.735726
0.090535
0.021859
0.951979
0.260793
0.421575
0.284858
0.626544
0.527033
0.658394
0.063362
0.462365
0.766291
0.107244
0.491556
