0.169385
0.603471
0.344325
0.589144
0.000846
0.962240
0.521553
0.713075
0.603471
0.475494
0.821730
0.658394
0.052535
0.000451
0.401971
0.795913
0.094284
0.635244
0.521553
0.051194
0.019768
0.658394
0.735726
0.215763
0.521553
0.927324
0.513281
0.290658
0.046970
0.483494
0.951979
0.681504
0.787927
0.597771
0.269851
0.874110
0.626544
0.766291
0.735726
0.322949
0.322949
0.462365
0.884948
0.841556
0.626544
0.981075
0.269851
0.779856
0.704484
0.947760
0.375911
0.749684
0.848789
0.029982
0.589144
0.029982
0.836720
0.617854
0.007378
0.984769
0.635244
0.322949
0.449423
0.255445
0.695863
0.241635
0.084803
0.635244
0.571972
0.829282
0.667094
0.801128
0.098985
0.867378
0.922090
0.681504
0.535389
0.153566
0.612135
0.044980
0.749684
0.394742
0.779856
0.090535
0.626544
0.505064
0.981075
0.187953
0.399498
0.275424
0.316692
0.505064
0.344325
0.206623
0.793201
0.346575
0.841556
0.771705
0.375911
0.401971
0.658394
0.090535
0.779856
0.346575
0.296545
0.793201
0.513281
0.735726
0.557828
0.727244
0.505064
0.000125
0.467559
0.667094
0.483494
0.779856
0.470257
0.518727
0.462365
0.233315
0.695863
0.062816
0.617854
0.322949
0.098985
0.940331
0.208158
0.114294
0.521553
0.454542
0.867378
0.721628
0.612135
0.658394
0.394742
0.589144
0.300471
0.626544
0.119859
0.713075
0.549354
0.713075
0.084803
0.907293
0.436675
0.322949
0.916674
0.470257
0.549354
0.290658
0.258960
0.984769
0.658394
0.771705
0.658394
0.947760
0.594827
0.681504
0.603471
0.779856
0.364456
0.735726
0.340005
0.421575
0.462365
0.206623
0.513281
0.340005
0.527033
0.603471
0.787927
0.169385
0.051194
0.013909
0.549354
0.275424
0.003354
0.072465
0.997586
0.984769
0.855893
0.681504
0.166886
0.327120
0.795913
0.075538
0.658394
0.566341
0.364456
0.907293
0.015409
0.084803
0.147829
0.727244
0.690166
0.211153
0.290658
0.446787
0.151265
0.470257
0.996919
0.329292
0.421575
0.159490
0.971109
0.000182
0.454542
0.867378
0.594827
0.801128
0.021859
0.793201
0.082732
0.758020
0.681504
0.860501
0.215763
0.649688
0.312615
0.874110
0.713075
0.027164
0.766291
0.617854
0.157114
0.127623
0.978604
0.375911
0.667094
0.223587
0.082732
0.124654
0.848789
0.947760
0.704484
0.119859
0.884948
0.626544
0.382926
0.236593
0.513281
0.284858
0.044581
0.695863
0.951979
0.848789
0.215763
0.962240
0.681504
0.070668
0.884948
0.000996
0.552238
0.829282
0.787927
0.273514
0.109849
0.589144
0.891273
0.255445
0.382926
0.704484
0.597771
0.322949
0.758020
0.649688
0.801128
0.779856
0.279144
0.258960
0.141156
0.766291
0.269851
0.974087
0.535389
0.766291
0.406779
0.727244
0.114294
0.735726
0.951979
0.787927
0.057717
0.266225
0.414138
0.357661
0.177160
0.306500
0.860501
0.513281
0.409279
0.922090
0.681504
0.681504
0.967937
0.521553
0.855893
0.735726
0.306500
0.023508
0.306500
0.695863
0.991213
0.527033
0.255445
0.566341
0.557828
0.375911
0.907293
0.713075
0.483494
0.006325
0.829282
0.535389
0.166886
0.206623
0.841556
0.306500
0.387593
0.649688
0.105557
0.135818
0.727244
0.236593
0.135818
0.475494
0.169385
0.159490
0.922090
0.429087
0.446787
0.300471
0.135818
0.173237
0.434080
0.357661
0.658394
0.916674
0.779856
0.549354
0.070668
0.816691
0.066084
0.535389
0.974087
0.044581
0.100580
0.199280
0.971109
0.758020
0.380525
0.406779
0.922090
0.951979
0.414138
0.177160
0.147829
0.594827
0.580543
0.635244
0.246759
0.681504
0.223587
0.364456
0.713075
0.117048
0.390021
0.667094
0.029186
0.967937
0.316692
0.540922
0.744157
0.187953
0.635244
0.867378
0.836720
0.475494
0.199280
0.635244
0.758020
0.269851
0.704484
0.027164
0.183833
0.462365
0.269851
0.153566
0.735726
0.505064
0.779856
0.132684
0.658394
0.940331
0.394742
0.620815
0.132684
0.855893
0.981075
0.855893
0.808960
0.505064
0.589144
0.228410
0.304435
0.907293
0.658394
0.483494
0.470257
0.626544
0.672823
0.867378
0.250182
0.380525
0.658394
0.109849
0.549354
0.421575
0.801128
0.978604
0.758020
0.749684
0.913005
0.612135
0.907293
0.626544
0.521553
0.658394
0.690166
0.173237
0.594827
0.329292
0.223587
0.675784
0.350951
0.801128
0.580543
0.454542
0.429087
0.449423
0.727244
0.718717
0.816691
0.860501
0.821730
0.329292
0.735726
0.190711
0.549354
0.322949
0.940331
0.080707
0.962240
0.735726
0.100580
0.053907
0.055312
0.543791
0.421575
0.279144
0.841556
0.255445
0.014711
0.808960
0.535389
0.001310
0.535389
0.667094
0.241635
0.612135
0.667094
0.787927
0.173237
0.935597
0.100580
0.434080
0.007739
0.375911
0.951979
0.124654
0.284858
0.300471
0.620815
0.316692
0.603471
0.829282
0.626544
0.421575
0.327120
0.070668
0.236593
0.171915
0.316692
0.527033
0.808960
0.310521
0.916674
0.035500
0.496903
0.266225
0.727244
0.527033
0.571972
0.449423
0.589144
0.549354
0.241635
0.025731
0.721628
0.727244
0.874110
0.250182
0.907293
0.505064
0.084803
0.483494
0.867378
0.860501
0.421575
0.848789
0.139014
0.744157
0.704484
0.009016
0.421575
0.033659
0.018883
0.434080
0.163153
0.922090
0.922090
0.727244
0.713075
0.620815
0.467559
0.068911
0.192150
0.316692
0.860501
0.082732
0.068911
0.779856
0.612135
0.735726
0.557828
0.505064
0.962240
0.446787
0.157114
0.635244
0.935597
0.122729
0.390021
0.394742
0.446787
0.187953
0.177160
0.787927
0.571972
0.721628
0.962240
0.194957
0.513281
0.867378
0.922090
0.470257
0.589144
0.808960
0.401971
0.190711
0.922090
0.658394
0.927324
0.557828
0.758020
0.028409
