0.967937
0.978604
0.779856
0.499678
0.159490
0.434080
0.255445
0.779856
0.000348
0.922090
0.000756
0.025274
0.958545
0.549354
0.004164
0.327120
0.922090
0.841556
0.491556
0.027164
0.246759
0.064431
0.281082
0.589144
0.635244
0.394742
0.681504
0.088340
0.771705
0.721628
0.793201
0.891273
0.758020
0.867378
0.223587
0.173237
0.228410
0.470257
0.340005
0.306500
0.077446
0.223587
0.306500
0.034568
0.947760
0.304435
0.434080
0.132684
0.340005
0.557828
0.375911
0.434080
0.947760
0.821730
0.100580
0.163153
0.704484
0.206623
0.594827
0.236593
0.070668
0.166886
0.475494
0.935597
0.211153
0.821730
0.019768
0.513281
0.322949
0.449423
0.884948
0.620815
0.441715
0.874110
0.841556
0.409279
0.681504
0.513281
0.713075
0.521553
0.836720
0.758020
0.387593
0.218844
0.043818
0.318816
0.571972
0.758020
0.771705
0.483494
0.312615
0.387593
0.241635
0.643949
0.758020
0.364456
0.922090
0.744157
0.255445
0.157114
0.173237
0.294528
0.649688
0.290658
0.999892
0.999575
0.589144
0.333520
0.626544
0.394742
0.735726
0.821730
0.891273
0.675784
0.922090
0.597771
0.535389
0.173237
0.414138
0.406779
0.984769
0.971109
0.758020
0.535389
0.092008
0.421575
0.907293
0.150086
0.340005
0.527033
0.649688
0.589144
0.557828
0.580543
0.275424
0.173237
0.260793
0.884948
0.183833
0.749684
0.744157
0.690166
0.603471
0.421575
0.159490
0.357661
0.821730
0.273514
0.312615
0.382926
0.681504
0.382926
0.597771
0.829282
0.357661
0.704484
0.779856
0.316692
0.626544
0.695863
0.758020
0.215763
0.874110
0.620815
0.255445
0.612135
0.603471
0.223587
0.704484
0.382926
0.414138
0.144460
0.169385
0.848789
0.499678
0.060217
0.727244
0.117048
0.771705
0.088340
0.704484
0.704484
0.635244
0.951979
0.594827
0.603471
0.713075
0.543791
0.675784
0.300471
0.907293
0.255445
0.513281
0.603471
0.181158
0.874110
0.594827
0.971109
0.223587
0.971109
0.787927
0.094284
0.891273
0.626544
0.612135
0.000000
0.962240
0.380525
0.620815
0.801128
0.409279
0.727244
0.038764
0.362130
0.306500
0.215763
0.434080
0.940331
0.891273
0.658394
0.617854
0.549354
0.344325
0.566341
0.344325
0.505064
0.241635
0.658394
0.626544
0.346575
0.496903
0.446787
0.483494
0.681504
0.867378
0.312615
0.735726
0.163153
0.535389
0.901408
0.690166
0.986757
0.241635
0.236593
0.038764
0.211153
0.884948
0.749684
0.978604
0.260793
0.017063
0.779856
0.434080
0.401971
0.047782
0.836720
0.434080
0.758020
0.269851
0.179787
0.159490
0.580543
0.947760
0.874110
0.368979
0.401971
0.527033
0.860501
0.549354
0.626544
0.527033
0.658394
0.215763
0.867378
0.000000
0.594827
0.848789
0.566341
0.727244
0.401971
0.362130
0.394742
0.779856
0.387593
0.821730
0.867378
0.907293
0.005968
0.848789
0.557828
0.163153
0.956001
0.362130
0.814067
0.603471
0.787927
0.316692
0.068911
0.901408
0.981075
0.681504
0.855893
0.192150
0.884948
0.549354
0.916674
0.698805
0.518727
0.635244
0.223587
0.491556
0.306500
0.194957
0.357661
0.681504
0.640981
0.527033
0.475494
0.821730
0.475494
0.821730
0.589144
0.340005
0.884948
0.589144
0.821730
0.535389
0.429087
0.454542
0.907293
0.675784
0.643949
0.913005
0.215763
0.362130
0.594827
0.557828
0.513281
0.228410
0.406779
0.557828
0.874110
0.947760
0.470257
0.603471
0.821730
0.001080
0.513281
0.535389
0.829282
0.713075
0.364456
0.496903
0.310521
0.449423
0.002567
0.704484
0.735726
0.913005
0.177160
0.620815
0.808960
0.771705
0.735726
0.801128
0.535389
0.157114
0.922090
0.658394
0.228410
0.927324
0.527033
0.049040
0.836720
0.571972
0.704484
0.848789
0.566341
0.603471
0.375911
0.462365
0.801128
0.236593
0.735726
0.273514
0.535389
0.284858
0.421575
0.236593
0.829282
0.211153
0.371333
0.704484
0.916674
0.672823
0.382926
0.994555
0.951979
0.491556
0.994555
0.446787
0.088340
0.695863
0.067775
0.891273
0.658394
0.620815
0.206623
0.907293
0.141156
0.758020
0.483494
0.046970
0.713075
0.808960
0.897436
0.187953
0.401971
0.173237
0.505064
0.922090
0.527033
0.808960
0.390021
0.449423
0.518727
0.049040
0.922090
0.296545
0.758020
0.496903
0.821730
0.105557
0.874110
0.387593
0.947760
0.836720
0.594827
0.735726
0.681504
0.690166
0.304435
0.496903
0.935597
0.922090
0.000000
0.147829
0.155897
0.038094
0.003965
0.672823
0.690166
0.779856
0.907293
0.401971
0.958545
0.100580
0.202171
0.036127
0.626544
0.901408
0.779856
0.612135
0.801128
0.571972
0.603471
0.571972
0.147829
0.175815
0.362130
0.795913
0.260793
0.441715
0.922090
0.241635
0.250182
0.008597
0.913005
0.236593
0.951979
0.829282
0.414138
0.491556
0.394742
0.491556
0.916674
0.848789
0.211153
0.771705
0.029186
0.922090
0.735726
0.589144
0.836720
0.014985
0.037099
0.643949
0.421575
0.878466
0.032199
0.867378
0.170690
0.475494
0.255445
0.462365
0.357661
0.518727
0.163153
0.793201
0.092008
0.166886
0.322949
0.779856
0.801128
0.505064
0.194957
0.382926
0.505064
0.226757
0.499678
0.658394
0.371333
0.001922
0.808960
0.050328
0.346575
0.107244
0.382926
0.713075
0.505064
0.713075
0.505064
0.250182
0.986757
0.394742
0.255445
0.173237
0.340005
0.580543
0.704484
0.127623
0.194957
0.836720
0.132684
0.874110
0.269851
0.758020
0.170690
0.290658
0.203680
0.357661
0.758020
0.704484
0.483494
0.329292
0.649688
0.735726
0.246759
0.603471
0.414138
0.874110
0.643949
0.141156
0.034568
0.718717
0.228410
0.552238
0.088340
0.067775
0.612135
0.829282
0.187953
0.394742
0.449423
0.199280
0.907293
