0.752533
0.543791
0.119859
0.109849
0.414138
0.721628
0.543791
0.727244
0.382926
0.947760
0.989675
0.109849
0.907293
0.194957
0.382926
0.829282
0.350951
0.255445
0.552238
0.505064
0.901408
0.150086
0.566341
0.821730
0.935597
0.758020
0.907293
0.727244
0.060217
0.922090
0.626544
0.281082
0.375911
0.387593
0.758020
0.821730
0.758020
0.024596
0.310521
0.821730
0.394742
0.766291
0.012199
0.978604
0.199280
0.322949
0.236593
0.103042
0.951979
0.429087
0.907293
0.264363
0.681504
0.206623
0.421575
0.231634
0.557828
0.848789
0.962240
0.072465
0.199280
0.557828
0.521553
0.505064
0.681504
0.166886
0.382926
0.635244
0.891273
0.290658
0.006447
0.132684
0.044581
0.971109
0.540922
0.947760
0.284858
0.848789
0.984769
0.421575
0.543791
0.350951
0.947760
0.187953
0.860501
0.107244
0.635244
0.029186
0.801128
0.535389
0.848789
0.681504
0.241635
0.491556
0.580543
0.008597
0.513281
0.513281
0.735726
0.940331
0.006832
0.557828
0.695863
0.098985
0.758020
0.199280
0.672823
0.779856
0.801128
0.206623
0.779856
0.011106
0.658394
0.157114
0.005418
0.231634
0.704484
0.749684
0.658394
0.507859
0.103042
0.808960
0.177160
0.557828
0.368979
0.421575
0.884948
0.994555
0.940331
0.801128
0.521553
0.749684
0.382926
0.713075
0.640981
0.727244
0.079397
0.250182
0.470257
0.580543
0.329292
0.316692
0.294528
0.557828
0.867378
0.704484
0.867378
0.024596
0.380525
0.368979
0.897436
0.310521
0.300471
0.426518
0.940331
0.735726
0.801128
0.429087
0.986757
0.194957
0.056256
0.306500
0.681504
0.690166
0.916674
0.470257
0.758020
0.441715
0.269851
0.884948
0.841556
0.735726
0.540922
0.801128
0.409279
0.462365
0.801128
0.357661
0.829282
0.434080
0.012317
0.518727
0.107244
0.505064
0.387593
0.406779
0.681504
0.223587
0.194957
0.922090
0.346575
0.681504
0.821730
0.429087
0.434080
0.414138
0.390021
0.144460
0.513281
0.513281
0.357661
0.735726
0.635244
0.989675
0.096609
0.421575
0.540922
0.884948
0.808960
0.549354
0.454542
0.357661
0.667094
0.758020
0.253642
0.364456
0.643949
0.008597
0.922090
0.441715
0.281082
0.375911
0.779856
0.612135
0.808960
0.202171
0.672823
0.061772
0.735726
0.056256
0.279144
0.132684
0.884948
0.181158
0.779856
0.033071
0.566341
0.409279
0.527033
0.667094
0.434080
0.194957
0.681504
0.462365
0.713075
0.165605
0.086192
0.971109
0.109849
0.368979
0.901408
0.779856
0.907293
0.279144
0.727244
0.031348
0.643949
0.617854
0.594827
0.935597
0.329292
0.891273
0.228410
0.421575
0.935597
0.922090
0.658394
0.236593
0.848789
0.086919
0.478214
0.916674
0.721628
0.589144
0.681504
0.571972
0.735726
0.962240
0.779856
0.483494
0.401971
0.690166
0.635244
0.003161
0.994555
0.038094
0.758020
0.211153
0.557828
0.848789
0.218844
0.962240
0.626544
0.749684
0.033659
0.153566
0.901408
0.549354
0.264363
0.801128
0.258960
0.620815
0.051194
0.991213
0.306500
0.635244
0.375911
0.223587
0.421575
0.821730
0.441715
0.947760
0.620815
0.749684
0.209600
0.470257
0.255445
0.589144
0.409279
0.603471
0.513281
0.704484
0.901408
0.513281
0.962240
0.867378
0.821730
0.020320
0.951979
0.513281
0.766291
0.144460
0.426518
0.037099
0.077446
0.549354
0.735726
0.505064
0.223587
0.635244
0.779856
0.255445
0.658394
0.157114
0.183833
0.401971
0.401971
0.986757
0.082732
0.218844
0.667094
0.333520
0.681504
0.521553
0.867378
0.947760
0.119859
0.215763
0.505064
0.829282
0.255445
0.635244
0.049040
0.357661
0.829282
0.135818
0.375911
0.958545
0.816691
0.801128
0.947760
0.891273
0.848789
0.867378
0.316692
0.505064
0.290658
0.958545
0.690166
0.658394
0.350951
0.527033
0.978604
0.612135
0.635244
0.061772
0.971109
0.962240
0.766291
0.922090
0.478214
0.580543
0.340005
0.340005
0.704484
0.626544
0.027164
0.426518
0.947760
0.019768
0.695863
0.357661
0.566341
0.350951
0.620815
0.016293
0.279144
0.580543
0.505064
0.505064
0.795913
0.704484
0.470257
0.421575
0.801128
0.821730
0.096609
0.749684
0.549354
0.300471
0.557828
0.157114
0.867378
0.203680
0.329292
0.927324
0.077446
0.414138
0.848789
0.183833
0.491556
0.513281
0.202171
0.552238
0.357661
0.735726
0.527033
0.017866
0.513281
0.589144
0.117048
0.357661
0.057717
0.340005
0.380525
0.658394
0.470257
0.409279
0.758020
0.300471
0.109849
0.279144
0.951979
0.744157
0.357661
0.082732
0.867378
0.491556
0.940331
0.829282
0.088340
0.971109
0.571972
0.884948
0.441715
0.316692
0.513281
0.518727
0.612135
0.300471
0.135818
0.995551
0.194957
0.052535
0.672823
0.821730
0.557828
0.390021
0.681504
0.346575
0.421575
0.269851
0.884948
0.779856
0.713075
0.340005
0.549354
0.401971
0.758020
0.322949
0.223587
0.030518
0.986757
0.867378
0.829282
0.935597
0.566341
0.617854
0.401971
0.758020
0.144460
0.052535
0.016293
0.064990
0.226757
0.518727
0.580543
0.183833
0.848789
0.340005
0.034568
0.177160
0.019768
0.535389
0.860501
0.774492
0.771705
0.241635
0.713075
0.121744
0.098170
0.121744
0.927324
0.557828
0.580543
0.478214
0.107244
0.496903
0.394742
0.499678
0.518727
0.735726
0.306500
0.829282
0.006447
0.612135
0.346575
0.250182
0.597771
0.713075
0.255445
0.571972
0.935597
0.766291
0.658394
0.552238
0.483494
0.061772
0.557828
0.236593
0.571972
0.491556
0.947760
0.744157
0.505064
0.891273
0.306500
0.049886
0.535389
0.199280
0.004164
0.779856
0.635244
0.478214
0.672823
0.891273
0.787927
0.758020
0.841556
0.144460
0.449423
0.690166
0.513281
0.312615
0.867378
0.357661
