0.255445
0.246759
0.962240
0.147829
0.322949
0.681504
0.357661
0.922090
0.907293
0.340005
0.333520
0.340005
0.922090
0.735726
0.597771
0.454542
0.470257
0.635244
0.096609
0.718717
0.505064
0.580543
0.727244
0.927324
0.640981
0.626544
0.566341
0.079397
0.322949
0.867378
0.927324
0.735726
0.808960
0.649688
0.981075
0.557828
0.304435
0.566341
0.916674
0.340005
0.462365
0.499678
0.758020
0.801128
0.434080
0.658394
0.626544
0.855893
0.177160
0.690166
0.114294
0.258960
0.566341
0.971109
0.018368
0.382926
0.758020
0.867378
0.816691
0.749684
0.808960
0.045761
0.090535
0.483494
0.758020
0.518727
0.218844
0.220452
0.462365
0.947760
0.329292
0.758020
0.436675
0.170690
0.231634
0.603471
0.704484
0.233315
0.566341
0.735726
0.421575
0.612135
0.758020
0.150086
0.491556
0.441715
0.449423
0.177160
0.958545
0.070668
0.394742
0.279144
0.543791
0.829282
0.446787
0.549354
0.704484
0.483494
0.867378
0.028409
0.194957
0.808960
0.521553
0.066084
0.787927
0.127623
0.426518
0.470257
0.255445
0.901408
0.658394
0.211153
0.294528
0.387593
0.907293
0.409279
0.690166
0.978604
0.821730
0.543791
0.907293
0.357661
0.821730
0.005855
0.848789
0.735726
0.041578
0.175815
0.603471
0.173237
0.848789
0.649688
0.649688
0.000222
0.779856
0.322949
0.891273
0.658394
0.643949
0.779856
0.001774
0.052535
0.513281
0.025970
0.971109
0.971109
0.535389
0.255445
0.571972
0.038764
0.357661
0.518727
0.005262
0.907293
0.013276
0.015409
0.984769
0.327120
0.260793
0.860501
0.991213
0.340005
0.312615
0.012317
0.491556
0.340005
0.241635
0.962240
0.841556
0.401971
0.421575
0.766291
0.346575
0.774492
0.704484
0.771705
0.279144
0.589144
0.821730
0.275424
0.179787
0.104694
0.491556
0.549354
0.589144
0.521553
0.527033
0.958545
0.483494
0.836720
0.690166
0.040864
0.793201
0.612135
0.721628
0.841556
0.279144
0.063362
0.612135
0.821730
0.141156
0.050328
0.364456
0.816691
0.043818
0.513281
0.236593
0.041578
0.015845
0.491556
0.681504
0.543791
0.540922
0.421575
0.617854
0.421575
0.922090
0.704484
0.658394
0.935597
0.727244
0.012907
0.275424
0.401971
0.421575
0.907293
0.880693
0.855893
0.255445
0.060217
0.704484
0.441715
0.635244
0.279144
0.612135
0.077446
0.013276
0.006144
0.218844
0.228410
0.907293
0.394742
0.635244
0.589144
0.491556
0.580543
0.080707
0.603471
0.543791
0.801128
0.181158
0.867378
0.749684
0.269851
0.829282
0.801128
0.014985
0.371333
0.004637
0.441715
0.848789
0.284858
0.994555
0.000089
0.350951
0.978604
0.387593
0.589144
0.401971
0.580543
0.329292
0.181158
0.279144
0.821730
0.713075
0.462365
0.082732
0.143326
0.020320
0.816691
0.382926
0.626544
0.208158
0.787927
0.000996
0.821730
0.874110
0.429087
0.241635
0.667094
0.333520
0.475494
0.566341
0.916674
0.951979
0.836720
0.901408
0.935597
0.848789
0.246759
0.409279
0.658394
0.787927
0.258960
0.901408
0.223587
0.429087
0.566341
0.907293
0.199280
0.052535
0.284858
0.836720
0.635244
0.470257
0.387593
0.078727
0.505064
0.978604
0.310521
0.891273
0.002146
0.206623
0.429087
0.801128
0.855893
0.070668
0.901408
0.245003
0.681504
0.177160
0.549354
0.951979
0.034568
0.713075
0.382926
0.947760
0.643949
0.816691
0.779856
0.011974
0.153566
0.808960
0.409279
0.214182
0.290658
0.340005
0.658394
0.758020
0.173237
0.382926
0.322949
0.518727
0.998463
0.014305
0.010298
0.470257
0.594827
0.429087
0.275424
0.421575
0.521553
0.617854
0.146673
0.721628
0.580543
0.891273
0.930673
0.499678
0.187953
0.006325
0.206623
0.978604
0.907293
0.891273
0.649688
0.394742
0.429087
0.056256
0.000046
0.758020
0.387593
0.867378
0.848789
0.658394
0.390021
0.758020
0.962240
0.552238
0.406779
0.483494
0.135818
0.029186
0.394742
0.535389
0.635244
0.860501
0.306500
0.658394
0.951979
0.704484
0.409279
0.589144
0.344325
0.362130
0.035500
0.300471
0.364456
0.382926
0.787927
0.801128
0.144460
0.346575
0.121744
0.690166
0.322949
0.620815
0.855893
0.643949
0.002950
0.183833
0.491556
0.211153
0.704484
0.566341
0.016595
0.357661
0.998868
0.521553
0.867378
0.521553
0.848789
0.744157
0.962240
0.513281
0.612135
0.187953
0.001865
0.000628
0.406779
0.829282
0.021859
0.228410
0.023935
0.984769
0.296545
0.429087
0.231634
0.884948
0.971109
0.907293
0.294528
0.421575
0.549354
0.801128
0.007965
0.215763
0.749684
0.014985
0.758020
0.137917
0.010595
0.901408
0.203680
0.801128
0.151265
0.658394
0.117048
0.025731
0.086192
0.394742
0.300471
0.072465
0.779856
0.394742
0.518727
0.860501
0.394742
0.109849
0.108126
0.279144
0.441715
0.394742
0.177160
0.801128
0.027164
0.414138
0.681504
0.922090
0.635244
0.088340
0.901408
0.913005
0.978604
0.557828
0.589144
0.922090
0.779856
0.513281
0.353229
0.478214
0.793201
0.357661
0.836720
0.026438
0.181158
0.250182
0.067775
0.566341
0.310521
0.055312
0.086192
0.441715
0.735726
0.255445
0.072465
0.449423
0.681504
0.103042
0.241635
0.771705
0.513281
0.667094
0.940331
0.916674
0.429087
0.557828
0.808960
0.290658
0.884948
0.006832
0.658394
0.658394
0.141156
0.039801
0.978604
0.848789
0.096609
0.105557
0.441715
0.094284
0.758020
0.880693
0.496903
0.557828
0.394742
0.306500
0.962240
0.848789
0.362130
0.907293
0.114294
0.535389
0.269851
0.073672
0.658394
0.557828
0.672823
0.070668
0.264363
0.119859
0.215763
0.505064
0.681504
0.000004
0.368979
0.594827
0.312615
0.884948
0.549354
0.505064
0.984769
0.153566
0.758020
0.127623
0.821730
