0.735726
0.612135
0.273514
0.346575
0.130653
0.316692
0.795913
0.368979
0.300471
0.264363
0.039801
0.535389
0.793201
0.635244
0.884948
0.434080
0.505064
0.199280
0.787927
0.848789
0.829282
0.387593
0.275424
0.118894
0.312615
0.891273
0.527033
0.190711
0.157114
0.173237
0.793201
0.690166
0.589144
0.801128
0.947760
0.995551
0.220452
0.041578
0.557828
0.153566
0.603471
0.571972
0.335721
0.114294
0.429087
0.758020
0.907293
0.589144
0.434080
0.935597
0.260793
0.626544
0.491556
0.787927
0.594827
0.860501
0.978604
0.787927
0.441715
0.026438
0.535389
0.992594
0.258960
0.612135
0.151265
0.749684
0.557828
0.991213
0.589144
0.406779
0.981075
0.169385
0.505064
0.658394
0.364456
0.375911
0.549354
0.414138
0.821730
0.535389
0.771705
0.527033
0.758020
0.540922
0.984769
0.965738
0.962240
0.589144
0.329292
0.010298
0.566341
0.867378
0.096609
0.658394
0.357661
0.947760
0.001465
0.290658
0.043818
0.470257
0.018368
0.571972
0.527033
0.050328
0.023508
0.016595
0.038764
0.658394
0.322949
0.491556
0.288671
0.513281
0.557828
0.521553
0.098170
0.597771
0.199280
0.907293
0.836720
0.327120
0.821730
0.518727
0.681504
0.340005
0.557828
0.475494
0.916674
0.470257
0.808960
0.181158
0.181158
0.681504
0.713075
0.112510
0.281082
0.580543
0.535389
0.779856
0.414138
0.340005
0.821730
0.255445
0.390021
0.063362
0.353229
0.727244
0.206623
0.913005
0.829282
0.535389
0.368979
0.000779
0.103042
0.829282
0.735726
0.891273
0.421575
0.269851
0.483494
0.695863
0.913005
0.867378
0.080707
0.527033
0.082732
0.130653
0.000446
0.260793
0.382926
0.031348
0.867378
0.907293
0.735726
0.658394
0.927324
0.144460
0.891273
0.288671
0.521553
0.907293
0.922090
0.414138
0.557828
0.005418
0.704484
0.505064
0.962240
0.183833
0.401971
0.001284
0.566341
0.649688
0.951979
0.414138
0.848789
0.001865
0.808960
0.048208
0.821730
0.848789
0.612135
0.801128
0.018706
0.039801
0.300471
0.446787
0.059212
0.935597
0.527033
0.580543
0.059212
0.649688
0.874110
0.527033
0.462365
0.228410
0.010595
0.727244
0.907293
0.727244
0.535389
0.916674
0.434080
0.064431
0.434080
0.571972
0.787927
0.380525
0.880693
0.310521
0.626544
0.557828
0.281082
0.978604
0.316692
0.031348
0.787927
0.015409
0.766291
0.159490
0.779856
0.005013
0.971109
0.409279
0.695863
0.922090
0.269851
0.801128
0.649688
0.026438
0.529876
0.266225
0.012317
0.713075
0.340005
0.300471
0.009822
0.690166
0.513281
0.566341
0.549354
0.901408
0.001310
0.344325
0.891273
0.327120
0.867378
0.735726
0.051194
0.462365
0.169385
0.935597
0.922090
0.022875
0.421575
0.836720
0.255445
0.375911
0.470257
0.483494
0.264363
0.211153
0.454542
0.867378
0.951979
0.986757
0.884948
0.994555
0.080707
0.589144
0.119859
0.475494
0.681504
0.951979
0.039801
0.612135
0.922090
0.681504
0.940331
0.294528
0.597771
0.907293
0.978604
0.580543
0.350951
0.211153
0.203680
0.322949
0.124654
0.002863
0.695863
0.119859
0.962240
0.264363
0.681504
0.984769
0.019768
0.891273
0.357661
0.626544
0.612135
0.322949
0.667094
0.884948
0.713075
0.117048
0.612135
0.713075
0.649688
0.962240
0.787927
0.387593
0.612135
0.005418
0.557828
0.735726
0.449423
0.801128
0.891273
0.978604
0.029982
0.535389
0.962240
0.612135
0.513281
0.344325
0.064431
0.589144
0.002725
0.255445
0.535389
0.002324
0.457201
0.935597
0.124654
0.429087
0.867378
0.658394
0.566341
0.884948
0.436675
0.300471
0.357661
0.414138
0.166886
0.994555
0.000046
0.758020
0.994555
0.228410
0.658394
0.228410
0.483494
0.603471
0.527033
0.401971
0.228410
0.779856
0.284858
0.793201
0.635244
0.005855
0.779856
0.978604
0.907293
0.984769
0.505064
0.306500
0.169385
0.015409
0.965738
0.589144
0.695863
0.231634
0.306500
0.462365
0.066084
0.491556
0.306500
0.735726
0.327120
0.829282
0.922090
0.930673
0.414138
0.264363
0.971109
0.935597
0.801128
0.658394
0.749684
0.181158
0.421575
0.704484
0.603471
0.441715
0.962240
0.927324
0.860501
0.118894
0.275424
0.884948
0.566341
0.499678
0.841556
0.414138
0.100580
0.306500
0.704484
0.061772
0.649688
0.163153
0.414138
0.681504
0.021859
0.557828
0.635244
0.940331
0.947760
0.758020
0.344325
0.649688
0.884948
0.574890
0.649688
0.951979
0.713075
0.122729
0.626544
0.103042
0.727244
0.795913
0.667094
0.907293
0.744157
0.194957
0.816691
0.121744
0.626544
0.034568
0.727244
0.867378
0.758020
0.434080
0.163153
0.930673
0.891273
0.429087
0.124654
0.362130
0.935597
0.290658
0.848789
0.090535
0.713075
0.981075
0.793201
0.535389
0.434080
0.066084
0.153566
0.848789
0.922090
0.549354
0.018368
0.018706
0.667094
0.529876
0.829282
0.527033
0.187953
0.713075
0.153566
0.672823
0.499678
0.652656
0.718717
0.935597
0.406779
0.891273
0.771705
0.571972
0.552238
0.012199
0.246759
0.018368
0.177160
0.421575
0.989675
0.181158
0.543791
0.808960
0.922090
0.117048
0.574890
0.913005
0.406779
0.177160
0.340005
0.513281
0.727244
0.294528
0.007965
0.196422
0.891273
0.104694
0.084803
0.375911
0.603471
0.441715
0.907293
0.197797
0.441715
0.035180
0.031348
0.421575
0.681504
0.557828
0.566341
0.672823
0.721628
0.667094
0.940331
0.735726
0.329292
0.073672
0.829282
0.183833
0.766291
0.787927
0.011753
0.695863
0.231634
0.279144
0.016595
0.483494
0.157114
0.226757
0.449423
0.808960
0.620815
0.368979
0.589144
0.995551
0.907293
0.406779
0.891273
0.223587
0.766291
0.144460
0.867378
0.241635
0.935597
0.288671
0.543791
0.829282
