0.704484
0.994555
0.017866
0.053907
0.015409
0.269851
0.269851
0.153566
0.401971
0.566341
0.082732
0.231634
0.124654
0.867378
0.891273
0.375911
0.907293
0.580543
0.874110
0.527033
0.758020
0.681504
0.426518
0.704484
0.027908
0.457201
0.704484
0.978604
0.001172
0.557828
0.744157
0.891273
0.566341
0.344325
0.978604
0.426518
0.649688
0.829282
0.986757
0.306500
0.441715
0.052535
0.848789
0.855893
0.144460
0.713075
0.258960
0.744157
0.704484
0.250182
0.414138
0.202171
0.357661
0.255445
0.491556
0.108126
0.215763
0.612135
0.836720
0.690166
0.470257
0.255445
0.793201
0.382926
0.713075
0.829282
0.816691
0.483494
0.022258
0.901408
0.499678
0.275424
0.462365
0.771705
0.032199
0.414138
0.223587
0.681504
0.758020
0.053907
0.922090
0.571972
0.294528
0.264363
0.350951
0.454542
0.821730
0.163153
0.867378
0.978604
0.758020
0.962240
0.322949
0.491556
0.552238
0.549354
0.922090
0.589144
0.675784
0.543791
0.483494
0.300471
0.971109
0.635244
0.557828
0.056256
0.086919
0.867378
0.735726
0.141156
0.025970
0.580543
0.836720
0.124654
0.364456
0.132684
0.580543
0.194957
0.991213
0.612135
0.100580
0.681504
0.735726
0.635244
0.681504
0.626544
0.070668
0.436675
0.580543
0.667094
0.446787
0.643949
0.406779
0.962240
0.260793
0.989675
0.092778
0.984769
0.808960
0.878466
0.557828
0.177160
0.067775
0.543791
0.409279
0.109849
0.333520
0.264363
0.016139
0.713075
0.357661
0.153566
0.421575
0.658394
0.698805
0.535389
0.681504
0.000009
0.821730
0.072465
0.535389
0.855893
0.153566
0.513281
0.771705
0.223587
0.491556
0.704484
0.927324
0.874110
0.801128
0.434080
0.766291
0.457201
0.629509
0.294528
0.406779
0.483494
0.981075
0.629509
0.922090
0.340005
0.829282
0.491556
0.766291
0.801128
0.357661
0.527033
0.635244
0.580543
0.971109
0.667094
0.535389
0.612135
0.589144
0.183833
0.491556
0.215763
0.139014
0.255445
0.245003
0.808960
0.364456
0.390021
0.836720
0.333520
0.306500
0.215763
0.603471
0.011425
0.695863
0.166886
0.446787
0.884948
0.518727
0.350951
0.901408
0.535389
0.449423
0.203680
0.808960
0.166886
0.194957
0.269851
0.045761
0.079397
0.483494
0.549354
0.112510
0.935597
0.421575
0.119859
0.841556
0.635244
0.549354
0.704484
0.016595
0.362130
0.241635
0.978604
0.543791
0.867378
0.163153
0.491556
0.951979
0.454542
0.223587
0.390021
0.375911
0.643949
0.340005
0.245003
0.935597
0.589144
0.211153
0.429087
0.848789
0.449423
0.935597
0.874110
0.454542
0.658394
0.107244
0.612135
0.203680
0.192150
0.643949
0.050328
0.223587
0.421575
0.727244
0.543791
0.612135
0.649688
0.513281
0.035500
0.971109
0.132684
0.713075
0.116102
0.658394
0.269851
0.155897
0.779856
0.667094
0.603471
0.681504
0.109849
0.658394
0.884948
0.643949
0.787927
0.907293
0.074303
0.718717
0.758020
0.157114
0.054829
0.290658
0.194957
0.375911
0.947760
0.206623
0.143326
0.698805
0.255445
0.704484
0.897436
0.470257
0.727244
0.421575
0.269851
0.114294
0.766291
0.829282
0.132684
0.483494
0.112510
0.382926
0.916674
0.643949
0.597771
0.681504
0.004246
0.829282
0.690166
0.387593
0.771705
0.552238
0.401971
0.000276
0.626544
0.986757
0.821730
0.962240
0.984769
0.855893
0.816691
0.612135
0.967937
0.462365
0.808960
0.255445
0.779856
0.513281
0.322949
0.758020
0.060217
0.672823
0.513281
0.072465
0.236593
0.958545
0.713075
0.801128
0.020320
0.727244
0.390021
0.000500
0.063362
0.801128
0.735726
0.589144
0.594827
0.779856
0.848789
0.766291
0.401971
0.406779
0.094284
0.735726
0.153566
0.470257
0.449423
0.821730
0.672823
0.441715
0.382926
0.821730
0.597771
0.075538
0.228410
0.580543
0.848789
0.897436
0.690166
0.094284
0.543791
0.867378
0.019768
0.540922
0.005855
0.290658
0.008847
0.571972
0.951979
0.704484
0.209600
0.382926
0.922090
0.603471
0.496903
0.304435
0.075538
0.649688
0.787927
0.475494
0.795913
0.901408
0.269851
0.170690
0.766291
0.414138
0.958545
0.375911
0.603471
0.499678
0.084803
0.000590
0.855893
0.867378
0.549354
0.543791
0.434080
0.704484
0.255445
0.475494
0.787927
0.264363
0.991213
0.617854
0.951979
0.922090
0.874110
0.053907
0.589144
0.603471
0.801128
0.658394
0.971109
0.434080
0.233315
0.375911
0.496903
0.848789
0.758020
0.527033
0.855893
0.375911
0.155897
0.163153
0.054829
0.279144
0.617854
0.098985
0.030798
0.333520
0.589144
0.612135
0.070668
0.187953
0.080707
0.306500
0.848789
0.771705
0.643949
0.284858
0.855893
0.107244
0.589144
0.233315
0.540922
0.223587
0.449423
0.371333
0.499678
0.735726
0.867378
0.179787
0.284858
0.513281
0.275424
0.255445
0.535389
0.821730
0.901408
0.281082
0.848789
0.016595
0.927324
0.206623
0.589144
0.281082
0.848789
0.513281
0.284858
0.771705
0.457201
0.574890
0.935597
0.891273
0.721628
0.275424
0.306500
0.211153
0.681504
0.005110
0.981075
0.758020
0.491556
0.891273
0.535389
0.935597
0.279144
0.005418
0.007593
0.947760
0.867378
0.951979
0.129613
0.199280
0.580543
0.612135
0.612135
0.429087
0.758020
0.658394
0.491556
0.023935
0.019768
0.549354
0.971109
0.022875
0.672823
0.090535
0.566341
0.749684
0.421575
0.077446
0.874110
0.236593
0.109849
0.457201
0.735726
0.122729
0.535389
0.194957
0.357661
0.612135
0.199280
0.589144
0.160731
0.801128
0.589144
0.375911
0.727244
0.566341
0.310521
0.364456
0.357661
0.505064
0.667094
0.667094
0.721628
0.681504
0.462365
0.891273
0.836720
0.118894
0.109849
0.962240
0.284858
0.255445
0.021859
0.658394
0.327120
