0.290658
0.019768
0.744157
0.316692
0.082732
0.958545
0.698805
0.475494
0.867378
0.884948
0.801128
0.029708
0.462365
0.635244
0.025274
0.635244
0.589144
0.119859
0.658394
0.589144
0.429087
0.571972
0.841556
0.612135
0.566341
0.329292
0.713075
0.821730
0.475494
0.841556
0.163153
0.434080
0.681504
0.566341
0.626544
0.947760
0.766291
0.409279
0.652656
0.867378
0.713075
0.095811
0.749684
0.891273
0.571972
0.166886
0.203680
0.475494
0.364456
0.284858
0.580543
0.821730
0.340005
0.183833
0.020320
0.103042
0.916674
0.543791
0.672823
0.935597
0.082732
0.922090
0.462365
0.327120
0.787927
0.202171
0.310521
0.571972
0.290658
0.594827
0.382926
0.306500
0.135818
0.681504
0.228410
0.153566
0.306500
0.947760
0.441715
0.635244
0.462365
0.075538
0.589144
0.255445
0.681504
0.478214
0.521553
0.947760
0.052535
0.913005
0.713075
0.130653
0.000182
0.962240
0.884948
0.962240
0.991213
0.159490
0.603471
0.357661
0.505064
0.635244
0.867378
0.004503
0.884948
0.333520
0.867378
0.100580
0.626544
0.690166
0.300471
0.690166
0.241635
0.454542
0.801128
0.836720
0.144460
0.744157
0.667094
0.557828
0.860501
0.139014
0.079397
0.735726
0.713075
0.032199
0.151265
0.211153
0.821730
0.454542
0.475494
0.462365
0.470257
0.421575
0.109849
0.306500
0.643949
0.867378
0.223587
0.036765
0.681504
0.635244
0.159490
0.194957
0.023935
0.496903
0.808960
0.429087
0.727244
0.994555
0.626544
0.060217
0.160731
0.808960
0.436675
0.214182
0.758020
0.333520
0.620815
0.045761
0.290658
0.704484
0.014305
0.194957
0.505064
0.571972
0.848789
0.513281
0.566341
0.603471
0.483494
0.429087
0.316692
0.620815
0.543791
0.475494
0.571972
0.394742
0.829282
0.787927
0.434080
0.766291
0.603471
0.067195
0.727244
0.171915
0.603471
0.183833
0.190711
0.041578
0.681504
0.940331
0.597771
0.179787
0.749684
0.580543
0.787927
0.801128
0.357661
0.401971
0.290658
0.951979
0.580543
0.603471
0.346575
0.255445
0.177160
0.245003
0.483494
0.978604
0.034568
0.667094
0.144460
0.505064
0.077446
0.935597
0.571972
0.192150
0.462365
0.855893
0.255445
0.100580
0.962240
0.080707
0.166886
0.978604
0.527033
0.597771
0.190711
0.771705
0.150086
0.594827
0.132684
0.401971
0.874110
0.117048
0.414138
0.907293
0.173237
0.771705
0.841556
0.749684
0.649688
0.580543
0.513281
0.821730
0.166886
0.449423
0.779856
0.203680
0.250182
0.166886
0.557828
0.513281
0.021859
0.329292
0.891273
0.821730
0.000411
0.626544
0.540922
0.064990
0.296545
0.112510
0.100580
0.681504
0.672823
0.589144
0.984769
0.884948
0.626544
0.375911
0.375911
0.258960
0.635244
0.787927
0.475494
0.704484
0.127623
0.829282
0.549354
0.414138
0.306500
0.658394
0.681504
0.744157
0.580543
0.543791
0.855893
0.098170
0.228410
0.521553
0.958545
0.951979
0.571972
0.284858
0.300471
0.127623
0.075538
0.667094
0.144460
0.306500
0.744157
0.884948
0.603471
0.958545
0.462365
0.829282
0.744157
0.394742
0.231634
0.284858
0.518727
0.082732
0.535389
0.340005
0.107244
0.250182
0.312615
0.901408
0.681504
0.499678
0.491556
0.241635
0.483494
0.211153
0.470257
0.449423
0.829282
0.860501
0.984769
0.681504
0.401971
0.612135
0.449423
0.635244
0.829282
0.470257
0.940331
0.749684
0.916674
0.290658
0.029186
0.667094
0.527033
0.935597
0.540922
0.159490
0.580543
0.667094
0.269851
0.211153
0.884948
0.499678
0.626544
0.901408
0.269851
0.203680
0.612135
0.513281
0.603471
0.228410
0.829282
0.580543
0.375911
0.829282
0.940331
0.441715
0.098985
0.821730
0.401971
0.855893
0.001149
0.771705
0.766291
0.808960
0.927324
0.922090
0.758020
0.758020
0.935597
0.255445
0.612135
0.901408
0.121744
0.735726
0.667094
0.974087
0.441715
0.050328
0.037099
0.246759
0.105557
0.505064
0.808960
0.589144
0.462365
0.962240
0.215763
0.011106
0.047782
0.735726
0.974087
0.513281
0.401971
0.350951
0.626544
0.228410
0.275424
0.974087
0.157114
0.406779
0.681504
0.787927
0.543791
0.137917
0.192150
0.589144
0.635244
0.478214
0.144460
0.228410
0.958545
0.434080
0.368979
0.658394
0.401971
0.749684
0.068911
0.025970
0.421575
0.068911
0.713075
0.557828
0.617854
0.187953
0.801128
0.978604
0.801128
0.907293
0.848789
0.269851
0.491556
0.051648
0.962240
0.387593
0.779856
0.787927
0.617854
0.981075
0.958545
0.930673
0.009546
0.250182
0.672823
0.626544
0.690166
0.255445
0.735726
0.971109
0.032199
0.048208
0.491556
0.015409
0.690166
0.470257
0.316692
0.104694
0.640981
0.735726
0.421575
0.658394
0.166886
0.513281
0.245003
0.787927
0.829282
0.940331
0.000089
0.401971
0.580543
0.228410
0.057717
0.005262
0.357661
0.557828
0.434080
0.077446
0.446787
0.057717
0.527033
0.284858
0.441715
0.635244
0.704484
0.300471
0.058699
0.121744
0.958545
0.978604
0.020692
0.401971
0.758020
0.173237
0.000069
0.891273
0.233315
0.704484
0.064431
0.086192
0.713075
0.139014
0.735726
0.187953
0.617854
0.505064
0.304435
0.695863
0.112510
0.114294
0.246759
0.996919
0.779856
0.855893
0.922090
0.387593
0.119859
0.462365
0.907293
0.971109
0.454542
0.333520
0.241635
0.998868
0.382926
0.594827
0.704484
0.434080
0.255445
0.552238
0.891273
0.000047
0.284858
0.681504
0.884948
0.105557
0.020320
0.039801
0.329292
0.051194
0.658394
0.518727
0.727244
0.462365
0.698805
0.022875
0.329292
0.491556
0.672823
0.223587
0.306500
0.808960
0.758020
0.867378
0.001208
0.974087
0.901408
0.375911
0.114294
0.589144
0.658394
0.117048
0.779856
0.779856
0.228410
0.580543
