0.203680
0.015409
0.704484
0.643949
0.010298
0.103042
0.589144
0.626544
0.144460
0.513281
0.808960
0.441715
0.549354
0.199280
0.603471
0.310521
0.771705
0.223587
0.690166
0.441715
0.667094
0.034568
0.109849
0.036127
0.160731
0.727244
0.808960
0.749684
0.135818
0.141156
0.848789
0.766291
0.907293
0.470257
0.735726
0.978604
0.094284
0.010298
0.236593
0.543791
0.346575
0.434080
0.758020
0.012907
0.306500
0.771705
0.382926
0.409279
0.231634
0.169385
0.409279
0.255445
0.829282
0.223587
0.258960
0.821730
0.958545
0.132684
0.177160
0.721628
0.667094
0.620815
0.496903
0.935597
0.795913
0.239907
0.441715
0.441715
0.735726
0.947760
0.483494
0.821730
0.867378
0.891273
0.771705
0.491556
0.749684
0.640981
0.194957
0.867378
0.513281
0.454542
0.855893
0.475494
0.874110
0.986757
0.505064
0.088340
0.808960
0.075538
0.947760
0.006325
0.635244
0.874110
0.681504
0.874110
0.571972
0.401971
0.698805
0.758020
0.543791
0.258960
0.159490
0.000000
0.521553
0.233315
0.236593
0.635244
0.255445
0.044581
0.310521
0.513281
0.199280
0.350951
0.829282
0.470257
0.394742
0.974087
0.626544
0.571972
0.958545
0.068911
0.779856
0.535389
0.884948
0.226757
0.571972
0.867378
0.088340
0.478214
0.597771
0.594827
0.951979
0.529876
0.927324
0.867378
0.704484
0.527033
0.109849
0.211153
0.735726
0.072465
0.421575
0.009822
0.409279
0.758020
0.327120
0.735726
0.022875
0.364456
0.695863
0.808960
0.135818
0.312615
0.434080
0.429087
0.177160
0.626544
0.672823
0.779856
0.901408
0.117048
0.441715
0.603471
0.157114
0.962240
0.375911
0.340005
0.470257
0.449423
0.991213
0.927324
0.010298
0.346575
0.855893
0.382926
0.649688
0.704484
0.808960
0.855893
0.406779
0.860501
0.603471
0.005578
0.749684
0.406779
0.470257
0.478214
0.215763
0.951979
0.181158
0.821730
0.215763
0.962240
0.279144
0.127623
0.462365
0.580543
0.862861
0.603471
0.566341
0.060217
0.173237
0.192150
0.279144
0.695863
0.913005
0.462365
0.357661
0.594827
0.000424
0.681504
0.874110
0.626544
0.394742
0.382926
0.098985
0.808960
0.713075
0.269851
0.513281
0.380525
0.214182
0.414138
0.153566
0.695863
0.470257
0.640981
0.170690
0.916674
0.727244
0.333520
0.004868
0.467559
0.643949
0.050328
0.135818
0.218844
0.744157
0.387593
0.897436
0.017063
0.984769
0.491556
0.916674
0.540922
0.505064
0.672823
0.821730
0.913005
0.144460
0.151265
0.051648
0.635244
0.333520
0.779856
0.060743
0.635244
0.375911
0.667094
0.300471
0.829282
0.698805
0.098170
0.470257
0.580543
0.978604
0.029186
0.540922
0.667094
0.649688
0.758020
0.681504
0.026438
0.050328
0.808960
0.758020
0.808960
0.594827
0.935597
0.013524
0.357661
0.475494
0.935597
0.612135
0.727244
0.690166
0.801128
0.141156
0.620815
0.429087
0.971109
0.414138
0.211153
0.421575
0.107244
0.496903
0.901408
0.848789
0.907293
0.421575
0.491556
0.971109
0.962240
0.549354
0.527033
0.603471
0.947760
0.245003
0.284858
0.836720
0.766291
0.612135
0.088340
0.211153
0.505064
0.566341
0.401971
0.594827
0.414138
0.052535
0.922090
0.612135
0.617854
0.333520
0.713075
0.667094
0.779856
0.571972
0.672823
0.206623
0.434080
0.236593
0.025274
0.649688
0.527033
0.357661
0.387593
0.947760
0.264363
0.566341
0.163153
0.727244
0.483494
0.306500
0.350951
0.505064
0.603471
0.166886
0.658394
0.153566
0.061772
0.275424
0.401971
0.713075
0.194957
0.589144
0.793201
0.947760
0.848789
0.346575
0.260793
0.421575
0.658394
0.907293
0.535389
0.007378
0.793201
0.787927
0.713075
0.967937
0.947760
0.002863
0.211153
0.401971
0.053907
0.787927
0.414138
0.470257
0.594827
0.535389
0.409279
0.589144
0.414138
0.779856
0.867378
0.549354
0.429087
0.922090
0.094284
0.594827
0.382926
0.749684
0.907293
0.513281
0.727244
0.063362
0.079397
0.766291
0.543791
0.571972
0.333520
0.848789
0.462365
0.394742
0.771705
0.867378
0.589144
0.891273
0.535389
0.211153
0.064431
0.067775
0.098985
0.916674
0.735726
0.179787
0.667094
0.245003
0.603471
0.340005
0.841556
0.891273
0.055312
0.226757
0.821730
0.672823
0.935597
0.279144
0.067775
0.771705
0.626544
0.713075
0.467559
0.169385
0.350951
0.082732
0.860501
0.735726
0.202171
0.672823
0.394742
0.491556
0.771705
0.891273
0.779856
0.543791
0.246759
0.771705
0.163153
0.294528
0.505064
0.913005
0.135818
0.986757
0.690166
0.072465
0.033354
0.288671
0.421575
0.580543
0.414138
0.808960
0.513281
0.044581
0.535389
0.153566
0.981075
0.470257
0.086192
0.449423
0.382926
0.163153
0.312615
0.007168
0.429087
0.273514
0.779856
0.350951
0.103042
0.163153
0.649688
0.121744
0.387593
0.098985
0.141156
0.867378
0.844036
0.626544
0.414138
0.088340
0.891273
0.322949
0.518727
0.801128
0.092778
0.801128
0.483494
0.245003
0.543791
0.368979
0.947760
0.971109
0.771705
0.124654
0.296545
0.771705
0.316692
0.867378
0.246759
0.088340
0.003455
0.681504
0.518727
0.251967
0.483494
0.566341
0.557828
0.814067
0.281082
0.758020
0.194957
0.470257
0.855893
0.105557
0.462365
0.192150
0.114294
0.401971
0.672823
0.907293
0.626544
0.121744
0.340005
0.290658
0.727244
0.505064
0.491556
0.766291
0.916674
0.808960
0.612135
0.626544
0.014711
0.771705
0.626544
0.127623
0.771705
0.816691
0.513281
0.566341
0.617854
0.357661
0.658394
0.935597
0.589144
0.364456
0.727244
0.016595
0.589144
0.499678
0.779856
0.907293
0.795913
0.958545
0.690166
0.233315
0.521553
0.589144
0.166886
0.019230
0.041578
0.867378
0.039445
0.704484
0.096609
