0.801128
0.829282
0.329292
0.867378
0.549354
0.006144
0.667094
0.513281
0.072465
0.449423
0.795913
0.848789
0.649688
0.346575
0.620815
0.333520
0.022875
0.916674
0.779856
0.787927
0.390021
0.288671
0.965738
0.580543
0.414138
0.380525
0.357661
0.382926
0.962240
0.787927
0.245003
0.958545
0.557828
0.026438
0.704484
0.907293
0.589144
0.316692
0.695863
0.704484
0.958545
0.032771
0.203680
0.483494
0.571972
0.617854
0.557828
0.211153
0.927324
0.284858
0.002146
0.626544
0.749684
0.974087
0.594827
0.132684
0.462365
0.658394
0.223587
0.353229
0.121744
0.713075
0.141156
0.340005
0.211153
0.787927
0.025274
0.018883
0.496903
0.816691
0.535389
0.300471
0.029708
0.203680
0.867378
0.907293
0.672823
0.157114
0.119859
0.505064
0.543791
0.535389
0.626544
0.594827
0.867378
0.690166
0.978604
0.192150
0.375911
0.010009
0.884948
0.922090
0.922090
0.808960
0.390021
0.513281
0.364456
0.401971
0.475494
0.766291
0.617854
0.779856
0.589144
0.132684
0.658394
0.401971
0.119859
0.211153
0.505064
0.470257
0.848789
0.119859
0.758020
0.989675
0.779856
0.626544
0.848789
0.597771
0.260793
0.690166
0.312615
0.557828
0.672823
0.704484
0.513281
0.649688
0.521553
0.390021
0.758020
0.704484
0.441715
0.483494
0.540922
0.557828
0.007032
0.612135
0.135818
0.901408
0.978604
0.735726
0.194957
0.294528
0.357661
0.231634
0.594827
0.117048
0.250182
0.626544
0.340005
0.675784
0.787927
0.449423
0.735726
0.718717
0.007378
0.681504
0.922090
0.841556
0.713075
0.649688
0.991213
0.940331
0.382926
0.192150
0.603471
0.787927
0.236593
0.518727
0.841556
0.735726
0.808960
0.597771
0.571972
0.940331
0.821730
0.246759
0.549354
0.364456
0.527033
0.011753
0.543791
0.199280
0.329292
0.483494
0.394742
0.994555
0.371333
0.518727
0.000485
0.322949
0.649688
0.017063
0.695863
0.848789
0.169385
0.160731
0.580543
0.907293
0.981075
0.801128
0.441715
0.111596
0.855893
0.215763
0.766291
0.157114
0.394742
0.129613
0.620815
0.758020
0.306500
0.483494
0.658394
0.226757
0.735726
0.462365
0.284858
0.649688
0.462365
0.962240
0.594827
0.003629
0.300471
0.874110
0.357661
0.429087
0.279144
0.061772
0.382926
0.132684
0.801128
0.718717
0.571972
0.884948
0.681504
0.010595
0.962240
0.589144
0.916674
0.557828
0.713075
0.787927
0.300471
0.891273
0.014305
0.121744
0.901408
0.368979
0.962240
0.589144
0.690166
0.589144
0.848789
0.801128
0.000234
0.589144
0.163153
0.735726
0.112510
0.170690
0.004164
0.017543
0.264363
0.704484
0.589144
0.129613
0.848789
0.333520
0.867378
0.304435
0.571972
0.986757
0.855893
0.612135
0.454542
0.816691
0.801128
0.808960
0.513281
0.907293
0.329292
0.935597
0.891273
0.727244
0.535389
0.947760
0.771705
0.635244
0.206623
0.496903
0.300471
0.916674
0.121744
0.758020
0.878466
0.704484
0.002020
0.603471
0.513281
0.855893
0.867378
0.907293
0.306500
0.986757
0.704484
0.250182
0.841556
0.801128
0.434080
0.860501
0.891273
0.603471
0.527033
0.829282
0.816691
0.016595
0.681504
0.649688
0.848789
0.228410
0.681504
0.454542
0.958545
0.658394
0.340005
0.260793
0.346575
0.163153
0.371333
0.166886
0.279144
0.626544
0.735726
0.491556
0.721628
0.077446
0.357661
0.364456
0.867378
0.496903
0.038764
0.758020
0.626544
0.449423
0.475494
0.409279
0.441715
0.821730
0.787927
0.901408
0.735726
0.829282
0.994555
0.649688
0.449423
0.090535
0.387593
0.211153
0.667094
0.681504
0.157114
0.103042
0.571972
0.333520
0.635244
0.603471
0.922090
0.612135
0.808960
0.094284
0.681504
0.841556
0.368979
0.643949
0.401971
0.971109
0.557828
0.082732
0.173237
0.704484
0.848789
0.153566
0.690166
0.245003
0.079397
0.470257
0.991213
0.557828
0.300471
0.146673
0.003008
0.322949
0.793201
0.211153
0.527033
0.357661
0.978604
0.766291
0.008436
0.594827
0.994555
0.124654
0.126604
0.505064
0.499678
0.907293
0.215763
0.368979
0.971109
0.462365
0.047782
0.535389
0.841556
0.003738
0.206623
0.962240
0.107244
0.860501
0.721628
0.681504
0.690166
0.513281
0.989675
0.279144
0.947760
0.951979
0.681504
0.070668
0.007378
0.535389
0.434080
0.984769
0.766291
0.958545
0.829282
0.496903
0.535389
0.771705
0.380525
0.580543
0.779856
0.197797
0.867378
0.758020
0.414138
0.394742
0.036127
0.215763
0.290658
0.821730
0.978604
0.704484
0.735726
0.401971
0.441715
0.940331
0.394742
0.454542
0.580543
0.258960
0.901408
0.429087
0.467559
0.704484
0.612135
0.406779
0.571972
0.836720
0.169385
0.801128
0.491556
0.375911
0.527033
0.357661
0.749684
0.122729
0.357661
0.483494
0.144460
0.119859
0.626544
0.100580
0.766291
0.375911
0.241635
0.978604
0.640981
0.958545
0.012548
0.228410
0.549354
0.499678
0.241635
0.421575
0.215763
0.779856
0.557828
0.612135
0.580543
0.409279
0.518727
0.038094
0.040864
0.907293
0.735726
0.704484
0.690166
0.144460
0.808960
0.505064
0.552238
0.157114
0.841556
0.475494
0.144460
0.223587
0.690166
0.672823
0.527033
0.758020
0.597771
0.935597
0.357661
0.940331
0.643949
0.074303
0.704484
0.643949
0.758020
0.316692
0.127623
0.635244
0.119859
0.557828
0.681504
0.002020
0.704484
0.470257
0.971109
0.382926
0.922090
0.434080
0.947760
0.848789
0.171915
0.855893
0.214182
0.004288
0.157114
0.620815
0.927324
0.255445
0.012317
0.808960
0.449423
0.483494
0.916674
0.704484
0.884948
0.483494
0.187953
0.009822
0.177160
0.067775
0.346575
0.727244
0.860501
0.088340
0.513281
0.808960
0.681504
0.027164
0.779856
0.907293
0.387593
0.535389
