0.187953
0.218844
0.589144
0.704484
0.255445
0.426518
0.114294
0.907293
0.518727
0.300471
0.603471
0.236593
0.375911
0.462365
0.808960
0.535389
0.574890
0.916674
0.132684
0.984769
0.183833
0.203680
0.112510
0.382926
0.821730
0.043818
0.375911
0.626544
0.406779
0.441715
0.231634
0.421575
0.394742
0.727244
0.357661
0.821730
0.922090
0.114294
0.000890
0.793201
0.046970
0.967937
0.090535
0.434080
0.612135
0.107244
0.543791
0.994555
0.322949
0.134742
0.132684
0.779856
0.727244
0.521553
0.612135
0.626544
0.166886
0.088340
0.279144
0.758020
0.316692
0.105557
0.540922
0.867378
0.218844
0.150086
0.947760
0.829282
0.821730
0.183833
0.300471
0.194957
0.527033
0.771705
0.390021
0.612135
0.713075
0.704484
0.137917
0.848789
0.958545
0.529876
0.672823
0.072465
0.580543
0.721628
0.690166
0.958545
0.626544
0.704484
0.884948
0.350951
0.821730
0.612135
0.027908
0.020692
0.566341
0.015845
0.300471
0.713075
0.808960
0.527033
0.057717
0.483494
0.855893
0.475494
0.841556
0.006325
0.151265
0.766291
0.971109
0.667094
0.612135
0.836720
0.658394
0.236593
0.051648
0.027164
0.704484
0.346575
0.312615
0.112510
0.897436
0.029982
0.994555
0.513281
0.015845
0.449423
0.913005
0.557828
0.855893
0.841556
0.965738
0.250182
0.978604
0.454542
0.357661
0.190711
0.098985
0.290658
0.181158
0.003193
0.543791
0.434080
0.735726
0.848789
0.023508
0.513281
0.855893
0.333520
0.107244
0.867378
0.070668
0.965738
0.183833
0.927324
0.223587
0.117048
0.505064
0.034568
0.344325
0.088340
0.704484
0.984769
0.836720
0.787927
0.228410
0.364456
0.821730
0.758020
0.557828
0.635244
0.491556
0.181158
0.397198
0.672823
0.053907
0.808960
0.329292
0.643949
0.635244
0.215763
0.199280
0.603471
0.787927
0.690166
0.984769
0.483494
0.690166
0.922090
0.958545
0.626544
0.079397
0.129613
0.874110
0.704484
0.557828
0.269851
0.483494
0.007378
0.597771
0.735726
0.557828
0.264363
0.312615
0.005523
0.177160
0.491556
0.860501
0.971109
0.535389
0.836720
0.462365
0.231634
0.603471
0.192150
0.681504
0.429087
0.187953
0.749684
0.294528
0.867378
0.033659
0.884948
0.874110
0.223587
0.218844
0.690166
0.958545
0.333520
0.010298
0.421575
0.557828
0.255445
0.401971
0.255445
0.518727
0.173237
0.329292
0.713075
0.350951
0.713075
0.057717
0.190711
0.549354
0.574890
0.421575
0.626544
0.922090
0.098985
0.159490
0.098170
0.047782
0.891273
0.643949
0.603471
0.518727
0.454542
0.375911
0.643949
0.394742
0.441715
0.467559
0.211153
0.713075
0.050328
0.891273
0.860501
0.357661
0.626544
0.543791
0.462365
0.779856
0.454542
0.787927
0.231634
0.758020
0.454542
0.192150
0.571972
0.269851
0.848789
0.016595
0.018368
0.206623
0.727244
0.316692
0.695863
0.181158
0.991213
0.984769
0.312615
0.643949
0.513281
0.557828
0.527033
0.088340
0.848789
0.867378
0.409279
0.758020
0.727244
0.727244
0.981075
0.801128
0.597771
0.382926
0.057717
0.505064
0.821730
0.897436
0.951979
0.215763
0.566341
0.250182
0.779856
0.521553
0.250182
0.855893
0.088340
0.475494
0.470257
0.635244
0.965738
0.801128
0.394742
0.406779
0.779856
0.513281
0.821730
0.322949
0.891273
0.144460
0.012317
0.571972
0.603471
0.922090
0.260793
0.620815
0.922090
0.441715
0.350951
0.401971
0.306500
0.597771
0.211153
0.449423
0.300471
0.978604
0.246759
0.635244
0.974087
0.916674
0.947760
0.801128
0.612135
0.779856
0.984769
0.749684
0.124654
0.787927
0.667094
0.197797
0.409279
0.387593
0.284858
0.053907
0.836720
0.713075
0.891273
0.527033
0.721628
0.829282
0.340005
0.848789
0.758020
0.513281
0.159490
0.441715
0.907293
0.483494
0.241635
0.003193
0.690166
0.690166
0.713075
0.135818
0.848789
0.535389
0.766291
0.179787
0.255445
0.521553
0.735726
0.916674
0.771705
0.055312
0.829282
0.157114
0.620815
0.491556
0.505064
0.907293
0.787927
0.075538
0.446787
0.766291
0.658394
0.505064
0.535389
0.340005
0.658394
0.771705
0.557828
0.434080
0.401971
0.557828
0.269851
0.566341
0.779856
0.681504
0.499678
0.434080
0.462365
0.241635
0.836720
0.667094
0.153566
0.543791
0.690166
0.774492
0.211153
0.470257
0.275424
0.713075
0.594827
0.735726
0.013654
0.744157
0.401971
0.350951
0.626544
0.003559
0.211153
0.462365
0.333520
0.350951
0.543791
0.401971
0.414138
0.034568
0.218844
0.025274
0.907293
0.658394
0.612135
0.649688
0.462365
0.521553
0.758020
0.139014
0.005013
0.006703
0.094284
0.626544
0.718717
0.580543
0.635244
0.620815
0.779856
0.409279
0.163153
0.173237
0.779856
0.333520
0.001048
0.779856
0.951979
0.884948
0.401971
0.421575
0.922090
0.306500
0.284858
0.971109
0.766291
0.483494
0.779856
0.163153
0.478214
0.038764
0.951979
0.922090
0.612135
0.228410
0.218844
0.681504
0.667094
0.935597
0.991213
0.880693
0.082732
0.612135
0.028919
0.527033
0.246759
0.635244
0.454542
0.362130
0.766291
0.749684
0.821730
0.801128
0.117048
0.848789
0.527033
0.821730
0.082732
0.316692
0.394742
0.470257
0.821730
0.649688
0.965738
0.704484
0.735726
0.114294
0.275424
0.153566
0.127623
0.037099
0.867378
0.995551
0.414138
0.901408
0.029982
0.002725
0.829282
0.139014
0.255445
0.681504
0.019230
0.483494
0.353229
0.566341
0.951979
0.848789
0.766291
0.658394
0.821730
0.884948
0.557828
0.002950
0.371333
0.382926
0.787927
0.557828
0.801128
0.749684
0.766291
0.841556
0.994555
0.971109
0.414138
0.787927
0.470257
0.620815
0.008847
0.727244
0.916674
0.695863
0.829282
0.173237
0.434080
0.146673
0.829282
