0.758020
0.672823
0.913005
0.874110
0.137917
0.935597
0.057717
0.483494
0.779856
0.082732
0.322949
0.758020
0.310521
0.284858
0.612135
0.390021
0.527033
0.371333
0.735726
0.306500
0.478214
0.060217
0.406779
0.841556
0.721628
0.667094
0.241635
0.401971
0.855893
0.264363
0.907293
0.470257
0.880693
0.019230
0.206623
0.779856
0.774492
0.375911
0.626544
0.236593
0.223587
0.236593
0.015845
0.874110
0.269851
0.978604
0.594827
0.922090
0.829282
0.901408
0.300471
0.635244
0.139014
0.144460
0.779856
0.434080
0.114294
0.454542
0.094284
0.713075
0.766291
0.829282
0.206623
0.187953
0.223587
0.704484
0.566341
0.333520
0.491556
0.470257
0.067195
0.766291
0.312615
0.841556
0.364456
0.264363
0.269851
0.187953
0.117048
0.836720
0.981075
0.075538
0.927324
0.513281
0.013276
0.681504
0.284858
0.774492
0.441715
0.821730
0.940331
0.962240
0.454542
0.475494
0.635244
0.513281
0.281082
0.414138
0.357661
0.951979
0.986757
0.940331
0.758020
0.801128
0.117048
0.907293
0.821730
0.000424
0.066084
0.052535
0.364456
0.470257
0.003289
0.635244
0.401971
0.951979
0.913005
0.255445
0.010009
0.491556
0.166886
0.096609
0.771705
0.521553
0.922090
0.698805
0.681504
0.779856
0.409279
0.690166
0.264363
0.394742
0.061772
0.690166
0.549354
0.513281
0.527033
0.884948
0.901408
0.166886
0.327120
0.327120
0.704484
0.394742
0.940331
0.766291
0.401971
0.245003
0.181158
0.454542
0.031348
0.658394
0.779856
0.841556
0.681504
0.779856
0.971109
0.935597
0.284858
0.626544
0.658394
0.362130
0.387593
0.848789
0.409279
0.779856
0.340005
0.557828
0.049886
0.658394
0.801128
0.449423
0.855893
0.874110
0.557828
0.721628
0.874110
0.160731
0.643949
0.327120
0.927324
0.203680
0.513281
0.034568
0.068911
0.771705
0.220452
0.072465
0.306500
0.046970
0.649688
0.122729
0.169385
0.119859
0.658394
0.557828
0.255445
0.907293
0.434080
0.727244
0.266225
0.269851
0.023508
0.874110
0.571972
0.316692
0.841556
0.643949
0.284858
0.518727
0.021859
0.080707
0.891273
0.491556
0.105557
0.496903
0.795913
0.159490
0.513281
0.077446
0.829282
0.114294
0.766291
0.096609
0.535389
0.927324
0.527033
0.978604
0.779856
0.183833
0.406779
0.749684
0.150086
0.540922
0.159490
0.505064
0.901408
0.580543
0.155897
0.153566
0.557828
0.535389
0.009822
0.549354
0.793201
0.470257
0.672823
0.779856
0.981075
0.597771
0.635244
0.735726
0.084803
0.643949
0.390021
0.787927
0.037099
0.913005
0.475494
0.681504
0.566341
0.658394
0.357661
0.073672
0.612135
0.187953
0.695863
0.153566
0.269851
0.255445
0.406779
0.860501
0.206623
0.275424
0.535389
0.228410
0.681504
0.329292
0.316692
0.681504
0.333520
0.491556
0.821730
0.316692
0.344325
0.054829
0.580543
0.513281
0.801128
0.260793
0.617854
0.483494
0.086919
0.867378
0.103042
0.681504
0.779856
0.643949
0.779856
0.034568
0.589144
0.457201
0.067775
0.211153
0.884948
0.681504
0.735726
0.649688
0.891273
0.749684
0.860501
0.867378
0.612135
0.127623
0.971109
0.127623
0.643949
0.749684
0.779856
0.006637
0.580543
0.357661
0.166886
0.346575
0.001669
0.704484
0.713075
0.643949
0.053907
0.141156
0.052535
0.090535
0.387593
0.913005
0.779856
0.346575
0.962240
0.690166
0.557828
0.821730
0.159490
0.022875
0.580543
0.749684
0.758020
0.457201
0.002950
0.766291
0.635244
0.836720
0.935597
0.996919
0.774492
0.612135
0.535389
0.681504
0.275424
0.571972
0.264363
0.749684
0.848789
0.962240
0.626544
0.483494
0.855893
0.978604
0.808960
0.483494
0.513281
0.194957
0.951979
0.478214
0.483494
0.913005
0.429087
0.779856
0.713075
0.186540
0.681504
0.927324
0.749684
0.255445
0.612135
0.947760
0.513281
0.513281
0.704484
0.535389
0.927324
0.011974
0.255445
0.211153
0.808960
0.022466
0.962240
0.821730
0.239907
0.874110
0.658394
0.801128
0.727244
0.643949
0.033071
0.704484
0.023508
0.434080
0.566341
0.296545
0.867378
0.434080
0.255445
0.483494
0.109849
0.821730
0.947760
0.658394
0.603471
0.916674
0.658394
0.409279
0.103042
0.183833
0.695863
0.643949
0.884948
0.050328
0.449423
0.300471
0.394742
0.470257
0.690166
0.199280
0.913005
0.129613
0.364456
0.001080
0.333520
0.390021
0.054829
0.454542
0.626544
0.580543
0.107244
0.394742
0.231634
0.333520
0.483494
0.333520
0.907293
0.658394
0.667094
0.690166
0.082732
0.284858
0.017866
0.580543
0.603471
0.322949
0.312615
0.090535
0.884948
0.518727
0.884948
0.867378
0.543791
0.144460
0.867378
0.704484
0.454542
0.032199
0.483494
0.039801
0.449423
0.327120
0.766291
0.434080
0.062816
0.643949
0.580543
0.206623
0.496903
0.364456
0.758020
0.649688
0.681504
0.350951
0.327120
0.978604
0.635244
0.057717
0.913005
0.483494
0.150086
0.333520
0.264363
0.643949
0.294528
0.421575
0.350951
0.978604
0.483494
0.735726
0.667094
0.951979
0.072465
0.521553
0.779856
0.250182
0.079397
0.147829
0.958545
0.901408
0.958545
0.891273
0.867378
0.080707
0.312615
0.454542
0.062816
0.470257
0.935597
0.848789
0.264363
0.159490
0.916674
0.704484
0.483494
0.513281
0.901408
0.735726
0.735726
0.907293
0.064431
0.290658
0.109849
0.749684
0.774492
0.483494
0.362130
0.387593
0.441715
0.357661
0.635244
0.758020
0.940331
0.571972
0.793201
0.971109
0.535389
0.922090
0.421575
0.594827
0.793201
0.045761
0.758020
0.306500
0.150086
0.971109
0.867378
0.090535
0.092008
0.543791
0.704484
0.053907
0.031348
0.362130
0.735726
0.320806
0.329292
0.580543
0.513281
0.848789
0.713075
0.228410
0.255445
0.951979
