0.344325
0.951979
0.362130
0.441715
0.401971
0.612135
0.441715
0.704484
0.758020
0.626544
0.414138
0.589144
0.935597
0.088340
0.223587
0.821730
0.713075
0.421575
0.758020
0.409279
0.635244
0.713075
0.566341
0.658394
0.228410
0.483494
0.003850
0.245003
0.649688
0.119859
0.414138
0.371333
0.513281
0.441715
0.000337
0.935597
0.462365
0.491556
0.681504
0.787927
0.284858
0.855893
0.068911
0.901408
0.580543
0.441715
0.848789
0.535389
0.821730
0.549354
0.612135
0.026438
0.690166
0.340005
0.269851
0.841556
0.867378
0.935597
0.470257
0.721628
0.316692
0.050328
0.203680
0.518727
0.884948
0.082732
0.368979
0.635244
0.801128
0.382926
0.483494
0.190711
0.603471
0.429087
0.922090
0.527033
0.327120
0.649688
0.496903
0.135818
0.103042
0.867378
0.012548
0.967937
0.300471
0.357661
0.867378
0.009104
0.658394
0.070668
0.017866
0.421575
0.382926
0.884948
0.316692
0.735726
0.294528
0.394742
0.681504
0.429087
0.793201
0.557828
0.049040
0.808960
0.735726
0.855893
0.589144
0.935597
0.081393
0.571972
0.048208
0.643949
0.974087
0.306500
0.169385
0.713075
0.067775
0.884948
0.841556
0.744157
0.658394
0.426518
0.483494
0.470257
0.208158
0.421575
0.357661
0.808960
0.557828
0.177160
0.462365
0.991213
0.066084
0.549354
0.041578
0.084803
0.721628
0.658394
0.316692
0.643949
0.816691
0.067775
0.667094
0.779856
0.867378
0.635244
0.617854
0.766291
0.860501
0.357661
0.375911
0.483494
0.462365
0.535389
0.981075
0.406779
0.194957
0.340005
0.000804
0.658394
0.766291
0.704484
0.223587
0.194957
0.284858
0.749684
0.521553
0.643949
0.043818
0.704484
0.557828
0.958545
0.241635
0.535389
0.279144
0.449423
0.346575
0.527033
0.220452
0.255445
0.749684
0.566341
0.255445
0.649688
0.121744
0.513281
0.836720
0.279144
0.050328
0.166886
0.698805
0.951979
0.735726
0.535389
0.483494
0.173237
0.829282
0.346575
0.713075
0.190711
0.426518
0.371333
0.848789
0.357661
0.713075
0.166886
0.137917
0.322949
0.808960
0.816691
0.681504
0.357661
0.115226
0.557828
0.589144
0.913005
0.284858
0.306500
0.681504
0.414138
0.566341
0.215763
0.454542
0.855893
0.333520
0.018368
0.589144
0.223587
0.589144
0.163153
0.371333
0.429087
0.513281
0.540922
0.056256
0.766291
0.096609
0.467559
0.505064
0.150086
0.744157
0.103042
0.829282
0.922090
0.907293
0.978604
0.922090
0.340005
0.951979
0.357661
0.922090
0.617854
0.505064
0.329292
0.135818
0.183833
0.681504
0.884948
0.986757
0.346575
0.867378
0.414138
0.681504
0.735726
0.426518
0.142275
0.279144
0.202171
0.603471
0.421575
0.505064
0.855893
0.744157
0.414138
0.808960
0.382926
0.884948
0.989675
0.589144
0.589144
0.552238
0.449423
0.513281
0.891273
0.916674
0.050328
0.580543
0.098985
0.394742
0.620815
0.421575
0.449423
0.310521
0.245003
0.462365
0.557828
0.690166
0.821730
0.787927
0.566341
0.974087
0.401971
0.860501
0.793201
0.779856
0.626544
0.841556
0.084092
0.571972
0.449423
0.329292
0.294528
0.958545
0.965738
0.340005
0.681504
0.394742
0.667094
0.557828
0.475494
0.483494
0.855893
0.382926
0.603471
0.635244
0.735726
0.414138
0.612135
0.566341
0.375911
0.253642
0.223587
0.704484
0.643949
0.808960
0.907293
0.841556
0.626544
0.535389
0.132684
0.635244
0.187953
0.434080
0.821730
0.470257
0.206623
0.333520
0.294528
0.808960
0.681504
0.603471
0.681504
0.037099
0.181158
0.901408
0.255445
0.891273
0.005364
0.163153
0.821730
0.017866
0.658394
0.690166
0.603471
0.491556
0.346575
0.922090
0.617854
0.884948
0.357661
0.848789
0.922090
0.635244
0.874110
0.713075
0.603471
0.401971
0.364456
0.808960
0.848789
0.580543
0.808960
0.223587
0.771705
0.681504
0.436675
0.024596
0.483494
0.329292
0.841556
0.462365
0.571972
0.540922
0.088340
0.841556
0.603471
0.713075
0.566341
0.867378
0.779856
0.434080
0.061772
0.357661
0.821730
0.499678
0.727244
0.901408
0.421575
0.414138
0.774492
0.713075
0.940331
0.031348
0.505064
0.491556
0.552238
0.727244
0.535389
0.829282
0.409279
0.557828
0.649688
0.009822
0.255445
0.704484
0.735726
0.574890
0.344325
0.713075
0.284858
0.454542
0.566341
0.012317
0.329292
0.475494
0.037752
0.449423
0.434080
0.681504
0.306500
0.475494
0.100580
0.012317
0.011425
0.626544
0.023508
0.364456
0.279144
0.681504
0.513281
0.672823
0.774492
0.848789
0.329292
0.032771
0.855893
0.329292
0.594827
0.571972
0.978604
0.300471
0.535389
0.077446
0.984769
0.344325
0.021268
0.649688
0.713075
0.779856
0.635244
0.236593
0.801128
0.462365
0.333520
0.273514
0.024596
0.681504
0.364456
0.382926
0.340005
0.187953
0.183833
0.041578
0.566341
0.713075
0.901408
0.434080
0.003455
0.127623
0.821730
0.390021
0.491556
0.704484
0.658394
0.922090
0.681504
0.801128
0.658394
0.855893
0.635244
0.718717
0.322949
0.063362
0.269851
0.787927
0.713075
0.192150
0.940331
0.491556
0.421575
0.658394
0.086192
0.779856
0.635244
0.635244
0.275424
0.752533
0.454542
0.978604
0.441715
0.681504
0.375911
0.340005
0.340005
0.951979
0.375911
0.061772
0.177160
0.667094
0.092008
0.935597
0.951979
0.884948
0.021859
0.848789
0.612135
0.470257
0.540922
0.787927
0.744157
0.884948
0.855893
0.649688
0.264363
0.984769
0.958545
0.027908
0.269851
0.594827
0.704484
0.935597
0.153566
0.153566
0.821730
0.848789
0.535389
0.658394
0.096609
0.643949
0.922090
0.855893
0.333520
0.998868
0.183833
0.183833
0.441715
0.535389
0.329292
0.779856
0.901408
0.535389
0.566341
0.187953
0.478214
0.771705
0.316692
