0.758020
0.935597
0.329292
0.112510
0.000285
0.916674
0.787927
0.891273
0.580543
0.364456
0.264363
0.867378
0.179787
0.409279
0.821730
0.357661
0.382926
0.233315
0.779856
0.382926
0.082732
0.997586
0.793201
0.491556
0.549354
0.079397
0.269851
0.543791
0.157114
0.236593
0.735726
0.441715
0.829282
0.040864
0.078727
0.580543
0.088340
0.159490
0.801128
0.848789
0.612135
0.841556
0.037099
0.231634
0.829282
0.552238
0.947760
0.043818
0.557828
0.718717
0.667094
0.006765
0.951979
0.024596
0.848789
0.394742
0.612135
0.159490
0.215763
0.735726
0.907293
0.206623
0.462365
0.371333
0.284858
0.735726
0.521553
0.758020
0.462365
0.187953
0.406779
0.147829
0.401971
0.922090
0.690166
0.907293
0.713075
0.470257
0.322949
0.119859
0.940331
0.922090
0.117048
0.496903
0.241635
0.971109
0.535389
0.779856
0.867378
0.704484
0.874110
0.916674
0.713075
0.150086
0.462365
0.626544
0.260793
0.491556
0.735726
0.027652
0.913005
0.157114
0.192150
0.483494
0.001809
0.991213
0.771705
0.043818
0.163153
0.375911
0.758020
0.643949
0.329292
0.962240
0.505064
0.884948
0.228410
0.241635
0.454542
0.177160
0.290658
0.808960
0.922090
0.077446
0.401971
0.527033
0.978604
0.681504
0.907293
0.821730
0.779856
0.695863
0.808960
0.090535
0.947760
0.064431
0.658394
0.496903
0.916674
0.306500
0.350951
0.310521
0.350951
0.454542
0.836720
0.612135
0.867378
0.414138
0.109849
0.454542
0.353229
0.020692
0.860501
0.505064
0.434080
0.540922
0.735726
0.829282
0.454542
0.808960
0.808960
0.368979
0.922090
0.635244
0.470257
0.603471
0.491556
0.499678
0.513281
0.658394
0.109849
0.612135
0.084803
0.829282
0.100580
0.055312
0.603471
0.005687
0.766291
0.327120
0.766291
0.000039
0.483494
0.874110
0.713075
0.713075
0.000178
0.144460
0.779856
0.357661
0.294528
0.416665
0.801128
0.006511
0.284858
0.713075
0.375911
0.255445
0.250182
0.649688
0.390021
0.774492
0.064990
0.891273
0.793201
0.475494
0.672823
0.103042
0.505064
0.441715
0.491556
0.922090
0.434080
0.916674
0.635244
0.779856
0.836720
0.727244
0.965738
0.063362
0.922090
0.346575
0.940331
0.006832
0.951979
0.935597
0.446787
0.735726
0.672823
0.916674
0.258960
0.626544
0.068911
0.350951
0.169385
0.821730
0.867378
0.758020
0.250182
0.346575
0.981075
0.947760
0.166886
0.771705
0.635244
0.801128
0.255445
0.340005
0.566341
0.312615
0.161896
0.935597
0.999575
0.441715
0.025970
0.855893
0.543791
0.478214
0.462365
0.414138
0.612135
0.228410
0.013909
0.255445
0.300471
0.449423
0.549354
0.891273
0.930673
0.643949
0.294528
0.860501
0.401971
0.829282
0.965738
0.382926
0.758020
0.958545
0.061772
0.713075
0.475494
0.316692
0.505064
0.713075
0.681504
0.658394
0.603471
0.971109
0.017866
0.855893
0.967937
0.958545
0.766291
0.236593
0.306500
0.951979
0.801128
0.394742
0.867378
0.009277
0.300471
0.978604
0.766291
0.801128
0.978604
0.658394
0.991213
0.735726
0.499678
0.821730
0.704484
0.157114
0.429087
0.166886
0.658394
0.006325
0.233315
0.695863
0.496903
0.310521
0.808960
0.236593
0.462365
0.260793
0.166886
0.841556
0.022258
0.100580
0.698805
0.947760
0.535389
0.364456
0.735726
0.340005
0.449423
0.353229
0.951979
0.401971
0.027164
0.841556
0.821730
0.635244
0.340005
0.557828
0.306500
0.290658
0.040864
0.735726
0.962240
0.269851
0.117048
0.821730
0.483494
0.594827
0.357661
0.978604
0.649688
0.549354
0.787927
0.117048
0.829282
0.549354
0.580543
0.626544
0.306500
0.681504
0.357661
0.199280
0.635244
0.294528
0.322949
0.063362
0.690166
0.346575
0.735726
0.290658
0.681504
0.344325
0.735726
0.597771
0.357661
0.867378
0.612135
0.698805
0.279144
0.848789
0.421575
0.037099
0.981075
0.462365
0.159490
0.758020
0.848789
0.922090
0.907293
0.735726
0.779856
0.935597
0.441715
0.566341
0.718717
0.029982
0.260793
0.382926
0.290658
0.394742
0.160731
0.513281
0.907293
0.223587
0.916674
0.649688
0.658394
0.434080
0.658394
0.617854
0.874110
0.749684
0.603471
0.375911
0.513281
0.177160
0.580543
0.147829
0.986757
0.940331
0.105557
0.829282
0.187953
0.571972
0.390021
0.290658
0.037099
0.704484
0.103042
0.681504
0.821730
0.880693
0.867378
0.779856
0.571972
0.635244
0.279144
0.535389
0.649688
0.067775
0.704484
0.758020
0.675784
0.527033
0.574890
0.505064
0.690166
0.535389
0.667094
0.880693
0.635244
0.787927
0.643949
0.072465
0.527033
0.848789
0.930673
0.518727
0.454542
0.566341
0.695863
0.672823
0.483494
0.135818
0.470257
0.483494
0.913005
0.368979
0.848789
0.549354
0.821730
0.112510
0.991213
0.306500
0.989675
0.023508
0.255445
0.672823
0.144460
0.194957
0.867378
0.557828
0.580543
0.441715
0.053907
0.580543
0.026438
0.421575
0.658394
0.735726
0.617854
0.375911
0.749684
0.603471
0.245003
0.401971
0.098985
0.067775
0.566341
0.284858
0.829282
0.300471
0.681504
0.727244
0.958545
0.891273
0.667094
0.935597
0.350951
0.079397
0.491556
0.036127
0.649688
0.913005
0.594827
0.082732
0.414138
0.549354
0.907293
0.322949
0.441715
0.429087
0.549354
0.340005
0.046970
0.364456
0.011106
0.766291
0.635244
0.462365
0.675784
0.603471
0.540922
0.557828
0.382926
0.787927
0.981075
0.901408
0.364456
0.640981
0.027164
0.350951
0.727244
0.930673
0.597771
0.978604
0.681504
0.643949
0.891273
0.382926
0.984769
0.801128
0.612135
0.246759
0.114294
0.409279
0.206623
0.940331
0.190711
0.741289
0.704484
0.841556
0.340005
0.206623
0.779856
0.947760
0.927324
0.521553
0.003256
0.681504
