0.004963
0.907293
0.306500
0.986757
0.848789
0.721628
0.884948
0.478214
0.267971
0.104694
0.454542
0.223587
0.766291
0.015845
0.491556
0.704484
0.984769
0.132684
0.848789
0.935597
0.580543
0.150086
0.121744
0.836720
0.597771
0.082732
0.166886
0.612135
0.758020
0.300471
0.000804
0.635244
0.499678
0.070668
0.999575
0.771705
0.735726
0.467559
0.177160
0.907293
0.580543
0.951979
0.566341
0.612135
0.255445
0.947760
0.462365
0.667094
0.146673
0.597771
0.199280
0.333520
0.255445
0.250182
0.027164
0.119859
0.183833
0.346575
0.414138
0.801128
0.603471
0.357661
0.907293
0.000918
0.491556
0.718717
0.483494
0.891273
0.543791
0.049040
0.891273
0.907293
0.635244
0.371333
0.306500
0.749684
0.441715
0.177160
0.429087
0.090535
0.867378
0.779856
0.922090
0.774492
0.801128
0.080707
0.681504
0.382926
0.190711
0.215763
0.037099
0.927324
0.658394
0.357661
0.470257
0.467559
0.255445
0.891273
0.667094
0.088340
0.055312
0.787927
0.475494
0.475494
0.449423
0.255445
0.117048
0.375911
0.454542
0.024596
0.300471
0.350951
0.958545
0.049040
0.462365
0.258960
0.187953
0.848789
0.016293
0.557828
0.206623
0.211153
0.109849
0.594827
0.279144
0.867378
0.346575
0.327120
0.681504
0.891273
0.962240
0.612135
0.612135
0.994555
0.394742
0.223587
0.470257
0.535389
0.566341
0.449423
0.483494
0.394742
0.667094
0.735726
0.434080
0.690166
0.375911
0.124654
0.312615
0.255445
0.011640
0.521553
0.848789
0.891273
0.483494
0.940331
0.050328
0.139014
0.884948
0.874110
0.015409
0.580543
0.580543
0.042685
0.603471
0.005855
0.002146
0.199280
0.681504
0.004164
0.127623
0.322949
0.991213
0.589144
0.927324
0.580543
0.019768
0.166886
0.169385
0.421575
0.127623
0.441715
0.483494
0.913005
0.306500
0.421575
0.144460
0.364456
0.203680
0.513281
0.626544
0.635244
0.735726
0.884948
0.801128
0.626544
0.821730
0.771705
0.258960
0.649688
0.901408
0.340005
0.981075
0.346575
0.603471
0.401971
0.735726
0.269851
0.006325
0.867378
0.527033
0.290658
0.801128
0.597771
0.891273
0.241635
0.922090
0.978604
0.153566
0.322949
0.375911
0.273514
0.505064
0.059212
0.284858
0.441715
0.142275
0.612135
0.491556
0.491556
0.635244
0.704484
0.617854
0.808960
0.589144
0.535389
0.483494
0.002567
0.612135
0.758020
0.549354
0.962240
0.434080
0.236593
0.527033
0.454542
0.241635
0.681504
0.454542
0.681504
0.094284
0.000872
0.681504
0.981075
0.434080
0.141156
0.421575
0.735726
0.787927
0.704484
0.958545
0.163153
0.681504
0.549354
0.635244
0.571972
0.527033
0.032199
0.279144
0.236593
0.735726
0.907293
0.848789
0.552238
0.146673
0.774492
0.357661
0.940331
0.779856
0.426518
0.779856
0.062816
0.190711
0.426518
0.758020
0.518727
0.406779
0.829282
0.821730
0.901408
0.082732
0.505064
0.971109
0.907293
0.589144
0.626544
0.771705
0.429087
0.021268
0.016595
0.228410
0.603471
0.704484
0.034568
0.187953
0.013276
0.867378
0.153566
0.635244
0.984769
0.589144
0.922090
0.935597
0.922090
0.958545
0.808960
0.667094
0.382926
0.986757
0.612135
0.117048
0.829282
0.090535
0.779856
0.211153
0.667094
0.958545
0.951979
0.808960
0.483494
0.475494
0.322949
0.690166
0.037752
0.808960
0.284858
0.470257
0.035180
0.382926
0.867378
0.927324
0.749684
0.375911
0.704484
0.829282
0.001540
0.758020
0.187953
0.429087
0.000000
0.173237
0.978604
0.594827
0.024596
0.401971
0.281082
0.801128
0.284858
0.867378
0.513281
0.658394
0.429087
0.907293
0.971109
0.589144
0.199280
0.922090
0.441715
0.951979
0.649688
0.787927
0.441715
0.364456
0.340005
0.535389
0.255445
0.096609
0.649688
0.061772
0.470257
0.401971
0.015845
0.070668
0.409279
0.727244
0.652656
0.241635
0.801128
0.867378
0.841556
0.758020
0.549354
0.001636
0.557828
0.390021
0.147829
0.290658
0.414138
0.801128
0.557828
0.414138
0.496903
0.269851
0.022258
0.072465
0.414138
0.401971
0.643949
0.000026
0.891273
0.414138
0.962240
0.505064
0.020692
0.187953
0.275424
0.513281
0.478214
0.132684
0.231634
0.704484
0.246759
0.848789
0.375911
0.434080
0.690166
0.967937
0.867378
0.626544
0.070668
0.042685
0.727244
0.543791
0.375911
0.891273
0.094284
0.749684
0.080707
0.727244
0.974087
0.177160
0.139014
0.429087
0.387593
0.589144
0.867378
0.129613
0.269851
0.549354
0.088340
0.491556
0.362130
0.063362
0.801128
0.306500
0.462365
0.549354
0.549354
0.114294
0.848789
0.077446
0.513281
0.829282
0.218844
0.620815
0.821730
0.053907
0.978604
0.387593
0.107244
0.971109
0.215763
0.067775
0.829282
0.984769
0.269851
0.690166
0.018883
0.491556
0.766291
0.566341
0.015409
0.808960
0.808960
0.635244
0.779856
0.549354
0.215763
0.681504
0.617854
0.029982
0.808960
0.007032
0.672823
0.233315
0.713075
0.269851
0.571972
0.390021
0.690166
0.787927
0.801128
0.462365
0.787927
0.206623
0.206623
0.449423
0.626544
0.922090
0.878466
0.991213
0.735726
0.264363
0.096609
0.527033
0.364456
0.236593
0.829282
0.690166
0.571972
0.394742
0.137917
0.529876
0.382926
0.735726
0.681504
0.346575
0.841556
0.236593
0.147829
0.163153
0.483494
0.109849
0.070668
0.884948
0.132684
0.848789
0.947760
0.698805
0.269851
0.766291
0.612135
0.067775
0.549354
0.913005
0.269851
0.414138
0.340005
0.727244
0.603471
0.375911
0.658394
0.994555
0.340005
0.275424
0.513281
0.704484
0.897436
0.394742
0.169385
0.779856
0.100580
0.394742
0.394742
0.421575
0.000000
0.462365
0.821730
0.603471
0.821730
0.245003
0.157114
0.916674
0.594827
0.009277
0.109849
