0.986757
0.690166
0.635244
0.434080
0.300471
0.527033
0.505064
0.483494
0.390021
0.037099
0.059212
0.557828
0.077446
0.612135
0.779856
0.194957
0.848789
0.387593
0.203680
0.004868
0.821730
0.409279
0.774492
0.045761
0.513281
0.017063
0.241635
0.589144
0.300471
0.401971
0.991213
0.236593
0.690166
0.491556
0.105557
0.808960
0.643949
0.470257
0.821730
0.496903
0.329292
0.681504
0.038094
0.816691
0.505064
0.571972
0.589144
0.749684
0.284858
0.394742
0.513281
0.594827
0.535389
0.620815
0.177160
0.713075
0.930673
0.144460
0.801128
0.848789
0.281082
0.228410
0.491556
0.571972
0.000037
0.749684
0.067775
0.223587
0.441715
0.841556
0.119859
0.012317
0.470257
0.667094
0.681504
0.978604
0.922090
0.744157
0.236593
0.580543
0.454542
0.063362
0.094284
0.051648
0.454542
0.981075
0.153566
0.958545
0.594827
0.194957
0.527033
0.401971
0.855893
0.848789
0.079397
0.704484
0.223587
0.112510
0.958545
0.327120
0.513281
0.312615
0.139014
0.100580
0.787927
0.078727
0.787927
0.269851
0.255445
0.421575
0.491556
0.340005
0.350951
0.612135
0.177160
0.300471
0.935597
0.157114
0.635244
0.173237
0.053907
0.821730
0.382926
0.088340
0.454542
0.855893
0.848789
0.241635
0.848789
0.675784
0.758020
0.090535
0.306500
0.109849
0.079397
0.816691
0.594827
0.667094
0.848789
0.704484
0.787927
0.233315
0.901408
0.913005
0.597771
0.557828
0.228410
0.580543
0.735726
0.457201
0.211153
0.004043
0.874110
0.027908
0.793201
0.357661
0.848789
0.306500
0.718717
0.080707
0.312615
0.513281
0.066084
0.139014
0.441715
0.986757
0.821730
0.922090
0.153566
0.779856
0.144460
0.082732
0.357661
0.771705
0.848789
0.527033
0.194957
0.088340
0.513281
0.766291
0.470257
0.860501
0.084803
0.681504
0.414138
0.727244
0.527033
0.535389
0.626544
0.779856
0.543791
0.074303
0.129613
0.429087
0.344325
0.930673
0.958545
0.037752
0.695863
0.236593
0.749684
0.029186
0.681504
0.329292
0.177160
0.571972
0.139014
0.109849
0.264363
0.429087
0.758020
0.681504
0.406779
0.855893
0.744157
0.072465
0.329292
0.603471
0.300471
0.103042
0.891273
0.322949
0.163153
0.543791
0.594827
0.057717
0.884948
0.441715
0.199280
0.260793
0.357661
0.141156
0.046970
0.241635
0.127623
0.103042
0.635244
0.704484
0.808960
0.971109
0.704484
0.713075
0.211153
0.649688
0.015409
0.836720
0.962240
0.236593
0.063362
0.165605
0.112510
0.808960
0.470257
0.766291
0.667094
0.052535
0.181158
0.771705
0.758020
0.228410
0.922090
0.848789
0.394742
0.127623
0.394742
0.626544
0.333520
0.056256
0.190711
0.006028
0.284858
0.758020
0.808960
0.032771
0.421575
0.306500
0.951979
0.566341
0.766291
0.935597
0.518727
0.375911
0.070668
0.387593
0.922090
0.617854
0.867378
0.155897
0.518727
0.744157
0.228410
0.401971
0.521553
0.429087
0.580543
0.013909
0.658394
0.401971
0.236593
0.626544
0.441715
0.236593
0.462365
0.429087
0.758020
0.535389
0.390021
0.521553
0.421575
0.965738
0.312615
0.951979
0.382926
0.978604
0.491556
0.505064
0.470257
0.589144
0.029186
0.704484
0.681504
0.841556
0.173237
0.589144
0.884948
0.962240
0.038764
0.462365
0.092008
0.771705
0.409279
0.316692
0.150086
0.860501
0.005262
0.394742
0.574890
0.649688
0.157114
0.187953
0.821730
0.333520
0.749684
0.617854
0.306500
0.441715
0.390021
0.958545
0.658394
0.322949
0.787927
0.603471
0.429087
0.867378
0.409279
0.580543
0.350951
0.884948
0.612135
0.589144
0.589144
0.891273
0.951979
0.535389
0.978604
0.401971
0.098985
0.922090
0.322949
0.971109
0.771705
0.643949
0.735726
0.001172
0.543791
0.549354
0.454542
0.907293
0.779856
0.735726
0.009822
0.264363
0.004591
0.032199
0.139014
0.681504
0.821730
0.603471
0.643949
0.362130
0.704484
0.294528
0.620815
0.333520
0.808960
0.300471
0.643949
0.260793
0.350951
0.758020
0.012907
0.787927
0.005687
0.173237
0.401971
0.250182
0.169385
0.350951
0.848789
0.766291
0.549354
0.390021
0.940331
0.009822
0.841556
0.667094
0.004868
0.170690
0.540922
0.589144
0.667094
0.002808
0.580543
0.322949
0.505064
0.681504
0.922090
0.727244
0.681504
0.194957
0.011106
0.109849
0.891273
0.891273
0.401971
0.159490
0.620815
0.667094
0.177160
0.029982
0.166886
0.721628
0.695863
0.241635
0.382926
0.429087
0.169385
0.094284
0.013909
0.478214
0.462365
0.713075
0.793201
0.978604
0.580543
0.288671
0.090535
0.177160
0.891273
0.855893
0.571972
0.401971
0.984769
0.020320
0.681504
0.010298
0.436675
0.735726
0.795913
0.841556
0.382926
0.793201
0.947760
0.434080
0.808960
0.727244
0.375911
0.867378
0.589144
0.901408
0.779856
0.947760
0.094284
0.223587
0.681504
0.901408
0.874110
0.758020
0.177160
0.704484
0.922090
0.029186
0.462365
0.260793
0.275424
0.513281
0.375911
0.681504
0.787927
0.735726
0.260793
0.927324
0.173237
0.312615
0.848789
0.223587
0.758020
0.808960
0.084803
0.527033
0.049040
0.306500
0.187953
0.766291
0.350951
0.649688
0.250182
0.312615
0.801128
0.340005
0.245003
0.672823
0.766291
0.462365
0.884948
0.916674
0.275424
0.766291
0.300471
0.401971
0.735726
0.215763
0.956001
0.475494
0.543791
0.557828
0.574890
0.353229
0.406779
0.749684
0.951979
0.535389
0.860501
0.316692
0.470257
0.070668
0.119859
0.049040
0.635244
0.211153
0.735726
0.059212
0.735726
0.375911
0.518727
0.007965
0.000055
0.029186
0.922090
0.758020
0.211153
0.612135
0.774492
0.505064
0.821730
0.357661
0.695863
0.121744
0.930673
0.884948
0.836720
0.170690
0.053907
0.478214
0.223587
0.475494
