0.935597
0.766291
0.690166
0.371333
0.829282
0.836720
0.884948
0.177160
0.612135
0.907293
0.744157
0.390021
0.947760
0.340005
0.187953
0.860501
0.758020
0.808960
0.008197
0.246759
0.223587
0.758020
0.626544
0.891273
0.023508
0.333520
0.401971
0.758020
0.766291
0.329292
0.496903
0.922090
0.255445
0.382926
0.163153
0.340005
0.922090
0.867378
0.704484
0.801128
0.505064
0.496903
0.157114
0.281082
0.104694
0.090535
0.239907
0.350951
0.483494
0.357661
0.462365
0.513281
0.704484
0.612135
0.260793
0.867378
0.382926
0.571972
0.264363
0.064431
0.454542
0.012317
0.989675
0.855893
0.635244
0.698805
0.626544
0.913005
0.269851
0.144460
0.279144
0.589144
0.406779
0.053907
0.681504
0.704484
0.713075
0.075538
0.821730
0.793201
0.848789
0.004164
0.874110
0.109849
0.971109
0.829282
0.821730
0.801128
0.312615
0.279144
0.288671
0.353229
0.612135
0.935597
0.557828
0.183833
0.727244
0.316692
0.434080
0.118894
0.306500
0.766291
0.617854
0.001027
0.935597
0.589144
0.848789
0.496903
0.829282
0.958545
0.566341
0.981075
0.454542
0.891273
0.057717
0.713075
0.771705
0.029982
0.971109
0.713075
0.557828
0.462365
0.940331
0.132684
0.808960
0.462365
0.236593
0.940331
0.068911
0.543791
0.535389
0.557828
0.704484
0.253642
0.322949
0.170690
0.329292
0.068911
0.103042
0.228410
0.787927
0.300471
0.635244
0.612135
0.001494
0.002863
0.527033
0.371333
0.855893
0.867378
0.057717
0.947760
0.891273
0.681504
0.316692
0.102197
0.290658
0.139014
0.001981
0.491556
0.612135
0.258960
0.735726
0.867378
0.513281
0.075538
0.603471
0.563435
0.406779
0.704484
0.260793
0.362130
0.199280
0.744157
0.695863
0.035500
0.735726
0.005418
0.549354
0.454542
0.004503
0.449423
0.350951
0.801128
0.406779
0.114294
0.922090
0.635244
0.375911
0.124654
0.310521
0.300471
0.766291
0.771705
0.187953
0.829282
0.199280
0.462365
0.951979
0.962240
0.264363
0.940331
0.211153
0.026438
0.006028
0.357661
0.658394
0.105557
0.643949
0.580543
0.626544
0.571972
0.594827
0.867378
0.457201
0.429087
0.032199
0.135818
0.907293
0.401971
0.375911
0.907293
0.574890
0.612135
0.704484
0.535389
0.965738
0.031348
0.580543
0.069506
0.211153
0.758020
0.829282
0.620815
0.527033
0.300471
0.672823
0.333520
0.922090
0.350951
0.505064
0.375911
0.066084
0.795913
0.867378
0.675784
0.597771
0.082732
0.713075
0.557828
0.589144
0.808960
0.787927
0.603471
0.727244
0.981075
0.454542
0.901408
0.192150
0.535389
0.028409
0.557828
0.478214
0.991213
0.141156
0.597771
0.159490
0.449423
0.597771
0.557828
0.779856
0.766291
0.462365
0.414138
0.010298
0.387593
0.681504
0.603471
0.117048
0.246759
0.566341
0.597771
0.390021
0.007032
0.971109
0.821730
0.658394
0.218844
0.124654
0.375911
0.735726
0.713075
0.527033
0.177160
0.801128
0.779856
0.362130
0.382926
0.475494
0.589144
0.513281
0.096609
0.727244
0.649688
0.454542
0.766291
0.382926
0.589144
0.667094
0.306500
0.658394
0.927324
0.698805
0.390021
0.187953
0.816691
0.253642
0.513281
0.874110
0.316692
0.907293
0.316692
0.808960
0.758020
0.329292
0.884948
0.312615
0.421575
0.364456
0.527033
0.829282
0.749684
0.316692
0.357661
0.357661
0.090535
0.147829
0.557828
0.749684
0.505064
0.306500
0.470257
0.094284
0.375911
0.350951
0.273514
0.394742
0.962240
0.594827
0.031348
0.580543
0.255445
0.375911
0.658394
0.449423
0.771705
0.704484
0.821730
0.535389
0.801128
0.891273
0.658394
0.521553
0.117048
0.947760
0.727244
0.088340
0.236593
0.821730
0.518727
0.951979
0.513281
0.735726
0.496903
0.414138
0.635244
0.947760
0.552238
0.449423
0.580543
0.996919
0.935597
0.079397
0.434080
0.779856
0.304435
0.916674
0.626544
0.675784
0.891273
0.203680
0.951979
0.940331
0.011974
0.401971
0.119859
0.406779
0.067775
0.580543
0.454542
0.414138
0.421575
0.779856
0.907293
0.878466
0.462365
0.991213
0.867378
0.199280
0.901408
0.114294
0.527033
0.114294
0.744157
0.357661
0.094284
0.513281
0.612135
0.382926
0.124654
0.499678
0.557828
0.269851
0.107244
0.429087
0.114294
0.597771
0.177160
0.643949
0.421575
0.421575
0.922090
0.672823
0.434080
0.695863
0.626544
0.231634
0.001588
0.681504
0.192150
0.375911
0.429087
0.218844
0.787927
0.144460
0.527033
0.935597
0.275424
0.836720
0.793201
0.401971
0.940331
0.421575
0.079397
0.260793
0.855893
0.018368
0.008197
0.132684
0.375911
0.364456
0.000089
0.779856
0.901408
0.884948
0.965738
0.034568
0.518727
0.766291
0.275424
0.571972
0.681504
0.279144
0.470257
0.891273
0.829282
0.051648
0.991213
0.206623
0.927324
0.132684
0.690166
0.434080
0.793201
0.211153
0.735726
0.187953
0.320806
0.997586
0.264363
0.169385
0.017063
0.891273
0.913005
0.779856
0.635244
0.163153
0.088340
0.429087
0.527033
0.344325
0.994555
0.483494
0.971109
0.434080
0.264363
0.013276
0.580543
0.557828
0.907293
0.322949
0.758020
0.527033
0.829282
0.566341
0.626544
0.787927
0.375911
0.107244
0.375911
0.867378
0.462365
0.002950
0.571972
0.801128
0.414138
0.965738
0.566341
0.000872
0.649688
0.499678
0.649688
0.135818
0.603471
0.721628
0.589144
0.105557
0.236593
0.735726
0.867378
0.635244
0.491556
0.947760
0.635244
0.947760
0.021859
0.552238
0.075538
0.994555
0.115226
0.124654
0.441715
0.848789
0.434080
0.779856
0.327120
0.505064
0.141156
0.620815
0.382926
0.104694
0.306500
0.499678
0.829282
0.658394
0.951979
0.208158
0.907293
0.884948
0.841556
0.483494
0.241635
0.103042
0.206623
0.821730
0.401971
