0.011640
0.329292
0.897436
0.483494
0.549354
0.907293
0.169385
0.269851
0.228410
0.496903
0.203680
0.100580
0.916674
0.580543
0.855893
0.658394
0.153566
0.841556
0.860501
0.589144
0.951979
0.505064
0.841556
0.491556
0.499678
0.049040
0.962240
0.626544
0.187953
0.454542
0.228410
0.848789
0.658394
0.620815
0.620815
0.401971
0.008597
0.032771
0.626544
0.153566
0.658394
0.375911
0.557828
0.978604
0.940331
0.672823
0.117048
0.364456
0.848789
0.406779
0.505064
0.117048
0.867378
0.672823
0.727244
0.127623
0.612135
0.401971
0.704484
0.441715
0.462365
0.024596
0.766291
0.951979
0.005110
0.626544
0.557828
0.589144
0.187953
0.922090
0.163153
0.406779
0.187953
0.013276
0.253642
0.603471
0.617854
0.984769
0.821730
0.779856
0.406779
0.329292
0.848789
0.135818
0.233315
0.441715
0.658394
0.135818
0.643949
0.958545
0.958545
0.491556
0.429087
0.735726
0.907293
0.063362
0.049040
0.446787
0.766291
0.050328
0.603471
0.916674
0.124654
0.357661
0.758020
0.566341
0.848789
0.704484
0.951979
0.994555
0.758020
0.441715
0.029982
0.635244
0.951979
0.649688
0.409279
0.829282
0.907293
0.056256
0.429087
0.901408
0.181158
0.223587
0.808960
0.038094
0.032771
0.855893
0.183833
0.589144
0.841556
0.260793
0.672823
0.144460
0.867378
0.735726
0.563435
0.006144
0.867378
0.077446
0.986757
0.690166
0.821730
0.566341
0.527033
0.991213
0.255445
0.626544
0.658394
0.626544
0.434080
0.290658
0.612135
0.157114
0.848789
0.922090
0.103042
0.574890
0.617854
0.316692
0.269851
0.589144
0.092778
0.166886
0.787927
0.758020
0.779856
0.848789
0.499678
0.306500
0.080707
0.483494
0.922090
0.187953
0.658394
0.967937
0.382926
0.496903
0.316692
0.169385
0.269851
0.036127
0.401971
0.643949
0.241635
0.867378
0.658394
0.357661
0.612135
0.951979
0.322949
0.264363
0.667094
0.867378
0.037752
0.713075
0.018368
0.322949
0.079397
0.109849
0.816691
0.940331
0.612135
0.414138
0.907293
0.223587
0.808960
0.535389
0.255445
0.300471
0.478214
0.127623
0.340005
0.470257
0.322949
0.589144
0.264363
0.978604
0.589144
0.766291
0.801128
0.260793
0.022258
0.658394
0.841556
0.735726
0.574890
0.681504
0.907293
0.499678
0.527033
0.521553
0.040864
0.357661
0.626544
0.956001
0.146673
0.766291
0.483494
0.421575
0.984769
0.829282
0.658394
0.991213
0.211153
0.121744
0.848789
0.011425
0.012907
0.713075
0.787927
0.166886
0.594827
0.704484
0.322949
0.907293
0.147829
0.049040
0.626544
0.766291
0.513281
0.649688
0.829282
0.571972
0.787927
0.231634
0.211153
0.612135
0.594827
0.535389
0.626544
0.119859
0.620815
0.181158
0.329292
0.483494
0.037099
0.144460
0.927324
0.080707
0.449423
0.787927
0.836720
0.749684
0.735726
0.535389
0.978604
0.364456
0.401971
0.549354
0.649688
0.867378
0.603471
0.108126
0.962240
0.236593
0.635244
0.801128
0.012907
0.079397
0.127623
0.255445
0.169385
0.401971
0.007815
0.478214
0.940331
0.499678
0.177160
0.735726
0.100580
0.362130
0.884948
0.279144
0.179787
0.057717
0.991213
0.922090
0.779856
0.727244
0.284858
0.067775
0.429087
0.667094
0.357661
0.296545
0.124654
0.163153
0.421575
0.233315
0.951979
0.690166
0.269851
0.421575
0.013909
0.005013
0.557828
0.580543
0.801128
0.394742
0.735726
0.483494
0.462365
0.112510
0.543791
0.223587
0.340005
0.787927
0.236593
0.922090
0.721628
0.344325
0.643949
0.357661
0.070668
0.364456
0.848789
0.513281
0.758020
0.340005
0.884948
0.470257
0.241635
0.672823
0.421575
0.735726
0.019230
0.124654
0.434080
0.505064
0.867378
0.441715
0.735726
0.744157
0.449423
0.779856
0.922090
0.069506
0.848789
0.821730
0.808960
0.124654
0.951979
0.549354
0.758020
0.549354
0.626544
0.913005
0.907293
0.483494
0.057717
0.414138
0.617854
0.075538
0.108126
0.124654
0.841556
0.462365
0.884948
0.017543
0.333520
0.290658
0.169385
0.735726
0.984769
0.884948
0.855893
0.978604
0.808960
0.215763
0.766291
0.571972
0.246759
0.505064
0.626544
0.241635
0.867378
0.612135
0.105557
0.382926
0.260793
0.269851
0.434080
0.667094
0.690166
0.109849
0.867378
0.483494
0.978604
0.041578
0.513281
0.874110
0.001960
0.421575
0.971109
0.816691
0.557828
0.483494
0.390021
0.626544
0.491556
0.441715
0.801128
0.771705
0.382926
0.779856
0.971109
0.206623
0.626544
0.935597
0.878466
0.540922
0.394742
0.658394
0.589144
0.077446
0.907293
0.787927
0.039801
0.971109
0.787927
0.749684
0.194957
0.635244
0.848789
0.382926
0.721628
0.255445
0.749684
0.855893
0.279144
0.027164
0.170690
0.935597
0.744157
0.635244
0.518727
0.801128
0.160731
0.749684
0.008354
0.236593
0.571972
0.907293
0.394742
0.821730
0.735726
0.090535
0.635244
0.215763
0.566341
0.375911
0.549354
0.951979
0.787927
0.808960
0.617854
0.483494
0.848789
0.275424
0.046970
0.206623
0.269851
0.322949
0.695863
0.922090
0.667094
0.986757
0.681504
0.658394
0.322949
0.867378
0.749684
0.816691
0.727244
0.228410
0.375911
0.173237
0.901408
0.994555
0.566341
0.956001
0.414138
0.801128
0.884948
0.382926
0.382926
0.594827
0.713075
0.589144
0.513281
0.913005
0.236593
0.429087
0.454542
0.612135
0.848789
0.228410
0.055312
0.557828
0.260793
0.974087
0.362130
0.194957
0.589144
0.426518
0.758020
0.024596
0.814067
0.884948
0.117048
0.603471
0.779856
0.023508
0.371333
0.580543
0.086192
0.064431
0.255445
0.364456
0.007168
0.329292
0.617854
0.999575
0.269851
0.704484
0.346575
0.039801
0.236593
0.281082
0.017866
0.766291
0.228410
0.279144
0.096609
0.057717
