0.406779
0.127623
0.090535
0.333520
0.290658
0.434080
0.698805
0.951979
0.617854
0.312615
0.848789
0.333520
0.867378
0.667094
0.940331
0.566341
0.513281
0.401971
0.947760
0.981075
0.290658
0.155897
0.025274
0.984769
0.771705
0.449423
0.144460
0.658394
0.166886
0.690166
0.279144
0.039801
0.580543
0.329292
0.658394
0.406779
0.322949
0.821730
0.000359
0.231634
0.513281
0.771705
0.771705
0.163153
0.589144
0.727244
0.808960
0.620815
0.470257
0.829282
0.160731
0.589144
0.096609
0.667094
0.690166
0.718717
0.874110
0.735726
0.841556
0.758020
0.566341
0.649688
0.462365
0.829282
0.312615
0.718717
0.187953
0.250182
0.223587
0.434080
0.927324
0.077446
0.429087
0.927324
0.429087
0.527033
0.930673
0.779856
0.848789
0.695863
0.991213
0.454542
0.499678
0.779856
0.848789
0.667094
0.114294
0.821730
0.749684
0.505064
0.310521
0.112510
0.635244
0.779856
0.787927
0.163153
0.049040
0.867378
0.829282
0.340005
0.535389
0.406779
0.829282
0.051648
0.255445
0.891273
0.241635
0.787927
0.626544
0.177160
0.483494
0.658394
0.626544
0.991213
0.922090
0.192150
0.401971
0.346575
0.535389
0.978604
0.322949
0.951979
0.635244
0.406779
0.346575
0.153566
0.658394
0.901408
0.672823
0.735726
0.991213
0.375911
0.434080
0.157114
0.620815
0.981075
0.620815
0.165605
0.821730
0.462365
0.829282
0.462365
0.357661
0.050328
0.589144
0.549354
0.094284
0.215763
0.062816
0.749684
0.940331
0.744157
0.735726
0.867378
0.043818
0.749684
0.010298
0.658394
0.173237
0.721628
0.713075
0.139014
0.675784
0.951979
0.718717
0.394742
0.922090
0.231634
0.727244
0.203680
0.066084
0.884948
0.135818
0.434080
0.275424
0.571972
0.580543
0.462365
0.344325
0.505064
0.527033
0.357661
0.758020
0.346575
0.333520
0.681504
0.203680
0.375911
0.571972
0.935597
0.333520
0.364456
0.771705
0.612135
0.779856
0.695863
0.357661
0.603471
0.306500
0.749684
0.241635
0.279144
0.907293
0.771705
0.549354
0.449423
0.462365
0.288671
0.441715
0.035180
0.874110
0.603471
0.998868
0.044581
0.922090
0.727244
0.594827
0.226757
0.981075
0.394742
0.013276
0.626544
0.612135
0.841556
0.127623
0.758020
0.891273
0.935597
0.382926
0.855893
0.626544
0.434080
0.749684
0.141156
0.535389
0.157114
0.667094
0.704484
0.718717
0.089781
0.984769
0.177160
0.718717
0.063362
0.042685
0.971109
0.681504
0.513281
0.055312
0.141156
0.281082
0.580543
0.467559
0.808960
0.281082
0.535389
0.658394
0.250182
0.557828
0.264363
0.821730
0.090535
0.513281
0.045761
0.449423
0.658394
0.329292
0.779856
0.821730
0.084092
0.884948
0.421575
0.013909
0.470257
0.306500
0.667094
0.340005
0.505064
0.766291
0.387593
0.114294
0.394742
0.069506
0.580543
0.916674
0.901408
0.787927
0.434080
0.462365
0.288671
0.098985
0.978604
0.580543
0.808960
0.557828
0.170690
0.901408
0.022875
0.199280
0.771705
0.913005
0.084803
0.566341
0.368979
0.260793
0.658394
0.721628
0.855893
0.779856
0.848789
0.922090
0.194957
0.589144
0.901408
0.978604
0.557828
0.635244
0.223587
0.004164
0.907293
0.183833
0.357661
0.940331
0.401971
0.220452
0.100580
0.421575
0.880693
0.841556
0.749684
0.735726
0.867378
0.153566
0.916674
0.454542
0.649688
0.855893
0.223587
0.306500
0.357661
0.779856
0.821730
0.105557
0.441715
0.626544
0.643949
0.841556
0.557828
0.589144
0.114294
0.620815
0.312615
0.635244
0.063362
0.672823
0.316692
0.612135
0.603471
0.735726
0.808960
0.316692
0.771705
0.094284
0.649688
0.649688
0.907293
0.984769
0.333520
0.643949
0.041578
0.357661
0.454542
0.096609
0.922090
0.549354
0.603471
0.109849
0.901408
0.884948
0.848789
0.322949
0.096609
0.816691
0.046970
0.470257
0.505064
0.364456
0.880693
0.535389
0.290658
0.169385
0.275424
0.141156
0.695863
0.658394
0.346575
0.991213
0.401971
0.986757
0.571972
0.518727
0.103042
0.612135
0.194957
0.897436
0.658394
0.612135
0.704484
0.829282
0.199280
0.735726
0.269851
0.836720
0.589144
0.046970
0.801128
0.713075
0.971109
0.223587
0.589144
0.038764
0.978604
0.907293
0.735726
0.187953
0.713075
0.304435
0.971109
0.965738
0.997586
0.571972
0.043818
0.594827
0.245003
0.173237
0.571972
0.727244
0.681504
0.329292
0.821730
0.496903
0.401971
0.735726
0.163153
0.951979
0.236593
0.549354
0.346575
0.704484
0.357661
0.779856
0.491556
0.916674
0.787927
0.333520
0.483494
0.721628
0.758020
0.056256
0.658394
0.094284
0.177160
0.124654
0.322949
0.215763
0.962240
0.549354
0.981075
0.496903
0.735726
0.084803
0.787927
0.597771
0.194957
0.364456
0.441715
0.758020
0.808960
0.643949
0.589144
0.045761
0.079397
0.635244
0.695863
0.096609
0.848789
0.704484
0.681504
0.718717
0.962240
0.779856
0.808960
0.001922
0.884948
0.574890
0.801128
0.007593
0.394742
0.462365
0.429087
0.047782
0.096609
0.344325
0.649688
0.043818
0.114294
0.951979
0.375911
0.462365
0.997586
0.166886
0.357661
0.884948
0.300471
0.368979
0.594827
0.327120
0.907293
0.300471
0.002808
0.127623
0.643949
0.150086
0.808960
0.549354
0.153566
0.046554
0.958545
0.704484
0.951979
0.322949
0.649688
0.290658
0.649688
0.721628
0.150086
0.362130
0.441715
0.434080
0.574890
0.067775
0.951979
0.316692
0.829282
0.901408
0.144460
0.658394
0.589144
0.015409
0.019768
0.901408
0.841556
0.284858
0.816691
0.557828
0.841556
0.984769
0.454542
0.891273
0.310521
0.052535
0.930673
0.779856
0.382926
0.163153
0.718717
0.306500
0.223587
0.801128
0.626544
0.527033
0.880693
0.549354
0.821730
0.690166
0.958545
