0.114294
0.935597
0.808960
0.626544
0.821730
0.236593
0.255445
0.713075
0.220452
0.074303
0.434080
0.255445
0.340005
0.190711
0.434080
0.467559
0.543791
0.434080
0.704484
0.029186
0.033659
0.658394
0.744157
0.527033
0.698805
0.901408
0.713075
0.169385
0.713075
0.382926
0.064990
0.187953
0.203680
0.749684
0.922090
0.150086
0.454542
0.540922
0.535389
0.067775
0.571972
0.098985
0.984769
0.913005
0.211153
0.462365
0.749684
0.535389
0.589144
0.907293
0.032771
0.000621
0.801128
0.549354
0.016293
0.375911
0.681504
0.589144
0.346575
0.766291
0.589144
0.867378
0.571972
0.681504
0.141156
0.017063
0.103042
0.031348
0.916674
0.394742
0.117048
0.658394
0.527033
0.758020
0.667094
0.245003
0.130653
0.306500
0.269851
0.580543
0.735726
0.681504
0.269851
0.779856
0.681504
0.183833
0.758020
0.816691
0.045761
0.414138
0.462365
0.513281
0.543791
0.989675
0.860501
0.009016
0.643949
0.043818
0.713075
0.203680
0.848789
0.107244
0.143326
0.695863
0.566341
0.255445
0.003193
0.829282
0.255445
0.070668
0.074303
0.316692
0.991213
0.574890
0.470257
0.499678
0.491556
0.603471
0.290658
0.183833
0.649688
0.981075
0.735726
0.250182
0.962240
0.947760
0.649688
0.218844
0.974087
0.643949
0.429087
0.971109
0.922090
0.962240
0.612135
0.505064
0.566341
0.449423
0.441715
0.462365
0.153566
0.667094
0.521553
0.135818
0.079397
0.935597
0.922090
0.771705
0.401971
0.758020
0.658394
0.209600
0.626544
0.218844
0.056256
0.306500
0.821730
0.199280
0.589144
0.088340
0.258960
0.713075
0.935597
0.478214
0.998868
0.329292
0.557828
0.231634
0.124654
0.667094
0.991213
0.735726
0.255445
0.387593
0.884948
0.483494
0.160731
0.454542
0.002645
0.521553
0.322949
0.922090
0.316692
0.475494
0.269851
0.429087
0.779856
0.878466
0.003099
0.891273
0.086192
0.310521
0.214182
0.491556
0.836720
0.535389
0.241635
0.084803
0.543791
0.033659
0.984769
0.300471
0.132684
0.436675
0.603471
0.821730
0.681504
0.294528
0.891273
0.855893
0.441715
0.617854
0.163153
0.603471
0.640981
0.021268
0.166886
0.470257
0.543791
0.037099
0.163153
0.626544
0.829282
0.951979
0.046970
0.003455
0.103042
0.855893
0.922090
0.496903
0.658394
0.275424
0.635244
0.848789
0.779856
0.163153
0.070668
0.124654
0.535389
0.951979
0.090535
0.211153
0.922090
0.744157
0.132684
0.658394
0.744157
0.808960
0.449423
0.449423
0.041952
0.187953
0.913005
0.891273
0.236593
0.557828
0.998868
0.409279
0.255445
0.986757
0.612135
0.141156
0.098170
0.956001
0.874110
0.713075
0.874110
0.814067
0.612135
0.449423
0.194957
0.867378
0.916674
0.518727
0.010595
0.962240
0.940331
0.505064
0.787927
0.704484
0.394742
0.907293
0.496903
0.626544
0.033071
0.971109
0.549354
0.808960
0.658394
0.322949
0.884948
0.594827
0.808960
0.690166
0.279144
0.735726
0.357661
0.241635
0.891273
0.874110
0.951979
0.566341
0.414138
0.589144
0.758020
0.264363
0.766291
0.173237
0.958545
0.758020
0.695863
0.643949
0.626544
0.752533
0.063362
0.643949
0.635244
0.350951
0.603471
0.375911
0.626544
0.549354
0.626544
0.357661
0.758020
0.897436
0.173237
0.649688
0.974087
0.340005
0.340005
0.147829
0.269851
0.187953
0.971109
0.036127
0.269851
0.491556
0.829282
0.441715
0.571972
0.316692
0.426518
0.007965
0.294528
0.177160
0.421575
0.036127
0.462365
0.967937
0.449423
0.483494
0.874110
0.218844
0.144460
0.981075
0.922090
0.667094
0.007965
0.394742
0.434080
0.241635
0.406779
0.199280
0.821730
0.241635
0.635244
0.300471
0.505064
0.077446
0.935597
0.094284
0.340005
0.033659
0.527033
0.681504
0.027164
0.713075
0.157114
0.483494
0.626544
0.344325
0.916674
0.000718
0.521553
0.981075
0.007593
0.557828
0.284858
0.327120
0.426518
0.294528
0.346575
0.135818
0.626544
0.891273
0.284858
0.841556
0.907293
0.589144
0.329292
0.907293
0.884948
0.346575
0.848789
0.441715
0.962240
0.429087
0.867378
0.215763
0.255445
0.409279
0.211153
0.045761
0.816691
0.735726
0.758020
0.557828
0.000337
0.549354
0.626544
0.434080
0.721628
0.878466
0.429087
0.070668
0.223587
0.735726
0.787927
0.194957
0.000918
0.187953
0.940331
0.649688
0.401971
0.467559
0.454542
0.829282
0.821730
0.096609
0.121744
0.375911
0.690166
0.535389
0.401971
0.535389
0.132684
0.643949
0.841556
0.421575
0.986757
0.316692
0.658394
0.296545
0.316692
0.387593
0.922090
0.063362
0.658394
0.735726
0.612135
0.055312
0.848789
0.081393
0.329292
0.563435
0.758020
0.690166
0.667094
0.821730
0.416665
0.704484
0.874110
0.316692
0.414138
0.505064
0.157114
0.406779
0.233315
0.594827
0.620815
0.535389
0.848789
0.874110
0.658394
0.159490
0.007965
0.916674
0.658394
0.597771
0.713075
0.848789
0.269851
0.947760
0.690166
0.139014
0.483494
0.597771
0.994555
0.947760
0.867378
0.991213
0.000023
0.163153
0.821730
0.901408
0.275424
0.603471
0.375911
0.612135
0.580543
0.727244
0.030518
0.667094
0.874110
0.681504
0.744157
0.132684
0.421575
0.749684
0.713075
0.874110
0.913005
0.795913
0.672823
0.153566
0.626544
0.626544
0.390021
0.462365
0.483494
0.589144
0.275424
0.166886
0.891273
0.290658
0.223587
0.013276
0.821730
0.795913
0.406779
0.306500
0.290658
0.829282
0.042685
0.290658
0.848789
0.808960
0.518727
0.801128
0.284858
0.491556
0.947760
0.206623
0.245003
0.801128
0.580543
0.003455
0.867378
0.841556
0.294528
0.766291
0.907293
0.429087
0.357661
0.603471
0.470257
0.704484
0.566341
0.505064
0.434080
0.290658
0.059212
0.037099
0.040864
0.446787
