0.187953
0.527033
0.735726
0.907293
0.000996
0.758020
0.626544
0.552238
0.441715
0.029186
0.003738
0.034568
0.916674
0.401971
0.375911
0.429087
0.075538
0.574890
0.294528
0.635244
0.779856
0.066084
0.891273
0.147829
0.603471
0.060217
0.766291
0.603471
0.036127
0.130653
0.187953
0.603471
0.279144
0.704484
0.841556
0.867378
0.173237
0.414138
0.139014
0.860501
0.884948
0.350951
0.867378
0.695863
0.084803
0.098170
0.013654
0.635244
0.951979
0.135818
0.749684
0.036127
0.241635
0.744157
0.681504
0.024596
0.808960
0.649688
0.199280
0.749684
0.010595
0.144460
0.821730
0.998868
0.884948
0.061772
0.375911
0.269851
0.290658
0.005523
0.947760
0.821730
0.566341
0.029186
0.155897
0.364456
0.935597
0.916674
0.421575
0.643949
0.233315
0.375911
0.620815
0.004591
0.916674
0.535389
0.401971
0.429087
0.449423
0.766291
0.029982
0.275424
0.978604
0.978604
0.294528
0.183833
0.667094
0.147829
0.907293
0.157114
0.357661
0.571972
0.612135
0.589144
0.266225
0.891273
0.382926
0.675784
0.965738
0.571972
0.250182
0.962240
0.643949
0.991213
0.340005
0.962240
0.000071
0.357661
0.153566
0.357661
0.690166
0.255445
0.211153
0.801128
0.017378
0.721628
0.841556
0.727244
0.260793
0.829282
0.829282
0.557828
0.505064
0.004164
0.874110
0.260793
0.220452
0.727244
0.947760
0.350951
0.199280
0.962240
0.721628
0.483494
0.801128
0.441715
0.362130
0.284858
0.690166
0.187953
0.441715
0.749684
0.206623
0.462365
0.414138
0.521553
0.971109
0.505064
0.382926
0.449423
0.364456
0.346575
0.157114
0.329292
0.350951
0.483494
0.640981
0.173237
0.294528
0.557828
0.704484
0.284858
0.808960
0.626544
0.867378
0.735726
0.387593
0.094284
0.766291
0.049040
0.971109
0.194957
0.617854
0.779856
0.867378
0.848789
0.574890
0.597771
0.401971
0.935597
0.117048
0.022258
0.535389
0.566341
0.580543
0.808960
0.801128
0.779856
0.574890
0.483494
0.771705
0.000804
0.829282
0.758020
0.223587
0.003008
0.421575
0.454542
0.758020
0.907293
0.808960
0.001721
0.667094
0.667094
0.620815
0.557828
0.082732
0.527033
0.695863
0.620815
0.001246
0.991213
0.867378
0.038764
0.836720
0.107244
0.907293
0.727244
0.031348
0.043818
0.061772
0.284858
0.045761
0.535389
0.000386
0.177160
0.088340
0.947760
0.874110
0.414138
0.589144
0.039801
0.300471
0.704484
0.913005
0.446787
0.177160
0.013654
0.848789
0.681504
0.580543
0.907293
0.163153
0.153566
0.177160
0.119859
0.290658
0.117048
0.187953
0.749684
0.981075
0.007168
0.721628
0.891273
0.454542
0.382926
0.518727
0.429087
0.006637
0.107244
0.620815
0.147829
0.014985
0.053907
0.635244
0.513281
0.974087
0.981075
0.727244
0.771705
0.735726
0.801128
0.829282
0.667094
0.829282
0.940331
0.441715
0.505064
0.089781
0.434080
0.704484
0.855893
0.947760
0.340005
0.187953
0.350951
0.025970
0.038764
0.695863
0.998868
0.535389
0.449423
0.787927
0.075538
0.421575
0.160731
0.571972
0.454542
0.901408
0.672823
0.475494
0.169385
0.841556
0.848789
0.394742
0.874110
0.013276
0.829282
0.981075
0.704484
0.951979
0.250182
0.874110
0.333520
0.322949
0.891273
0.346575
0.173237
0.250182
0.535389
0.986757
0.913005
0.535389
0.962240
0.735726
0.035180
0.340005
0.496903
0.056256
0.612135
0.603471
0.246759
0.218844
0.362130
0.019768
0.829282
0.787927
0.947760
0.713075
0.316692
0.557828
0.603471
0.401971
0.626544
0.594827
0.117048
0.713075
0.231634
0.409279
0.947760
0.965738
0.718717
0.429087
0.094284
0.192150
0.236593
0.127623
0.350951
0.306500
0.836720
0.441715
0.150086
0.836720
0.499678
0.051648
0.690166
0.406779
0.713075
0.496903
0.998868
0.808960
0.793201
0.436675
0.109849
0.231634
0.690166
0.718717
0.100580
0.147829
0.940331
0.735726
0.015409
0.658394
0.867378
0.513281
0.449423
0.000003
0.070668
0.401971
0.157114
0.543791
0.163153
0.135818
0.829282
0.094284
0.124654
0.316692
0.004372
0.505064
0.003738
0.401971
0.801128
0.203680
0.667094
0.223587
0.874110
0.574890
0.589144
0.057717
0.357661
0.994555
0.166886
0.394742
0.100580
0.483494
0.483494
0.935597
0.316692
0.594827
0.513281
0.913005
0.744157
0.580543
0.951979
0.612135
0.549354
0.322949
0.643949
0.098170
0.549354
0.916674
0.316692
0.518727
0.491556
0.698805
0.394742
0.294528
0.580543
0.454542
0.974087
0.940331
0.922090
0.470257
0.744157
0.009822
0.241635
0.713075
0.236593
0.681504
0.808960
0.816691
0.672823
0.643949
0.597771
0.394742
0.997586
0.475494
0.434080
0.073672
0.290658
0.275424
0.038764
0.922090
0.011974
0.109849
0.535389
0.454542
0.758020
0.434080
0.713075
0.070668
0.841556
0.491556
0.779856
0.779856
0.998868
0.626544
0.951979
0.744157
0.704484
0.241635
0.159490
0.718717
0.787927
0.597771
0.907293
0.967937
0.922090
0.962240
0.829282
0.744157
0.255445
0.891273
0.273514
0.290658
0.998463
0.296545
0.617854
0.088340
0.727244
0.228410
0.159490
0.779856
0.300471
0.344325
0.766291
0.306500
0.626544
0.766291
0.241635
0.153566
0.159490
0.505064
0.713075
0.855893
0.930673
0.475494
0.848789
0.183833
0.535389
0.916674
0.808960
0.801128
0.549354
0.127623
0.649688
0.152372
0.971109
0.891273
0.557828
0.406779
0.907293
0.368979
0.236593
0.626544
0.357661
0.475494
0.462365
0.984769
0.132684
0.727244
0.766291
0.603471
0.294528
0.505064
0.958545
0.626544
0.401971
0.346575
0.718717
0.891273
0.589144
0.713075
0.779856
0.316692
0.695863
0.779856
0.187953
0.255445
0.462365
0.884948
0.470257
0.962240
0.766291
0.848789
0.727244
