0.787927
0.681504
0.787927
0.749684
0.470257
0.758020
0.658394
0.499678
0.907293
0.117048
0.139014
0.962240
0.901408
0.390021
0.527033
0.808960
0.867378
0.187953
0.749684
0.658394
0.967937
0.223587
0.681504
0.951979
0.640981
0.695863
0.801128
0.690166
0.206623
0.594827
0.098170
0.246759
0.491556
0.589144
0.867378
0.643949
0.891273
0.382926
0.251967
0.620815
0.821730
0.947760
0.566341
0.549354
0.597771
0.322949
0.897436
0.394742
0.571972
0.672823
0.112510
0.603471
0.589144
0.978604
0.808960
0.290658
0.434080
0.681504
0.658394
0.649688
0.672823
0.704484
0.434080
0.157114
0.704484
0.571972
0.589144
0.350951
0.141156
0.566341
0.364456
0.329292
0.429087
0.958545
0.927324
0.104694
0.246759
0.322949
0.566341
0.060217
0.543791
0.322949
0.340005
0.491556
0.787927
0.505064
0.211153
0.681504
0.250182
0.475494
0.513281
0.635244
0.771705
0.414138
0.884948
0.527033
0.884948
0.808960
0.072465
0.327120
0.098170
0.173237
0.203680
0.848789
0.884948
0.401971
0.144460
0.816691
0.462365
0.186540
0.594827
0.801128
0.045761
0.907293
0.002645
0.340005
0.267971
0.211153
0.727244
0.119859
0.096609
0.549354
0.951979
0.998463
0.891273
0.971109
0.135818
0.974087
0.713075
0.860501
0.962240
0.462365
0.718717
0.667094
0.603471
0.019230
0.470257
0.322949
0.090535
0.169385
0.401971
0.643949
0.025274
0.194957
0.414138
0.718717
0.999575
0.566341
0.580543
0.667094
0.199280
0.284858
0.867378
0.300471
0.038094
0.163153
0.594827
0.333520
0.947760
0.821730
0.496903
0.478214
0.505064
0.672823
0.513281
0.821730
0.704484
0.353229
0.132684
0.643949
0.549354
0.429087
0.829282
0.132684
0.779856
0.771705
0.999575
0.086919
0.008354
0.557828
0.073672
0.340005
0.462365
0.275424
0.907293
0.935597
0.246759
0.612135
0.521553
0.322949
0.901408
0.109849
0.505064
0.612135
0.194957
0.821730
0.643949
0.394742
0.626544
0.603471
0.667094
0.449423
0.836720
0.986757
0.414138
0.971109
0.350951
0.406779
0.649688
0.841556
0.505064
0.940331
0.049040
0.940331
0.159490
0.848789
0.727244
0.658394
0.713075
0.951979
0.322949
0.916674
0.841556
0.153566
0.971109
0.940331
0.589144
0.808960
0.848789
0.023291
0.021268
0.114294
0.199280
0.001922
0.681504
0.801128
0.965738
0.322949
0.962240
0.535389
0.082732
0.062816
0.801128
0.258960
0.535389
0.557828
0.681504
0.121744
0.848789
0.989675
0.649688
0.144460
0.620815
0.681504
0.704484
0.513281
0.907293
0.223587
0.406779
0.269851
0.735726
0.744157
0.626544
0.250182
0.543791
0.028409
0.160731
0.801128
0.787927
0.496903
0.787927
0.971109
0.867378
0.867378
0.557828
0.401971
0.981075
0.713075
0.513281
0.269851
0.505064
0.441715
0.310521
0.690166
0.549354
0.429087
0.255445
0.603471
0.787927
0.962240
0.394742
0.375911
0.090535
0.496903
0.521553
0.322949
0.704484
0.132684
0.000544
0.399498
0.441715
0.260793
0.749684
0.513281
0.640981
0.075538
0.082732
0.306500
0.884948
0.047782
0.068911
0.194957
0.170690
0.220452
0.735726
0.971109
0.300471
0.947760
0.233315
0.048208
0.867378
0.643949
0.749684
0.580543
0.124654
0.496903
0.940331
0.681504
0.704484
0.829282
0.698805
0.821730
0.535389
0.470257
0.046970
0.758020
0.350951
0.774492
0.215763
0.829282
0.340005
0.505064
0.077446
0.329292
0.284858
0.084803
0.721628
0.006832
0.549354
0.357661
0.414138
0.029186
0.841556
0.721628
0.346575
0.414138
0.250182
0.177160
0.535389
0.067775
0.878466
0.306500
0.483494
0.382926
0.981075
0.483494
0.421575
0.333520
0.758020
0.130653
0.346575
0.322949
0.695863
0.206623
0.916674
0.141156
0.092008
0.704484
0.316692
0.758020
0.867378
0.580543
0.612135
0.535389
0.603471
0.580543
0.173237
0.119859
0.478214
0.117048
0.580543
0.296545
0.695863
0.749684
0.994555
0.215763
0.199280
0.821730
0.329292
0.394742
0.681504
0.907293
0.166886
0.119859
0.119859
0.109849
0.962240
0.549354
0.535389
0.434080
0.322949
0.141156
0.867378
0.626544
0.787927
0.649688
0.535389
0.935597
0.034255
0.884948
0.749684
0.787927
0.848789
0.867378
0.505064
0.206623
0.350951
0.667094
0.215763
0.284858
0.310521
0.667094
0.401971
0.228410
0.401971
0.681504
0.375911
0.617854
0.557828
0.491556
0.236593
0.454542
0.535389
0.766291
0.016139
0.962240
0.017378
0.434080
0.322949
0.053907
0.841556
0.771705
0.053907
0.021268
0.713075
0.713075
0.306500
0.357661
0.713075
0.255445
0.771705
0.771705
0.571972
0.549354
0.580543
0.255445
0.020130
0.000001
0.612135
0.470257
0.808960
0.535389
0.063362
0.208158
0.821730
0.441715
0.401971
0.187953
0.860501
0.175815
0.004043
0.947760
0.704484
0.061772
0.713075
0.649688
0.681504
0.874110
0.078727
0.603471
0.771705
0.306500
0.040498
0.177160
0.163153
0.867378
0.874110
0.971109
0.275424
0.426518
0.350951
0.808960
0.290658
0.236593
0.690166
0.163153
0.867378
0.874110
0.340005
0.829282
0.907293
0.658394
0.962240
0.681504
0.019768
0.098170
0.672823
0.340005
0.394742
0.901408
0.491556
0.643949
0.808960
0.090535
0.589144
0.357661
0.153566
0.991213
0.214182
0.505064
0.766291
0.658394
0.543791
0.005687
0.922090
0.080707
0.727244
0.801128
0.146673
0.157114
0.350951
0.434080
0.316692
0.236593
0.513281
0.119859
0.535389
0.930673
0.109849
0.808960
0.203680
0.353229
0.470257
0.971109
0.543791
0.735726
0.841556
0.290658
0.375911
0.543791
0.499678
0.364456
0.681504
0.540922
0.735726
0.951979
0.771705
0.015845
0.462365
0.310521
0.300471
0.649688
0.958545
0.848789
0.727244
0.808960
