0.713075
0.991213
0.721628
0.000094
0.031348
0.698805
0.557828
0.867378
0.681504
0.749684
0.467559
0.159490
0.940331
0.635244
0.462365
0.449423
0.907293
0.064431
0.166886
0.922090
0.821730
0.250182
0.153566
0.557828
0.187953
0.594827
0.829282
0.681504
0.316692
0.491556
0.922090
0.153566
0.658394
0.306500
0.620815
0.704484
0.821730
0.462365
0.571972
0.718717
0.801128
0.421575
0.808960
0.414138
0.713075
0.808960
0.695863
0.246759
0.617854
0.290658
0.635244
0.681504
0.626544
0.300471
0.620815
0.462365
0.056256
0.255445
0.878466
0.020692
0.382926
0.779856
0.470257
0.141156
0.535389
0.795913
0.441715
0.061772
0.394742
0.635244
0.362130
0.401971
0.016139
0.735726
0.884948
0.681504
0.855893
0.382926
0.940331
0.300471
0.667094
0.206623
0.658394
0.986757
0.475494
0.848789
0.441715
0.117048
0.801128
0.626544
0.312615
0.535389
0.023508
0.891273
0.927324
0.574890
0.808960
0.735726
0.350951
0.187953
0.109849
0.279144
0.874110
0.139014
0.075538
0.090535
0.275424
0.848789
0.916674
0.483494
0.749684
0.031348
0.166886
0.580543
0.364456
0.088340
0.640981
0.935597
0.704484
0.543791
0.867378
0.141156
0.721628
0.958545
0.695863
0.401971
0.294528
0.971109
0.766291
0.462365
0.322949
0.194957
0.962240
0.829282
0.947760
0.867378
0.836720
0.836720
0.962240
0.166886
0.312615
0.994555
0.580543
0.916674
0.860501
0.483494
0.713075
0.779856
0.991213
0.735726
0.986757
0.179787
0.153566
0.580543
0.535389
0.913005
0.704484
0.597771
0.727244
0.594827
0.626544
0.044581
0.183833
0.421575
0.867378
0.901408
0.860501
0.036127
0.068911
0.375911
0.658394
0.382926
0.829282
0.884948
0.996919
0.316692
0.549354
0.848789
0.860501
0.901408
0.016595
0.518727
0.704484
0.603471
0.344325
0.549354
0.070668
0.021859
0.986757
0.695863
0.441715
0.713075
0.475494
0.690166
0.841556
0.441715
0.228410
0.612135
0.421575
0.735726
0.017378
0.316692
0.958545
0.635244
0.635244
0.255445
0.380525
0.649688
0.658394
0.333520
0.190711
0.766291
0.029186
0.801128
0.626544
0.848789
0.727244
0.401971
0.603471
0.441715
0.346575
0.848789
0.801128
0.766291
0.991213
0.727244
0.978604
0.255445
0.124654
0.513281
0.580543
0.364456
0.801128
0.046970
0.998868
0.003039
0.449423
0.927324
0.368979
0.296545
0.867378
0.848789
0.779856
0.735726
0.322949
0.681504
0.589144
0.808960
0.643949
0.981075
0.483494
0.513281
0.290658
0.527033
0.580543
0.294528
0.329292
0.557828
0.269851
0.357661
0.139014
0.364456
0.441715
0.483494
0.594827
0.986757
0.462365
0.017866
0.441715
0.092778
0.566341
0.907293
0.991213
0.681504
0.690166
0.312615
0.231634
0.779856
0.779856
0.153566
0.390021
0.735726
0.891273
0.003256
0.557828
0.566341
0.891273
0.057717
0.159490
0.690166
0.483494
0.067775
0.260793
0.779856
0.597771
0.250182
0.357661
0.563435
0.258960
0.808960
0.649688
0.874110
0.150086
0.658394
0.421575
0.077446
0.421575
0.333520
0.421575
0.779856
0.000320
0.475494
0.816691
0.580543
0.841556
0.962240
0.986757
0.269851
0.766291
0.787927
0.867378
0.649688
0.735726
0.566341
0.626544
0.375911
0.771705
0.037099
0.848789
0.394742
0.927324
0.073672
0.779856
0.223587
0.535389
0.218844
0.793201
0.362130
0.787927
0.704484
0.421575
0.475494
0.713075
0.848789
0.382926
0.787927
0.421575
0.841556
0.449423
0.449423
0.848789
0.907293
0.421575
0.681504
0.891273
0.462365
0.192150
0.449423
0.320806
0.829282
0.007965
0.159490
0.505064
0.080707
0.364456
0.505064
0.290658
0.821730
0.290658
0.721628
0.841556
0.215763
0.940331
0.727244
0.163153
0.549354
0.284858
0.635244
0.056256
0.449423
0.787927
0.735726
0.612135
0.027652
0.771705
0.635244
0.998868
0.855893
0.557828
0.698805
0.787927
0.935597
0.063362
0.675784
0.867378
0.275424
0.177160
0.245003
0.255445
0.011106
0.787927
0.779856
0.901408
0.414138
0.306500
0.371333
0.202171
0.901408
0.052535
0.557828
0.079397
0.667094
0.187953
0.166886
0.916674
0.998463
0.056256
0.713075
0.848789
0.067775
0.183833
0.667094
0.626544
0.727244
0.187953
0.147829
0.357661
0.829282
0.947760
0.088340
0.681504
0.935597
0.549354
0.574890
0.643949
0.829282
0.010795
0.290658
0.382926
0.075538
0.867378
0.294528
0.157114
0.241635
0.362130
0.821730
0.704484
0.994555
0.357661
0.231634
0.557828
0.626544
0.483494
0.117048
0.718717
0.255445
0.808960
0.821730
0.801128
0.940331
0.549354
0.965738
0.406779
0.449423
0.279144
0.935597
0.139014
0.454542
0.079397
0.984769
0.749684
0.935597
0.075538
0.527033
0.779856
0.727244
0.084803
0.766291
0.749684
0.255445
0.566341
0.735726
0.884948
0.147829
0.211153
0.340005
0.779856
0.434080
0.626544
0.808960
0.042685
0.284858
0.401971
0.749684
0.077446
0.787927
0.147829
0.841556
0.626544
0.901408
0.535389
0.075538
0.001465
0.166886
0.672823
0.749684
0.672823
0.306500
0.617854
0.269851
0.157114
0.449423
0.364456
0.867378
0.947760
0.643949
0.808960
0.681504
0.322949
0.935597
0.078727
0.082732
0.033071
0.766291
0.141156
0.735726
0.951979
0.206623
0.991213
0.364456
0.603471
0.672823
0.340005
0.470257
0.017866
0.704484
0.031348
0.505064
0.203680
0.264363
0.667094
0.617854
0.100580
0.478214
0.294528
0.416665
0.841556
0.771705
0.441715
0.255445
0.549354
0.867378
0.401971
0.223587
0.935597
0.077446
0.241635
0.414138
0.192150
0.077446
0.090535
0.394742
0.735726
0.698805
0.279144
0.513281
0.329292
0.449423
0.695863
0.246759
0.470257
0.066084
0.038764
0.266225
0.612135
0.023935
