0.927324
0.050328
0.375911
0.100580
0.874110
0.848789
0.104694
0.078727
0.124654
0.566341
0.971109
0.649688
0.483494
0.713075
0.414138
0.947760
0.166886
0.483494
0.552238
0.626544
0.535389
0.340005
0.177160
0.704484
0.223587
0.735726
0.462365
0.779856
0.841556
0.306500
0.382926
0.841556
0.475494
0.617854
0.704484
0.848789
0.867378
0.194957
0.874110
0.535389
0.855893
0.557828
0.793201
0.192150
0.406779
0.496903
0.491556
0.454542
0.867378
0.375911
0.855893
0.192150
0.052535
0.771705
0.429087
0.978604
0.170690
0.557828
0.867378
0.829282
0.543791
0.491556
0.206623
0.215763
0.643949
0.320806
0.779856
0.008197
0.147829
0.848789
0.454542
0.549354
0.940331
0.364456
0.808960
0.470257
0.891273
0.414138
0.409279
0.044581
0.434080
0.958545
0.658394
0.082732
0.245003
0.155897
0.491556
0.521553
0.971109
0.401971
0.194957
0.521553
0.513281
0.061772
0.986757
0.951979
0.991213
0.401971
0.704484
0.310521
0.421575
0.429087
0.144460
0.771705
0.643949
0.290658
0.571972
0.513281
0.004503
0.499678
0.284858
0.434080
0.940331
0.704484
0.940331
0.220452
0.907293
0.401971
0.387593
0.681504
0.357661
0.535389
0.549354
0.874110
0.787927
0.357661
0.690166
0.033659
0.848789
0.470257
0.030518
0.808960
0.758020
0.107244
0.626544
0.860501
0.947760
0.855893
0.255445
0.574890
0.855893
0.513281
0.867378
0.117048
0.264363
0.090535
0.387593
0.766291
0.848789
0.635244
0.635244
0.580543
0.290658
0.131630
0.967937
0.067775
0.269851
0.947760
0.779856
0.527033
0.382926
0.626544
0.322949
0.192150
0.998868
0.907293
0.100580
0.255445
0.169385
0.787927
0.000092
0.891273
0.848789
0.986757
0.150086
0.749684
0.667094
0.051648
0.112510
0.096609
0.449423
0.279144
0.635244
0.306500
0.713075
0.649688
0.597771
0.350951
0.454542
0.907293
0.527033
0.002082
0.891273
0.695863
0.375911
0.039801
0.727244
0.382926
0.382926
0.316692
0.012907
0.771705
0.169385
0.290658
0.284858
0.090535
0.322949
0.310521
0.571972
0.848789
0.916674
0.357661
0.801128
0.947760
0.294528
0.855893
0.312615
0.491556
0.801128
0.617854
0.808960
0.626544
0.449423
0.549354
0.025274
0.429087
0.527033
0.884948
0.801128
0.192150
0.829282
0.004372
0.300471
0.521553
0.414138
0.947760
0.187953
0.713075
0.635244
0.228410
0.566341
0.643949
0.787927
0.612135
0.549354
0.346575
0.375911
0.060217
0.566341
0.787927
0.779856
0.566341
0.344325
0.375911
0.978604
0.527033
0.855893
0.421575
0.496903
0.470257
0.491556
0.300471
0.333520
0.364456
0.231634
0.978604
0.491556
0.860501
0.096609
0.829282
0.177160
0.962240
0.867378
0.057717
0.387593
0.974087
0.589144
0.250182
0.462365
0.878466
0.675784
0.690166
0.329292
0.801128
0.580543
0.649688
0.867378
0.829282
0.727244
0.571972
0.350951
0.462365
0.774492
0.150086
0.346575
0.340005
0.067775
0.382926
0.727244
0.735726
0.922090
0.016139
0.053907
0.829282
0.658394
0.387593
0.203680
0.441715
0.194957
0.175815
0.891273
0.462365
0.978604
0.758020
0.603471
0.848789
0.316692
0.566341
0.907293
0.096609
0.658394
0.808960
0.940331
0.223587
0.916674
0.015409
0.713075
0.173237
0.829282
0.429087
0.296545
0.284858
0.808960
0.457201
0.884948
0.375911
0.000561
0.535389
0.279144
0.721628
0.275424
0.096609
0.841556
0.580543
0.901408
0.241635
0.758020
0.612135
0.223587
0.491556
0.758020
0.971109
0.758020
0.901408
0.626544
0.771705
0.513281
0.357661
0.364456
0.284858
0.008597
0.779856
0.880693
0.603471
0.098985
0.771705
0.771705
0.260793
0.787927
0.612135
0.119859
0.735726
0.169385
0.290658
0.735726
0.211153
0.322949
0.013909
0.329292
0.801128
0.245003
0.667094
0.841556
0.329292
0.884948
0.064990
0.829282
0.704484
0.681504
0.454542
0.704484
0.884948
0.233315
0.927324
0.749684
0.241635
0.793201
0.009546
0.867378
0.681504
0.027164
0.294528
0.927324
0.333520
0.884948
0.735726
0.695863
0.414138
0.382926
0.215763
0.211153
0.075538
0.505064
0.935597
0.047782
0.441715
0.513281
0.441715
0.774492
0.223587
0.848789
0.322949
0.250182
0.690166
0.462365
0.139014
0.848789
0.971109
0.496903
0.449423
0.713075
0.913005
0.916674
0.867378
0.441715
0.032199
0.935597
0.055312
0.163153
0.749684
0.735726
0.557828
0.962240
0.681504
0.220452
0.082732
0.603471
0.181158
0.394742
0.787927
0.758020
0.891273
0.779856
0.394742
0.470257
0.144460
0.141156
0.758020
0.382926
0.735726
0.269851
0.163153
0.112510
0.357661
0.801128
0.907293
0.829282
0.052535
0.001721
0.658394
0.597771
0.421575
0.951979
0.635244
0.603471
0.429087
0.496903
0.626544
0.306500
0.884948
0.994555
0.129613
0.535389
0.549354
0.617854
0.829282
0.090535
0.589144
0.821730
0.056256
0.571972
0.580543
0.829282
0.096609
0.112510
0.401971
0.690166
0.401971
0.264363
0.434080
0.094284
0.121744
0.927324
0.808960
0.841556
0.187953
0.913005
0.483494
0.203680
0.051194
0.312615
0.801128
0.357661
0.704484
0.744157
0.421575
0.316692
0.735726
0.000058
0.223587
0.159490
0.036127
0.612135
0.766291
0.844036
0.801128
0.258960
0.449423
0.199280
0.704484
0.884948
0.499678
0.589144
0.681504
0.930673
0.978604
0.394742
0.441715
0.698805
0.758020
0.672823
0.658394
0.269851
0.735726
0.429087
0.935597
0.483494
0.375911
0.658394
0.255445
0.112510
0.491556
0.771705
0.808960
0.612135
0.246759
0.589144
0.543791
0.535389
0.989675
0.681504
0.721628
0.215763
0.540922
0.441715
0.667094
0.434080
0.884948
0.491556
0.848789
0.038764
0.571972
0.340005
0.169385
0.848789
0.808960
