0.491556
0.735726
0.643949
0.649688
0.947760
0.626544
0.387593
0.566341
0.300471
0.935597
0.333520
0.181158
0.527033
0.779856
0.901408
0.787927
0.505064
0.505064
0.801128
0.462365
0.947760
0.401971
0.357661
0.521553
0.626544
0.414138
0.566341
0.300471
0.241635
0.735726
0.426518
0.878466
0.421575
0.779856
0.658394
0.997586
0.566341
0.986757
0.808960
0.808960
0.007032
0.513281
0.901408
0.153566
0.989675
0.258960
0.521553
0.922090
0.086192
0.603471
0.199280
0.940331
0.907293
0.884948
0.986757
0.758020
0.527033
0.124654
0.681504
0.867378
0.612135
0.014305
0.013909
0.690166
0.255445
0.187953
0.808960
0.199280
0.766291
0.635244
0.922090
0.000028
0.340005
0.513281
0.449423
0.521553
0.521553
0.749684
0.801128
0.580543
0.429087
0.848789
0.350951
0.901408
0.574890
0.597771
0.426518
0.635244
0.441715
0.518727
0.580543
0.190711
0.801128
0.173237
0.758020
0.333520
0.672823
0.060217
0.333520
0.549354
0.549354
0.406779
0.907293
0.695863
0.491556
0.122729
0.117048
0.580543
0.829282
0.962240
0.672823
0.620815
0.649688
0.002255
0.808960
0.306500
0.836720
0.658394
0.434080
0.260793
0.387593
0.322949
0.735726
0.462365
0.032199
0.329292
0.891273
0.505064
0.157114
0.350951
0.901408
0.505064
0.860501
0.518727
0.635244
0.157114
0.597771
0.255445
0.735726
0.496903
0.907293
0.758020
0.848789
0.543791
0.848789
0.072465
0.255445
0.749684
0.063362
0.067775
0.793201
0.390021
0.735726
0.483494
0.978604
0.891273
0.704484
0.241635
0.527033
0.357661
0.801128
0.927324
0.478214
0.571972
0.496903
0.357661
0.153566
0.978604
0.135818
0.589144
0.001271
0.483494
0.483494
0.589144
0.441715
0.475494
0.206623
0.829282
0.907293
0.077446
0.891273
0.801128
0.034568
0.758020
0.884948
0.848789
0.344325
0.996919
0.821730
0.236593
0.082732
0.300471
0.626544
0.744157
0.580543
0.681504
0.829282
0.316692
0.155897
0.658394
0.211153
0.518727
0.571972
0.284858
0.153566
0.704484
0.401971
0.727244
0.483494
0.505064
0.322949
0.535389
0.557828
0.779856
0.867378
0.557828
0.749684
0.190711
0.984769
0.690166
0.735726
0.667094
0.640981
0.566341
0.119859
0.935597
0.137917
0.375911
0.310521
0.187953
0.713075
0.667094
0.704484
0.594827
0.589144
0.771705
0.218844
0.387593
0.255445
0.387593
0.429087
0.557828
0.884948
0.635244
0.774492
0.999575
0.626544
0.051648
0.897436
0.513281
0.658394
0.907293
0.549354
0.394742
0.744157
0.897436
0.310521
0.273514
0.211153
0.922090
0.143326
0.821730
0.406779
0.681504
0.175815
0.735726
0.848789
0.801128
0.787927
0.735726
0.223587
0.829282
0.981075
0.434080
0.951979
0.771705
0.829282
0.557828
0.387593
0.617854
0.294528
0.649688
0.940331
0.667094
0.891273
0.170690
0.371333
0.434080
0.050328
0.118894
0.092778
0.015409
0.206623
0.322949
0.635244
0.735726
0.357661
0.192150
0.735726
0.475494
0.001172
0.552238
0.821730
0.913005
0.269851
0.735726
0.580543
0.426518
0.535389
0.557828
0.635244
0.749684
0.505064
0.643949
0.962240
0.947760
0.146673
0.713075
0.557828
0.008597
0.368979
0.031348
0.306500
0.394742
0.192150
0.527033
0.462365
0.306500
0.082732
0.241635
0.779856
0.557828
0.951979
0.878466
0.052535
0.462365
0.793201
0.109849
0.884948
0.462365
0.135818
0.394742
0.436675
0.681504
0.357661
0.505064
0.626544
0.566341
0.475494
0.478214
0.157114
0.329292
0.540922
0.199280
0.860501
0.626544
0.284858
0.744157
0.907293
0.127623
0.735726
0.978604
0.867378
0.096609
0.401971
0.855893
0.867378
0.735726
0.589144
0.566341
0.187953
0.735726
0.535389
0.557828
0.672823
0.269851
0.114294
0.250182
0.735726
0.414138
0.491556
0.269851
0.867378
0.327120
0.368979
0.275424
0.557828
0.103042
0.841556
0.787927
0.808960
0.072465
0.935597
0.513281
0.690166
0.470257
0.029982
0.971109
0.177160
0.626544
0.535389
0.690166
0.947760
0.203680
0.580543
0.540922
0.454542
0.414138
0.635244
0.005687
0.901408
0.223587
0.390021
0.947760
0.766291
0.119859
0.296545
0.441715
0.100580
0.109849
0.940331
0.483494
0.211153
0.597771
0.211153
0.867378
0.643949
0.649688
0.322949
0.704484
0.483494
0.974087
0.612135
0.316692
0.279144
0.713075
0.658394
0.658394
0.103042
0.491556
0.713075
0.505064
0.681504
0.401971
0.300471
0.617854
0.841556
0.061772
0.157114
0.557828
0.795913
0.130653
0.478214
0.003289
0.916674
0.779856
0.978604
0.146673
0.260793
0.580543
0.566341
0.478214
0.013276
0.867378
0.635244
0.491556
0.758020
0.316692
0.566341
0.986757
0.228410
0.749684
0.557828
0.874110
0.527033
0.962240
0.735726
0.758020
0.681504
0.580543
0.698805
0.801128
0.951979
0.801128
0.046970
0.306500
0.144460
0.713075
0.626544
0.727244
0.449423
0.901408
0.063362
0.312615
0.401971
0.735726
0.462365
0.047782
0.836720
0.300471
0.441715
0.947760
0.867378
0.333520
0.316692
0.316692
0.496903
0.491556
0.549354
0.744157
0.971109
0.462365
0.454542
0.951979
0.771705
0.735726
0.027652
0.505064
0.779856
0.829282
0.300471
0.620815
0.690166
0.626544
0.100580
0.269851
0.571972
0.275424
0.340005
0.290658
0.329292
0.779856
0.704484
0.042685
0.255445
0.962240
0.951979
0.340005
0.279144
0.475494
0.160731
0.580543
0.620815
0.401971
0.891273
0.394742
0.375911
0.566341
0.958545
0.241635
0.897436
0.557828
0.368979
0.612135
0.841556
0.690166
0.907293
0.735726
0.690166
0.735726
0.713075
0.434080
0.483494
0.690166
0.771705
0.855893
0.580543
0.057717
0.122729
0.039801
0.571972
0.658394
0.922090
0.029186
0.640981
0.744157
