0.350951
0.884948
0.421575
0.147829
0.109849
0.449423
0.947760
0.513281
0.279144
0.801128
0.690166
0.475494
0.744157
0.735726
0.144460
0.001421
0.025970
0.927324
0.816691
0.649688
0.496903
0.322949
0.296545
0.513281
0.340005
0.841556
0.521553
0.284858
0.169385
0.713075
0.891273
0.922090
0.255445
0.513281
0.704484
0.940331
0.387593
0.211153
0.022466
0.951979
0.228410
0.211153
0.727244
0.996919
0.698805
0.672823
0.801128
0.019230
0.766291
0.801128
0.206623
0.787927
0.626544
0.735726
0.836720
0.061772
0.821730
0.233315
0.935597
0.829282
0.194957
0.088340
0.927324
0.758020
0.294528
0.177160
0.829282
0.527033
0.409279
0.010298
0.057717
0.346575
0.241635
0.382926
0.173237
0.958545
0.049476
0.808960
0.147829
0.571972
0.658394
0.032771
0.375911
0.499678
0.962240
0.643949
0.070668
0.721628
0.470257
0.557828
0.505064
0.808960
0.357661
0.951979
0.991213
0.026438
0.672823
0.401971
0.793201
0.901408
0.735726
0.401971
0.095811
0.215763
0.036127
0.667094
0.971109
0.527033
0.681504
0.535389
0.362130
0.505064
0.505064
0.787927
0.063362
0.841556
0.250182
0.153566
0.006511
0.163153
0.294528
0.867378
0.658394
0.695863
0.927324
0.643949
0.150086
0.801128
0.173237
0.913005
0.333520
0.913005
0.829282
0.571972
0.907293
0.236593
0.130653
0.434080
0.470257
0.978604
0.771705
0.580543
0.141156
0.735726
0.821730
0.867378
0.132684
0.983361
0.766291
0.470257
0.978604
0.429087
0.884948
0.139014
0.166886
0.787927
0.042685
0.294528
0.470257
0.704484
0.475494
0.787927
0.626544
0.406779
0.901408
0.841556
0.543791
0.766291
0.643949
0.005013
0.371333
0.916674
0.649688
0.922090
0.491556
0.557828
0.153566
0.006703
0.124654
0.527033
0.521553
0.048208
0.269851
0.454542
0.727244
0.658394
0.971109
0.061772
0.766291
0.223587
0.491556
0.092008
0.000172
0.771705
0.907293
0.958545
0.375911
0.603471
0.273514
0.199280
0.771705
0.022875
0.434080
0.947760
0.203680
0.088340
0.141156
0.766291
0.913005
0.658394
0.075538
0.215763
0.907293
0.223587
0.891273
0.690166
0.340005
0.199280
0.681504
0.117048
0.441715
0.187953
0.051194
0.072465
0.483494
0.612135
0.801128
0.681504
0.667094
0.958545
0.690166
0.401971
0.000005
0.368979
0.024596
0.540922
0.795913
0.322949
0.449423
0.658394
0.350951
0.127623
0.454542
0.643949
0.329292
0.617854
0.135818
0.004868
0.727244
0.535389
0.884948
0.821730
0.012907
0.713075
0.340005
0.808960
0.368979
0.540922
0.483494
0.779856
0.922090
0.821730
0.181158
0.649688
0.316692
0.635244
0.177160
0.505064
0.236593
0.505064
0.024158
0.860501
0.704484
0.491556
0.187953
0.316692
0.147829
0.368979
0.421575
0.449423
0.594827
0.454542
0.421575
0.907293
0.513281
0.867378
0.690166
0.462365
0.346575
0.557828
0.478214
0.989675
0.956001
0.170690
0.771705
0.441715
0.513281
0.766291
0.927324
0.218844
0.181158
0.454542
0.063362
0.192150
0.603471
0.535389
0.046970
0.310521
0.109849
0.141156
0.518727
0.290658
0.329292
0.382926
0.246759
0.491556
0.199280
0.284858
0.922090
0.935597
0.749684
0.269851
0.007593
0.173237
0.603471
0.667094
0.848789
0.241635
0.884948
0.801128
0.267971
0.137917
0.245003
0.066084
0.409279
0.974087
0.793201
0.284858
0.922090
0.771705
0.891273
0.971109
0.848789
0.449423
0.038094
0.211153
0.994555
0.401971
0.958545
0.105557
0.483494
0.382926
0.787927
0.874110
0.649688
0.340005
0.215763
0.346575
0.848789
0.340005
0.109849
0.935597
0.449423
0.063362
0.013909
0.787927
0.617854
0.884948
0.429087
0.269851
0.580543
0.199280
0.649688
0.290658
0.300471
0.704484
0.612135
0.099752
0.566341
0.275424
0.273514
0.808960
0.236593
0.194957
0.264363
0.211153
0.704484
0.394742
0.612135
0.496903
0.196422
0.860501
0.867378
0.183833
0.306500
0.787927
0.233315
0.016595
0.620815
0.284858
0.094284
0.100580
0.867378
0.001149
0.821730
0.045761
0.658394
0.958545
0.603471
0.344325
0.079397
0.978604
0.771705
0.681504
0.368979
0.649688
0.580543
0.695863
0.626544
0.320806
0.483494
0.177160
0.594827
0.779856
0.991213
0.505064
0.713075
0.329292
0.735726
0.141156
0.163153
0.874110
0.357661
0.215763
0.649688
0.177160
0.848789
0.055312
0.475494
0.322949
0.364456
0.316692
0.821730
0.462365
0.441715
0.333520
0.187953
0.884948
0.306500
0.513281
0.766291
0.255445
0.329292
0.672823
0.874110
0.177160
0.483494
0.771705
0.169385
0.527033
0.294528
0.801128
0.626544
0.690166
0.658394
0.727244
0.521553
0.566341
0.387593
0.884948
0.540922
0.090535
0.340005
0.127623
0.580543
0.907293
0.808960
0.626544
0.947760
0.475494
0.139014
0.000846
0.199280
0.375911
0.022258
0.758020
0.288671
0.951979
0.104694
0.580543
0.306500
0.758020
0.589144
0.721628
0.002517
0.984769
0.014711
0.475494
0.275424
0.441715
0.513281
0.163153
0.103042
0.021268
0.340005
0.150086
0.690166
0.535389
0.617854
0.543791
0.735726
0.105557
0.713075
0.157114
0.884948
0.390021
0.003926
0.215763
0.092778
0.658394
0.018368
0.821730
0.499678
0.350951
0.387593
0.150086
0.284858
0.848789
0.434080
0.758020
0.137917
0.821730
0.006832
0.758020
0.874110
0.735726
0.157114
0.589144
0.808960
0.047782
0.470257
0.695863
0.735726
0.658394
0.891273
0.549354
0.549354
0.947760
0.137917
0.436675
0.279144
0.589144
0.962240
0.023508
0.060217
0.061772
0.109849
0.109849
0.848789
0.744157
0.640981
0.816691
0.203680
0.505064
0.721628
0.580543
0.144460
0.346575
0.103042
0.874110
0.901408
0.867378
0.518727
0.713075
0.649688
0.414138
