0.535389
0.681504
0.041578
0.100580
0.643949
0.008597
0.735726
0.215763
0.643949
0.421575
0.153566
0.704484
0.658394
0.177160
0.841556
0.387593
0.290658
0.841556
0.727244
0.999575
0.046970
0.144460
0.951979
0.958545
0.266225
0.620815
0.357661
0.947760
0.019230
0.612135
0.491556
0.779856
0.574890
0.387593
0.535389
0.672823
0.454542
0.935597
0.470257
0.580543
0.112510
0.223587
0.300471
0.429087
0.821730
0.695863
0.483494
0.223587
0.667094
0.264363
0.744157
0.793201
0.183833
0.241635
0.535389
0.192150
0.117048
0.922090
0.127623
0.808960
0.947760
0.897436
0.860501
0.079397
0.829282
0.109849
0.306500
0.322949
0.005110
0.357661
0.962240
0.635244
0.991213
0.505064
0.142275
0.649688
0.017063
0.574890
0.978604
0.735726
0.848789
0.258960
0.735726
0.571972
0.958545
0.475494
0.350951
0.346575
0.951979
0.681504
0.275424
0.901408
0.991213
0.077446
0.643949
0.821730
0.916674
0.260793
0.228410
0.681504
0.535389
0.094284
0.779856
0.749684
0.310521
0.749684
0.009104
0.808960
0.375911
0.264363
0.025970
0.672823
0.612135
0.704484
0.401971
0.891273
0.848789
0.649688
0.284858
0.557828
0.329292
0.681504
0.603471
0.109849
0.841556
0.787927
0.867378
0.322949
0.312615
0.612135
0.704484
0.855893
0.475494
0.713075
0.421575
0.860501
0.891273
0.306500
0.947760
0.571972
0.329292
0.322949
0.574890
0.421575
0.329292
0.163153
0.406779
0.695863
0.236593
0.713075
0.962240
0.279144
0.821730
0.375911
0.690166
0.971109
0.284858
0.016139
0.177160
0.269851
0.107244
0.296545
0.183833
0.758020
0.239907
0.414138
0.382926
0.571972
0.978604
0.643949
0.214182
0.483494
0.010595
0.375911
0.215763
0.713075
0.603471
0.958545
0.060743
0.353229
0.215763
0.907293
0.357661
0.082732
0.829282
0.177160
0.901408
0.695863
0.053907
0.258960
0.848789
0.566341
0.779856
0.787927
0.612135
0.401971
0.521553
0.429087
0.478214
0.940331
0.001080
0.816691
0.836720
0.543791
0.153566
0.935597
0.454542
0.446787
0.916674
0.597771
0.114294
0.173237
0.841556
0.829282
0.771705
0.874110
0.246759
0.527033
0.521553
0.971109
0.658394
0.891273
0.053907
0.971109
0.040864
0.122729
0.421575
0.316692
0.713075
0.927324
0.462365
0.521553
0.681504
0.394742
0.667094
0.322949
0.357661
0.658394
0.612135
0.612135
0.170690
0.491556
0.580543
0.491556
0.306500
0.483494
0.947760
0.951979
0.667094
0.986757
0.007378
0.322949
0.793201
0.371333
0.535389
0.147829
0.808960
0.071276
0.758020
0.971109
0.771705
0.704484
0.194957
0.329292
0.346575
0.211153
0.643949
0.434080
0.316692
0.284858
0.801128
0.643949
0.535389
0.991213
0.037099
0.096609
0.223587
0.951979
0.353229
0.446787
0.779856
0.159490
0.350951
0.350951
0.635244
0.241635
0.658394
0.153566
0.749684
0.884948
0.884948
0.037099
0.848789
0.025970
0.958545
0.727244
0.072465
0.421575
0.163153
0.681504
0.603471
0.867378
0.441715
0.549354
0.816691
0.255445
0.190711
0.318816
0.119859
0.749684
0.215763
0.758020
0.901408
0.290658
0.429087
0.995551
0.557828
0.478214
0.312615
0.496903
0.483494
0.004637
0.801128
0.612135
0.940331
0.995551
0.735726
0.496903
0.382926
0.124654
0.056256
0.090535
0.612135
0.771705
0.104694
0.922090
0.597771
0.829282
0.996919
0.344325
0.094284
0.991213
0.203680
0.394742
0.316692
0.836720
0.867378
0.375911
0.971109
0.211153
0.965738
0.421575
0.449423
0.874110
0.543791
0.275424
0.170690
0.690166
0.290658
0.766291
0.505064
0.580543
0.441715
0.382926
0.829282
0.449423
0.808960
0.141156
0.935597
0.801128
0.971109
0.727244
0.088340
0.884948
0.907293
0.922090
0.084803
0.829282
0.462365
0.735726
0.612135
0.713075
0.821730
0.891273
0.848789
0.808960
0.727244
0.470257
0.891273
0.620815
0.540922
0.241635
0.505064
0.986757
0.258960
0.907293
0.382926
0.984769
0.079397
0.884948
0.884948
0.891273
0.518727
0.132684
0.635244
0.557828
0.891273
0.006832
0.635244
0.483494
0.357661
0.322949
0.571972
0.829282
0.535389
0.940331
0.658394
0.434080
0.034568
0.974087
0.394742
0.829282
0.695863
0.735726
0.454542
0.144460
0.771705
0.620815
0.441715
0.169385
0.801128
0.269851
0.779856
0.771705
0.300471
0.958545
0.505064
0.241635
0.922090
0.594827
0.907293
0.429087
0.801128
0.658394
0.860501
0.357661
0.922090
0.681504
0.801128
0.867378
0.187953
0.475494
0.727244
0.179787
0.589144
0.364456
0.454542
0.681504
0.505064
0.000456
0.758020
0.401971
0.867378
0.499678
0.971109
0.927324
0.236593
0.441715
0.766291
0.401971
0.013276
0.483494
0.848789
0.848789
0.922090
0.940331
0.543791
0.867378
0.092008
0.658394
0.001588
0.940331
0.491556
0.635244
0.984769
0.535389
0.019768
0.658394
0.049040
0.935597
0.571972
0.153566
0.300471
0.350951
0.441715
0.038764
0.496903
0.913005
0.690166
0.513281
0.971109
0.371333
0.153566
0.499678
0.357661
0.226757
0.589144
0.215763
0.434080
0.194957
0.333520
0.580543
0.612135
0.401971
0.643949
0.390021
0.922090
0.357661
0.127623
0.704484
0.223587
0.329292
0.829282
0.153566
0.037099
0.635244
0.483494
0.153566
0.300471
0.096609
0.094284
0.327120
0.064990
0.690166
0.269851
0.795913
0.226757
0.194957
0.779856
0.192150
0.470257
0.187953
0.965738
0.580543
0.913005
0.620815
0.316692
0.434080
0.429087
0.016595
0.643949
0.612135
0.971109
0.114294
0.801128
0.496903
0.816691
0.294528
0.069506
0.771705
0.930673
0.535389
0.821730
0.108126
0.947760
0.612135
0.860501
0.713075
0.250182
0.690166
0.981075
0.014305
0.867378
0.241635
0.429087
0.535389
