0.491556
0.543791
0.387593
0.181158
0.306500
0.643949
0.704484
0.884948
0.206623
0.922090
0.173237
0.290658
0.947760
0.127623
0.112510
0.801128
0.704484
0.258960
0.635244
0.690166
0.513281
0.771705
0.907293
0.255445
0.557828
0.362130
0.643949
0.320806
0.580543
0.513281
0.922090
0.787927
0.441715
0.139014
0.672823
0.449423
0.658394
0.779856
0.801128
0.991213
0.020320
0.891273
0.543791
0.364456
0.594827
0.357661
0.518727
0.744157
0.505064
0.589144
0.364456
0.962240
0.462365
0.658394
0.658394
0.821730
0.368979
0.505064
0.727244
0.535389
0.206623
0.000718
0.821730
0.215763
0.130653
0.421575
0.039801
0.055312
0.127623
0.306500
0.793201
0.603471
0.279144
0.860501
0.434080
0.766291
0.228410
0.766291
0.549354
0.045761
0.019412
0.333520
0.971109
0.681504
0.848789
0.535389
0.350951
0.109849
0.290658
0.855893
0.916674
0.913005
0.208158
0.513281
0.223587
0.401971
0.758020
0.375911
0.907293
0.721628
0.848789
0.793201
0.233315
0.077446
0.409279
0.735726
0.072465
0.603471
0.589144
0.667094
0.626544
0.023508
0.483494
0.867378
0.779856
0.787927
0.704484
0.333520
0.255445
0.350951
0.758020
0.333520
0.434080
0.163153
0.153566
0.672823
0.801128
0.667094
0.779856
0.483494
0.329292
0.681504
0.855893
0.011974
0.000262
0.667094
0.322949
0.620815
0.346575
0.571972
0.758020
0.518727
0.867378
0.643949
0.927324
0.082732
0.836720
0.382926
0.079397
0.462365
0.306500
0.821730
0.004246
0.916674
0.829282
0.713075
0.808960
0.362130
0.589144
0.971109
0.414138
0.704484
0.441715
0.594827
0.841556
0.907293
0.690166
0.681504
0.002324
0.801128
0.984769
0.088340
0.704484
0.635244
0.867378
0.612135
0.580543
0.704484
0.434080
0.927324
0.658394
0.300471
0.635244
0.491556
0.441715
0.549354
0.329292
0.566341
0.130653
0.612135
0.296545
0.922090
0.658394
0.549354
0.951979
0.535389
0.086192
0.580543
0.566341
0.527033
0.375911
0.779856
0.571972
0.015409
0.557828
0.947760
0.075538
0.375911
0.199280
0.150086
0.061772
0.441715
0.535389
0.571972
0.368979
0.589144
0.183833
0.922090
0.749684
0.051648
0.727244
0.375911
0.344325
0.574890
0.913005
0.594827
0.580543
0.236593
0.255445
0.206623
0.922090
0.496903
0.626544
0.566341
0.077446
0.675784
0.441715
0.394742
0.971109
0.387593
0.114294
0.774492
0.513281
0.316692
0.681504
0.194957
0.535389
0.231634
0.102197
0.020320
0.082732
0.163153
0.364456
0.758020
0.704484
0.981075
0.649688
0.821730
0.141156
0.075538
0.681504
0.681504
0.284858
0.603471
0.603471
0.211153
0.236593
0.375911
0.327120
0.008597
0.340005
0.426518
0.704484
0.557828
0.758020
0.434080
0.390021
0.306500
0.916674
0.109849
0.434080
0.215763
0.801128
0.793201
0.779856
0.580543
0.787927
0.223587
0.264363
0.643949
0.521553
0.008597
0.793201
0.816691
0.421575
0.241635
0.884948
0.518727
0.978604
0.357661
0.031906
0.658394
0.483494
0.364456
0.260793
0.594827
0.727244
0.749684
0.557828
0.023508
0.907293
0.535389
0.414138
0.901408
0.907293
0.429087
0.891273
0.884948
0.375911
0.535389
0.735726
0.727244
0.072465
0.594827
0.264363
0.155897
0.434080
0.626544
0.275424
0.922090
0.758020
0.112510
0.096609
0.147829
0.078727
0.100580
0.935597
0.758020
0.549354
0.735726
0.667094
0.316692
0.779856
0.003455
0.127623
0.300471
0.907293
0.667094
0.787927
0.190711
0.166886
0.681504
0.922090
0.626544
0.795913
0.211153
0.552238
0.612135
0.771705
0.927324
0.795913
0.181158
0.978604
0.749684
0.695863
0.681504
0.635244
0.626544
0.874110
0.922090
0.105557
0.594827
0.543791
0.094284
0.612135
0.127623
0.951979
0.290658
0.779856
0.566341
0.935597
0.088340
0.306500
0.269851
0.549354
0.787927
0.382926
0.766291
0.441715
0.626544
0.333520
0.543791
0.635244
0.626544
0.190711
0.913005
0.071276
0.635244
0.141156
0.357661
0.454542
0.808960
0.891273
0.962240
0.220452
0.518727
0.626544
0.454542
0.129613
0.053907
0.132684
0.199280
0.566341
0.643949
0.962240
0.199280
0.153566
0.801128
0.088340
0.971109
0.916674
0.132684
0.080707
0.290658
0.304435
0.735726
0.153566
0.491556
0.978604
0.713075
0.884948
0.211153
0.635244
0.884948
0.771705
0.005687
0.135818
0.626544
0.594827
0.312615
0.421575
0.718717
0.690166
0.597771
0.841556
0.454542
0.166886
0.255445
0.758020
0.038764
0.080707
0.999892
0.841556
0.390021
0.401971
0.713075
0.462365
0.695863
0.557828
0.940331
0.215763
0.667094
0.177160
0.421575
0.718717
0.801128
0.147829
0.901408
0.940331
0.483494
0.096609
0.947760
0.387593
0.758020
0.496903
0.580543
0.000820
0.290658
0.470257
0.005687
0.241635
0.549354
0.340005
0.930673
0.441715
0.658394
0.491556
0.421575
0.603471
0.429087
0.496903
0.916674
0.255445
0.897436
0.088340
0.105557
0.787927
0.300471
0.426518
0.409279
0.991213
0.394742
0.079397
0.462365
0.194957
0.927324
0.829282
0.483494
0.735726
0.228410
0.233315
0.721628
0.462365
0.454542
0.643949
0.082732
0.978604
0.984769
0.916674
0.635244
0.079397
0.021859
0.082732
0.483494
0.105557
0.603471
0.667094
0.951979
0.033659
0.260793
0.589144
0.470257
0.058699
0.779856
0.589144
0.375911
0.557828
0.421575
0.072465
0.571972
0.144460
0.527033
0.535389
0.187953
0.821730
0.626544
0.236593
0.543791
0.513281
0.971109
0.758020
0.727244
0.643949
0.505064
0.981075
0.557828
0.690166
0.589144
0.048208
0.994555
0.211153
0.020692
0.635244
0.441715
0.771705
0.211153
0.986757
0.181158
0.290658
0.018368
0.787927
0.072465
0.884948
0.007032
0.704484
0.246759
