0.557828
0.984769
0.371333
0.346575
0.449423
0.543791
0.643949
0.155897
0.310521
0.449423
0.250182
0.841556
0.808960
0.821730
0.104694
0.801128
0.310521
0.884948
0.994555
0.357661
0.024596
0.848789
0.206623
0.019230
0.214182
0.867378
0.549354
0.649688
0.190711
0.267971
0.160731
0.821730
0.916674
0.179787
0.129613
0.250182
0.916674
0.092778
0.003559
0.052535
0.382926
0.161896
0.535389
0.927324
0.658394
0.260793
0.658394
0.649688
0.603471
0.505064
0.273514
0.589144
0.294528
0.681504
0.808960
0.000034
0.984769
0.841556
0.072465
0.033659
0.860501
0.382926
0.496903
0.322949
0.340005
0.649688
0.962240
0.635244
0.891273
0.543791
0.891273
0.031348
0.260793
0.177160
0.159490
0.891273
0.364456
0.704484
0.891273
0.241635
0.199280
0.984769
0.018368
0.874110
0.061772
0.117048
0.566341
0.549354
0.557828
0.867378
0.218844
0.612135
0.829282
0.170690
0.483494
0.177160
0.527033
0.166886
0.079397
0.951979
0.860501
0.470257
0.787927
0.434080
0.194957
0.505064
0.535389
0.787927
0.695863
0.340005
0.829282
0.231634
0.787927
0.672823
0.117048
0.038094
0.981075
0.107244
0.603471
0.183833
0.166886
0.884948
0.507859
0.333520
0.001960
0.340005
0.721628
0.241635
0.935597
0.518727
0.978604
0.808960
0.284858
0.821730
0.527033
0.226757
0.007378
0.421575
0.202171
0.557828
0.643949
0.704484
0.401971
0.322949
0.735726
0.290658
0.940331
0.727244
0.246759
0.350951
0.441715
0.449423
0.907293
0.935597
0.891273
0.294528
0.211153
0.231634
0.051648
0.031348
0.013276
0.735726
0.540922
0.735726
0.394742
0.744157
0.787927
0.357661
0.574890
0.357661
0.049040
0.233315
0.612135
0.713075
0.594827
0.758020
0.787927
0.153566
0.401971
0.821730
0.153566
0.735726
0.704484
0.658394
0.951979
0.884948
0.187953
0.947760
0.103042
0.841556
0.681504
0.713075
0.096609
0.766291
0.316692
0.681504
0.808960
0.187953
0.735726
0.884948
0.206623
0.055312
0.505064
0.505064
0.406779
0.255445
0.499678
0.681504
0.231634
0.462365
0.000241
0.088340
0.956001
0.758020
0.144460
0.649688
0.406779
0.060217
0.284858
0.566341
0.214182
0.978604
0.713075
0.192150
0.880693
0.535389
0.250182
0.801128
0.571972
0.300471
0.290658
0.681504
0.357661
0.406779
0.491556
0.860501
0.169385
0.649688
0.635244
0.907293
0.672823
0.350951
0.390021
0.406779
0.727244
0.566341
0.092008
0.829282
0.991213
0.566341
0.808960
0.153566
0.867378
0.766291
0.649688
0.635244
0.202171
0.135818
0.535389
0.922090
0.649688
0.027908
0.557828
0.018883
0.829282
0.527033
0.978604
0.727244
0.228410
0.290658
0.056256
0.094284
0.019230
0.491556
0.429087
0.166886
0.704484
0.016595
0.387593
0.159490
0.617854
0.153566
0.344325
0.194957
0.187953
0.022875
0.612135
0.626544
0.290658
0.250182
0.620815
0.649688
0.557828
0.421575
0.841556
0.194957
0.580543
0.995551
0.269851
0.067775
0.241635
0.166886
0.001922
0.173237
0.109849
0.672823
0.034568
0.907293
0.766291
0.241635
0.727244
0.344325
0.984769
0.521553
0.322949
0.758020
0.246759
0.951979
0.566341
0.635244
0.681504
0.483494
0.916674
0.294528
0.329292
0.220452
0.057717
0.766291
0.414138
0.891273
0.446787
0.192150
0.821730
0.571972
0.667094
0.179787
0.144460
0.704484
0.166886
0.643949
0.571972
0.704484
0.681504
0.855893
0.107244
0.758020
0.758020
0.841556
0.368979
0.713075
0.649688
0.401971
0.066084
0.340005
0.821730
0.157114
0.821730
0.690166
0.344325
0.594827
0.617854
0.690166
0.527033
0.483494
0.346575
0.589144
0.984769
0.264363
0.667094
0.255445
0.137917
0.312615
0.290658
0.855893
0.382926
0.907293
0.470257
0.927324
0.771705
0.626544
0.766291
0.327120
0.306500
0.012317
0.119859
0.771705
0.475494
0.589144
0.228410
0.382926
0.401971
0.255445
0.713075
0.194957
0.571972
0.350951
0.801128
0.821730
0.483494
0.175815
0.958545
0.841556
0.527033
0.499678
0.658394
0.206623
0.821730
0.478214
0.357661
0.194957
0.027164
0.594827
0.353229
0.406779
0.021859
0.414138
0.808960
0.672823
0.566341
0.236593
0.771705
0.266225
0.749684
0.340005
0.994555
0.241635
0.090535
0.429087
0.141156
0.449423
0.290658
0.449423
0.626544
0.132684
0.962240
0.860501
0.034568
0.139014
0.571972
0.535389
0.429087
0.096609
0.513281
0.695863
0.829282
0.787927
0.505064
0.727244
0.580543
0.223587
0.518727
0.727244
0.962240
0.704484
0.241635
0.681504
0.779856
0.927324
0.056256
0.001922
0.322949
0.557828
0.927324
0.603471
0.141156
0.258960
0.441715
0.935597
0.121744
0.005418
0.589144
0.206623
0.603471
0.350951
0.049040
0.808960
0.346575
0.947760
0.766291
0.147829
0.070668
0.163153
0.986757
0.922090
0.329292
0.375911
0.144460
0.891273
0.713075
0.236593
0.434080
0.543791
0.194957
0.589144
0.434080
0.603471
0.620815
0.721628
0.441715
0.090535
0.727244
0.801128
0.690166
0.375911
0.014711
0.527033
0.557828
0.218844
0.375911
0.004868
0.129613
0.758020
0.986757
0.290658
0.787927
0.690166
0.940331
0.603471
0.007378
0.958545
0.072465
0.749684
0.177160
0.829282
0.589144
0.916674
0.132684
0.223587
0.322949
0.269851
0.441715
0.749684
0.409279
0.049040
0.658394
0.758020
0.848789
0.829282
0.557828
0.084803
0.518727
0.947760
0.144460
0.649688
0.434080
0.055312
0.749684
0.030518
0.036127
0.357661
0.513281
0.735726
0.475494
0.658394
0.364456
0.446787
0.727244
0.801128
0.203680
0.951979
0.434080
0.434080
0.940331
0.841556
0.667094
0.077446
0.421575
0.907293
0.505064
0.549354
0.279144
0.279144
0.322949
0.017063
0.922090
0.758020
