0.821730
0.749684
0.543791
0.246759
0.449423
0.160731
0.907293
0.023935
0.211153
0.557828
0.255445
0.117048
0.935597
0.231634
0.535389
0.092778
0.284858
0.255445
0.672823
0.704484
0.001172
0.836720
0.166886
0.940331
0.368979
0.589144
0.704484
0.557828
0.855893
0.053907
0.978604
0.580543
0.695863
0.218844
0.848789
0.667094
0.088340
0.096609
0.306500
0.947760
0.061772
0.549354
0.935597
0.020692
0.394742
0.086919
0.986757
0.300471
0.681504
0.513281
0.947760
0.025274
0.727244
0.649688
0.787927
0.779856
0.836720
0.951979
0.236593
0.269851
0.057717
0.727244
0.758020
0.159490
0.211153
0.269851
0.077446
0.821730
0.350951
0.199280
0.121744
0.215763
0.695863
0.079397
0.449423
0.557828
0.901408
0.690166
0.766291
0.727244
0.649688
0.771705
0.157114
0.470257
0.421575
0.713075
0.264363
0.380525
0.333520
0.491556
0.067775
0.401971
0.394742
0.549354
0.658394
0.340005
0.884948
0.649688
0.059212
0.042685
0.310521
0.635244
0.640981
0.135818
0.594827
0.061772
0.344325
0.947760
0.290658
0.626544
0.462365
0.173237
0.357661
0.294528
0.150086
0.382926
0.535389
0.177160
0.620815
0.416665
0.594827
0.414138
0.329292
0.241635
0.986757
0.884948
0.658394
0.013276
0.779856
0.250182
0.483494
0.557828
0.597771
0.643949
0.758020
0.015845
0.527033
0.681504
0.454542
0.821730
0.153566
0.177160
0.557828
0.749684
0.135818
0.580543
0.535389
0.603471
0.260793
0.771705
0.771705
0.635244
0.821730
0.079397
0.808960
0.005262
0.821730
0.250182
0.801128
0.053907
0.394742
0.300471
0.483494
0.462365
0.022258
0.951979
0.340005
0.082732
0.241635
0.967937
0.077446
0.557828
0.649688
0.566341
0.891273
0.916674
0.228410
0.483494
0.658394
0.375911
0.033659
0.848789
0.603471
0.421575
0.126604
0.215763
0.462365
0.749684
0.346575
0.874110
0.643949
0.300471
0.540922
0.649688
0.211153
0.003965
0.667094
0.907293
0.916674
0.429087
0.316692
0.860501
0.758020
0.211153
0.779856
0.255445
0.758020
0.543791
0.771705
0.132684
0.000241
0.658394
0.084803
0.457201
0.801128
0.258960
0.971109
0.951979
0.557828
0.658394
0.649688
0.891273
0.022875
0.306500
0.735726
0.922090
0.635244
0.018368
0.901408
0.084803
0.848789
0.749684
0.704484
0.141156
0.704484
0.163153
0.667094
0.658394
0.735726
0.940331
0.320806
0.357661
0.220452
0.744157
0.364456
0.139014
0.913005
0.704484
0.922090
0.981075
0.617854
0.505064
0.640981
0.667094
0.434080
0.922090
0.003388
0.867378
0.566341
0.589144
0.829282
0.214182
0.143326
0.649688
0.401971
0.704484
0.580543
0.916674
0.589144
0.549354
0.829282
0.322949
0.566341
0.635244
0.658394
0.491556
0.891273
0.375911
0.713075
0.974087
0.612135
0.940331
0.571972
0.346575
0.279144
0.557828
0.513281
0.353229
0.246759
0.236593
0.228410
0.635244
0.228410
0.056256
0.779856
0.874110
0.098985
0.008597
0.387593
0.478214
0.907293
0.704484
0.470257
0.841556
0.327120
0.557828
0.513281
0.643949
0.916674
0.215763
0.279144
0.771705
0.848789
0.527033
0.434080
0.329292
0.675784
0.907293
0.414138
0.681504
0.878466
0.801128
0.275424
0.214182
0.109849
0.333520
0.787927
0.103042
0.203680
0.350951
0.935597
0.020320
0.535389
0.215763
0.735726
0.543791
0.690166
0.727244
0.231634
0.053907
0.098170
0.704484
0.086192
0.049040
0.829282
0.183833
0.135818
0.874110
0.346575
0.855893
0.434080
0.499678
0.901408
0.594827
0.891273
0.801128
0.441715
0.758020
0.478214
0.449423
0.340005
0.306500
0.758020
0.470257
0.947760
0.855893
0.816691
0.658394
0.855893
0.535389
0.922090
0.467559
0.603471
0.052535
0.549354
0.721628
0.922090
0.566341
0.267971
0.023935
0.518727
0.067775
0.744157
0.626544
0.429087
0.470257
0.505064
0.874110
0.241635
0.874110
0.429087
0.984769
0.124654
0.860501
0.571972
0.028409
0.475494
0.401971
0.012670
0.874110
0.090535
0.228410
0.001774
0.114294
0.603471
0.153566
0.144460
0.063362
0.951979
0.860501
0.414138
0.246759
0.901408
0.787927
0.119859
0.922090
0.779856
0.401971
0.496903
0.290658
0.681504
0.617854
0.971109
0.884948
0.382926
0.284858
0.922090
0.414138
0.891273
0.012548
0.649688
0.867378
0.037099
0.981075
0.543791
0.000470
0.907293
0.357661
0.187953
0.766291
0.527033
0.483494
0.549354
0.344325
0.991213
0.039801
0.535389
0.566341
0.041578
0.429087
0.626544
0.300471
0.597771
0.414138
0.215763
0.215763
0.795913
0.566341
0.475494
0.112510
0.951979
0.962240
0.829282
0.049040
0.401971
0.357661
0.612135
0.958545
0.704484
0.269851
0.107244
0.483494
0.901408
0.766291
0.962240
0.421575
0.916674
0.991213
0.290658
0.505064
0.103042
0.848789
0.927324
0.981075
0.991213
0.672823
0.695863
0.594827
0.795913
0.704484
0.364456
0.007965
0.829282
0.449423
0.958545
0.626544
0.774492
0.891273
0.426518
0.166886
0.009822
0.414138
0.626544
0.779856
0.082037
0.166886
0.758020
0.218844
0.913005
0.306500
0.053907
0.269851
0.024596
0.848789
0.513281
0.867378
0.380525
0.032771
0.793201
0.597771
0.513281
0.793201
0.971109
0.290658
0.589144
0.855893
0.922090
0.491556
0.082732
0.658394
0.951979
0.513281
0.951979
0.387593
0.401971
0.603471
0.394742
0.658394
0.814067
0.535389
0.535389
0.884948
0.409279
0.462365
0.409279
0.935597
0.922090
0.801128
0.927324
0.000003
0.346575
0.364456
0.382926
0.346575
0.429087
0.891273
0.698805
0.658394
0.557828
0.350951
0.874110
0.147829
0.913005
0.867378
0.491556
0.907293
0.434080
0.144460
0.007168
0.194957
0.962240
0.491556
0.029186
0.626544
0.375911
0.483494
