0.658394
0.421575
0.505064
0.891273
0.713075
0.206623
0.735726
0.187953
0.962240
0.735726
0.821730
0.258960
0.462365
0.107244
0.449423
0.620815
0.296545
0.357661
0.327120
0.801128
0.037099
0.441715
0.620815
0.121744
0.211153
0.891273
0.056256
0.649688
0.034568
0.821730
0.766291
0.940331
0.192150
0.387593
0.801128
0.907293
0.779856
0.496903
0.163153
0.063362
0.727244
0.735726
0.821730
0.357661
0.513281
0.940331
0.132684
0.758020
0.580543
0.436675
0.414138
0.092778
0.951979
0.667094
0.364456
0.758020
0.322949
0.181158
0.891273
0.672823
0.566341
0.513281
0.947760
0.535389
0.421575
0.681504
0.884948
0.491556
0.141156
0.112510
0.322949
0.327120
0.994555
0.357661
0.163153
0.387593
0.867378
0.658394
0.907293
0.449423
0.401971
0.922090
0.513281
0.557828
0.340005
0.713075
0.003388
0.236593
0.779856
0.935597
0.766291
0.808960
0.603471
0.848789
0.658394
0.649688
0.713075
0.935597
0.483494
0.681504
0.566341
0.681504
0.462365
0.744157
0.290658
0.421575
0.483494
0.496903
0.409279
0.290658
0.566341
0.380525
0.513281
0.199280
0.228410
0.241635
0.069506
0.368979
0.771705
0.026438
0.867378
0.787927
0.571972
0.236593
0.166886
0.258960
0.971109
0.855893
0.626544
0.096609
0.874110
0.505064
0.557828
0.690166
0.758020
0.080707
0.135818
0.017866
0.667094
0.749684
0.059212
0.557828
0.371333
0.096609
0.441715
0.907293
0.505064
0.414138
0.907293
0.380525
0.068911
0.884948
0.077446
0.891273
0.147829
0.535389
0.406779
0.848789
0.787927
0.721628
0.935597
0.103042
0.300471
0.203680
0.808960
0.421575
0.236593
0.951979
0.713075
0.649688
0.329292
0.483494
0.667094
0.603471
0.612135
0.984769
0.589144
0.891273
0.744157
0.594827
0.250182
0.884948
0.891273
0.848789
0.394742
0.375911
0.749684
0.916674
0.467559
0.449423
0.735726
0.535389
0.801128
0.603471
0.050328
0.658394
0.401971
0.543791
0.211153
0.635244
0.603471
0.053907
0.505064
0.135818
0.658394
0.612135
0.170690
0.829282
0.727244
0.855893
0.146673
0.183833
0.681504
0.891273
0.275424
0.375911
0.300471
0.329292
0.275424
0.223587
0.371333
0.060217
0.109849
0.434080
0.269851
0.364456
0.382926
0.077446
0.855893
0.557828
0.211153
0.695863
0.306500
0.470257
0.491556
0.382926
0.047782
0.449423
0.300471
0.483494
0.117048
0.187953
0.535389
0.995551
0.793201
0.421575
0.951979
0.064990
0.275424
0.333520
0.029186
0.157114
0.008197
0.316692
0.077446
0.771705
0.574890
0.084803
0.329292
0.927324
0.841556
0.505064
0.704484
0.260793
0.004868
0.713075
0.421575
0.496903
0.001865
0.612135
0.513281
0.275424
0.135818
0.475494
0.021859
0.462365
0.867378
0.549354
0.986757
0.491556
0.333520
0.072465
0.543791
0.121744
0.032199
0.927324
0.141156
0.241635
0.649688
0.557828
0.922090
0.978604
0.874110
0.028409
0.649688
0.874110
0.250182
0.617854
0.749684
0.173237
0.132684
0.135818
0.986757
0.649688
0.483494
0.475494
0.414138
0.681504
0.117048
0.947760
0.867378
0.901408
0.571972
0.499678
0.612135
0.744157
0.144460
0.535389
0.382926
0.070668
0.371333
0.364456
0.513281
0.721628
0.626544
0.462365
0.848789
0.927324
0.058699
0.163153
0.690166
0.038094
0.513281
0.744157
0.322949
0.940331
0.704484
0.092008
0.766291
0.744157
0.867378
0.779856
0.986757
0.199280
0.364456
0.454542
0.290658
0.194957
0.848789
0.499678
0.808960
0.907293
0.635244
0.088340
0.350951
0.273514
0.935597
0.951979
0.771705
0.758020
0.801128
0.032199
0.454542
0.690166
0.236593
0.387593
0.382926
0.672823
0.816691
0.052535
0.580543
0.922090
0.848789
0.429087
0.713075
0.475494
0.211153
0.041578
0.704484
0.690166
0.190711
0.177160
0.821730
0.421575
0.329292
0.382926
0.535389
0.793201
0.132684
0.470257
0.316692
0.441715
0.032199
0.406779
0.513281
0.513281
0.744157
0.470257
0.597771
0.907293
0.841556
0.401971
0.874110
0.930673
0.594827
0.375911
0.727244
0.713075
0.421575
0.681504
0.867378
0.499678
0.061772
0.061772
0.940331
0.382926
0.300471
0.557828
0.801128
0.695863
0.580543
0.236593
0.346575
0.350951
0.801128
0.033659
0.821730
0.421575
0.284858
0.735726
0.364456
0.039801
0.841556
0.098170
0.190711
0.540922
0.013276
0.505064
0.779856
0.105557
0.027164
0.491556
0.505064
0.124654
0.371333
0.206623
0.735726
0.965738
0.124654
0.971109
0.704484
0.848789
0.649688
0.626544
0.727244
0.000733
0.667094
0.513281
0.414138
0.394742
0.947760
0.913005
0.727244
0.246759
0.704484
0.836720
0.223587
0.766291
0.103042
0.940331
0.513281
0.649688
0.357661
0.727244
0.735726
0.535389
0.434080
0.744157
0.042685
0.829282
0.527033
0.306500
0.612135
0.144460
0.183833
0.713075
0.848789
0.557828
0.589144
0.589144
0.658394
0.672823
0.758020
0.681504
0.643949
0.401971
0.580543
0.535389
0.649688
0.981075
0.927324
0.901408
0.027164
0.312615
0.698805
0.771705
0.429087
0.199280
0.821730
0.264363
0.981075
0.434080
0.255445
0.978604
0.589144
0.316692
0.801128
0.505064
0.177160
0.557828
0.549354
0.322949
0.998463
0.255445
0.062816
0.907293
0.279144
0.505064
0.020320
0.173237
0.901408
0.279144
0.135818
0.958545
0.721628
0.901408
0.057717
0.401971
0.549354
0.620815
0.375911
0.169385
0.181158
0.036127
0.023508
0.382926
0.157114
0.821730
0.284858
0.874110
0.401971
0.368979
0.290658
0.122729
0.096609
0.527033
0.275424
0.346575
0.649688
0.047782
0.907293
0.139014
0.462365
0.020320
0.031348
0.394742
0.192150
0.947760
0.100580
0.310521
0.635244
0.088340
0.962240
0.072465
0.333520
0.449423
