0.060217
0.057717
0.913005
0.316692
0.421575
0.499678
0.090535
0.574890
0.310521
0.922090
0.079397
0.766291
0.250182
0.758020
0.153566
0.491556
0.250182
0.290658
0.735726
0.491556
0.203680
0.050328
0.357661
0.649688
0.401971
0.264363
0.513281
0.340005
0.855893
0.470257
0.228410
0.329292
0.836720
0.821730
0.658394
0.884948
0.643949
0.816691
0.001721
0.643949
0.704484
0.470257
0.884948
0.135818
0.375911
0.059212
0.848789
0.967937
0.727244
0.112510
0.771705
0.322949
0.159490
0.059212
0.279144
0.499678
0.672823
0.294528
0.357661
0.571972
0.884948
0.814067
0.816691
0.935597
0.357661
0.364456
0.690166
0.346575
0.401971
0.978604
0.643949
0.986757
0.713075
0.535389
0.499678
0.891273
0.947760
0.935597
0.808960
0.603471
0.855893
0.930673
0.935597
0.462365
0.228410
0.704484
0.462365
0.139014
0.187953
0.752533
0.884948
0.206623
0.250182
0.521553
0.841556
0.603471
0.681504
0.429087
0.462365
0.057717
0.821730
0.187953
0.141156
0.695863
0.467559
0.635244
0.829282
0.713075
0.867378
0.000398
0.735726
0.357661
0.434080
0.855893
0.017866
0.064990
0.940331
0.947760
0.667094
0.580543
0.483494
0.019230
0.704484
0.454542
0.958545
0.749684
0.039801
0.535389
0.874110
0.401971
0.017063
0.513281
0.406779
0.713075
0.589144
0.223587
0.357661
0.958545
0.801128
0.260793
0.557828
0.073672
0.255445
0.187953
0.984769
0.023935
0.704484
0.884948
0.543791
0.190711
0.414138
0.549354
0.635244
0.535389
0.766291
0.329292
0.690166
0.808960
0.449423
0.540922
0.749684
0.695863
0.617854
0.951979
0.382926
0.649688
0.841556
0.727244
0.617854
0.836720
0.387593
0.441715
0.984769
0.867378
0.635244
0.441715
0.962240
0.962240
0.958545
0.649688
0.808960
0.137917
0.922090
0.449423
0.667094
0.848789
0.251967
0.652656
0.273514
0.571972
0.801128
0.021859
0.284858
0.779856
0.255445
0.064431
0.294528
0.173237
0.766291
0.496903
0.891273
0.163153
0.690166
0.667094
0.907293
0.429087
0.414138
0.322949
0.470257
0.907293
0.658394
0.483494
0.290658
0.978604
0.816691
0.958545
0.978604
0.566341
0.758020
0.226757
0.005968
0.658394
0.643949
0.801128
0.218844
0.681504
0.441715
0.117048
0.441715
0.787927
0.836720
0.971109
0.187953
0.727244
0.215763
0.155897
0.884948
0.801128
0.491556
0.690166
0.690166
0.916674
0.092778
0.557828
0.066084
0.223587
0.036127
0.735726
0.260793
0.015409
0.947760
0.371333
0.698805
0.505064
0.394742
0.808960
0.027908
0.527033
0.930673
0.364456
0.127623
0.947760
0.462365
0.382926
0.290658
0.092008
0.177160
0.061772
0.441715
0.491556
0.874110
0.841556
0.021656
0.643949
0.891273
0.808960
0.294528
0.194957
0.166886
0.401971
0.368979
0.549354
0.801128
0.867378
0.801128
0.346575
0.228410
0.821730
0.779856
0.667094
0.426518
0.951979
0.002863
0.626544
0.808960
0.540922
0.867378
0.947760
0.187953
0.549354
0.014985
0.035180
0.496903
0.364456
0.603471
0.658394
0.079397
0.470257
0.236593
0.922090
0.727244
0.513281
0.306500
0.916674
0.771705
0.255445
0.695863
0.998868
0.698805
0.092778
0.006325
0.626544
0.848789
0.462365
0.055312
0.084803
0.139014
0.496903
0.028409
0.107244
0.429087
0.132684
0.316692
0.808960
0.867378
0.994555
0.787927
0.951979
0.310521
0.454542
0.414138
0.779856
0.801128
0.681504
0.935597
0.103042
0.491556
0.499678
0.667094
0.449423
0.446787
0.758020
0.884948
0.491556
0.031348
0.394742
0.667094
0.793201
0.855893
0.704484
0.075538
0.333520
0.527033
0.255445
0.771705
0.279144
0.735726
0.713075
0.483494
0.364456
0.357661
0.082732
0.744157
0.322949
0.620815
0.829282
0.340005
0.231634
0.672823
0.557828
0.260793
0.527033
0.499678
0.194957
0.042685
0.690166
0.350951
0.196422
0.884948
0.208158
0.916674
0.974087
0.589144
0.067775
0.620815
0.626544
0.414138
0.350951
0.322949
0.801128
0.935597
0.449423
0.017543
0.930673
0.491556
0.891273
0.521553
0.580543
0.223587
0.681504
0.105557
0.046970
0.626544
0.947760
0.649688
0.449423
0.290658
0.571972
0.250182
0.312615
0.935597
0.713075
0.462365
0.421575
0.421575
0.414138
0.681504
0.808960
0.290658
0.521553
0.549354
0.821730
0.667094
0.612135
0.521553
0.394742
0.681504
0.626544
0.322949
0.159490
0.203680
0.695863
0.275424
0.951979
0.681504
0.169385
0.721628
0.475494
0.250182
0.735726
0.557828
0.368979
0.727244
0.603471
0.951979
0.695863
0.549354
0.203680
0.382926
0.801128
0.284858
0.223587
0.194957
0.470257
0.779856
0.965738
0.735726
0.603471
0.075538
0.436675
0.735726
0.151265
0.231634
0.749684
0.801128
0.124654
0.978604
0.233315
0.935597
0.300471
0.141156
0.787927
0.808960
0.206623
0.829282
0.566341
0.284858
0.922090
0.978604
0.127623
0.072465
0.749684
0.316692
0.793201
0.998868
0.727244
0.454542
0.346575
0.566341
0.758020
0.958545
0.557828
0.557828
0.758020
0.848789
0.260793
0.008847
0.513281
0.795913
0.375911
0.322949
0.594827
0.549354
0.603471
0.771705
0.019768
0.103042
0.978604
0.727244
0.916674
0.612135
0.173237
0.901408
0.153566
0.549354
0.557828
0.535389
0.713075
0.513281
0.681504
0.635244
0.079397
0.848789
0.916674
0.112510
0.401971
0.603471
0.947760
0.394742
0.163153
0.462365
0.821730
0.713075
0.446787
0.215763
0.971109
0.841556
0.390021
0.758020
0.626544
0.483494
0.394742
0.267971
0.735726
0.874110
0.891273
0.194957
0.713075
0.322949
0.327120
0.922090
0.713075
0.626544
0.704484
0.744157
0.357661
0.144460
0.521553
0.612135
0.364456
0.635244
0.406779
0.340005
0.390021
0.357661
0.241635
