0.752533
0.426518
0.891273
0.940331
0.884948
0.935597
0.855893
0.947760
0.947760
0.449423
0.884948
0.713075
0.603471
0.075538
0.414138
0.549354
0.681504
0.801128
0.233315
0.211153
0.771705
0.907293
0.329292
0.821730
0.907293
0.566341
0.935597
0.327120
0.667094
0.620815
0.589144
0.187953
0.962240
0.704484
0.335721
0.421575
0.681504
0.047782
0.375911
0.505064
0.901408
0.103042
0.003455
0.580543
0.057717
0.350951
0.245003
0.626544
0.206623
0.206623
0.916674
0.867378
0.527033
0.704484
0.269851
0.867378
0.018368
0.491556
0.017063
0.153566
0.483494
0.971109
0.829282
0.580543
0.793201
0.620815
0.072465
0.848789
0.603471
0.848789
0.771705
0.357661
0.848789
0.816691
0.527033
0.375911
0.090535
0.187953
0.002645
0.901408
0.727244
0.153566
0.984769
0.004164
0.681504
0.907293
0.406779
0.170690
0.228410
0.867378
0.454542
0.580543
0.077446
0.704484
0.006832
0.571972
0.787927
0.462365
0.855893
0.449423
0.199280
0.735726
0.034568
0.322949
0.549354
0.394742
0.744157
0.557828
0.496903
0.891273
0.130653
0.333520
0.066084
0.935597
0.626544
0.264363
0.672823
0.891273
0.930673
0.206623
0.589144
0.821730
0.483494
0.340005
0.594827
0.499678
0.557828
0.649688
0.122729
0.187953
0.922090
0.375911
0.521553
0.141156
0.228410
0.860501
0.258960
0.801128
0.521553
0.119859
0.758020
0.414138
0.766291
0.250182
0.771705
0.649688
0.350951
0.704484
0.329292
0.704484
0.566341
0.375911
0.414138
0.316692
0.891273
0.223587
0.241635
0.713075
0.635244
0.981075
0.907293
0.795913
0.574890
0.163153
0.001421
0.121744
0.771705
0.513281
0.429087
0.001809
0.535389
0.713075
0.375911
0.994555
0.913005
0.160731
0.635244
0.470257
0.513281
0.704484
0.620815
0.340005
0.409279
0.635244
0.316692
0.771705
0.535389
0.470257
0.300471
0.333520
0.713075
0.867378
0.049040
0.202171
0.713075
0.194957
0.031348
0.288671
0.346575
0.927324
0.922090
0.041578
0.141156
0.808960
0.922090
0.566341
0.721628
0.429087
0.499678
0.344325
0.744157
0.808960
0.518727
0.163153
0.144460
0.499678
0.808960
0.163153
0.626544
0.787927
0.173237
0.860501
0.082732
0.414138
0.535389
0.549354
0.375911
0.549354
0.947760
0.690166
0.543791
0.855893
0.821730
0.051194
0.056256
0.005687
0.141156
0.557828
0.986757
0.535389
0.649688
0.922090
0.848789
0.300471
0.028409
0.867378
0.103042
0.364456
0.981075
0.947760
0.860501
0.255445
0.718717
0.867378
0.382926
0.013909
0.037099
0.449423
0.986757
0.907293
0.816691
0.109849
0.064431
0.018706
0.375911
0.901408
0.626544
0.695863
0.390021
0.505064
0.974087
0.491556
0.571972
0.491556
0.991213
0.566341
0.978604
0.521553
0.695863
0.258960
0.513281
0.401971
0.436675
0.346575
0.421575
0.008847
0.695863
0.177160
0.290658
0.375911
0.350951
0.940331
0.399498
0.275424
0.127623
0.067775
0.821730
0.368979
0.300471
0.713075
0.306500
0.300471
0.848789
0.187953
0.962240
0.749684
0.050328
0.927324
0.109849
0.055312
0.401971
0.713075
0.228410
0.735726
0.935597
0.022875
0.333520
0.787927
0.039801
0.901408
0.499678
0.505064
0.571972
0.082732
0.971109
0.779856
0.787927
0.999575
0.163153
0.306500
0.603471
0.801128
0.891273
0.874110
0.170690
0.010595
0.978604
0.040864
0.774492
0.841556
0.362130
0.549354
0.635244
0.094284
0.867378
0.117048
0.127623
0.535389
0.255445
0.848789
0.667094
0.951979
0.643949
0.695863
0.535389
0.658394
0.535389
0.971109
0.003850
0.236593
0.269851
0.077446
0.643949
0.300471
0.220452
0.029708
0.836720
0.557828
0.626544
0.540922
0.009822
0.836720
0.220452
0.940331
0.649688
0.867378
0.107244
0.841556
0.084803
0.626544
0.557828
0.499678
0.228410
0.316692
0.704484
0.695863
0.744157
0.483494
0.727244
0.829282
0.901408
0.096609
0.713075
0.518727
0.092778
0.766291
0.704484
0.401971
0.457201
0.935597
0.063362
0.215763
0.580543
0.312615
0.228410
0.855893
0.340005
0.157114
0.038764
0.995551
0.096609
0.848789
0.260793
0.580543
0.771705
0.014985
0.978604
0.300471
0.072465
0.829282
0.153566
0.907293
0.316692
0.483494
0.173237
0.236593
0.441715
0.749684
0.617854
0.077446
0.779856
0.434080
0.449423
0.612135
0.563435
0.269851
0.454542
0.713075
0.779856
0.449423
0.626544
0.891273
0.072465
0.269851
0.124654
0.884948
0.316692
0.333520
0.874110
0.589144
0.019768
0.878466
0.051648
0.505064
0.409279
0.429087
0.999575
0.067775
0.491556
0.978604
0.316692
0.491556
0.978604
0.258960
0.441715
0.327120
0.357661
0.527033
0.194957
0.758020
0.721628
0.704484
0.322949
0.505064
0.449423
0.527033
0.382926
0.758020
0.801128
0.467559
0.056256
0.996919
0.580543
0.475494
0.505064
0.187953
0.199280
0.801128
0.855893
0.958545
0.922090
0.658394
0.947760
0.962240
0.612135
0.021268
0.549354
0.643949
0.031348
0.483494
0.086192
0.681504
0.635244
0.543791
0.947760
0.808960
0.082732
0.414138
0.316692
0.801128
0.612135
0.597771
0.962240
0.658394
0.390021
0.006325
0.206623
0.350951
0.496903
0.008436
0.067775
0.478214
0.187953
0.667094
0.079397
0.535389
0.981075
0.962240
0.117048
0.667094
0.478214
0.375911
0.766291
0.626544
0.245003
0.758020
0.848789
0.649688
0.241635
0.771705
0.015845
0.382926
0.620815
0.306500
0.329292
0.153566
0.153566
0.046970
0.749684
0.454542
0.672823
0.617854
0.260793
0.441715
0.698805
0.513281
0.727244
0.658394
0.049040
0.874110
0.107244
0.038764
0.580543
0.552238
0.218844
0.483494
0.009546
0.215763
0.727244
0.001421
0.139014
0.401971
0.032199
0.362130
0.667094
0.421575
