0.801128
0.935597
0.626544
0.434080
0.186540
0.245003
0.124654
0.713075
0.031348
0.067775
0.635244
0.658394
0.009546
0.801128
0.483494
0.375911
0.793201
0.449423
0.211153
0.375911
0.967937
0.580543
0.695863
0.063362
0.991213
0.589144
0.387593
0.039801
0.434080
0.208158
0.612135
0.821730
0.758020
0.194957
0.105557
0.978604
0.649688
0.364456
0.758020
0.829282
0.935597
0.056256
0.713075
0.816691
0.177160
0.922090
0.470257
0.735726
0.312615
0.574890
0.441715
0.029186
0.045761
0.589144
0.704484
0.667094
0.322949
0.978604
0.187953
0.971109
0.241635
0.821730
0.848789
0.241635
0.635244
0.962240
0.333520
0.236593
0.401971
0.483494
0.713075
0.143326
0.290658
0.589144
0.735726
0.521553
0.173237
0.409279
0.787927
0.491556
0.505064
0.744157
0.672823
0.117048
0.022875
0.727244
0.483494
0.801128
0.860501
0.848789
0.727244
0.414138
0.867378
0.039801
0.867378
0.620815
0.241635
0.566341
0.139014
0.594827
0.795913
0.177160
0.064431
0.002517
0.026438
0.004868
0.735726
0.421575
0.580543
0.836720
0.000424
0.467559
0.907293
0.329292
0.350951
0.513281
0.821730
0.173237
0.718717
0.177160
0.744157
0.580543
0.096609
0.801128
0.727244
0.470257
0.907293
0.951979
0.255445
0.821730
0.735726
0.364456
0.981075
0.496903
0.672823
0.499678
0.994555
0.612135
0.312615
0.312615
0.192150
0.057717
0.626544
0.808960
0.626544
0.758020
0.041578
0.109849
0.704484
0.021859
0.681504
0.681504
0.312615
0.141156
0.053907
0.019230
0.368979
0.829282
0.549354
0.223587
0.643949
0.394742
0.580543
0.527033
0.387593
0.574890
0.962240
0.429087
0.713075
0.916674
0.135818
0.153566
0.829282
0.922090
0.310521
0.470257
0.462365
0.907293
0.409279
0.749684
0.194957
0.114294
0.223587
0.414138
0.991213
0.801128
0.735726
0.013654
0.038764
0.801128
0.513281
0.527033
0.580543
0.215763
0.713075
0.194957
0.848789
0.505064
0.603471
0.518727
0.947760
0.103042
0.649688
0.935597
0.316692
0.284858
0.808960
0.801128
0.056256
0.454542
0.042305
0.312615
0.527033
0.580543
0.002324
0.735726
0.658394
0.264363
0.236593
0.766291
0.211153
0.735726
0.112510
0.867378
0.779856
0.527033
0.284858
0.801128
0.690166
0.884948
0.166886
0.735726
0.771705
0.039801
0.580543
0.042685
0.269851
0.279144
0.470257
0.426518
0.681504
0.874110
0.836720
0.907293
0.549354
0.462365
0.552238
0.505064
0.922090
0.462365
0.194957
0.971109
0.000976
0.808960
0.394742
0.589144
0.009546
0.612135
0.801128
0.306500
0.626544
0.491556
0.727244
0.947760
0.090535
0.434080
0.801128
0.000795
0.571972
0.667094
0.173237
0.211153
0.808960
0.704484
0.382926
0.612135
0.300471
0.144460
0.874110
0.449423
0.429087
0.132684
0.527033
0.478214
0.543791
0.816691
0.658394
0.962240
0.192150
0.721628
0.557828
0.848789
0.801128
0.603471
0.513281
0.635244
0.758020
0.721628
0.801128
0.357661
0.228410
0.429087
0.704484
0.414138
0.695863
0.667094
0.643949
0.829282
0.658394
0.077446
0.927324
0.364456
0.808960
0.470257
0.808960
0.758020
0.580543
0.144460
0.306500
0.801128
0.390021
0.965738
0.829282
0.566341
0.543791
0.779856
0.603471
0.580543
0.155897
0.236593
0.649688
0.426518
0.986757
0.183833
0.540922
0.130653
0.441715
0.304435
0.401971
0.891273
0.880693
0.146673
0.962240
0.449423
0.681504
0.109849
0.758020
0.401971
0.880693
0.462365
0.491556
0.421575
0.935597
0.006325
0.251967
0.333520
0.406779
0.322949
0.499678
0.124654
0.112510
0.340005
0.202171
0.981075
0.505064
0.401971
0.626544
0.019768
0.649688
0.589144
0.023508
0.771705
0.054829
0.571972
0.589144
0.962240
0.589144
0.246759
0.566341
0.704484
0.935597
0.228410
0.382926
0.401971
0.316692
0.855893
0.215763
0.962240
0.025970
0.940331
0.150086
0.935597
0.779856
0.346575
0.787927
0.884948
0.446787
0.557828
0.916674
0.141156
0.421575
0.231634
0.255445
0.612135
0.744157
0.612135
0.758020
0.940331
0.612135
0.713075
0.940331
0.978604
0.521553
0.306500
0.836720
0.713075
0.958545
0.181158
0.414138
0.667094
0.124654
0.173237
0.667094
0.801128
0.139014
0.597771
0.991213
0.543791
0.441715
0.310521
0.801128
0.907293
0.375911
0.620815
0.643949
0.064431
0.005262
0.675784
0.744157
0.727244
0.037099
0.077446
0.357661
0.273514
0.144460
0.821730
0.375911
0.907293
0.449423
0.986757
0.603471
0.867378
0.626544
0.635244
0.971109
0.406779
0.434080
0.241635
0.401971
0.340005
0.744157
0.829282
0.557828
0.434080
0.401971
0.580543
0.441715
0.867378
0.513281
0.401971
0.518727
0.521553
0.535389
0.505064
0.187953
0.557828
0.816691
0.236593
0.580543
0.001310
0.563435
0.962240
0.053907
0.011106
0.958545
0.063362
0.626544
0.483494
0.971109
0.690166
0.744157
0.574890
0.294528
0.421575
0.414138
0.011425
0.312615
0.394742
0.681504
0.727244
0.916674
0.063362
0.808960
0.387593
0.735726
0.505064
0.897436
0.695863
0.094284
0.543791
0.612135
0.260793
0.344325
0.962240
0.007593
0.082732
0.735726
0.016595
0.841556
0.496903
0.223587
0.067775
0.997586
0.130653
0.986757
0.223587
0.808960
0.779856
0.316692
0.612135
0.860501
0.434080
0.394742
0.035180
0.713075
0.483494
0.171915
0.030518
0.571972
0.867378
0.727244
0.401971
0.981075
0.022258
0.603471
0.744157
0.535389
0.218844
0.375911
0.496903
0.821730
0.612135
0.203680
0.848789
0.079397
0.801128
0.002950
0.991213
0.010795
0.491556
0.996919
0.779856
0.527033
0.203680
0.144460
0.891273
0.958545
0.891273
0.667094
0.013909
0.848789
0.658394
0.771705
0.690166
0.935597
0.421575
