0.344325
0.922090
0.074303
0.290658
0.429087
0.067775
0.603471
0.187953
0.643949
0.357661
0.566341
0.922090
0.527033
0.947760
0.589144
0.690166
0.913005
0.884948
0.406779
0.907293
0.808960
0.513281
0.535389
0.744157
0.153566
0.603471
0.543791
0.958545
0.867378
0.808960
0.713075
0.513281
0.860501
0.901408
0.135818
0.153566
0.401971
0.672823
0.169385
0.228410
0.808960
0.658394
0.793201
0.855893
0.855893
0.239907
0.109849
0.749684
0.821730
0.713075
0.475494
0.535389
0.070668
0.211153
0.848789
0.749684
0.643949
0.971109
0.962240
0.580543
0.035500
0.401971
0.441715
0.758020
0.220452
0.978604
0.971109
0.157114
0.704484
0.183833
0.163153
0.322949
0.279144
0.635244
0.841556
0.566341
0.165605
0.801128
0.991213
0.350951
0.273514
0.658394
0.978604
0.357661
0.962240
0.414138
0.947760
0.150086
0.681504
0.304435
0.635244
0.571972
0.787927
0.867378
0.513281
0.626544
0.704484
0.649688
0.353229
0.462365
0.441715
0.860501
0.749684
0.039445
0.951979
0.011106
0.848789
0.713075
0.153566
0.557828
0.727244
0.208158
0.951979
0.766291
0.333520
0.382926
0.612135
0.690166
0.907293
0.394742
0.635244
0.535389
0.228410
0.801128
0.841556
0.535389
0.535389
0.190711
0.057717
0.012317
0.269851
0.245003
0.735726
0.483494
0.758020
0.566341
0.916674
0.288671
0.884948
0.300471
0.434080
0.713075
0.462365
0.758020
0.010795
0.589144
0.483494
0.177160
0.329292
0.704484
0.406779
0.535389
0.643949
0.527033
0.935597
0.449423
0.401971
0.801128
0.878466
0.183833
0.771705
0.991213
0.241635
0.079397
0.344325
0.316692
0.233315
0.169385
0.346575
0.947760
0.744157
0.102197
0.557828
0.067775
0.951979
0.635244
0.199280
0.874110
0.421575
0.033071
0.681504
0.264363
0.441715
0.801128
0.535389
0.215763
0.935597
0.779856
0.215763
0.215763
0.612135
0.867378
0.491556
0.727244
0.322949
0.001027
0.157114
0.978604
0.290658
0.848789
0.774492
0.320806
0.713075
0.667094
0.749684
0.589144
0.300471
0.922090
0.935597
0.279144
0.505064
0.426518
0.284858
0.491556
0.962240
0.935597
0.177160
0.527033
0.735726
0.483494
0.483494
0.801128
0.690166
0.978604
0.004164
0.884948
0.947760
0.241635
0.306500
0.027908
0.958545
0.255445
0.867378
0.549354
0.658394
0.940331
0.681504
0.001960
0.109849
0.028409
0.672823
0.187953
0.612135
0.566341
0.901408
0.290658
0.867378
0.766291
0.801128
0.496903
0.322949
0.183833
0.721628
0.907293
0.203680
0.475494
0.043818
0.406779
0.211153
0.160731
0.735726
0.228410
0.255445
0.421575
0.123655
0.649688
0.801128
0.793201
0.357661
0.940331
0.958545
0.364456
0.816691
0.907293
0.916674
0.199280
0.357661
0.527033
0.907293
0.916674
0.787927
0.681504
0.079397
0.117048
0.991213
0.483494
0.690166
0.135818
0.874110
0.612135
0.211153
0.406779
0.635244
0.027164
0.571972
0.300471
0.620815
0.735726
0.947760
0.409279
0.779856
0.787927
0.848789
0.107244
0.312615
0.801128
0.462365
0.159490
0.571972
0.727244
0.368979
0.713075
0.441715
0.735726
0.535389
0.266225
0.681504
0.821730
0.727244
0.727244
0.821730
0.434080
0.077446
0.801128
0.340005
0.144460
0.094284
0.779856
0.058699
0.019768
0.499678
0.940331
0.935597
0.947760
0.255445
0.135818
0.891273
0.019768
0.901408
0.025274
0.836720
0.787927
0.126604
0.061772
0.848789
0.867378
0.704484
0.130653
0.231634
0.597771
0.801128
0.166886
0.052535
0.483494
0.643949
0.695863
0.758020
0.672823
0.675784
0.543791
0.935597
0.483494
0.704484
0.294528
0.203680
0.421575
0.012317
0.001310
0.173237
0.867378
0.626544
0.649688
0.771705
0.470257
0.612135
0.228410
0.521553
0.075538
0.571972
0.695863
0.194957
0.867378
0.159490
0.884948
0.462365
0.409279
0.758020
0.434080
0.603471
0.153566
0.346575
0.984769
0.801128
0.157114
0.382926
0.094284
0.930673
0.135818
0.721628
0.787927
0.246759
0.051648
0.316692
0.821730
0.860501
0.867378
0.290658
0.003850
0.281082
0.011106
0.394742
0.566341
0.499678
0.414138
0.316692
0.787927
0.434080
0.758020
0.940331
0.836720
0.951979
0.603471
0.787927
0.635244
0.051648
0.758020
0.499678
0.549354
0.557828
0.441715
0.434080
0.449423
0.414138
0.922090
0.766291
0.010298
0.462365
0.203680
0.414138
0.749684
0.462365
0.816691
0.704484
0.197797
0.505064
0.316692
0.841556
0.103042
0.421575
0.667094
0.821730
0.169385
0.779856
0.766291
0.218844
0.103042
0.766291
0.290658
0.626544
0.310521
0.829282
0.986757
0.233315
0.922090
0.000017
0.690166
0.340005
0.233315
0.758020
0.406779
0.052535
0.566341
0.449423
0.183833
0.951979
0.312615
0.253642
0.891273
0.012317
0.067775
0.329292
0.449423
0.672823
0.860501
0.855893
0.617854
0.978604
0.153566
0.329292
0.999575
0.211153
0.183833
0.003099
0.690166
0.000234
0.340005
0.300471
0.290658
0.310521
0.667094
0.603471
0.698805
0.635244
0.177160
0.594827
0.808960
0.284858
0.333520
0.462365
0.874110
0.055312
0.183833
0.557828
0.401971
0.015845
0.269851
0.808960
0.658394
0.483494
0.521553
0.163153
0.829282
0.135818
0.406779
0.589144
0.290658
0.779856
0.643949
0.284858
0.462365
0.758020
0.848789
0.549354
0.801128
0.672823
0.713075
0.848789
0.050328
0.907293
0.264363
0.930673
0.947760
0.250182
0.052535
0.758020
0.109849
0.913005
0.194957
0.457201
0.306500
0.020886
0.580543
0.571972
0.006325
0.371333
0.841556
0.690166
0.766291
0.056256
0.441715
0.357661
0.897436
0.061772
0.913005
0.860501
0.549354
0.421575
0.566341
0.004503
0.713075
0.874110
0.891273
0.922090
0.749684
0.603471
0.543791
