0.867378
0.119859
0.991213
0.971109
0.098985
0.241635
0.037099
0.535389
0.958545
0.557828
0.011974
0.394742
0.681504
0.434080
0.264363
0.021859
0.580543
0.483494
0.147829
0.421575
0.246759
0.779856
0.491556
0.173237
0.571972
0.690166
0.290658
0.771705
0.597771
0.922090
0.649688
0.978604
0.513281
0.907293
0.589144
0.290658
0.922090
0.086192
0.436675
0.470257
0.907293
0.626544
0.922090
0.855893
0.203680
0.446787
0.540922
0.382926
0.255445
0.681504
0.981075
0.421575
0.626544
0.322949
0.779856
0.649688
0.241635
0.947760
0.340005
0.841556
0.935597
0.626544
0.390021
0.603471
0.718717
0.984769
0.080707
0.008847
0.821730
0.241635
0.021268
0.801128
0.907293
0.603471
0.543791
0.513281
0.801128
0.589144
0.246759
0.612135
0.808960
0.901408
0.779856
0.947760
0.382926
0.860501
0.394742
0.441715
0.004637
0.690166
0.088340
0.322949
0.901408
0.290658
0.382926
0.236593
0.951979
0.958545
0.821730
0.981075
0.103042
0.814067
0.316692
0.414138
0.935597
0.103042
0.250182
0.984769
0.779856
0.836720
0.434080
0.454542
0.320806
0.340005
0.557828
0.635244
0.749684
0.371333
0.690166
0.197797
0.329292
0.991213
0.779856
0.695863
0.008197
0.394742
0.340005
0.454542
0.658394
0.042685
0.540922
0.589144
0.527033
0.649688
0.250182
0.103042
0.166886
0.891273
0.978604
0.004868
0.549354
0.290658
0.058699
0.132684
0.758020
0.771705
0.513281
0.496903
0.787927
0.226757
0.483494
0.454542
0.603471
0.024596
0.183833
0.635244
0.543791
0.916674
0.177160
0.681504
0.884948
0.801128
0.597771
0.013276
0.527033
0.441715
0.727244
0.057717
0.251967
0.241635
0.020692
0.002725
0.357661
0.153566
0.300471
0.718717
0.649688
0.329292
0.258960
0.713075
0.589144
0.897436
0.821730
0.192150
0.848789
0.690166
0.704484
0.718717
0.327120
0.947760
0.907293
0.735726
0.867378
0.801128
0.580543
0.002370
0.284858
0.173237
0.421575
0.971109
0.296545
0.157114
0.441715
0.901408
0.771705
0.269851
0.808960
0.557828
0.394742
0.907293
0.549354
0.695863
0.721628
0.255445
0.913005
0.173237
0.713075
0.406779
0.279144
0.454542
0.491556
0.626544
0.672823
0.566341
0.462365
0.735726
0.801128
0.667094
0.801128
0.965738
0.001809
0.580543
0.649688
0.483494
0.997586
0.557828
0.306500
0.801128
0.375911
0.836720
0.771705
0.357661
0.612135
0.779856
0.109849
0.758020
0.070668
0.971109
0.491556
0.635244
0.836720
0.228410
0.735726
0.475494
0.727244
0.346575
0.779856
0.535389
0.566341
0.867378
0.758020
0.132684
0.779856
0.050328
0.491556
0.211153
0.296545
0.290658
0.057717
0.475494
0.771705
0.836720
0.557828
0.086919
0.316692
0.269851
0.940331
0.635244
0.704484
0.951979
0.884948
0.801128
0.758020
0.603471
0.329292
0.884948
0.978604
0.913005
0.549354
0.294528
0.130653
0.226757
0.635244
0.211153
0.047782
0.353229
0.922090
0.382926
0.907293
0.860501
0.801128
0.211153
0.958545
0.255445
0.787927
0.008597
0.040864
0.848789
0.127623
0.916674
0.421575
0.429087
0.220452
0.434080
0.779856
0.749684
0.223587
0.727244
0.009016
0.033659
0.394742
0.454542
0.499678
0.901408
0.003850
0.787927
0.371333
0.290658
0.681504
0.749684
0.940331
0.829282
0.144460
0.310521
0.935597
0.779856
0.907293
0.848789
0.346575
0.981075
0.236593
0.496903
0.884948
0.779856
0.978604
0.735726
0.421575
0.594827
0.049040
0.155897
0.658394
0.848789
0.681504
0.454542
0.350951
0.141156
0.626544
0.836720
0.505064
0.566341
0.971109
0.916674
0.690166
0.795913
0.801128
0.997586
0.821730
0.109849
0.727244
0.027164
0.063362
0.061772
0.848789
0.922090
0.962240
0.132684
0.867378
0.288671
0.571972
0.059212
0.499678
0.446787
0.808960
0.022258
0.449423
0.183833
0.704484
0.643949
0.159490
0.414138
0.375911
0.409279
0.713075
0.681504
0.766291
0.801128
0.695863
0.505064
0.306500
0.658394
0.350951
0.371333
0.220452
0.874110
0.491556
0.549354
0.090535
0.749684
0.643949
0.848789
0.245003
0.947760
0.316692
0.241635
0.045761
0.771705
0.978604
0.891273
0.483494
0.557828
0.603471
0.019230
0.991213
0.199280
0.462365
0.499678
0.727244
0.897436
0.808960
0.368979
0.922090
0.390021
0.801128
0.382926
0.470257
0.513281
0.867378
0.787927
0.390021
0.901408
0.513281
0.034568
0.127623
0.434080
0.434080
0.103042
0.951979
0.998868
0.713075
0.808960
0.994555
0.241635
0.867378
0.505064
0.916674
0.713075
0.922090
0.626544
0.006144
0.409279
0.841556
0.603471
0.801128
0.250182
0.000661
0.821730
0.527033
0.907293
0.848789
0.499678
0.643949
0.667094
0.958545
0.626544
0.779856
0.194957
0.521553
0.462365
0.521553
0.836720
0.787927
0.603471
0.483494
0.947760
0.721628
0.566341
0.077446
0.643949
0.382926
0.462365
0.215763
0.848789
0.115226
0.163153
0.758020
0.540922
0.690166
0.001960
0.382926
0.067775
0.901408
0.513281
0.643949
0.860501
0.208158
0.119859
0.518727
0.505064
0.103042
0.340005
0.727244
0.626544
0.713075
0.984769
0.913005
0.841556
0.333520
0.935597
0.454542
0.144460
0.187953
0.589144
0.580543
0.793201
0.626544
0.449423
0.103042
0.867378
0.829282
0.816691
0.951979
0.549354
0.801128
0.357661
0.557828
0.096609
0.016902
0.246759
0.061772
0.206623
0.279144
0.947760
0.848789
0.150086
0.771705
0.241635
0.808960
0.414138
0.449423
0.141156
0.571972
0.513281
0.470257
0.713075
0.695863
0.000527
0.260793
0.521553
0.499678
0.382926
0.658394
0.279144
0.535389
0.649688
0.574890
0.841556
0.808960
0.022875
0.658394
0.199280
0.306500
0.135818
0.260793
0.003354
0.658394
0.974087
