0.649688
0.727244
0.991213
0.787927
0.801128
0.333520
0.566341
0.626544
0.965738
0.177160
0.626544
0.821730
0.907293
0.041578
0.121744
0.612135
0.053907
0.557828
0.401971
0.649688
0.211153
0.927324
0.947760
0.228410
0.549354
0.744157
0.771705
0.119859
0.505064
0.916674
0.867378
0.228410
0.841556
0.513281
0.491556
0.991213
0.177160
0.927324
0.984769
0.241635
0.658394
0.015845
0.978604
0.203680
0.635244
0.394742
0.269851
0.808960
0.160731
0.011753
0.891273
0.296545
0.077446
0.382926
0.150086
0.884948
0.094284
0.446787
0.441715
0.505064
0.643949
0.086192
0.394742
0.316692
0.535389
0.779856
0.962240
0.801128
0.535389
0.350951
0.449423
0.394742
0.449423
0.779856
0.744157
0.821730
0.421575
0.449423
0.255445
0.874110
0.010009
0.414138
0.491556
0.735726
0.250182
0.774492
0.695863
0.483494
0.077446
0.951979
0.841556
0.552238
0.884948
0.867378
0.312615
0.543791
0.766291
0.603471
0.981075
0.940331
0.735726
0.735726
0.971109
0.594827
0.698805
0.241635
0.749684
0.312615
0.884948
0.042685
0.364456
0.649688
0.580543
0.991213
0.543791
0.194957
0.947760
0.704484
0.612135
0.414138
0.874110
0.049040
0.874110
0.535389
0.884948
0.779856
0.557828
0.382926
0.072465
0.787927
0.449423
0.935597
0.141156
0.779856
0.505064
0.007593
0.907293
0.927324
0.020320
0.434080
0.649688
0.173237
0.527033
0.304435
0.306500
0.368979
0.421575
0.290658
0.079397
0.421575
0.643949
0.580543
0.269851
0.758020
0.947760
0.801128
0.681504
0.779856
0.046970
0.874110
0.333520
0.779856
0.571972
0.394742
0.353229
0.771705
0.901408
0.907293
0.571972
0.974087
0.874110
0.727244
0.681504
0.635244
0.580543
0.310521
0.891273
0.387593
0.836720
0.141156
0.350951
0.841556
0.617854
0.681504
0.690166
0.041578
0.357661
0.612135
0.284858
0.255445
0.681504
0.549354
0.855893
0.635244
0.401971
0.951979
0.566341
0.470257
0.947760
0.496903
0.667094
0.787927
0.766291
0.491556
0.040498
0.441715
0.003455
0.357661
0.483494
0.057717
0.951979
0.475494
0.306500
0.681504
0.496903
0.808960
0.935597
0.958545
0.179787
0.246759
0.808960
0.414138
0.549354
0.795913
0.874110
0.543791
0.273514
0.860501
0.153566
0.300471
0.543791
0.144460
0.935597
0.643949
0.695863
0.199280
0.626544
0.681504
0.681504
0.766291
0.589144
0.829282
0.589144
0.698805
0.414138
0.322949
0.491556
0.434080
0.173237
0.808960
0.049886
0.543791
0.672823
0.713075
0.557828
0.055312
0.557828
0.346575
0.350951
0.483494
0.958545
0.166886
0.758020
0.566341
0.170690
0.429087
0.017063
0.371333
0.124654
0.808960
0.855893
0.449423
0.109849
0.978604
0.421575
0.215763
0.027164
0.005855
0.735726
0.795913
0.557828
0.306500
0.491556
0.635244
0.571972
0.603471
0.681504
0.874110
0.139014
0.681504
0.571972
0.965738
0.766291
0.353229
0.758020
0.974087
0.766291
0.766291
0.940331
0.571972
0.066084
0.848789
0.033659
0.867378
0.177160
0.962240
0.681504
0.211153
0.829282
0.681504
0.260793
0.260793
0.718717
0.758020
0.681504
0.603471
0.043818
0.457201
0.580543
0.137917
0.891273
0.552238
0.033659
0.935597
0.255445
0.375911
0.057717
0.557828
0.672823
0.916674
0.672823
0.346575
0.758020
0.557828
0.300471
0.690166
0.241635
0.279144
0.695863
0.478214
0.874110
0.626544
0.421575
0.821730
0.284858
0.549354
0.429087
0.107244
0.088340
0.867378
0.566341
0.735726
0.848789
0.874110
0.269851
0.037099
0.891273
0.829282
0.421575
0.141156
0.535389
0.695863
0.848789
0.192150
0.346575
0.913005
0.105557
0.114294
0.884948
0.907293
0.429087
0.695863
0.401971
0.603471
0.635244
0.867378
0.998868
0.779856
0.033659
0.658394
0.612135
0.241635
0.199280
0.874110
0.557828
0.535389
0.144460
0.327120
0.260793
0.008354
0.951979
0.829282
0.470257
0.462365
0.891273
0.258960
0.521553
0.382926
0.658394
0.340005
0.340005
0.401971
0.215763
0.829282
0.974087
0.566341
0.429087
0.704484
0.535389
0.139014
0.779856
0.658394
0.749684
0.187953
0.779856
0.758020
0.199280
0.057717
0.951979
0.228410
0.033659
0.475494
0.779856
0.475494
0.690166
0.434080
0.771705
0.620815
0.079397
0.958545
0.357661
0.779856
0.075538
0.010009
0.033659
0.340005
0.735726
0.454542
0.907293
0.927324
0.166886
0.626544
0.793201
0.211153
0.749684
0.044581
0.727244
0.771705
0.801128
0.211153
0.947760
0.300471
0.441715
0.766291
0.021859
0.057717
0.483494
0.322949
0.005110
0.135818
0.192150
0.580543
0.771705
0.275424
0.535389
0.394742
0.787927
0.076183
0.327120
0.704484
0.940331
0.962240
0.401971
0.279144
0.322949
0.421575
0.658394
0.000001
0.088340
0.841556
0.927324
0.672823
0.922090
0.681504
0.589144
0.986757
0.981075
0.821730
0.072465
0.658394
0.922090
0.922090
0.406779
0.061772
0.874110
0.704484
0.690166
0.855893
0.173237
0.333520
0.350951
0.535389
0.690166
0.841556
0.505064
0.597771
0.749684
0.801128
0.527033
0.735726
0.043818
0.250182
0.626544
0.947760
0.962240
0.421575
0.758020
0.758020
0.829282
0.571972
0.179787
0.364456
0.735726
0.312615
0.549354
0.549354
0.617854
0.153566
0.603471
0.867378
0.255445
0.029186
0.457201
0.549354
0.135818
0.829282
0.718717
0.147829
0.704484
0.779856
0.284858
0.766291
0.527033
0.690166
0.214182
0.135818
0.017543
0.483494
0.801128
0.836720
0.177160
0.046970
0.649688
0.978604
0.521553
0.340005
0.203680
0.080707
0.580543
0.329292
0.713075
0.062816
0.758020
0.153566
0.002020
0.620815
0.922090
0.446787
0.147829
0.105557
0.322949
0.821730
0.173237
0.045761
0.690166
0.874110
