0.727244
0.821730
0.580543
0.829282
0.626544
0.907293
0.626544
0.557828
0.441715
0.269851
0.557828
0.603471
0.984769
0.535389
0.735726
0.409279
0.779856
0.001208
0.406779
0.907293
0.153566
0.557828
0.368979
0.306500
0.100580
0.139014
0.429087
0.571972
0.491556
0.535389
0.557828
0.999575
0.483494
0.713075
0.150086
0.829282
0.626544
0.086919
0.306500
0.727244
0.958545
0.867378
0.958545
0.580543
0.300471
0.275424
0.273514
0.513281
0.713075
0.382926
0.884948
0.951979
0.364456
0.557828
0.109849
0.375911
0.364456
0.470257
0.867378
0.255445
0.007965
0.935597
0.566341
0.039801
0.375911
0.589144
0.300471
0.088340
0.462365
0.357661
0.177160
0.940331
0.848789
0.884948
0.704484
0.848789
0.279144
0.470257
0.690166
0.344325
0.000641
0.681504
0.004503
0.557828
0.713075
0.079397
0.462365
0.735726
0.166886
0.394742
0.744157
0.860501
0.557828
0.340005
0.173237
0.758020
0.401971
0.749684
0.848789
0.535389
0.462365
0.163153
0.499678
0.962240
0.255445
0.874110
0.649688
0.589144
0.107244
0.735726
0.086192
0.994555
0.322949
0.049040
0.940331
0.183833
0.935597
0.779856
0.183833
0.421575
0.891273
0.394742
0.394742
0.672823
0.947760
0.935597
0.801128
0.483494
0.771705
0.241635
0.758020
0.635244
0.228410
0.350951
0.667094
0.727244
0.947760
0.603471
0.119859
0.848789
0.713075
0.535389
0.245003
0.236593
0.836720
0.454542
0.855893
0.681504
0.090535
0.496903
0.640981
0.566341
0.434080
0.470257
0.170690
0.144460
0.549354
0.179787
0.084803
0.199280
0.064431
0.916674
0.713075
0.766291
0.681504
0.414138
0.821730
0.114294
0.612135
0.704484
0.049040
0.603471
0.434080
0.344325
0.867378
0.635244
0.211153
0.658394
0.984769
0.758020
0.951979
0.505064
0.075538
0.357661
0.589144
0.096609
0.589144
0.491556
0.749684
0.940331
0.394742
0.971109
0.580543
0.245003
0.690166
0.744157
0.350951
0.667094
0.971109
0.333520
0.543791
0.808960
0.958545
0.401971
0.704484
0.290658
0.192150
0.713075
0.194957
0.766291
0.300471
0.884948
0.000682
0.223587
0.513281
0.690166
0.032771
0.766291
0.571972
0.727244
0.119859
0.357661
0.793201
0.667094
0.236593
0.971109
0.649688
0.962240
0.357661
0.053907
0.867378
0.984769
0.695863
0.409279
0.658394
0.449423
0.441715
0.801128
0.357661
0.681504
0.040498
0.758020
0.557828
0.698805
0.713075
0.626544
0.429087
0.643949
0.744157
0.704484
0.333520
0.061772
0.250182
0.927324
0.082732
0.971109
0.499678
0.327120
0.255445
0.513281
0.958545
0.947760
0.749684
0.153566
0.891273
0.177160
0.005262
0.891273
0.901408
0.012317
0.658394
0.340005
0.991213
0.199280
0.049040
0.141156
0.036127
0.382926
0.721628
0.335721
0.527033
0.513281
0.353229
0.672823
0.681504
0.527033
0.057717
0.038094
0.612135
0.589144
0.150086
0.215763
0.264363
0.626544
0.491556
0.974087
0.962240
0.744157
0.971109
0.245003
0.434080
0.922090
0.119859
0.643949
0.035500
0.841556
0.589144
0.549354
0.549354
0.142275
0.166886
0.042685
0.984769
0.073672
0.594827
0.643949
0.620815
0.008197
0.821730
0.179787
0.264363
0.643949
0.316692
0.727244
0.034568
0.649688
0.064431
0.050328
0.236593
0.340005
0.766291
0.284858
0.187953
0.758020
0.935597
0.218844
0.401971
0.306500
0.749684
0.690166
0.801128
0.681504
0.357661
0.169385
0.935597
0.836720
0.112510
0.521553
0.316692
0.766291
0.082732
0.421575
0.771705
0.344325
0.801128
0.787927
0.907293
0.758020
0.166886
0.322949
0.690166
0.727244
0.491556
0.300471
0.907293
0.867378
0.557828
0.922090
0.409279
0.401971
0.927324
0.901408
0.713075
0.114294
0.155897
0.971109
0.690166
0.626544
0.387593
0.566341
0.535389
0.329292
0.535389
0.513281
0.681504
0.505064
0.329292
0.922090
0.801128
0.557828
0.907293
0.829282
0.192150
0.779856
0.626544
0.535389
0.300471
0.643949
0.612135
0.153566
0.735726
0.499678
0.147829
0.771705
0.290658
0.658394
0.643949
0.049040
0.467559
0.462365
0.344325
0.371333
0.021268
0.940331
0.312615
0.290658
0.077446
0.357661
0.535389
0.766291
0.727244
0.978604
0.566341
0.891273
0.011753
0.462365
0.808960
0.998868
0.036127
0.535389
0.434080
0.801128
0.470257
0.907293
0.991213
0.426518
0.974087
0.814067
0.364456
0.766291
0.848789
0.086192
0.535389
0.566341
0.245003
0.727244
0.589144
0.897436
0.603471
0.787927
0.209600
0.008597
0.841556
0.454542
0.994555
0.704484
0.580543
0.064431
0.475494
0.021268
0.557828
0.779856
0.241635
0.521553
0.117048
0.421575
0.735726
0.160731
0.269851
0.821730
0.513281
0.290658
0.535389
0.011106
0.927324
0.713075
0.589144
0.026438
0.072465
0.080707
0.441715
0.535389
0.449423
0.667094
0.874110
0.981075
0.735726
0.816691
0.580543
0.951979
0.163153
0.829282
0.951979
0.695863
0.382926
0.264363
0.119859
0.098170
0.454542
0.620815
0.048208
0.695863
0.327120
0.543791
0.114294
0.635244
0.211153
0.793201
0.841556
0.483494
0.223587
0.357661
0.951979
0.066084
0.901408
0.394742
0.527033
0.364456
0.821730
0.290658
0.935597
0.371333
0.350951
0.290658
0.073672
0.194957
0.801128
0.766291
0.855893
0.505064
0.316692
0.414138
0.269851
0.426518
0.721628
0.801128
0.771705
0.124654
0.841556
0.521553
0.057717
0.597771
0.421575
0.978604
0.371333
0.117048
0.597771
0.612135
0.144460
0.690166
0.589144
0.462365
0.401971
0.449423
0.462365
0.721628
0.766291
0.346575
0.041578
0.371333
0.907293
0.801128
0.704484
0.241635
0.535389
0.364456
0.139014
0.173237
0.829282
0.329292
0.681504
0.144460
0.681504
0.103042
0.566341
0.749684
