0.394742
0.478214
0.159490
0.951979
0.589144
0.681504
0.958545
0.771705
0.014305
0.829282
0.077446
0.429087
0.617854
0.984769
0.122729
0.214182
0.124654
0.718717
0.951979
0.181158
0.199280
0.231634
0.543791
0.829282
0.187953
0.829282
0.491556
0.505064
0.603471
0.735726
0.749684
0.766291
0.681504
0.907293
0.672823
0.394742
0.505064
0.758020
0.310521
0.215763
0.009104
0.922090
0.275424
0.382926
0.947760
0.967937
0.078727
0.901408
0.173237
0.603471
0.758020
0.821730
0.513281
0.540922
0.491556
0.713075
0.505064
0.114294
0.580543
0.022875
0.353229
0.521553
0.483494
0.978604
0.067775
0.394742
0.082732
0.269851
0.187953
0.241635
0.749684
0.387593
0.414138
0.491556
0.718717
0.409279
0.891273
0.635244
0.681504
0.414138
0.008436
0.513281
0.690166
0.535389
0.144460
0.375911
0.649688
0.357661
0.643949
0.566341
0.414138
0.513281
0.098985
0.067775
0.907293
0.340005
0.401971
0.808960
0.290658
0.620815
0.166886
0.571972
0.266225
0.079397
0.727244
0.913005
0.067775
0.704484
0.855893
0.884948
0.344325
0.449423
0.333520
0.962240
0.571972
0.698805
0.749684
0.571972
0.394742
0.121744
0.223587
0.080707
0.406779
0.070668
0.107244
0.320806
0.951979
0.808960
0.505064
0.603471
0.067775
0.704484
0.491556
0.159490
0.109849
0.290658
0.571972
0.808960
0.153566
0.096609
0.612135
0.310521
0.571972
0.635244
0.801128
0.030518
0.713075
0.414138
0.096609
0.543791
0.333520
0.841556
0.112510
0.829282
0.795913
0.643949
0.329292
0.758020
0.735726
0.635244
0.612135
0.808960
0.072465
0.135818
0.649688
0.867378
0.194957
0.098170
0.199280
0.612135
0.496903
0.462365
0.867378
0.294528
0.808960
0.340005
0.681504
0.658394
0.241635
0.329292
0.704484
0.713075
0.429087
0.117048
0.549354
0.713075
0.848789
0.635244
0.233315
0.441715
0.187953
0.841556
0.787927
0.310521
0.766291
0.009822
0.250182
0.801128
0.187953
0.855893
0.891273
0.727244
0.867378
0.855893
0.681504
0.346575
0.088340
0.505064
0.329292
0.695863
0.658394
0.118894
0.061772
0.267971
0.617854
0.094284
0.414138
0.940331
0.935597
0.735726
0.279144
0.279144
0.245003
0.940331
0.290658
0.891273
0.808960
0.821730
0.643949
0.241635
0.649688
0.362130
0.527033
0.829282
0.951979
0.698805
0.350951
0.003738
0.874110
0.878466
0.441715
0.897436
0.401971
0.387593
0.658394
0.066084
0.891273
0.310521
0.594827
0.690166
0.026438
0.535389
0.177160
0.984769
0.491556
0.735726
0.491556
0.967937
0.779856
0.874110
0.787927
0.801128
0.704484
0.901408
0.916674
0.255445
0.098170
0.316692
0.175815
0.290658
0.166886
0.571972
0.566341
0.940331
0.462365
0.571972
0.441715
0.704484
0.848789
0.166886
0.916674
0.057717
0.264363
0.814067
0.981075
0.848789
0.166886
0.025274
0.109849
0.316692
0.316692
0.667094
0.718717
0.690166
0.860501
0.935597
0.690166
0.801128
0.999575
0.744157
0.001048
0.294528
0.010298
0.808960
0.787927
0.434080
0.994555
0.540922
0.255445
0.050328
0.300471
0.635244
0.075538
0.144460
0.704484
0.808960
0.626544
0.901408
0.549354
0.049040
0.557828
0.991213
0.269851
0.901408
0.387593
0.986757
0.269851
0.121744
0.166886
0.922090
0.795913
0.005262
0.001059
0.907293
0.483494
0.245003
0.901408
0.429087
0.535389
0.414138
0.306500
0.566341
0.414138
0.421575
0.535389
0.597771
0.891273
0.228410
0.284858
0.867378
0.944872
0.617854
0.735726
0.695863
0.478214
0.094284
0.801128
0.117048
0.382926
0.074303
0.829282
0.690166
0.594827
0.333520
0.505064
0.527033
0.357661
0.649688
0.721628
0.206623
0.449423
0.571972
0.690166
0.986757
0.984769
0.658394
0.612135
0.667094
0.603471
0.612135
0.017866
0.727244
0.052535
0.350951
0.603471
0.658394
0.779856
0.203680
0.223587
0.848789
0.199280
0.996919
0.821730
0.880693
0.749684
0.766291
0.491556
0.867378
0.117048
0.612135
0.991213
0.003099
0.658394
0.649688
0.635244
0.214182
0.173237
0.080707
0.382926
0.228410
0.580543
0.527033
0.620815
0.727244
0.496903
0.808960
0.316692
0.801128
0.066084
0.284858
0.394742
0.434080
0.821730
0.072465
0.103042
0.549354
0.000544
0.340005
0.940331
0.322949
0.505064
0.603471
0.766291
0.901408
0.310521
0.922090
0.891273
0.320806
0.557828
0.290658
0.549354
0.594827
0.695863
0.434080
0.951979
0.475494
0.535389
0.304435
0.744157
0.060743
0.801128
0.907293
0.658394
0.246759
0.874110
0.884948
0.483494
0.848789
0.695863
0.884948
0.922090
0.635244
0.478214
0.681504
0.681504
0.228410
0.462365
0.300471
0.695863
0.258960
0.021859
0.940331
0.218844
0.758020
0.080707
0.346575
0.236593
0.066084
0.057717
0.721628
0.491556
0.483494
0.758020
0.441715
0.535389
0.727244
0.557828
0.017866
0.958545
0.922090
0.916674
0.962240
0.996919
0.626544
0.004043
0.681504
0.491556
0.766291
0.594827
0.290658
0.947760
0.690166
0.177160
0.907293
0.771705
0.183833
0.672823
0.414138
0.406779
0.038764
0.290658
0.589144
0.535389
0.269851
0.667094
0.094284
0.306500
0.513281
0.793201
0.211153
0.681504
0.312615
0.007032
0.874110
0.281082
0.401971
0.141156
0.667094
0.766291
0.057717
0.103042
0.375911
0.190711
0.322949
0.483494
0.907293
0.199280
0.064990
0.713075
0.107244
0.505064
0.000024
0.667094
0.612135
0.962240
0.284858
0.163153
0.023508
0.192150
0.978604
0.951979
0.612135
0.779856
0.409279
0.690166
0.848789
0.260793
0.566341
0.829282
0.855893
0.836720
0.228410
0.037752
0.177160
0.549354
0.132684
0.787927
0.821730
0.401971
0.169385
0.951979
0.333520
0.194957
0.752533
0.549354
0.375911
