0.255445
0.057717
0.096609
0.050328
0.521553
0.658394
0.264363
0.667094
0.874110
0.816691
0.787927
0.273514
0.580543
0.927324
0.749684
0.951979
0.457201
0.255445
0.312615
0.672823
0.681504
0.470257
0.580543
0.821730
0.006144
0.505064
0.808960
0.841556
0.414138
0.690166
0.050328
0.735726
0.867378
0.749684
0.801128
0.749684
0.779856
0.421575
0.787927
0.006832
0.535389
0.758020
0.649688
0.127623
0.884948
0.245003
0.382926
0.681504
0.387593
0.589144
0.787927
0.690166
0.874110
0.549354
0.011753
0.032199
0.017543
0.211153
0.333520
0.368979
0.962240
0.340005
0.068911
0.513281
0.449423
0.672823
0.357661
0.255445
0.215763
0.735726
0.848789
0.603471
0.059212
0.483494
0.690166
0.891273
0.927324
0.312615
0.421575
0.002697
0.793201
0.649688
0.134742
0.513281
0.483494
0.255445
0.603471
0.007239
0.704484
0.462365
0.491556
0.667094
0.874110
0.535389
0.635244
0.543791
0.566341
0.956001
0.491556
0.690166
0.364456
0.346575
0.612135
0.426518
0.233315
0.169385
0.462365
0.816691
0.000006
0.364456
0.766291
0.027652
0.860501
0.434080
0.122729
0.491556
0.426518
0.940331
0.426518
0.549354
0.457201
0.019768
0.821730
0.098985
0.658394
0.779856
0.940331
0.127623
0.042685
0.535389
0.250182
0.907293
0.406779
0.406779
0.766291
0.306500
0.329292
0.821730
0.050328
0.483494
0.867378
0.312615
0.290658
0.821730
0.322949
0.173237
0.496903
0.713075
0.816691
0.758020
0.155897
0.808960
0.144460
0.475494
0.801128
0.181158
0.930673
0.357661
0.922090
0.475494
0.543791
0.681504
0.758020
0.322949
0.096609
0.513281
0.284858
0.612135
0.350951
0.203680
0.039801
0.603471
0.713075
0.713075
0.082732
0.672823
0.612135
0.290658
0.281082
0.371333
0.436675
0.255445
0.690166
0.010595
0.758020
0.571972
0.147829
0.375911
0.094284
0.874110
0.549354
0.082732
0.867378
0.612135
0.414138
0.310521
0.387593
0.429087
0.255445
0.357661
0.801128
0.947760
0.727244
0.109849
0.000167
0.166886
0.306500
0.475494
0.327120
0.441715
0.695863
0.264363
0.749684
0.681504
0.549354
0.612135
0.787927
0.340005
0.997586
0.672823
0.483494
0.462365
0.026438
0.499678
0.203680
0.032199
0.491556
0.169385
0.704484
0.758020
0.127623
0.031348
0.121744
0.357661
0.467559
0.958545
0.264363
0.496903
0.704484
0.994555
0.001510
0.612135
0.994555
0.177160
0.801128
0.891273
0.571972
0.001588
0.787927
0.535389
0.470257
0.535389
0.535389
0.940331
0.947760
0.117048
0.787927
0.187953
0.483494
0.698805
0.658394
0.357661
0.884948
0.589144
0.150086
0.758020
0.971109
0.681504
0.316692
0.635244
0.557828
0.735726
0.483494
0.012317
0.958545
0.658394
0.744157
0.333520
0.580543
0.483494
0.139014
0.626544
0.690166
0.414138
0.457201
0.571972
0.057717
0.434080
0.231634
0.867378
0.603471
0.483494
0.340005
0.401971
0.462365
0.978604
0.535389
0.177160
0.275424
0.300471
0.935597
0.667094
0.470257
0.658394
0.821730
0.620815
0.215763
0.470257
0.281082
0.922090
0.241635
0.070668
0.779856
0.855893
0.159490
0.246759
0.672823
0.046970
0.713075
0.290658
0.483494
0.626544
0.744157
0.935597
0.884948
0.620815
0.971109
0.612135
0.927324
0.874110
0.357661
0.322949
0.312615
0.940331
0.414138
0.163153
0.074303
0.228410
0.387593
0.375911
0.787927
0.744157
0.848789
0.727244
0.513281
0.082732
0.735726
0.177160
0.475494
0.855893
0.153566
0.518727
0.146673
0.505064
0.967937
0.735726
0.316692
0.766291
0.027908
0.793201
0.250182
0.082732
0.681504
0.169385
0.612135
0.951979
0.690166
0.357661
0.566341
0.375911
0.329292
0.867378
0.004372
0.829282
0.821730
0.255445
0.364456
0.045761
0.617854
0.758020
0.527033
0.449423
0.947760
0.147829
0.681504
0.478214
0.066084
0.758020
0.603471
0.306500
0.878466
0.070668
0.589144
0.109849
0.161896
0.290658
0.681504
0.718717
0.808960
0.132684
0.951979
0.718717
0.971109
0.884948
0.971109
0.958545
0.901408
0.094284
0.088340
0.836720
0.808960
0.072465
0.821730
0.434080
0.329292
0.300471
0.580543
0.947760
0.390021
0.635244
0.434080
0.223587
0.986757
0.658394
0.801128
0.215763
0.117048
0.907293
0.771705
0.241635
0.394742
0.061772
0.704484
0.749684
0.635244
0.043818
0.549354
0.940331
0.658394
0.971109
0.300471
0.187953
0.513281
0.580543
0.574890
0.620815
0.695863
0.266225
0.901408
0.744157
0.004164
0.491556
0.344325
0.375911
0.290658
0.275424
0.589144
0.821730
0.940331
0.088340
0.449423
0.284858
0.974087
0.801128
0.527033
0.521553
0.223587
0.077446
0.612135
0.922090
0.275424
0.821730
0.269851
0.429087
0.626544
0.322949
0.626544
0.690166
0.250182
0.829282
0.735726
0.808960
0.635244
0.132684
0.197797
0.974087
0.001556
0.284858
0.962240
0.250182
0.394742
0.322949
0.151265
0.127623
0.620815
0.496903
0.505064
0.245003
0.829282
0.617854
0.505064
0.231634
0.050328
0.241635
0.316692
0.166886
0.589144
0.414138
0.119859
0.513281
0.457201
0.766291
0.390021
0.350951
0.181158
0.713075
0.499678
0.580543
0.000071
0.194957
0.758020
0.255445
0.649688
0.275424
0.880693
0.462365
0.612135
0.269851
0.513281
0.787927
0.884948
0.713075
0.441715
0.821730
0.316692
0.758020
0.971109
0.779856
0.312615
0.821730
0.483494
0.974087
0.055312
0.821730
0.050328
0.394742
0.986757
0.109849
0.499678
0.255445
0.246759
0.603471
0.848789
0.364456
0.449423
0.744157
0.922090
0.927324
0.322949
0.878466
0.414138
0.874110
0.971109
0.394742
0.505064
0.922090
0.434080
0.766291
0.340005
0.635244
0.031348
0.165605
0.922090
0.018706
0.589144
0.075538
