0.375911
0.721628
0.758020
0.951979
0.231634
0.346575
0.117048
0.821730
0.681504
0.346575
0.414138
0.695863
0.951979
0.483494
0.441715
0.947760
0.771705
0.958545
0.927324
0.187953
0.177160
0.901408
0.527033
0.735726
0.557828
0.829282
0.978604
0.874110
0.549354
0.989675
0.704484
0.704484
0.187953
0.880693
0.779856
0.199280
0.787927
0.922090
0.032199
0.505064
0.382926
0.344325
0.841556
0.841556
0.414138
0.434080
0.141156
0.971109
0.491556
0.649688
0.744157
0.177160
0.441715
0.394742
0.535389
0.779856
0.996919
0.855893
0.617854
0.034568
0.848789
0.008597
0.042685
0.527033
0.841556
0.821730
0.922090
0.681504
0.245003
0.449423
0.144460
0.223587
0.220452
0.483494
0.874110
0.667094
0.626544
0.513281
0.457201
0.527033
0.475494
0.727244
0.215763
0.199280
0.371333
0.153566
0.194957
0.566341
0.704484
0.766291
0.250182
0.978604
0.836720
0.364456
0.658394
0.971109
0.901408
0.540922
0.144460
0.340005
0.421575
0.891273
0.947760
0.312615
0.566341
0.535389
0.147829
0.801128
0.077446
0.603471
0.441715
0.260793
0.727244
0.984769
0.867378
0.735726
0.672823
0.695863
0.947760
0.103042
0.470257
0.135818
0.986757
0.549354
0.951979
0.039801
0.635244
0.264363
0.681504
0.549354
0.061772
0.119859
0.704484
0.808960
0.329292
0.306500
0.626544
0.735726
0.994555
0.597771
0.181158
0.103042
0.155897
0.350951
0.441715
0.401971
0.350951
0.589144
0.589144
0.226757
0.527033
0.695863
0.177160
0.848789
0.394742
0.878466
0.462365
0.350951
0.672823
0.228410
0.350951
0.333520
0.382926
0.779856
0.779856
0.290658
0.922090
0.084803
0.077446
0.947760
0.713075
0.306500
0.991213
0.808960
0.681504
0.998868
0.000779
0.922090
0.779856
0.026438
0.787927
0.727244
0.981075
0.821730
0.766291
0.199280
0.470257
0.749684
0.004868
0.848789
0.527033
0.267971
0.667094
0.246759
0.649688
0.012548
0.177160
0.766291
0.159490
0.127623
0.922090
0.159490
0.874110
0.008847
0.713075
0.557828
0.029982
0.758020
0.566341
0.787927
0.626544
0.658394
0.246759
0.727244
0.635244
0.215763
0.279144
0.505064
0.690166
0.643949
0.236593
0.836720
0.787927
0.199280
0.557828
0.266225
0.187953
0.855893
0.183833
0.901408
0.793201
0.848789
0.322949
0.513281
0.589144
0.913005
0.340005
0.566341
0.981075
0.658394
0.603471
0.513281
0.153566
0.322949
0.009277
0.549354
0.540922
0.841556
0.434080
0.050328
0.808960
0.505064
0.829282
0.127623
0.233315
0.346575
0.470257
0.971109
0.704484
0.000035
0.454542
0.620815
0.681504
0.169385
0.449423
0.255445
0.771705
0.002443
0.306500
0.079397
0.658394
0.505064
0.491556
0.375911
0.779856
0.104694
0.552238
0.000182
0.589144
0.787927
0.612135
0.322949
0.658394
0.718717
0.353229
0.121744
0.258960
0.350951
0.986757
0.580543
0.635244
0.114294
0.107244
0.300471
0.088340
0.527033
0.187953
0.690166
0.429087
0.021859
0.382926
0.566341
0.441715
0.795913
0.907293
0.150086
0.549354
0.874110
0.340005
0.033659
0.907293
0.580543
0.986757
0.192150
0.557828
0.441715
0.626544
0.713075
0.848789
0.971109
0.088340
0.231634
0.215763
0.046970
0.462365
0.333520
0.346575
0.049040
0.951979
0.434080
0.566341
0.491556
0.649688
0.744157
0.940331
0.681504
0.241635
0.658394
0.793201
0.867378
0.735726
0.316692
0.483494
0.203680
0.223587
0.047782
0.362130
0.228410
0.848789
0.848789
0.543791
0.375911
0.927324
0.499678
0.927324
0.333520
0.681504
0.635244
0.312615
0.557828
0.652656
0.228410
0.082732
0.698805
0.253642
0.758020
0.801128
0.371333
0.441715
0.947760
0.907293
0.218844
0.620815
0.294528
0.215763
0.382926
0.787927
0.124654
0.744157
0.169385
0.371333
0.766291
0.025970
0.626544
0.228410
0.667094
0.390021
0.635244
0.449423
0.357661
0.580543
0.727244
0.233315
0.371333
0.039801
0.984769
0.841556
0.284858
0.704484
0.867378
0.713075
0.264363
0.380525
0.574890
0.364456
0.050328
0.690166
0.513281
0.816691
0.527033
0.401971
0.394742
0.124654
0.499678
0.322949
0.375911
0.681504
0.808960
0.649688
0.981075
0.735726
0.513281
0.513281
0.346575
0.350951
0.000000
0.787927
0.884948
0.159490
0.981075
0.779856
0.049040
0.566341
0.589144
0.231634
0.340005
0.787927
0.333520
0.375911
0.527033
0.045761
0.589144
0.907293
0.658394
0.001080
0.005110
0.978604
0.704484
0.635244
0.808960
0.344325
0.597771
0.916674
0.409279
0.713075
0.104694
0.580543
0.635244
0.829282
0.316692
0.580543
0.841556
0.916674
0.991213
0.535389
0.727244
0.658394
0.927324
0.571972
0.695863
0.527033
0.499678
0.112510
0.441715
0.721628
0.007965
0.787927
0.441715
0.589144
0.255445
0.901408
0.779856
0.066084
0.228410
0.062816
0.735726
0.884948
0.364456
0.066084
0.543791
0.454542
0.940331
0.681504
0.394742
0.147829
0.470257
0.096609
0.153566
0.401971
0.206623
0.874110
0.956001
0.922090
0.566341
0.340005
0.073672
0.269851
0.535389
0.187953
0.635244
0.749684
0.004043
0.867378
0.112510
0.580543
0.382926
0.421575
0.340005
0.364456
0.543791
0.971109
0.357661
0.698805
0.874110
0.147829
0.436675
0.269851
0.441715
0.867378
0.996919
0.867378
0.940331
0.153566
0.306500
0.735726
0.421575
0.414138
0.441715
0.387593
0.947760
0.749684
0.322949
0.998868
0.758020
0.421575
0.649688
0.658394
0.867378
0.215763
0.119859
0.446787
0.098985
0.290658
0.000544
0.007239
0.098170
0.033659
0.944872
0.255445
0.098170
0.916674
0.170690
0.250182
0.793201
0.874110
0.362130
0.603471
0.727244
0.829282
0.643949
0.316692
0.483494
0.713075
0.874110
0.088340
0.867378
