0.462365
0.228410
0.808960
0.672823
0.434080
0.603471
0.681504
0.491556
0.566341
0.735726
0.109849
0.147829
0.059212
0.907293
0.566341
0.713075
0.183833
0.841556
0.357661
0.194957
0.940331
0.211153
0.557828
0.269851
0.649688
0.779856
0.414138
0.014305
0.566341
0.375911
0.096609
0.350951
0.042685
0.951979
0.965738
0.543791
0.333520
0.836720
0.001246
0.991213
0.368979
0.643949
0.446787
0.157114
0.940331
0.922090
0.021859
0.010298
0.860501
0.364456
0.649688
0.426518
0.228410
0.643949
0.635244
0.867378
0.965738
0.704484
0.284858
0.779856
0.787927
0.735726
0.362130
0.066084
0.344325
0.787927
0.491556
0.916674
0.927324
0.052535
0.758020
0.681504
0.045761
0.867378
0.566341
0.744157
0.241635
0.927324
0.368979
0.589144
0.721628
0.981075
0.612135
0.421575
0.735726
0.012317
0.306500
0.269851
0.387593
0.241635
0.236593
0.855893
0.749684
0.264363
0.380525
0.223587
0.580543
0.103042
0.829282
0.962240
0.566341
0.891273
0.505064
0.913005
0.390021
0.690166
0.940331
0.597771
0.891273
0.088340
0.884948
0.406779
0.241635
0.855893
0.848789
0.766291
0.643949
0.690166
0.958545
0.787927
0.901408
0.612135
0.368979
0.527033
0.874110
0.382926
0.829282
0.406779
0.457201
0.580543
0.841556
0.681504
0.434080
0.290658
0.357661
0.801128
0.801128
0.231634
0.566341
0.387593
0.603471
0.935597
0.580543
0.211153
0.901408
0.223587
0.779856
0.713075
0.284858
0.021859
0.364456
0.649688
0.340005
0.518727
0.241635
0.521553
0.049040
0.758020
0.962240
0.535389
0.667094
0.635244
0.986757
0.962240
0.264363
0.749684
0.860501
0.333520
0.241635
0.316692
0.971109
0.574890
0.690166
0.414138
0.333520
0.901408
0.499678
0.535389
0.246759
0.940331
0.793201
0.589144
0.040498
0.228410
0.629509
0.635244
0.264363
0.940331
0.043818
0.169385
0.122729
0.821730
0.449423
0.626544
0.060217
0.884948
0.603471
0.779856
0.199280
0.037099
0.612135
0.713075
0.426518
0.540922
0.177160
0.290658
0.549354
0.704484
0.231634
0.496903
0.597771
0.874110
0.965738
0.667094
0.491556
0.580543
0.187953
0.316692
0.913005
0.527033
0.177160
0.721628
0.449423
0.779856
0.296545
0.749684
0.527033
0.491556
0.306500
0.962240
0.147829
0.626544
0.988571
0.535389
0.848789
0.357661
0.449423
0.382926
0.698805
0.867378
0.580543
0.816691
0.434080
0.245003
0.236593
0.978604
0.986757
0.922090
0.030518
0.223587
0.649688
0.589144
0.658394
0.698805
0.027908
0.024596
0.971109
0.025274
0.031348
0.135818
0.441715
0.974087
0.891273
0.483494
0.046970
0.681504
0.144460
0.483494
0.801128
0.571972
0.649688
0.147829
0.635244
0.727244
0.758020
0.269851
0.109849
0.194957
0.855893
0.635244
0.971109
0.021859
0.603471
0.690166
0.449423
0.144460
0.036127
0.513281
0.658394
0.793201
0.157114
0.220452
0.281082
0.382926
0.808960
0.000820
0.672823
0.166886
0.394742
0.971109
0.434080
0.264363
0.159490
0.848789
0.483494
0.394742
0.223587
0.922090
0.327120
0.449423
0.612135
0.114294
0.496903
0.841556
0.704484
0.434080
0.029982
0.947760
0.375911
0.574890
0.771705
0.635244
0.513281
0.255445
0.927324
0.344325
0.045761
0.335721
0.695863
0.836720
0.690166
0.375911
0.394742
0.848789
0.626544
0.779856
0.681504
0.300471
0.986757
0.441715
0.681504
0.018883
0.173237
0.401971
0.907293
0.808960
0.962240
0.300471
0.626544
0.499678
0.566341
0.197797
0.029708
0.166886
0.409279
0.281082
0.951979
0.829282
0.022258
0.986757
0.096609
0.690166
0.284858
0.269851
0.667094
0.329292
0.667094
0.220452
0.002950
0.147829
0.727244
0.829282
0.072465
0.535389
0.829282
0.927324
0.441715
0.346575
0.735726
0.521553
0.048208
0.793201
0.194957
0.470257
0.269851
0.300471
0.346575
0.758020
0.947760
0.183833
0.421575
0.766291
0.557828
0.153566
0.014985
0.007739
0.362130
0.144460
0.891273
0.401971
0.177160
0.199280
0.449423
0.922090
0.072465
0.721628
0.713075
0.499678
0.580543
0.340005
0.421575
0.713075
0.927324
0.848789
0.233315
0.801128
0.006703
0.001828
0.704484
0.115226
0.848789
0.019768
0.406779
0.901408
0.236593
0.483494
0.535389
0.401971
0.119859
0.603471
0.021859
0.620815
0.935597
0.626544
0.891273
0.981075
0.100580
0.499678
0.329292
0.841556
0.727244
0.744157
0.874110
0.962240
0.346575
0.916674
0.635244
0.958545
0.829282
0.169385
0.566341
0.589144
0.795913
0.620815
0.735726
0.441715
0.999575
0.320806
0.275424
0.387593
0.057717
0.290658
0.135818
0.779856
0.557828
0.690166
0.181158
0.907293
0.744157
0.557828
0.535389
0.563435
0.907293
0.695863
0.255445
0.727244
0.117048
0.991213
0.057717
0.543791
0.848789
0.727244
0.808960
0.300471
0.109849
0.275424
0.260793
0.884948
0.333520
0.042685
0.260793
0.236593
0.483494
0.603471
0.535389
0.003523
0.401971
0.255445
0.574890
0.566341
0.913005
0.543791
0.294528
0.057717
0.907293
0.603471
0.749684
0.394742
0.589144
0.357661
0.163153
0.401971
0.211153
0.075538
0.557828
0.916674
0.649688
0.721628
0.151265
0.434080
0.008597
0.698805
0.571972
0.951979
0.114294
0.626544
0.441715
0.681504
0.704484
0.441715
0.971109
0.635244
0.166886
0.672823
0.535389
0.958545
0.258960
0.635244
0.250182
0.429087
0.821730
0.749684
0.513281
0.322949
0.649688
0.626544
0.658394
0.549354
0.090535
0.867378
0.294528
0.236593
0.566341
0.829282
0.681504
0.187953
0.901408
0.999575
0.434080
0.016595
0.552238
0.681504
0.010900
0.978604
0.848789
0.401971
0.236593
0.841556
0.521553
0.922090
0.841556
0.009277
0.771705
0.927324
0.015845
0.958545
