0.034568
0.143326
0.821730
0.527033
0.986757
0.603471
0.117048
0.290658
0.951979
0.264363
0.704484
0.971109
0.174566
0.580543
0.264363
0.132684
0.470257
0.166886
0.891273
0.643949
0.250182
0.735726
0.527033
0.273514
0.040864
0.956001
0.922090
0.927324
0.521553
0.045761
0.401971
0.907293
0.672823
0.449423
0.549354
0.566341
0.884948
0.994555
0.597771
0.072465
0.104694
0.000918
0.483494
0.620815
0.135818
0.727244
0.414138
0.855893
0.940331
0.947760
0.434080
0.735726
0.462365
0.215763
0.566341
0.816691
0.414138
0.409279
0.787927
0.505064
0.766291
0.922090
0.316692
0.848789
0.496903
0.527033
0.951979
0.897436
0.758020
0.535389
0.070668
0.284858
0.549354
0.070668
0.203680
0.962240
0.612135
0.421575
0.994555
0.658394
0.350951
0.491556
0.571972
0.829282
0.940331
0.513281
0.704484
0.958545
0.454542
0.658394
0.084803
0.643949
0.284858
0.589144
0.935597
0.491556
0.058699
0.962240
0.829282
0.808960
0.290658
0.306500
0.057717
0.571972
0.223587
0.340005
0.721628
0.821730
0.735726
0.018368
0.434080
0.344325
0.829282
0.144460
0.841556
0.088340
0.735726
0.672823
0.135818
0.571972
0.549354
0.626544
0.922090
0.024596
0.215763
0.344325
0.907293
0.971109
0.566341
0.084803
0.916674
0.245003
0.375911
0.713075
0.260793
0.340005
0.640981
0.258960
0.658394
0.054829
0.044581
0.157114
0.771705
0.981075
0.891273
0.779856
0.007593
0.704484
0.236593
0.023508
0.066084
0.157114
0.527033
0.387593
0.967937
0.000976
0.275424
0.735726
0.836720
0.566341
0.513281
0.580543
0.024596
0.922090
0.535389
0.860501
0.007739
0.241635
0.521553
0.675784
0.589144
0.192150
0.074303
0.735726
0.612135
0.513281
0.947760
0.294528
0.771705
0.306500
0.958545
0.927324
0.589144
0.580543
0.571972
0.364456
0.163153
0.513281
0.401971
0.483494
0.241635
0.206623
0.713075
0.549354
0.971109
0.072465
0.916674
0.521553
0.971109
0.483494
0.090535
0.246759
0.029186
0.483494
0.518727
0.735726
0.269851
0.727244
0.375911
0.357661
0.267971
0.084803
0.766291
0.713075
0.122729
0.758020
0.735726
0.150086
0.300471
0.901408
0.801128
0.429087
0.353229
0.462365
0.758020
0.690166
0.024596
0.779856
0.260793
0.829282
0.681504
0.127623
0.727244
0.566341
0.275424
0.096609
0.090535
0.052535
0.513281
0.821730
0.010595
0.535389
0.316692
0.907293
0.897436
0.163153
0.643949
0.779856
0.821730
0.580543
0.922090
0.672823
0.096609
0.848789
0.884948
0.758020
0.199280
0.218844
0.441715
0.340005
0.014985
0.364456
0.130653
0.829282
0.350951
0.003850
0.192150
0.306500
0.766291
0.935597
0.380525
0.223587
0.117048
0.042685
0.535389
0.681504
0.310521
0.978604
0.779856
0.333520
0.483494
0.713075
0.284858
0.206623
0.672823
0.284858
0.927324
0.206623
0.059212
0.119859
0.597771
0.000145
0.855893
0.727244
0.774492
0.808960
0.521553
0.462365
0.675784
0.821730
0.658394
0.779856
0.860501
0.962240
0.011106
0.540922
0.153566
0.246759
0.241635
0.617854
0.874110
0.483494
0.449423
0.574890
0.603471
0.020692
0.801128
0.032771
0.603471
0.067775
0.505064
0.681504
0.891273
0.068911
0.173237
0.735726
0.053907
0.749684
0.672823
0.744157
0.947760
0.226757
0.228410
0.513281
0.771705
0.053907
0.821730
0.499678
0.557828
0.021268
0.891273
0.327120
0.860501
0.681504
0.735726
0.441715
0.086192
0.401971
0.021268
0.612135
0.801128
0.935597
0.250182
0.829282
0.290658
0.049040
0.978604
0.327120
0.082732
0.521553
0.357661
0.635244
0.505064
0.681504
0.727244
0.387593
0.566341
0.037099
0.626544
0.897436
0.695863
0.549354
0.580543
0.821730
0.513281
0.566341
0.505064
0.310521
0.470257
0.557828
0.223587
0.681504
0.478214
0.549354
0.566341
0.364456
0.566341
0.916674
0.771705
0.005013
0.749684
0.357661
0.681504
0.974087
0.681504
0.390021
0.681504
0.855893
0.735726
0.557828
0.766291
0.306500
0.322949
0.294528
0.808960
0.801128
0.187953
0.557828
0.406779
0.429087
0.635244
0.449423
0.368979
0.779856
0.310521
0.211153
0.000149
0.971109
0.521553
0.306500
0.829282
0.197797
0.603471
0.382926
0.421575
0.190711
0.643949
0.727244
0.060743
0.713075
0.658394
0.166886
0.322949
0.965738
0.025274
0.667094
0.169385
0.340005
0.635244
0.643949
0.362130
0.394742
0.220452
0.658394
0.166886
0.079397
0.462365
0.387593
0.867378
0.749684
0.269851
0.375911
0.505064
0.527033
0.080707
0.940331
0.409279
0.518727
0.649688
0.364456
0.183833
0.139014
0.518727
0.236593
0.749684
0.643949
0.441715
0.159490
0.042685
0.387593
0.907293
0.704484
0.907293
0.897436
0.401971
0.962240
0.192150
0.449423
0.340005
0.626544
0.766291
0.891273
0.681504
0.681504
0.535389
0.414138
0.029982
0.056750
0.127623
0.640981
0.075538
0.080707
0.704484
0.907293
0.821730
0.260793
0.505064
0.382926
0.371333
0.594827
0.735726
0.060743
0.681504
0.462365
0.457201
0.603471
0.860501
0.612135
0.690166
0.483494
0.041578
0.779856
0.075538
0.434080
0.279144
0.441715
0.758020
0.211153
0.409279
0.841556
0.269851
0.290658
0.078727
0.549354
0.483494
0.821730
0.984769
0.821730
0.612135
0.375911
0.649688
0.357661
0.978604
0.454542
0.891273
0.589144
0.884948
0.535389
0.206623
0.855893
0.713075
0.713075
0.841556
0.190711
0.316692
0.146673
0.296545
0.658394
0.735726
0.446787
0.055312
0.704484
0.535389
0.612135
0.744157
0.421575
0.505064
0.513281
0.749684
0.192150
0.867378
0.713075
0.006028
0.695863
0.543791
0.029186
0.779856
0.183833
0.491556
0.269851
0.228410
0.808960
0.190711
0.787927
0.357661
0.974087
