0.521553
0.574890
0.346575
0.012317
0.000718
0.735726
0.580543
0.998868
0.735726
0.478214
0.454542
0.513281
0.233315
0.187953
0.727244
0.922090
0.836720
0.375911
0.088340
0.346575
0.947760
0.434080
0.014985
0.626544
0.177160
0.279144
0.735726
0.394742
0.023291
0.109849
0.947760
0.491556
0.025731
0.704484
0.947760
0.462365
0.821730
0.124654
0.758020
0.362130
0.787927
0.571972
0.284858
0.394742
0.986757
0.288671
0.984769
0.566341
0.935597
0.290658
0.704484
0.499678
0.306500
0.557828
0.922090
0.199280
0.000027
0.150086
0.793201
0.594827
0.406779
0.951979
0.246759
0.891273
0.758020
0.940331
0.483494
0.296545
0.072465
0.635244
0.496903
0.478214
0.580543
0.603471
0.475494
0.901408
0.112510
0.774492
0.380525
0.771705
0.535389
0.211153
0.109849
0.891273
0.264363
0.107244
0.279144
0.002020
0.589144
0.922090
0.260793
0.913005
0.029982
0.766291
0.491556
0.612135
0.626544
0.333520
0.836720
0.549354
0.109849
0.157114
0.978604
0.462365
0.157114
0.766291
0.891273
0.518727
0.100580
0.387593
0.695863
0.483494
0.470257
0.867378
0.098985
0.364456
0.727244
0.135818
0.194957
0.991213
0.901408
0.255445
0.312615
0.580543
0.681504
0.245003
0.727244
0.401971
0.300471
0.462365
0.109849
0.357661
0.187953
0.801128
0.735726
0.620815
0.744157
0.027164
0.053907
0.306500
0.055312
0.620815
0.327120
0.981075
0.829282
0.958545
0.357661
0.808960
0.947760
0.275424
0.483494
0.704484
0.580543
0.549354
0.505064
0.667094
0.462365
0.897436
0.491556
0.218844
0.951979
0.132684
0.518727
0.801128
0.978604
0.958545
0.718717
0.441715
0.475494
0.094284
0.275424
0.535389
0.744157
0.836720
0.462365
0.350951
0.771705
0.962240
0.462365
0.183833
0.119859
0.316692
0.304435
0.409279
0.626544
0.441715
0.057717
0.457201
0.056256
0.239907
0.300471
0.535389
0.626544
0.727244
0.557828
0.279144
0.153566
0.549354
0.860501
0.612135
0.350951
0.088340
0.821730
0.060217
0.557828
0.907293
0.518727
0.306500
0.441715
0.667094
0.958545
0.470257
0.109849
0.518727
0.124654
0.580543
0.090535
0.045761
0.690166
0.690166
0.037099
0.021268
0.874110
0.991213
0.004728
0.401971
0.681504
0.491556
0.612135
0.543791
0.344325
0.269851
0.779856
0.060743
0.958545
0.390021
0.535389
0.867378
0.749684
0.880693
0.749684
0.580543
0.141156
0.082732
0.735726
0.635244
0.744157
0.290658
0.801128
0.635244
0.088340
0.787927
0.566341
0.749684
0.771705
0.109849
0.306500
0.535389
0.346575
0.047782
0.163153
0.294528
0.006325
0.483494
0.086192
0.401971
0.549354
0.589144
0.860501
0.390021
0.032199
0.721628
0.521553
0.159490
0.034568
0.027164
0.026438
0.967937
0.913005
0.109849
0.382926
0.312615
0.421575
0.000846
0.589144
0.874110
0.744157
0.038764
0.080707
0.549354
0.009546
0.340005
0.449423
0.044581
0.449423
0.406779
0.571972
0.135818
0.505064
0.880693
0.713075
0.744157
0.169385
0.141156
0.109849
0.203680
0.147829
0.333520
0.012317
0.306500
0.000061
0.704484
0.529876
0.146673
0.935597
0.667094
0.935597
0.513281
0.275424
0.306500
0.218844
0.518727
0.233315
0.147829
0.041578
0.368979
0.860501
0.035500
0.390021
0.571972
0.978604
0.580543
0.967937
0.986757
0.603471
0.039801
0.971109
0.571972
0.718717
0.860501
0.557828
0.414138
0.401971
0.375911
0.566341
0.672823
0.681504
0.922090
0.394742
0.543791
0.329292
0.821730
0.414138
0.470257
0.521553
0.159490
0.329292
0.513281
0.594827
0.991213
0.088340
0.160731
0.004963
0.132684
0.104694
0.787927
0.027164
0.801128
0.808960
0.022875
0.821730
0.163153
0.549354
0.594827
0.874110
0.434080
0.617854
0.974087
0.211153
0.620815
0.130653
0.935597
0.758020
0.049040
0.801128
0.053907
0.995551
0.300471
0.808960
0.067775
0.566341
0.907293
0.974087
0.371333
0.387593
0.147829
0.223587
0.704484
0.884948
0.084803
0.658394
0.884948
0.649688
0.681504
0.300471
0.913005
0.672823
0.454542
0.135818
0.704484
0.129613
0.401971
0.505064
0.766291
0.829282
0.848789
0.057717
0.848789
0.612135
0.462365
0.046970
0.612135
0.643949
0.695863
0.340005
0.127623
0.808960
0.014711
0.566341
0.394742
0.543791
0.107244
0.483494
0.913005
0.927324
0.401971
0.658394
0.499678
0.681504
0.109849
0.290658
0.409279
0.147829
0.449423
0.841556
0.467559
0.449423
0.401971
0.421575
0.434080
0.891273
0.543791
0.109849
0.475494
0.891273
0.535389
0.996919
0.589144
0.994555
0.913005
0.580543
0.119859
0.505064
0.141156
0.594827
0.004868
0.357661
0.704484
0.787927
0.913005
0.821730
0.821730
0.250182
0.521553
0.300471
0.891273
0.187953
0.816691
0.603471
0.105557
0.658394
0.357661
0.626544
0.801128
0.333520
0.086919
0.713075
0.279144
0.368979
0.787927
0.557828
0.139014
0.667094
0.394742
0.177160
0.478214
0.951979
0.434080
0.401971
0.658394
0.779856
0.535389
0.018883
0.808960
0.462365
0.574890
0.483494
0.704484
0.107244
0.042685
0.848789
0.084803
0.667094
0.867378
0.527033
0.758020
0.994555
0.801128
0.848789
0.589144
0.779856
0.913005
0.543791
0.580543
0.589144
0.475494
0.294528
0.571972
0.269851
0.401971
0.316692
0.540922
0.470257
0.997586
0.107244
0.649688
0.000661
0.527033
0.157114
0.907293
0.496903
0.916674
0.406779
0.690166
0.375911
0.059212
0.695863
0.951979
0.306500
0.284858
0.727244
0.808960
0.364456
0.007168
0.907293
0.681504
0.643949
0.013909
0.787927
0.787927
0.000996
0.322949
0.635244
0.449423
0.269851
0.075538
0.612135
0.241635
0.264363
0.199280
0.046970
0.269851
0.394742
0.357661
0.215763
0.401971
