0.571972
0.947760
0.766291
0.940331
0.491556
0.801128
0.779856
0.603471
0.310521
0.045761
0.223587
0.549354
0.884948
0.012907
0.620815
0.991213
0.612135
0.028409
0.779856
0.571972
0.643949
0.049040
0.114294
0.821730
0.643949
0.310521
0.557828
0.294528
0.984769
0.867378
0.079397
0.255445
0.144460
0.333520
0.704484
0.150086
0.874110
0.821730
0.643949
0.635244
0.462365
0.603471
0.322949
0.322949
0.092008
0.821730
0.867378
0.135818
0.603471
0.181158
0.269851
0.749684
0.144460
0.549354
0.082732
0.284858
0.211153
0.340005
0.434080
0.414138
0.901408
0.333520
0.935597
0.580543
0.187953
0.013909
0.527033
0.735726
0.758020
0.589144
0.250182
0.421575
0.236593
0.470257
0.836720
0.357661
0.037099
0.006325
0.635244
0.557828
0.672823
0.779856
0.922090
0.897436
0.387593
0.626544
0.306500
0.241635
0.258960
0.787927
0.521553
0.250182
0.735726
0.491556
0.329292
0.704484
0.927324
0.612135
0.082732
0.667094
0.965738
0.284858
0.801128
0.080707
0.557828
0.421575
0.821730
0.787927
0.855893
0.008847
0.626544
0.434080
0.884948
0.620815
0.549354
0.475494
0.891273
0.744157
0.043818
0.375911
0.203680
0.571972
0.626544
0.907293
0.454542
0.105557
0.429087
0.022663
0.681504
0.177160
0.462365
0.808960
0.007965
0.066084
0.401971
0.394742
0.704484
0.735726
0.927324
0.935597
0.951979
0.380525
0.994555
0.922090
0.454542
0.346575
0.535389
0.233315
0.401971
0.382926
0.177160
0.589144
0.612135
0.658394
0.406779
0.907293
0.971109
0.690166
0.535389
0.406779
0.077446
0.758020
0.264363
0.727244
0.211153
0.053907
0.092778
0.163153
0.612135
0.098985
0.122729
0.589144
0.290658
0.589144
0.643949
0.421575
0.001027
0.007032
0.713075
0.088340
0.986757
0.589144
0.119859
0.557828
0.535389
0.603471
0.166886
0.018368
0.170690
0.275424
0.357661
0.749684
0.462365
0.867378
0.462365
0.333520
0.483494
0.236593
0.310521
0.316692
0.841556
0.421575
0.867378
0.735726
0.414138
0.057717
0.801128
0.470257
0.098985
0.801128
0.333520
0.260793
0.727244
0.874110
0.421575
0.421575
0.127623
0.612135
0.135818
0.322949
0.132684
0.841556
0.727244
0.013276
0.690166
0.401971
0.203680
0.940331
0.891273
0.603471
0.557828
0.215763
0.801128
0.401971
0.681504
0.580543
0.884948
0.241635
0.109849
0.774492
0.406779
0.962240
0.255445
0.658394
0.304435
0.061772
0.294528
0.153566
0.793201
0.346575
0.284858
0.022466
0.935597
0.620815
0.626544
0.848789
0.233315
0.922090
0.491556
0.626544
0.713075
0.635244
0.192150
0.273514
0.434080
0.580543
0.884948
0.275424
0.940331
0.179787
0.491556
0.967937
0.513281
0.105557
0.916674
0.449423
0.119859
0.441715
0.312615
0.221961
0.294528
0.779856
0.258960
0.304435
0.713075
0.406779
0.841556
0.166886
0.462365
0.228410
0.478214
0.704484
0.658394
0.122729
0.907293
0.513281
0.022258
0.429087
0.206623
0.421575
0.340005
0.255445
0.649688
0.228410
0.681504
0.177160
0.346575
0.967937
0.978604
0.848789
0.801128
0.704484
0.996919
0.922090
0.878466
0.346575
0.589144
0.100580
0.462365
0.808960
0.543791
0.749684
0.454542
0.157114
0.698805
0.032771
0.672823
0.223587
0.640981
0.787927
0.571972
0.449423
0.884948
0.279144
0.935597
0.580543
0.855893
0.075538
0.658394
0.771705
0.603471
0.907293
0.375911
0.094284
0.958545
0.166886
0.126604
0.470257
0.978604
0.735726
0.357661
0.557828
0.860501
0.199280
0.255445
0.007378
0.658394
0.255445
0.462365
0.401971
0.836720
0.166886
0.327120
0.203680
0.454542
0.589144
0.891273
0.758020
0.713075
0.971109
0.808960
0.449423
0.971109
0.658394
0.971109
0.117048
0.012317
0.088340
0.357661
0.264363
0.808960
0.290658
0.414138
0.409279
0.971109
0.597771
0.441715
0.779856
0.667094
0.394742
0.672823
0.848789
0.055312
0.024596
0.735726
0.067775
0.457201
0.454542
0.749684
0.947760
0.441715
0.860501
0.179787
0.808960
0.132684
0.808960
0.681504
0.364456
0.649688
0.829282
0.940331
0.557828
0.163153
0.279144
0.766291
0.051648
0.690166
0.535389
0.124654
0.695863
0.658394
0.491556
0.947760
0.233315
0.829282
0.566341
0.935597
0.306500
0.922090
0.103042
0.228410
0.626544
0.260793
0.557828
0.107244
0.037099
0.978604
0.000022
0.013909
0.050328
0.008847
0.063362
0.907293
0.475494
0.557828
0.713075
0.226757
0.462365
0.518727
0.117048
0.801128
0.496903
0.037099
0.169385
0.364456
0.690166
0.603471
0.505064
0.426518
0.801128
0.998868
0.199280
0.965738
0.475494
0.077446
0.758020
0.434080
0.580543
0.821730
0.100580
0.867378
0.986757
0.017063
0.002370
0.779856
0.375911
0.535389
0.157114
0.907293
0.208158
0.340005
0.597771
0.713075
0.658394
0.907293
0.039801
0.626544
0.067775
0.867378
0.031348
0.543791
0.649688
0.037099
0.749684
0.401971
0.521553
0.316692
0.540922
0.037099
0.223587
0.867378
0.640981
0.658394
0.922090
0.012907
0.971109
0.779856
0.032771
0.390021
0.549354
0.749684
0.916674
0.626544
0.284858
0.860501
0.449423
0.220452
0.109849
0.981075
0.829282
0.173237
0.084803
0.462365
0.744157
0.449423
0.793201
0.808960
0.947760
0.557828
0.721628
0.086192
0.901408
0.394742
0.470257
0.727244
0.211153
0.626544
0.867378
0.421575
0.612135
0.478214
0.364456
0.124654
0.467559
0.874110
0.141156
0.223587
0.527033
0.067775
0.713075
0.038764
0.557828
0.986757
0.183833
0.612135
0.255445
0.340005
0.098170
0.766291
0.994555
0.801128
0.557828
0.066084
0.483494
0.096609
0.127623
0.884948
0.165605
0.357661
0.727244
0.035802
0.103042
0.316692
0.695863
0.002567
0.021268
