0.098985
0.901408
0.758020
0.470257
0.801128
0.907293
0.922090
0.491556
0.406779
0.357661
0.867378
0.951979
0.449423
0.643949
0.116102
0.088340
0.758020
0.275424
0.063362
0.626544
0.401971
0.124654
0.026438
0.527033
0.250182
0.667094
0.589144
0.088340
0.399498
0.667094
0.344325
0.129613
0.667094
0.704484
0.340005
0.727244
0.821730
0.294528
0.322949
0.074303
0.055312
0.927324
0.135818
0.246759
0.758020
0.340005
0.589144
0.306500
0.005418
0.135818
0.340005
0.027908
0.597771
0.713075
0.401971
0.962240
0.597771
0.841556
0.127623
0.580543
0.612135
0.649688
0.491556
0.266225
0.640981
0.010009
0.916674
0.735726
0.779856
0.922090
0.635244
0.848789
0.284858
0.874110
0.394742
0.962240
0.935597
0.626544
0.713075
0.215763
0.401971
0.046970
0.658394
0.163153
0.322949
0.294528
0.414138
0.626544
0.704484
0.163153
0.940331
0.483494
0.962240
0.774492
0.667094
0.068911
0.713075
0.580543
0.994555
0.922090
0.580543
0.951979
0.626544
0.758020
0.874110
0.727244
0.829282
0.119859
0.462365
0.306500
0.255445
0.236593
0.475494
0.250182
0.401971
0.505064
0.698805
0.649688
0.801128
0.329292
0.603471
0.540922
0.643949
0.649688
0.557828
0.245003
0.594827
0.368979
0.153566
0.744157
0.491556
0.294528
0.779856
0.294528
0.735726
0.681504
0.704484
0.491556
0.758020
0.394742
0.483494
0.580543
0.260793
0.787927
0.848789
0.795913
0.829282
0.841556
0.744157
0.441715
0.867378
0.037099
0.057717
0.635244
0.100580
0.801128
0.521553
0.166886
0.000348
0.346575
0.951979
0.117048
0.841556
0.704484
0.306500
0.255445
0.787927
0.658394
0.808960
0.079397
0.090535
0.119859
0.194957
0.368979
0.340005
0.296545
0.922090
0.441715
0.620815
0.916674
0.496903
0.771705
0.940331
0.462365
0.667094
0.901408
0.394742
0.635244
0.521553
0.000718
0.913005
0.808960
0.329292
0.266225
0.874110
0.589144
0.549354
0.557828
0.801128
0.228410
0.814067
0.713075
0.999575
0.429087
0.836720
0.681504
0.649688
0.566341
0.974087
0.241635
0.483494
0.580543
0.177160
0.362130
0.014711
0.470257
0.620815
0.521553
0.144460
0.841556
0.713075
0.077446
0.166886
0.008197
0.713075
0.260793
0.808960
0.316692
0.421575
0.121744
0.312615
0.874110
0.066084
0.978604
0.962240
0.250182
0.390021
0.194957
0.173237
0.306500
0.801128
0.922090
0.194957
0.040864
0.962240
0.612135
0.454542
0.043818
0.394742
0.758020
0.922090
0.549354
0.958545
0.112510
0.860501
0.294528
0.958545
0.082732
0.387593
0.401971
0.233315
0.848789
0.787927
0.749684
0.594827
0.499678
0.571972
0.603471
0.003455
0.362130
0.269851
0.105557
0.589144
0.000337
0.496903
0.801128
0.063362
0.836720
0.860501
0.566341
0.103042
0.421575
0.658394
0.316692
0.441715
0.279144
0.580543
0.294528
0.901408
0.612135
0.721628
0.940331
0.284858
0.721628
0.958545
0.667094
0.042685
0.704484
0.549354
0.211153
0.535389
0.527033
0.891273
0.527033
0.749684
0.124654
0.228410
0.635244
0.951979
0.016139
0.874110
0.658394
0.368979
0.974087
0.429087
0.779856
0.050328
0.147829
0.658394
0.429087
0.758020
0.836720
0.409279
0.787927
0.020692
0.603471
0.721628
0.620815
0.535389
0.269851
0.884948
0.462365
0.163153
0.107244
0.449423
0.940331
0.048208
0.901408
0.462365
0.177160
0.075538
0.874110
0.557828
0.350951
0.051194
0.467559
0.735726
0.907293
0.535389
0.658394
0.848789
0.735726
0.727244
0.306500
0.771705
0.580543
0.387593
0.231634
0.901408
0.549354
0.821730
0.060217
0.965738
0.203680
0.203680
0.124654
0.947760
0.766291
0.049040
0.264363
0.658394
0.462365
0.312615
0.340005
0.829282
0.690166
0.001310
0.649688
0.421575
0.441715
0.589144
0.382926
0.491556
0.103042
0.027164
0.998868
0.626544
0.974087
0.310521
0.821730
0.571972
0.951979
0.557828
0.144460
0.008197
0.223587
0.518727
0.597771
0.681504
0.491556
0.867378
0.735726
0.169385
0.735726
0.901408
0.991213
0.284858
0.808960
0.855893
0.779856
0.421575
0.891273
0.357661
0.127623
0.787927
0.294528
0.031348
0.549354
0.346575
0.927324
0.390021
0.371333
0.401971
0.100580
0.019768
0.867378
0.092008
0.483494
0.241635
0.744157
0.681504
0.320806
0.603471
0.891273
0.566341
0.390021
0.816691
0.169385
0.199280
0.045761
0.779856
0.766291
0.787927
0.199280
0.269851
0.357661
0.513281
0.194957
0.124654
0.749684
0.269851
0.132684
0.159490
0.049040
0.566341
0.470257
0.269851
0.801128
0.496903
0.744157
0.169385
0.821730
0.462365
0.147829
0.922090
0.860501
0.841556
0.698805
0.190711
0.758020
0.518727
0.704484
0.043818
0.491556
0.034568
0.236593
0.848789
0.499678
0.557828
0.105557
0.658394
0.462365
0.727244
0.713075
0.801128
0.350951
0.368979
0.103042
0.421575
0.483494
0.368979
0.527033
0.758020
0.749684
0.848789
0.916674
0.991213
0.612135
0.340005
0.758020
0.066084
0.841556
0.991213
0.004503
0.401971
0.891273
0.084803
0.335721
0.109849
0.017866
0.112510
0.907293
0.312615
0.535389
0.513281
0.766291
0.612135
0.421575
0.255445
0.157114
0.681504
0.483494
0.241635
0.758020
0.007168
0.848789
0.848789
0.935597
0.049040
0.322949
0.535389
0.991213
0.241635
0.549354
0.103042
0.505064
0.033659
0.758020
0.821730
0.836720
0.290658
0.566341
0.129613
0.612135
0.173237
0.241635
0.067775
0.744157
0.690166
0.867378
0.316692
0.821730
0.801128
0.084803
0.109849
0.713075
0.848789
0.543791
0.527033
0.667094
0.704484
0.787927
0.009104
0.603471
0.320806
0.449423
0.241635
0.658394
0.441715
0.215763
0.922090
0.994555
0.001172
0.958545
0.907293
0.891273
