0.749684
0.241635
0.690166
0.735726
0.658394
0.088340
0.098170
0.626544
0.874110
0.434080
0.535389
0.329292
0.935597
0.727244
0.907293
0.183833
0.008847
0.394742
0.901408
0.735726
0.050328
0.187953
0.704484
0.867378
0.860501
0.170690
0.068911
0.855893
0.594827
0.758020
0.462365
0.626544
0.173237
0.552238
0.897436
0.589144
0.829282
0.643949
0.874110
0.150086
0.333520
0.177160
0.884948
0.617854
0.414138
0.206623
0.173237
0.029186
0.681504
0.007378
0.211153
0.884948
0.112510
0.758020
0.793201
0.300471
0.884948
0.316692
0.061772
0.766291
0.505064
0.913005
0.513281
0.183833
0.907293
0.264363
0.884948
0.300471
0.344325
0.787927
0.470257
0.114294
0.026914
0.758020
0.518727
0.841556
0.940331
0.024596
0.690166
0.470257
0.187953
0.434080
0.284858
0.971109
0.580543
0.206623
0.978604
0.203680
0.088340
0.306500
0.758020
0.922090
0.322949
0.907293
0.829282
0.867378
0.241635
0.658394
0.082732
0.994555
0.281082
0.296545
0.821730
0.053907
0.571972
0.258960
0.829282
0.874110
0.350951
0.580543
0.589144
0.566341
0.421575
0.626544
0.749684
0.535389
0.727244
0.340005
0.322949
0.449423
0.935597
0.535389
0.643949
0.070668
0.916674
0.414138
0.013909
0.543791
0.874110
0.119859
0.836720
0.333520
0.236593
0.735726
0.922090
0.535389
0.808960
0.787927
0.718717
0.211153
0.916674
0.226757
0.867378
0.483494
0.841556
0.255445
0.401971
0.821730
0.441715
0.735726
0.658394
0.727244
0.231634
0.681504
0.406779
0.521553
0.758020
0.552238
0.132684
0.258960
0.340005
0.206623
0.649688
0.015409
0.183833
0.157114
0.462365
0.346575
0.132684
0.255445
0.483494
0.513281
0.306500
0.226757
0.626544
0.049040
0.434080
0.635244
0.907293
0.406779
0.462365
0.589144
0.867378
0.801128
0.727244
0.713075
0.935597
0.962240
0.867378
0.513281
0.462365
0.401971
0.132684
0.549354
0.681504
0.052535
0.496903
0.947760
0.327120
0.626544
0.163153
0.829282
0.038764
0.658394
0.690166
0.364456
0.001246
0.704484
0.290658
0.808960
0.181158
0.994555
0.535389
0.672823
0.462365
0.535389
0.884948
0.518727
0.513281
0.449423
0.672823
0.884948
0.566341
0.535389
0.962240
0.527033
0.414138
0.364456
0.978604
0.758020
0.704484
0.350951
0.429087
0.211153
0.829282
0.449423
0.549354
0.681504
0.112510
0.779856
0.069506
0.491556
0.521553
0.499678
0.483494
0.848789
0.233315
0.057717
0.112510
0.275424
0.387593
0.236593
0.695863
0.901408
0.449423
0.269851
0.070668
0.855893
0.713075
0.194957
0.067775
0.635244
0.897436
0.401971
0.779856
0.566341
0.951979
0.024596
0.284858
0.245003
0.543791
0.971109
0.571972
0.426518
0.571972
0.704484
0.020130
0.300471
0.535389
0.713075
0.874110
0.340005
0.855893
0.233315
0.346575
0.816691
0.698805
0.594827
0.884948
0.375911
0.801128
0.157114
0.774492
0.986757
0.119859
0.527033
0.758020
0.250182
0.681504
0.153566
0.758020
0.316692
0.965738
0.008597
0.159490
0.513281
0.874110
0.294528
0.874110
0.000031
0.027164
0.862861
0.173237
0.540922
0.491556
0.250182
0.829282
0.589144
0.177160
0.597771
0.535389
0.766291
0.119859
0.163153
0.620815
0.713075
0.387593
0.056256
0.434080
0.580543
0.112510
0.571972
0.279144
0.491556
0.281082
0.518727
0.681504
0.322949
0.962240
0.421575
0.867378
0.421575
0.316692
0.241635
0.141156
0.382926
0.181158
0.223587
0.005743
0.681504
0.421575
0.658394
0.018883
0.727244
0.255445
0.566341
0.855893
0.001669
0.816691
0.989675
0.429087
0.496903
0.891273
0.000167
0.635244
0.223587
0.199280
0.382926
0.935597
0.513281
0.505064
0.462365
0.446787
0.867378
0.000918
0.635244
0.681504
0.117048
0.441715
0.139014
0.758020
0.816691
0.626544
0.449423
0.401971
0.984769
0.543791
0.749684
0.658394
0.535389
0.635244
0.333520
0.535389
0.236593
0.000193
0.681504
0.658394
0.658394
0.821730
0.203680
0.223587
0.394742
0.672823
0.848789
0.787927
0.829282
0.290658
0.483494
0.109849
0.290658
0.916674
0.658394
0.626544
0.571972
0.984769
0.884948
0.072465
0.884948
0.884948
0.446787
0.211153
0.848789
0.916674
0.801128
0.009546
0.470257
0.322949
0.104694
0.114294
0.033071
0.421575
0.375911
0.735726
0.421575
0.064990
0.874110
0.829282
0.580543
0.467559
0.713075
0.612135
0.940331
0.122729
0.543791
0.758020
0.580543
0.223587
0.801128
0.084803
0.382926
0.589144
0.967937
0.935597
0.744157
0.935597
0.841556
0.597771
0.940331
0.279144
0.801128
0.518727
0.446787
0.922090
0.409279
0.841556
0.258960
0.958545
0.821730
0.821730
0.891273
0.434080
0.449423
0.462365
0.496903
0.290658
0.971109
0.199280
0.340005
0.884948
0.206623
0.841556
0.382926
0.626544
0.034568
0.766291
0.160731
0.571972
0.371333
0.901408
0.429087
0.457201
0.947760
0.779856
0.357661
0.387593
0.860501
0.855893
0.496903
0.829282
0.974087
0.867378
0.441715
0.357661
0.681504
0.382926
0.449423
0.527033
0.132684
0.801128
0.867378
0.916674
0.375911
0.177160
0.181158
0.727244
0.006832
0.901408
0.194957
0.434080
0.267971
0.916674
0.704484
0.340005
0.841556
0.441715
0.801128
0.907293
0.907293
0.382926
0.019768
0.357661
0.340005
0.808960
0.039801
0.057717
0.281082
0.163153
0.241635
0.414138
0.357661
0.135818
0.721628
0.860501
0.841556
0.951979
0.779856
0.951979
0.034568
0.649688
0.589144
0.535389
0.658394
0.848789
0.735726
0.984769
0.441715
0.119859
0.566341
0.535389
0.821730
0.306500
0.066084
0.978604
0.401971
0.124654
0.346575
0.166886
0.571972
0.916674
0.891273
0.142275
0.166886
0.401971
0.470257
0.357661
0.483494
