0.667094
0.643949
0.483494
0.012548
0.194957
0.667094
0.491556
0.867378
0.829282
0.483494
0.103042
0.041578
0.658394
0.483494
0.727244
0.018368
0.215763
0.787927
0.829282
0.922090
0.090535
0.441715
0.867378
0.787927
0.566341
0.499678
0.022875
0.947760
0.357661
0.375911
0.017866
0.513281
0.667094
0.635244
0.658394
0.848789
0.390021
0.382926
0.357661
0.462365
0.290658
0.144460
0.962240
0.940331
0.580543
0.478214
0.483494
0.475494
0.649688
0.215763
0.999575
0.177160
0.194957
0.039801
0.306500
0.434080
0.322949
0.368979
0.867378
0.935597
0.275424
0.958545
0.024158
0.279144
0.580543
0.281082
0.441715
0.698805
0.063362
0.028409
0.499678
0.566341
0.940331
0.074303
0.698805
0.557828
0.258960
0.000012
0.434080
0.901408
0.260793
0.901408
0.643949
0.994555
0.491556
0.241635
0.901408
0.236593
0.690166
0.535389
0.951979
0.860501
0.505064
0.549354
0.766291
0.713075
0.690166
0.951979
0.127623
0.173237
0.821730
0.667094
0.758020
0.744157
0.829282
0.589144
0.626544
0.357661
0.841556
0.079397
0.088340
0.626544
0.566341
0.266225
0.749684
0.177160
0.382926
0.199280
0.063362
0.401971
0.421575
0.483494
0.867378
0.649688
0.357661
0.841556
0.264363
0.499678
0.496903
0.829282
0.010298
0.962240
0.667094
0.250182
0.215763
0.074303
0.971109
0.269851
0.779856
0.808960
0.994555
0.008597
0.658394
0.246759
0.589144
0.223587
0.836720
0.867378
0.878466
0.658394
0.681504
0.163153
0.808960
0.758020
0.281082
0.329292
0.994555
0.470257
0.589144
0.333520
0.984769
0.084092
0.603471
0.000176
0.867378
0.011640
0.070668
0.505064
0.821730
0.867378
0.557828
0.667094
0.362130
0.649688
0.981075
0.401971
0.884948
0.566341
0.382926
0.114294
0.566341
0.735726
0.190711
0.387593
0.414138
0.250182
0.103042
0.940331
0.771705
0.483494
0.441715
0.429087
0.690166
0.643949
0.033071
0.300471
0.626544
0.779856
0.635244
0.026438
0.735726
0.147829
0.499678
0.974087
0.449423
0.491556
0.643949
0.557828
0.322949
0.117048
0.808960
0.855893
0.922090
0.779856
0.344325
0.446787
0.991213
0.281082
0.346575
0.690166
0.004246
0.793201
0.000918
0.513281
0.284858
0.454542
0.454542
0.306500
0.951979
0.233315
0.779856
0.727244
0.275424
0.368979
0.652656
0.316692
0.594827
0.848789
0.255445
0.211153
0.801128
0.223587
0.037099
0.475494
0.109849
0.034568
0.589144
0.513281
0.907293
0.793201
0.535389
0.907293
0.758020
0.340005
0.421575
0.449423
0.907293
0.316692
0.779856
0.787927
0.965738
0.316692
0.916674
0.940331
0.713075
0.922090
0.009277
0.841556
0.518727
0.752533
0.173237
0.713075
0.695863
0.672823
0.300471
0.199280
0.735726
0.901408
0.050328
0.215763
0.848789
0.922090
0.137917
0.727244
0.231634
0.749684
0.867378
0.491556
0.496903
0.470257
0.571972
0.922090
0.092778
0.626544
0.449423
0.704484
0.984769
0.166886
0.047782
0.580543
0.867378
0.179787
0.496903
0.036127
0.848789
0.462365
0.998868
0.246759
0.499678
0.199280
0.333520
0.978604
0.557828
0.860501
0.364456
0.836720
0.984769
0.690166
0.535389
0.658394
0.241635
0.779856
0.962240
0.874110
0.449423
0.040864
0.015845
0.483494
0.401971
0.119859
0.735726
0.076183
0.350951
0.884948
0.406779
0.978604
0.907293
0.279144
0.779856
0.867378
0.695863
0.808960
0.821730
0.203680
0.346575
0.836720
0.019768
0.075538
0.758020
0.387593
0.206623
0.496903
0.077446
0.771705
0.340005
0.848789
0.008354
0.658394
0.978604
0.518727
0.571972
0.951979
0.166886
0.241635
0.518727
0.874110
0.603471
0.146673
0.033659
0.015845
0.766291
0.284858
0.549354
0.024596
0.848789
0.375911
0.930673
0.103042
0.986757
0.735726
0.170690
0.214182
0.421575
0.951979
0.371333
0.401971
0.146673
0.215763
0.394742
0.549354
0.364456
0.907293
0.935597
0.103042
0.139014
0.690166
0.337784
0.667094
0.927324
0.603471
0.649688
0.017063
0.470257
0.557828
0.643949
0.589144
0.897436
0.316692
0.269851
0.801128
0.098985
0.874110
0.891273
0.333520
0.965738
0.681504
0.344325
0.496903
0.483494
0.203680
0.273514
0.580543
0.462365
0.891273
0.690166
0.974087
0.704484
0.795913
0.557828
0.284858
0.880693
0.147829
0.535389
0.079397
0.978604
0.855893
0.231634
0.580543
0.521553
0.991213
0.478214
0.316692
0.206623
0.727244
0.475494
0.061772
0.206623
0.821730
0.063362
0.758020
0.063362
0.649688
0.250182
0.808960
0.434080
0.426518
0.603471
0.223587
0.031348
0.958545
0.922090
0.008597
0.169385
0.043818
0.891273
0.475494
0.821730
0.364456
0.011425
0.375911
0.841556
0.855893
0.766291
0.155897
0.962240
0.132684
0.649688
0.571972
0.880693
0.557828
0.147829
0.421575
0.505064
0.540922
0.245003
0.658394
0.635244
0.409279
0.612135
0.346575
0.597771
0.922090
0.228410
0.735726
0.735726
0.580543
0.594827
0.907293
0.357661
0.264363
0.612135
0.316692
0.649688
0.499678
0.626544
0.187953
0.375911
0.491556
0.713075
0.951979
0.077446
0.434080
0.350951
0.962240
0.727244
0.206623
0.119859
0.978604
0.557828
0.060217
0.704484
0.695863
0.127623
0.612135
0.462365
0.290658
0.612135
0.394742
0.787927
0.981075
0.884948
0.004868
0.571972
0.951979
0.194957
0.793201
0.867378
0.169385
0.080707
0.603471
0.884948
0.057717
0.368979
0.098170
0.007965
0.177160
0.382926
0.004868
0.483494
0.421575
0.829282
0.375911
0.727244
0.695863
0.667094
0.667094
0.112510
0.667094
0.183833
0.727244
0.766291
0.758020
0.063362
0.228410
0.543791
0.127623
0.063362
0.635244
0.117048
0.505064
0.749684
0.382926
0.135818
0.795913
0.557828
0.215763
