0.421575
0.050328
0.290658
0.121744
0.401971
0.103042
0.721628
0.052535
0.294528
0.829282
0.779856
0.901408
0.771705
0.766291
0.667094
0.327120
0.690166
0.306500
0.005578
0.635244
0.829282
0.779856
0.658394
0.215763
0.557828
0.275424
0.801128
0.801128
0.250182
0.483494
0.713075
0.901408
0.387593
0.620815
0.626544
0.801128
0.549354
0.994555
0.829282
0.241635
0.626544
0.695863
0.735726
0.878466
0.306500
0.549354
0.187953
0.681504
0.275424
0.758020
0.070668
0.470257
0.557828
0.991213
0.449423
0.117048
0.855893
0.269851
0.075538
0.978604
0.220452
0.414138
0.867378
0.704484
0.543791
0.704484
0.543791
0.518727
0.867378
0.535389
0.779856
0.513281
0.105557
0.061772
0.758020
0.681504
0.382926
0.951979
0.467559
0.441715
0.118894
0.848789
0.566341
0.758020
0.749684
0.965738
0.364456
0.901408
0.001588
0.382926
0.066084
0.965738
0.157114
0.406779
0.135818
0.304435
0.092778
0.535389
0.387593
0.855893
0.322949
0.580543
0.322949
0.713075
0.658394
0.589144
0.294528
0.387593
0.947760
0.220452
0.279144
0.758020
0.368979
0.375911
0.771705
0.264363
0.884948
0.082732
0.552238
0.166886
0.620815
0.077446
0.721628
0.505064
0.540922
0.109849
0.874110
0.930673
0.758020
0.907293
0.855893
0.223587
0.808960
0.457201
0.375911
0.228410
0.801128
0.557828
0.658394
0.499678
0.787927
0.897436
0.947760
0.215763
0.421575
0.658394
0.441715
0.557828
0.758020
0.994555
0.092008
0.907293
0.535389
0.266225
0.771705
0.275424
0.340005
0.483494
0.635244
0.401971
0.127623
0.357661
0.727244
0.000020
0.779856
0.713075
0.470257
0.801128
0.922090
0.978604
0.241635
0.264363
0.505064
0.141156
0.008597
0.505064
0.169385
0.971109
0.713075
0.521553
0.159490
0.540922
0.901408
0.884948
0.855893
0.329292
0.901408
0.951979
0.735726
0.643949
0.037099
0.991213
0.965738
0.690166
0.626544
0.527033
0.147829
0.901408
0.231634
0.132684
0.228410
0.300471
0.513281
0.907293
0.094284
0.867378
0.364456
0.194957
0.290658
0.079397
0.375911
0.922090
0.462365
0.801128
0.672823
0.635244
0.735726
0.505064
0.483494
0.947760
0.690166
0.104694
0.787927
0.105557
0.009277
0.681504
0.884948
0.543791
0.483494
0.467559
0.626544
0.848789
0.571972
0.916674
0.808960
0.793201
0.401971
0.848789
0.211153
0.672823
0.801128
0.635244
0.380525
0.718717
0.119859
0.166886
0.266225
0.050328
0.978604
0.808960
0.090535
0.241635
0.947760
0.077446
0.766291
0.801128
0.690166
0.056256
0.867378
0.441715
0.808960
0.787927
0.098985
0.626544
0.322949
0.557828
0.333520
0.721628
0.375911
0.690166
0.322949
0.940331
0.874110
0.159490
0.527033
0.727244
0.406779
0.483494
0.192150
0.394742
0.727244
0.026438
0.064990
0.357661
0.549354
0.626544
0.063362
0.901408
0.855893
0.004503
0.434080
0.922090
0.821730
0.470257
0.163153
0.612135
0.935597
0.169385
0.103042
0.462365
0.744157
0.626544
0.409279
0.414138
0.672823
0.801128
0.855893
0.441715
0.884948
0.940331
0.394742
0.995551
0.749684
0.300471
0.233315
0.255445
0.612135
0.721628
0.284858
0.126604
0.626544
0.589144
0.801128
0.543791
0.557828
0.079397
0.617854
0.771705
0.779856
0.462365
0.855893
0.758020
0.192150
0.357661
0.142275
0.891273
0.046970
0.727244
0.470257
0.695863
0.787927
0.132684
0.275424
0.681504
0.166886
0.922090
0.984769
0.779856
0.150086
0.922090
0.401971
0.643949
0.130653
0.255445
0.855893
0.922090
0.855893
0.269851
0.821730
0.518727
0.049040
0.978604
0.667094
0.513281
0.841556
0.766291
0.612135
0.884948
0.296545
0.269851
0.197797
0.166886
0.251967
0.907293
0.163153
0.571972
0.414138
0.100580
0.867378
0.713075
0.088340
0.916674
0.012907
0.429087
0.004637
0.836720
0.333520
0.848789
0.713075
0.380525
0.566341
0.368979
0.059212
0.535389
0.147829
0.306500
0.269851
0.038764
0.322949
0.557828
0.100580
0.409279
0.275424
0.470257
0.527033
0.462365
0.163153
0.658394
0.589144
0.801128
0.124654
0.470257
0.971109
0.897436
0.713075
0.513281
0.658394
0.357661
0.364456
0.808960
0.758020
0.535389
0.382926
0.922090
0.962240
0.022258
0.401971
0.306500
0.935597
0.721628
0.096609
0.454542
0.441715
0.704484
0.801128
0.527033
0.771705
0.401971
0.421575
0.181158
0.808960
0.049040
0.441715
0.364456
0.223587
0.518727
0.206623
0.001540
0.483494
0.989675
0.491556
0.275424
0.527033
0.223587
0.612135
0.132684
0.589144
0.053907
0.787927
0.681504
0.672823
0.346575
0.264363
0.322949
0.744157
0.874110
0.050328
0.801128
0.658394
0.011640
0.574890
0.549354
0.589144
0.215763
0.344325
0.041578
0.991213
0.829282
0.018368
0.025970
0.549354
0.667094
0.350951
0.643949
0.340005
0.901408
0.236593
0.100580
0.848789
0.821730
0.557828
0.014305
0.157114
0.667094
0.000000
0.901408
0.612135
0.008597
0.801128
0.771705
0.401971
0.414138
0.406779
0.441715
0.192150
0.401971
0.357661
0.571972
0.855893
0.935597
0.199280
0.848789
0.808960
0.335721
0.698805
0.667094
0.841556
0.727244
0.177160
0.986757
0.306500
0.989675
0.306500
0.449423
0.940331
0.580543
0.206623
0.429087
0.241635
0.279144
0.144460
0.848789
0.965738
0.141156
0.368979
0.231634
0.119859
0.000544
0.704484
0.935597
0.649688
0.246759
0.821730
0.075538
0.059212
0.233315
0.667094
0.681504
0.848789
0.387593
0.758020
0.758020
0.549354
0.841556
0.793201
0.114294
0.264363
0.394742
0.041578
0.589144
0.462365
0.535389
0.457201
0.603471
0.092778
0.063362
0.275424
0.867378
0.635244
0.695863
0.454542
0.211153
0.744157
0.406779
0.543791
0.016595
