0.991213
0.997586
0.223587
0.749684
0.672823
0.177160
0.454542
0.922090
0.147829
0.306500
0.698805
0.135818
0.375911
0.070668
0.848789
0.727244
0.475494
0.860501
0.749684
0.357661
0.821730
0.620815
0.907293
0.491556
0.421575
0.643949
0.421575
0.891273
0.735726
0.801128
0.884948
0.353229
0.829282
0.971109
0.364456
0.177160
0.130653
0.462365
0.434080
0.779856
0.603471
0.329292
0.166886
0.635244
0.048208
0.294528
0.594827
0.808960
0.421575
0.206623
0.927324
0.829282
0.007032
0.053907
0.163153
0.540922
0.165605
0.808960
0.527033
0.462365
0.744157
0.779856
0.496903
0.735726
0.935597
0.640981
0.014305
0.922090
0.290658
0.771705
0.735726
0.025274
0.951979
0.127623
0.364456
0.821730
0.951979
0.981075
0.290658
0.394742
0.100580
0.144460
0.382926
0.290658
0.421575
0.874110
0.009277
0.860501
0.667094
0.170690
0.989675
0.681504
0.597771
0.364456
0.836720
0.521553
0.549354
0.037099
0.771705
0.068911
0.021859
0.940331
0.166886
0.203680
0.758020
0.571972
0.658394
0.513281
0.470257
0.690166
0.543791
0.483494
0.350951
0.019768
0.096609
0.063362
0.375911
0.070668
0.996919
0.340005
0.275424
0.322949
0.378293
0.462365
0.566341
0.808960
0.513281
0.306500
0.698805
0.346575
0.922090
0.132684
0.038764
0.557828
0.051648
0.962240
0.434080
0.643949
0.357661
0.496903
0.316692
0.296545
0.571972
0.203680
0.421575
0.667094
0.589144
0.589144
0.183833
0.416665
0.965738
0.067775
0.874110
0.236593
0.462365
0.884948
0.535389
0.090535
0.735726
0.169385
0.000097
0.357661
0.211153
0.996919
0.829282
0.855893
0.962240
0.744157
0.521553
0.681504
0.787927
0.855893
0.557828
0.505064
0.084803
0.454542
0.344325
0.103042
0.557828
0.779856
0.153566
0.801128
0.260793
0.916674
0.841556
0.053907
0.434080
0.749684
0.901408
0.626544
0.063362
0.758020
0.867378
0.220452
0.884948
0.787927
0.874110
0.002370
0.549354
0.340005
0.186540
0.014305
0.470257
0.290658
0.667094
0.137917
0.306500
0.067775
0.491556
0.409279
0.104694
0.527033
0.571972
0.589144
0.364456
0.233315
0.721628
0.150086
0.441715
0.690166
0.406779
0.470257
0.434080
0.967937
0.727244
0.470257
0.978604
0.971109
0.187953
0.779856
0.364456
0.713075
0.033071
0.690166
0.375911
0.643949
0.867378
0.735726
0.279144
0.649688
0.994555
0.284858
0.978604
0.704484
0.643949
0.045761
0.316692
0.166886
0.211153
0.320806
0.744157
0.704484
0.713075
0.375911
0.922090
0.166886
0.848789
0.690166
0.007965
0.589144
0.867378
0.357661
0.695863
0.566341
0.874110
0.635244
0.801128
0.462365
0.117048
0.127623
0.049040
0.027652
0.090535
0.566341
0.199280
0.006325
0.690166
0.003850
0.255445
0.279144
0.483494
0.322949
0.505064
0.867378
0.801128
0.922090
0.927324
0.426518
0.594827
0.704484
0.284858
0.612135
0.535389
0.409279
0.382926
0.044581
0.848789
0.394742
0.098170
0.446787
0.874110
0.350951
0.340005
0.215763
0.063362
0.986757
0.236593
0.727244
0.470257
0.855893
0.478214
0.290658
0.401971
0.901408
0.147829
0.603471
0.513281
0.721628
0.109849
0.357661
0.951979
0.589144
0.124654
0.721628
0.426518
0.681504
0.290658
0.841556
0.022258
0.787927
0.130653
0.380525
0.333520
0.821730
0.371333
0.496903
0.046970
0.001465
0.483494
0.801128
0.867378
0.462365
0.735726
0.978604
0.808960
0.535389
0.043818
0.951979
0.907293
0.779856
0.836720
0.013654
0.067775
0.103042
0.470257
0.441715
0.350951
0.643949
0.241635
0.250182
0.635244
0.346575
0.749684
0.907293
0.441715
0.031348
0.816691
0.690166
0.603471
0.891273
0.540922
0.017063
0.735726
0.681504
0.096609
0.300471
0.801128
0.603471
0.672823
0.672823
0.147829
0.589144
0.462365
0.269851
0.635244
0.527033
0.787927
0.749684
0.808960
0.288671
0.580543
0.021656
0.744157
0.454542
0.173237
0.603471
0.801128
0.357661
0.475494
0.658394
0.056256
0.658394
0.223587
0.096609
0.744157
0.187953
0.421575
0.121744
0.527033
0.024596
0.513281
0.266225
0.855893
0.296545
0.426518
0.124654
0.135818
0.965738
0.350951
0.513281
0.557828
0.597771
0.194957
0.279144
0.022875
0.801128
0.527033
0.967937
0.681504
0.231634
0.028409
0.015409
0.109849
0.406779
0.401971
0.434080
0.848789
0.667094
0.681504
0.119859
0.029982
0.470257
0.426518
0.357661
0.612135
0.986757
0.483494
0.075538
0.157114
0.571972
0.821730
0.690166
0.362130
0.067775
0.255445
0.147829
0.667094
0.690166
0.082732
0.907293
0.132684
0.304435
0.991213
0.401971
0.727244
0.808960
0.260793
0.233315
0.675784
0.496903
0.867378
0.540922
0.947760
0.603471
0.758020
0.891273
0.543791
0.275424
0.513281
0.962240
0.300471
0.518727
0.735726
0.107244
0.951979
0.907293
0.521553
0.527033
0.626544
0.867378
0.275424
0.187953
0.206623
0.051648
0.867378
0.766291
0.922090
0.357661
0.643949
0.907293
0.017543
0.414138
0.483494
0.306500
0.978604
0.901408
0.940331
0.333520
0.382926
0.884948
0.290658
0.996919
0.867378
0.643949
0.658394
0.475494
0.300471
0.543791
0.727244
0.192150
0.540922
0.793201
0.364456
0.202171
0.907293
0.727244
0.667094
0.907293
0.704484
0.589144
0.103042
0.211153
0.907293
0.801128
0.848789
0.333520
0.491556
0.079397
0.226757
0.958545
0.951979
0.867378
0.255445
0.333520
0.132684
0.333520
0.499678
0.057717
0.294528
0.187953
0.421575
0.011974
0.635244
0.535389
0.793201
0.173237
0.046970
0.513281
0.635244
0.667094
0.163153
0.414138
0.008847
0.801128
0.549354
0.841556
0.333520
0.483494
0.681504
0.901408
0.215763
0.521553
0.005855
0.043818
0.884948
0.841556
