0.821730
0.269851
0.771705
0.496903
0.194957
0.841556
0.574890
0.079397
0.816691
0.771705
0.821730
0.658394
0.521553
0.727244
0.713075
0.721628
0.454542
0.907293
0.414138
0.049040
0.594827
0.698805
0.449423
0.695863
0.752533
0.787927
0.821730
0.681504
0.449423
0.042685
0.927324
0.927324
0.808960
0.658394
0.375911
0.860501
0.603471
0.635244
0.867378
0.077446
0.841556
0.535389
0.940331
0.658394
0.981075
0.971109
0.958545
0.382926
0.012317
0.867378
0.891273
0.218844
0.758020
0.704484
0.096609
0.449423
0.758020
0.841556
0.255445
0.255445
0.935597
0.771705
0.535389
0.690166
0.635244
0.874110
0.535389
0.704484
0.491556
0.603471
0.329292
0.449423
0.163153
0.841556
0.658394
0.429087
0.057717
0.505064
0.884948
0.527033
0.387593
0.749684
0.421575
0.649688
0.177160
0.236593
0.787927
0.713075
0.855893
0.801128
0.215763
0.044581
0.382926
0.491556
0.848789
0.612135
0.704484
0.023935
0.155897
0.848789
0.223587
0.971109
0.072465
0.855893
0.962240
0.496903
0.441715
0.429087
0.375911
0.580543
0.007168
0.649688
0.296545
0.357661
0.031348
0.874110
0.513281
0.159490
0.177160
0.434080
0.571972
0.141156
0.713075
0.000966
0.346575
0.916674
0.658394
0.947760
0.090535
0.387593
0.978604
0.808960
0.382926
0.032199
0.658394
0.279144
0.223587
0.011106
0.947760
0.401971
0.704484
0.672823
0.848789
0.390021
0.284858
0.612135
0.603471
0.962240
0.580543
0.260793
0.521553
0.735726
0.971109
0.449423
0.620815
0.211153
0.436675
0.867378
0.327120
0.690166
0.421575
0.483494
0.306500
0.441715
0.082732
0.635244
0.971109
0.228410
0.860501
0.860501
0.787927
0.294528
0.566341
0.094284
0.088340
0.077446
0.491556
0.499678
0.626544
0.821730
0.829282
0.275424
0.215763
0.375911
0.667094
0.449423
0.947760
0.829282
0.211153
0.387593
0.290658
0.603471
0.779856
0.543791
0.449423
0.284858
0.884948
0.713075
0.635244
0.658394
0.891273
0.695863
0.002443
0.922090
0.793201
0.626544
0.735726
0.704484
0.449423
0.491556
0.194957
0.012317
0.044581
0.103042
0.449423
0.603471
0.306500
0.275424
0.589144
0.300471
0.518727
0.100580
0.749684
0.491556
0.223587
0.107244
0.766291
0.841556
0.907293
0.793201
0.727244
0.394742
0.626544
0.635244
0.513281
0.681504
0.241635
0.612135
0.749684
0.841556
0.275424
0.470257
0.521553
0.829282
0.867378
0.187953
0.557828
0.421575
0.735726
0.173237
0.127623
0.574890
0.779856
0.279144
0.029186
0.518727
0.681504
0.127623
0.589144
0.744157
0.255445
0.375911
0.357661
0.801128
0.867378
0.421575
0.206623
0.848789
0.727244
0.478214
0.052535
0.672823
0.316692
0.409279
0.535389
0.033071
0.521553
0.771705
0.681504
0.681504
0.462365
0.312615
0.269851
0.375911
0.808960
0.704484
0.088340
0.434080
0.965738
0.119859
0.867378
0.505064
0.672823
0.327120
0.255445
0.382926
0.829282
0.821730
0.649688
0.166886
0.704484
0.203680
0.094284
0.004043
0.727244
0.279144
0.821730
0.922090
0.713075
0.713075
0.617854
0.169385
0.322949
0.275424
0.505064
0.357661
0.202171
0.635244
0.727244
0.037099
0.580543
0.793201
0.470257
0.300471
0.704484
0.681504
0.922090
0.801128
0.010298
0.749684
0.922090
0.012907
0.300471
0.255445
0.620815
0.382926
0.841556
0.658394
0.260793
0.658394
0.382926
0.333520
0.518727
0.891273
0.884948
0.808960
0.521553
0.658394
0.821730
0.841556
0.978604
0.014985
0.429087
0.496903
0.462365
0.109849
0.086192
0.801128
0.667094
0.199280
0.032199
0.194957
0.713075
0.187953
0.907293
0.635244
0.580543
0.779856
0.836720
0.147829
0.727244
0.470257
0.127623
0.821730
0.749684
0.051648
0.304435
0.848789
0.821730
0.011753
0.626544
0.727244
0.414138
0.103042
0.048208
0.535389
0.100580
0.211153
0.380525
0.978604
0.061772
0.940331
0.907293
0.594827
0.891273
0.571972
0.406779
0.124654
0.470257
0.801128
0.012670
0.401971
0.475494
0.163153
0.340005
0.698805
0.713075
0.027908
0.649688
0.626544
0.884948
0.779856
0.051194
0.848789
0.300471
0.199280
0.787927
0.079397
0.098985
0.029186
0.713075
0.483494
0.580543
0.245003
0.681504
0.505064
0.090535
0.907293
0.695863
0.470257
0.527033
0.215763
0.070668
0.025274
0.275424
0.316692
0.535389
0.891273
0.051648
0.891273
0.771705
0.005523
0.793201
0.603471
0.855893
0.681504
0.279144
0.808960
0.971109
0.109849
0.557828
0.449423
0.223587
0.228410
0.186540
0.327120
0.557828
0.808960
0.192150
0.183833
0.246759
0.713075
0.821730
0.159490
0.260793
0.901408
0.566341
0.557828
0.029982
0.312615
0.594827
0.206623
0.922090
0.022875
0.255445
0.223587
0.589144
0.635244
0.483494
0.253642
0.173237
0.774492
0.543791
0.246759
0.643949
0.173237
0.021268
0.401971
0.779856
0.580543
0.279144
0.984769
0.891273
0.922090
0.860501
0.223587
0.635244
0.766291
0.690166
0.901408
0.086192
0.246759
0.994555
0.426518
0.867378
0.364456
0.357661
0.290658
0.483494
0.340005
0.766291
0.124654
0.375911
0.557828
0.434080
0.446787
0.836720
0.421575
0.521553
0.310521
0.829282
0.009546
0.922090
0.346575
0.821730
0.635244
0.153566
0.713075
0.735726
0.329292
0.672823
0.491556
0.470257
0.491556
0.037752
0.011106
0.643949
0.173237
0.667094
0.008847
0.434080
0.997586
0.042685
0.008436
0.643949
0.139014
0.037099
0.371333
0.821730
0.135818
0.475494
0.580543
0.327120
0.612135
0.749684
0.927324
0.357661
0.069506
0.721628
0.718717
0.454542
0.183833
0.735726
0.901408
0.056256
0.848789
0.543791
0.462365
0.039801
0.704484
0.801128
0.718717
0.787927
0.620815
0.597771
0.088340
