0.241635
0.626544
0.620815
0.704484
0.867378
0.571972
0.829282
0.841556
0.795913
0.848789
0.744157
0.421575
0.449423
0.741289
0.735726
0.284858
0.135818
0.505064
0.801128
0.223587
0.690166
0.129613
0.173237
0.571972
0.681504
0.884948
0.907293
0.499678
0.147829
0.907293
0.019230
0.094284
0.449423
0.340005
0.766291
0.462365
0.713075
0.626544
0.566341
0.513281
0.916674
0.626544
0.013909
0.394742
0.275424
0.549354
0.290658
0.744157
0.153566
0.947760
0.626544
0.808960
0.848789
0.470257
0.940331
0.635244
0.300471
0.483494
0.288671
0.088340
0.557828
0.867378
0.704484
0.414138
0.112510
0.907293
0.951979
0.801128
0.589144
0.626544
0.074303
0.013276
0.187953
0.891273
0.294528
0.211153
0.991213
0.543791
0.364456
0.316692
0.329292
0.779856
0.333520
0.758020
0.557828
0.038764
0.190711
0.766291
0.984769
0.629509
0.922090
0.163153
0.612135
0.855893
0.580543
0.874110
0.116102
0.667094
0.727244
0.704484
0.151265
0.552238
0.744157
0.199280
0.891273
0.513281
0.312615
0.749684
0.658394
0.375911
0.612135
0.658394
0.020130
0.021859
0.594827
0.119859
0.132684
0.658394
0.935597
0.001184
0.808960
0.124654
0.421575
0.557828
0.913005
0.808960
0.096609
0.681504
0.713075
0.357661
0.841556
0.681504
0.557828
0.112510
0.159490
0.505064
0.535389
0.344325
0.557828
0.626544
0.884948
0.371333
0.749684
0.690166
0.958545
0.192150
0.003193
0.011106
0.290658
0.513281
0.958545
0.005418
0.744157
0.094284
0.340005
0.322949
0.626544
0.626544
0.735726
0.470257
0.199280
0.848789
0.681504
0.513281
0.414138
0.364456
0.766291
0.245003
0.589144
0.922090
0.470257
0.922090
0.357661
0.951979
0.836720
0.077446
0.077446
0.513281
0.874110
0.521553
0.109849
0.364456
0.346575
0.211153
0.580543
0.991213
0.470257
0.375911
0.821730
0.821730
0.704484
0.672823
0.744157
0.907293
0.667094
0.727244
0.836720
0.096609
0.589144
0.023508
0.462365
0.127623
0.589144
0.603471
0.901408
0.635244
0.454542
0.874110
0.681504
0.513281
0.672823
0.891273
0.681504
0.340005
0.907293
0.153566
0.414138
0.144460
0.549354
0.984769
0.333520
0.273514
0.401971
0.441715
0.597771
0.218844
0.589144
0.620815
0.612135
0.841556
0.922090
0.704484
0.901408
0.169385
0.571972
0.571972
0.115226
0.246759
0.518727
0.916674
0.867378
0.109849
0.236593
0.643949
0.269851
0.462365
0.008354
0.758020
0.053907
0.821730
0.626544
0.434080
0.643949
0.549354
0.848789
0.090535
0.290658
0.947760
0.907293
0.414138
0.681504
0.228410
0.727244
0.901408
0.727244
0.907293
0.557828
0.940331
0.203680
0.086192
0.713075
0.022258
0.867378
0.006832
0.357661
0.935597
0.603471
0.566341
0.571972
0.067775
0.038764
0.557828
0.241635
0.192150
0.962240
0.801128
0.962240
0.316692
0.991213
0.667094
0.891273
0.612135
0.470257
0.505064
0.927324
0.027652
0.429087
0.061772
0.179787
0.505064
0.612135
0.848789
0.922090
0.557828
0.483494
0.867378
0.927324
0.228410
0.421575
0.223587
0.690166
0.884948
0.255445
0.170690
0.462365
0.264363
0.580543
0.279144
0.010595
0.690166
0.394742
0.284858
0.543791
0.236593
0.084803
0.231634
0.735726
0.626544
0.124654
0.557828
0.491556
0.382926
0.177160
0.163153
0.098170
0.513281
0.771705
0.971109
0.316692
0.874110
0.935597
0.801128
0.735726
0.228410
0.758020
0.051648
0.727244
0.260793
0.357661
0.594827
0.505064
0.635244
0.713075
0.766291
0.127623
0.441715
0.947760
0.146673
0.077446
0.658394
0.744157
0.382926
0.867378
0.521553
0.603471
0.658394
0.704484
0.144460
0.681504
0.135818
0.177160
0.380525
0.667094
0.320806
0.735726
0.543791
0.194957
0.421575
0.499678
0.340005
0.127623
0.255445
0.130653
0.505064
0.884948
0.020692
0.011425
0.557828
0.187953
0.409279
0.848789
0.891273
0.223587
0.375911
0.735726
0.340005
0.749684
0.874110
0.971109
0.998463
0.021859
0.836720
0.884948
0.086192
0.635244
0.571972
0.612135
0.667094
0.958545
0.867378
0.491556
0.829282
0.999575
0.075538
0.264363
0.667094
0.067775
0.350951
0.916674
0.119859
0.462365
0.518727
0.922090
0.855893
0.483494
0.855893
0.667094
0.901408
0.597771
0.340005
0.067775
0.991213
0.901408
0.441715
0.907293
0.801128
0.034568
0.223587
0.117048
0.958545
0.543791
0.344325
0.203680
0.144460
0.675784
0.597771
0.867378
0.626544
0.316692
0.779856
0.077446
0.836720
0.109849
0.620815
0.521553
0.816691
0.357661
0.250182
0.787927
0.462365
0.891273
0.667094
0.441715
0.483494
0.829282
0.290658
0.153566
0.454542
0.758020
0.620815
0.499678
0.483494
0.375911
0.491556
0.346575
0.019230
0.907293
0.449423
0.566341
0.290658
0.275424
0.401971
0.951979
0.612135
0.284858
0.521553
0.652656
0.192150
0.779856
0.304435
0.434080
0.039801
0.401971
0.603471
0.279144
0.371333
0.375911
0.735726
0.183833
0.681504
0.935597
0.041578
0.067775
0.672823
0.787927
0.132684
0.146673
0.499678
0.603471
0.535389
0.779856
0.958545
0.566341
0.626544
0.735726
0.958545
0.947760
0.771705
0.829282
0.891273
0.340005
0.829282
0.111596
0.922090
0.690166
0.681504
0.557828
0.181158
0.566341
0.364456
0.922090
0.597771
0.478214
0.449423
0.340005
0.787927
0.441715
0.002324
0.594827
0.127623
0.215763
0.808960
0.617854
0.557828
0.241635
0.626544
0.867378
0.962240
0.658394
0.922090
0.329292
0.971109
0.571972
0.971109
0.793201
0.029186
0.344325
0.226757
0.527033
0.744157
0.505064
0.574890
0.147829
0.801128
0.978604
0.735726
0.771705
0.901408
0.446787
0.245003
0.626544
0.067775
0.681504
0.153566
0.483494
0.223587
