0.897436
0.620815
0.027908
0.971109
0.801128
0.735726
0.173237
0.047782
0.795913
0.978604
0.031348
0.441715
0.855893
0.690166
0.462365
0.441715
0.658394
0.571972
0.036127
0.974087
0.421575
0.557828
0.340005
0.269851
0.061772
0.194957
0.284858
0.557828
0.721628
0.749684
0.821730
0.626544
0.612135
0.884948
0.574890
0.211153
0.275424
0.144460
0.549354
0.848789
0.672823
0.426518
0.290658
0.462365
0.801128
0.414138
0.779856
0.135818
0.821730
0.284858
0.375911
0.801128
0.527033
0.499678
0.603471
0.409279
0.173237
0.513281
0.713075
0.031348
0.603471
0.042685
0.821730
0.695863
0.749684
0.340005
0.543791
0.300471
0.913005
0.364456
0.535389
0.144460
0.829282
0.829282
0.434080
0.382926
0.496903
0.808960
0.643949
0.801128
0.916674
0.901408
0.649688
0.594827
0.795913
0.015845
0.603471
0.000696
0.793201
0.695863
0.039801
0.695863
0.571972
0.228410
0.891273
0.855893
0.139014
0.211153
0.749684
0.808960
0.704484
0.821730
0.535389
0.300471
0.635244
0.364456
0.771705
0.801128
0.446787
0.612135
0.626544
0.612135
0.269851
0.144460
0.713075
0.695863
0.704484
0.848789
0.014985
0.935597
0.603471
0.821730
0.848789
0.434080
0.848789
0.333520
0.580543
0.981075
0.039801
0.779856
0.907293
0.012907
0.483494
0.130653
0.836720
0.306500
0.758020
0.721628
0.735726
0.626544
0.649688
0.107244
0.727244
0.801128
0.279144
0.704484
0.867378
0.947760
0.170690
0.401971
0.382926
0.266225
0.549354
0.690166
0.003738
0.316692
0.867378
0.922090
0.454542
0.922090
0.478214
0.306500
0.749684
0.787927
0.643949
0.681504
0.011106
0.098170
0.984769
0.907293
0.690166
0.698805
0.749684
0.124654
0.470257
0.160731
0.658394
0.211153
0.143326
0.063362
0.566341
0.483494
0.735726
0.571972
0.557828
0.612135
0.364456
0.566341
0.951979
0.891273
0.749684
0.867378
0.434080
0.027908
0.749684
0.436675
0.681504
0.150086
0.068911
0.333520
0.513281
0.088340
0.612135
0.981075
0.346575
0.357661
0.667094
0.066084
0.346575
0.884948
0.795913
0.580543
0.346575
0.346575
0.449423
0.816691
0.021859
0.505064
0.801128
0.649688
0.031348
0.907293
0.399498
0.557828
0.068911
0.704484
0.255445
0.394742
0.735726
0.144460
0.884948
0.681504
0.296545
0.672823
0.984769
0.215763
0.681504
0.821730
0.829282
0.589144
0.667094
0.333520
0.930673
0.571972
0.566341
0.649688
0.169385
0.771705
0.907293
0.258960
0.203680
0.874110
0.907293
0.713075
0.672823
0.241635
0.000241
0.951979
0.090535
0.166886
0.557828
0.713075
0.521553
0.658394
0.855893
0.884948
0.357661
0.478214
0.589144
0.971109
0.211153
0.867378
0.127623
0.387593
0.109849
0.698805
0.681504
0.449423
0.940331
0.284858
0.513281
0.626544
0.121744
0.681504
0.867378
0.643949
0.658394
0.187953
0.649688
0.454542
0.962240
0.082732
0.434080
0.580543
0.382926
0.129613
0.169385
0.236593
0.454542
0.681504
0.916674
0.543791
0.010298
0.681504
0.112510
0.793201
0.958545
0.580543
0.344325
0.848789
0.787927
0.713075
0.994555
0.483494
0.505064
0.603471
0.000872
0.947760
0.454542
0.727244
0.681504
0.275424
0.617854
0.155897
0.163153
0.109849
0.913005
0.231634
0.421575
0.978604
0.649688
0.264363
0.264363
0.996919
0.050328
0.713075
0.132684
0.505064
0.250182
0.571972
0.566341
0.316692
0.096609
0.958545
0.441715
0.626544
0.357661
0.766291
0.821730
0.658394
0.228410
0.246759
0.549354
0.571972
0.414138
0.566341
0.927324
0.867378
0.589144
0.434080
0.766291
0.643949
0.001080
0.620815
0.170690
0.766291
0.962240
0.056256
0.774492
0.300471
0.681504
0.327120
0.166886
0.922090
0.958545
0.449423
0.766291
0.462365
0.218844
0.357661
0.643949
0.215763
0.891273
0.350951
0.478214
0.211153
0.505064
0.808960
0.231634
0.041578
0.340005
0.269851
0.848789
0.821730
0.841556
0.779856
0.070668
0.033659
0.744157
0.860501
0.264363
0.901408
0.695863
0.215763
0.612135
0.066084
0.192150
0.521553
0.032771
0.401971
0.375911
0.350951
0.704484
0.199280
0.470257
0.713075
0.749684
0.557828
0.793201
0.935597
0.009104
0.901408
0.658394
0.092778
0.801128
0.779856
0.316692
0.375911
0.318816
0.848789
0.801128
0.626544
0.203680
0.109849
0.070668
0.304435
0.566341
0.350951
0.414138
0.029186
0.406779
0.518727
0.681504
0.612135
0.916674
0.836720
0.003455
0.994555
0.505064
0.704484
0.462365
0.421575
0.867378
0.010595
0.571972
0.414138
0.566341
0.540922
0.350951
0.867378
0.626544
0.727244
0.749684
0.026438
0.704484
0.414138
0.704484
0.557828
0.132684
0.771705
0.779856
0.713075
0.649688
0.275424
0.658394
0.032199
0.935597
0.462365
0.571972
0.713075
0.735726
0.891273
0.064431
0.052535
0.153566
0.884948
0.907293
0.310521
0.066084
0.050328
0.974087
0.357661
0.566341
0.727244
0.681504
0.612135
0.535389
0.958545
0.505064
0.626544
0.927324
0.169385
0.635244
0.333520
0.529876
0.658394
0.695863
0.574890
0.658394
0.064431
0.658394
0.290658
0.749684
0.978604
0.971109
0.109849
0.409279
0.223587
0.771705
0.284858
0.779856
0.848789
0.829282
0.421575
0.620815
0.626544
0.913005
0.971109
0.333520
0.131630
0.290658
0.801128
0.340005
0.505064
0.658394
0.836720
0.922090
0.505064
0.135818
0.771705
0.067775
0.603471
0.329292
0.907293
0.801128
0.713075
0.758020
0.462365
0.690166
0.063362
0.971109
0.841556
0.187953
0.801128
0.913005
0.255445
0.462365
0.401971
0.540922
0.387593
0.566341
0.067775
0.290658
0.401971
0.566341
0.491556
0.031348
0.535389
0.382926
0.074303
0.626544
0.340005
0.350951
0.649688
0.394742
0.096609
