0.874110
0.612135
0.290658
0.884948
0.589144
0.414138
0.922090
0.080707
0.112510
0.635244
0.940331
0.194957
0.821730
0.041578
0.620815
0.612135
0.475494
0.891273
0.916674
0.441715
0.793201
0.107244
0.241635
0.046970
0.029186
0.414138
0.940331
0.867378
0.199280
0.382926
0.199280
0.594827
0.658394
0.675784
0.713075
0.821730
0.327120
0.557828
0.867378
0.382926
0.357661
0.984769
0.394742
0.658394
0.306500
0.922090
0.643949
0.000012
0.144460
0.269851
0.667094
0.092778
0.043818
0.713075
0.594827
0.394742
0.491556
0.801128
0.735726
0.173237
0.958545
0.187953
0.891273
0.829282
0.203680
0.907293
0.580543
0.521553
0.028409
0.821730
0.690166
0.571972
0.848789
0.940331
0.779856
0.808960
0.571972
0.006447
0.059212
0.119859
0.735726
0.801128
0.513281
0.394742
0.758020
0.704484
0.874110
0.713075
0.290658
0.327120
0.187953
0.808960
0.269851
0.340005
0.375911
0.667094
0.884948
0.333520
0.635244
0.199280
0.310521
0.841556
0.620815
0.421575
0.153566
0.721628
0.250182
0.580543
0.991213
0.203680
0.036127
0.375911
0.233315
0.626544
0.535389
0.007593
0.505064
0.344325
0.704484
0.406779
0.612135
0.008597
0.713075
0.681504
0.891273
0.135818
0.681504
0.848789
0.922090
0.829282
0.357661
0.841556
0.155897
0.005262
0.316692
0.557828
0.986757
0.310521
0.922090
0.421575
0.273514
0.704484
0.727244
0.922090
0.971109
0.141156
0.467559
0.907293
0.137917
0.044980
0.787927
0.829282
0.414138
0.867378
0.245003
0.483494
0.513281
0.617854
0.344325
0.082732
0.901408
0.491556
0.275424
0.322949
0.255445
0.821730
0.947760
0.744157
0.860501
0.922090
0.667094
0.340005
0.449423
0.264363
0.681504
0.518727
0.223587
0.874110
0.922090
0.401971
0.951979
0.316692
0.518727
0.199280
0.962240
0.194957
0.401971
0.414138
0.874110
0.626544
0.491556
0.483494
0.177160
0.306500
0.698805
0.100580
0.426518
0.264363
0.010298
0.603471
0.039801
0.518727
0.793201
0.766291
0.236593
0.649688
0.214182
0.801128
0.421575
0.916674
0.124654
0.215763
0.100580
0.658394
0.935597
0.371333
0.177160
0.014305
0.580543
0.735726
0.913005
0.475494
0.626544
0.100580
0.007965
0.557828
0.371333
0.922090
0.735726
0.290658
0.157114
0.620815
0.371333
0.109849
0.150086
0.535389
0.029186
0.144460
0.050328
0.907293
0.429087
0.867378
0.557828
0.935597
0.187953
0.141156
0.612135
0.681504
0.735726
0.808960
0.454542
0.841556
0.036127
0.829282
0.397198
0.061772
0.808960
0.203680
0.159490
0.462365
0.421575
0.255445
0.056750
0.401971
0.658394
0.787927
0.513281
0.316692
0.166886
0.357661
0.322949
0.735726
0.166886
0.922090
0.907293
0.594827
0.848789
0.557828
0.199280
0.855893
0.246759
0.681504
0.713075
0.667094
0.971109
0.284858
0.566341
0.279144
0.891273
0.704484
0.787927
0.862861
0.475494
0.070668
0.829282
0.382926
0.580543
0.026438
0.907293
0.713075
0.704484
0.978604
0.434080
0.077446
0.421575
0.557828
0.075538
0.891273
0.771705
0.288671
0.255445
0.907293
0.401971
0.047782
0.147829
0.808960
0.103042
0.214182
0.713075
0.357661
0.002725
0.758020
0.884948
0.626544
0.036127
0.997586
0.103042
0.626544
0.390021
0.951979
0.105557
0.704484
0.078727
0.518727
0.771705
0.279144
0.891273
0.462365
0.690166
0.874110
0.704484
0.109849
0.771705
0.310521
0.346575
0.848789
0.612135
0.771705
0.951979
0.146673
0.620815
0.340005
0.612135
0.808960
0.121744
0.150086
0.698805
0.821730
0.002082
0.766291
0.951979
0.505064
0.211153
0.884948
0.874110
0.394742
0.974087
0.867378
0.441715
0.039801
0.475494
0.649688
0.000561
0.667094
0.084803
0.042685
0.603471
0.434080
0.808960
0.475494
0.505064
0.984769
0.505064
0.695863
0.187953
0.589144
0.333520
0.766291
0.808960
0.552238
0.603471
0.984769
0.394742
0.368979
0.801128
0.401971
0.429087
0.766291
0.612135
0.612135
0.096609
0.787927
0.675784
0.597771
0.681504
0.496903
0.704484
0.333520
0.927324
0.177160
0.124654
0.211153
0.163153
0.667094
0.962240
0.394742
0.462365
0.643949
0.996919
0.808960
0.387593
0.779856
0.072465
0.255445
0.206623
0.771705
0.589144
0.962240
0.821730
0.860501
0.758020
0.121744
0.505064
0.333520
0.612135
0.211153
0.612135
0.681504
0.357661
0.672823
0.718717
0.394742
0.978604
0.891273
0.566341
0.907293
0.808960
0.589144
0.462365
0.841556
0.658394
0.672823
0.375911
0.962240
0.014711
0.032199
0.346575
0.557828
0.078727
0.690166
0.557828
0.483494
0.346575
0.829282
0.117048
0.067775
0.387593
0.978604
0.758020
0.874110
0.371333
0.612135
0.557828
0.003354
0.978604
0.002645
0.304435
0.766291
0.727244
0.681504
0.169385
0.907293
0.394742
0.089781
0.429087
0.867378
0.848789
0.713075
0.758020
0.441715
0.421575
0.589144
0.056256
0.951979
0.779856
0.215763
0.518727
0.329292
0.874110
0.535389
0.401971
0.117048
0.543791
0.409279
0.829282
0.462365
0.971109
0.907293
0.462365
0.801128
0.076791
0.357661
0.884948
0.727244
0.971109
0.816691
0.829282
0.571972
0.658394
0.643949
0.848789
0.155897
0.771705
0.727244
0.891273
0.008197
0.357661
0.505064
0.475494
0.649688
0.306500
0.004503
0.597771
0.042685
0.994555
0.521553
0.549354
0.121744
0.029186
0.357661
0.344325
0.681504
0.749684
0.713075
0.884948
0.300471
0.521553
0.387593
0.121744
0.375911
0.401971
0.527033
0.434080
0.695863
0.290658
0.049040
0.013909
0.375911
0.124654
0.848789
0.086192
0.177160
0.290658
0.698805
0.441715
0.166886
0.612135
0.199280
0.884948
0.836720
0.612135
0.884948
0.704484
0.527033
0.779856
0.649688
