0.940331
0.371333
0.228410
0.192150
0.306500
0.681504
0.260793
0.346575
0.744157
0.470257
0.421575
0.978604
0.566341
0.867378
0.028409
0.535389
0.758020
0.922090
0.978604
0.199280
0.690166
0.808960
0.416665
0.203680
0.808960
0.626544
0.147829
0.549354
0.009016
0.635244
0.340005
0.483494
0.681504
0.801128
0.563435
0.275424
0.029186
0.690166
0.907293
0.029186
0.052535
0.082732
0.250182
0.039801
0.643949
0.119859
0.121744
0.913005
0.713075
0.779856
0.058699
0.535389
0.094284
0.543791
0.496903
0.549354
0.236593
0.681504
0.483494
0.183833
0.907293
0.535389
0.462365
0.013909
0.387593
0.681504
0.884948
0.023291
0.211153
0.246759
0.557828
0.580543
0.821730
0.316692
0.505064
0.357661
0.727244
0.971109
0.426518
0.721628
0.434080
0.491556
0.312615
0.867378
0.603471
0.649688
0.891273
0.211153
0.273514
0.228410
0.275424
0.956001
0.049040
0.594827
0.891273
0.401971
0.024596
0.667094
0.603471
0.122729
0.855893
0.166886
0.758020
0.884948
0.344325
0.841556
0.589144
0.454542
0.020692
0.704484
0.690166
0.233315
0.505064
0.867378
0.681504
0.505064
0.483494
0.329292
0.749684
0.357661
0.667094
0.177160
0.735726
0.779856
0.947760
0.884948
0.449423
0.713075
0.704484
0.284858
0.434080
0.801128
0.841556
0.878466
0.449423
0.426518
0.483494
0.635244
0.050328
0.421575
0.884948
0.186540
0.658394
0.643949
0.690166
0.426518
0.643949
0.002146
0.549354
0.891273
0.357661
0.735726
0.821730
0.183833
0.984769
0.094284
0.513281
0.000500
0.401971
0.744157
0.735726
0.978604
0.505064
0.329292
0.199280
0.013276
0.535389
0.801128
0.462365
0.962240
0.375911
0.884948
0.521553
0.727244
0.266225
0.594827
0.867378
0.181158
0.121744
0.814067
0.727244
0.251967
0.119859
0.496903
0.841556
0.749684
0.695863
0.005687
0.061772
0.340005
0.787927
0.446787
0.612135
0.513281
0.713075
0.470257
0.012317
0.901408
0.527033
0.211153
0.667094
0.603471
0.421575
0.848789
0.016293
0.187953
0.913005
0.771705
0.364456
0.603471
0.566341
0.491556
0.667094
0.643949
0.513281
0.026438
0.322949
0.414138
0.978604
0.935597
0.409279
0.446787
0.690166
0.043818
0.658394
0.867378
0.841556
0.749684
0.771705
0.681504
0.057717
0.612135
0.922090
0.713075
0.927324
0.382926
0.713075
0.236593
0.015409
0.713075
0.316692
0.429087
0.382926
0.300471
0.855893
0.340005
0.935597
0.958545
0.907293
0.421575
0.406779
0.382926
0.978604
0.735726
0.930673
0.713075
0.566341
0.695863
0.626544
0.236593
0.449423
0.617854
0.612135
0.499678
0.009016
0.357661
0.132684
0.147829
0.010009
0.860501
0.375911
0.454542
0.626544
0.612135
0.236593
0.958545
0.667094
0.801128
0.667094
0.401971
0.848789
0.884948
0.001393
0.098985
0.658394
0.021268
0.971109
0.984769
0.901408
0.505064
0.981075
0.922090
0.884948
0.626544
0.735726
0.649688
0.316692
0.245003
0.766291
0.144460
0.279144
0.011640
0.236593
0.557828
0.874110
0.014711
0.382926
0.406779
0.518727
0.891273
0.927324
0.513281
0.848789
0.190711
0.594827
0.211153
0.505064
0.801128
0.364456
0.867378
0.907293
0.173237
0.382926
0.521553
0.758020
0.580543
0.401971
0.766291
0.394742
0.284858
0.449423
0.667094
0.867378
0.589144
0.681504
0.241635
0.505064
0.848789
0.088340
0.187953
0.635244
0.927324
0.129613
0.275424
0.098170
0.779856
0.986757
0.675784
0.434080
0.163153
0.072465
0.387593
0.658394
0.157114
0.951979
0.704484
0.255445
0.013524
0.231634
0.449423
0.269851
0.057717
0.935597
0.901408
0.867378
0.527033
0.821730
0.721628
0.603471
0.449423
0.808960
0.371333
0.793201
0.793201
0.103042
0.521553
0.513281
0.907293
0.446787
0.580543
0.073672
0.793201
0.951979
0.571972
0.505064
0.441715
0.070668
0.288671
0.808960
0.177160
0.075538
0.499678
0.316692
0.891273
0.927324
0.114294
0.947760
0.557828
0.340005
0.649688
0.527033
0.589144
0.255445
0.884948
0.557828
0.000022
0.483494
0.375911
0.375911
0.496903
0.916674
0.779856
0.901408
0.907293
0.169385
0.362130
0.749684
0.557828
0.704484
0.935597
0.940331
0.092778
0.801128
0.364456
0.057717
0.867378
0.940331
0.269851
0.290658
0.821730
0.046970
0.727244
0.907293
0.951979
0.454542
0.255445
0.735726
0.829282
0.306500
0.012907
0.829282
0.057717
0.211153
0.284858
0.779856
0.649688
0.771705
0.971109
0.571972
0.758020
0.194957
0.290658
0.557828
0.079397
0.557828
0.860501
0.421575
0.421575
0.470257
0.177160
0.470257
0.513281
0.779856
0.848789
0.672823
0.236593
0.727244
0.394742
0.874110
0.223587
0.112510
0.635244
0.387593
0.589144
0.930673
0.441715
0.019768
0.203680
0.316692
0.727244
0.340005
0.681504
0.940331
0.499678
0.808960
0.535389
0.867378
0.996919
0.505064
0.478214
0.855893
0.042685
0.429087
0.329292
0.273514
0.064431
0.260793
0.183833
0.009546
0.891273
0.371333
0.112510
0.984769
0.649688
0.681504
0.779856
0.658394
0.704484
0.368979
0.218844
0.483494
0.821730
0.991213
0.962240
0.436675
0.269851
0.589144
0.150086
0.589144
0.962240
0.449423
0.855893
0.594827
0.209600
0.947760
0.612135
0.566341
0.727244
0.100580
0.322949
0.612135
0.017866
0.340005
0.848789
0.421575
0.290658
0.436675
0.749684
0.713075
0.112510
0.046970
0.401971
0.658394
0.935597
0.409279
0.574890
0.072465
0.962240
0.082732
0.024158
0.681504
0.566341
0.449423
0.284858
0.735726
0.146673
0.250182
0.884948
0.163153
0.779856
0.092778
0.102197
0.580543
0.535389
0.589144
0.387593
0.050328
0.626544
0.491556
0.867378
0.758020
0.989675
0.891273
0.382926
0.574890
0.203680
