0.406779
0.231634
0.986757
0.907293
0.996919
0.884948
0.735726
0.214182
0.350951
0.617854
0.801128
0.999575
0.848789
0.771705
0.211153
0.808960
0.019768
0.727244
0.414138
0.014305
0.186540
0.053907
0.727244
0.114294
0.681504
0.589144
0.483494
0.255445
0.771705
0.947760
0.927324
0.612135
0.153566
0.874110
0.375911
0.626544
0.922090
0.228410
0.491556
0.228410
0.080707
0.947760
0.246759
0.284858
0.041578
0.935597
0.978604
0.063362
0.848789
0.543791
0.357661
0.269851
0.322949
0.117048
0.098170
0.364456
0.371333
0.787927
0.766291
0.535389
0.958545
0.996919
0.808960
0.316692
0.704484
0.401971
0.635244
0.681504
0.527033
0.744157
0.880693
0.874110
0.063362
0.382926
0.368979
0.016595
0.891273
0.255445
0.021268
0.382926
0.779856
0.867378
0.571972
0.808960
0.727244
0.620815
0.771705
0.033659
0.505064
0.387593
0.399498
0.635244
0.951979
0.306500
0.922090
0.713075
0.836720
0.505064
0.382926
0.127623
0.779856
0.105557
0.981075
0.434080
0.046970
0.649688
0.907293
0.829282
0.505064
0.275424
0.454542
0.290658
0.434080
0.793201
0.698805
0.187953
0.066084
0.793201
0.124654
0.704484
0.462365
0.930673
0.695863
0.173237
0.333520
0.068911
0.658394
0.874110
0.589144
0.658394
0.549354
0.127623
0.462365
0.543791
0.449423
0.406779
0.067775
0.026438
0.867378
0.112510
0.483494
0.884948
0.557828
0.394742
0.951979
0.779856
0.735726
0.816691
0.281082
0.044581
0.316692
0.166886
0.986757
0.667094
0.215763
0.382926
0.727244
0.603471
0.986757
0.643949
0.727244
0.104694
0.580543
0.467559
0.203680
0.470257
0.874110
0.801128
0.612135
0.667094
0.429087
0.704484
0.841556
0.779856
0.475494
0.681504
0.635244
0.829282
0.841556
0.589144
0.279144
0.114294
0.462365
0.771705
0.735726
0.228410
0.787927
0.074303
0.049040
0.429087
0.681504
0.387593
0.021268
0.580543
0.414138
0.658394
0.848789
0.375911
0.346575
0.543791
0.009822
0.312615
0.513281
0.269851
0.170690
0.758020
0.144460
0.223587
0.034568
0.434080
0.557828
0.061772
0.022875
0.513281
0.036127
0.401971
0.107244
0.721628
0.449423
0.649688
0.340005
0.891273
0.116102
0.935597
0.421575
0.018368
0.499678
0.414138
0.935597
0.024596
0.658394
0.139014
0.006325
0.658394
0.429087
0.203680
0.848789
0.758020
0.039115
0.801128
0.067775
0.129613
0.310521
0.704484
0.801128
0.028409
0.357661
0.829282
0.557828
0.103042
0.215763
0.771705
0.589144
0.003850
0.580543
0.368979
0.735726
0.470257
0.658394
0.236593
0.022875
0.159490
0.401971
0.008597
0.649688
0.779856
0.848789
0.891273
0.002593
0.891273
0.260793
0.566341
0.294528
0.935597
0.922090
0.727244
0.357661
0.962240
0.801128
0.414138
0.114294
0.672823
0.758020
0.884948
0.340005
0.766291
0.241635
0.935597
0.690166
0.454542
0.620815
0.316692
0.181158
0.357661
0.667094
0.513281
0.535389
0.228410
0.518727
0.552238
0.177160
0.658394
0.082732
0.626544
0.566341
0.215763
0.965738
0.144460
0.401971
0.594827
0.589144
0.170690
0.808960
0.947760
0.617854
0.505064
0.995551
0.144460
0.527033
0.649688
0.821730
0.766291
0.088340
0.483494
0.958545
0.779856
0.681504
0.841556
0.635244
0.051648
0.505064
0.779856
0.580543
0.150086
0.766291
0.947760
0.449423
0.580543
0.690166
0.535389
0.513281
0.082732
0.199280
0.157114
0.409279
0.387593
0.350951
0.962240
0.470257
0.981075
0.173237
0.067775
0.441715
0.727244
0.426518
0.228410
0.275424
0.907293
0.061772
0.344325
0.127623
0.971109
0.329292
0.008597
0.836720
0.962240
0.127623
0.727244
0.557828
0.446787
0.231634
0.658394
0.940331
0.173237
0.922090
0.088340
0.220452
0.199280
0.141156
0.236593
0.549354
0.187953
0.211153
0.387593
0.527033
0.042685
0.884948
0.394742
0.255445
0.643949
0.040864
0.612135
0.206623
0.231634
0.535389
0.304435
0.006832
0.727244
0.681504
0.901408
0.855893
0.211153
0.801128
0.069506
0.704484
0.735726
0.808960
0.997586
0.681504
0.984769
0.109849
0.617854
0.535389
0.681504
0.163153
0.011425
0.267971
0.658394
0.749684
0.758020
0.499678
0.300471
0.713075
0.037752
0.626544
0.787927
0.203680
0.072465
0.735726
0.513281
0.821730
0.901408
0.771705
0.157114
0.635244
0.535389
0.935597
0.552238
0.643949
0.228410
0.735726
0.907293
0.829282
0.527033
0.867378
0.635244
0.074303
0.801128
0.103042
0.672823
0.264363
0.103042
0.672823
0.612135
0.922090
0.226757
0.549354
0.793201
0.462365
0.429087
0.884948
0.962240
0.375911
0.698805
0.566341
0.704484
0.187953
0.371333
0.228410
0.505064
0.867378
0.055312
0.327120
0.329292
0.057717
0.821730
0.962240
0.603471
0.344325
0.672823
0.758020
0.620815
0.002697
0.375911
0.294528
0.779856
0.874110
0.434080
0.414138
0.231634
0.284858
0.855893
0.108126
0.040864
0.635244
0.255445
0.566341
0.808960
0.848789
0.470257
0.306500
0.771705
0.867378
0.766291
0.312615
0.105557
0.152372
0.394742
0.766291
0.620815
0.612135
0.371333
0.907293
0.695863
0.821730
0.927324
0.984769
0.382926
0.000100
0.935597
0.387593
0.327120
0.779856
0.470257
0.203680
0.070668
0.543791
0.626544
0.617854
0.483494
0.057717
0.867378
0.255445
0.891273
0.829282
0.166886
0.681504
0.971109
0.077446
0.179787
0.667094
0.375911
0.521553
0.223587
0.935597
0.333520
0.462365
0.090535
0.333520
0.241635
0.211153
0.681504
0.771705
0.491556
0.454542
0.690166
0.088340
0.462365
0.626544
0.951979
0.211153
0.986757
0.290658
0.749684
0.848789
0.092008
0.414138
0.187953
0.429087
0.552238
0.617854
0.787927
0.231634
0.947760
0.947760
0.766291
