0.129613
0.635244
0.635244
0.350951
0.269851
0.620815
0.228410
0.153566
0.409279
0.974087
0.375911
0.019230
0.704484
0.681504
0.947760
0.991213
0.681504
0.643949
0.962240
0.935597
0.841556
0.951979
0.023508
0.284858
0.984769
0.025274
0.223587
0.940331
0.194957
0.867378
0.322949
0.414138
0.580543
0.401971
0.848789
0.513281
0.901408
0.144460
0.290658
0.962240
0.695863
0.713075
0.260793
0.787927
0.096609
0.766291
0.368979
0.829282
0.758020
0.971109
0.907293
0.649688
0.713075
0.098985
0.107244
0.100580
0.704484
0.082732
0.907293
0.612135
0.179787
0.704484
0.626544
0.947760
0.103042
0.779856
0.922090
0.011974
0.787927
0.246759
0.808960
0.752533
0.735726
0.829282
0.290658
0.449423
0.841556
0.589144
0.401971
0.658394
0.626544
0.672823
0.211153
0.749684
0.643949
0.390021
0.793201
0.527033
0.241635
0.713075
0.000294
0.518727
0.801128
0.082732
0.053907
0.867378
0.721628
0.233315
0.368979
0.848789
0.874110
0.620815
0.635244
0.704484
0.434080
0.829282
0.841556
0.589144
0.096609
0.891273
0.505064
0.771705
0.449423
0.698805
0.194957
0.250182
0.991213
0.527033
0.527033
0.290658
0.571972
0.940331
0.491556
0.327120
0.829282
0.727244
0.580543
0.626544
0.003193
0.787927
0.935597
0.667094
0.245003
0.108126
0.758020
0.951979
0.681504
0.549354
0.169385
0.658394
0.612135
0.046554
0.414138
0.996919
0.698805
0.735726
0.269851
0.540922
0.441715
0.003354
0.574890
0.758020
0.549354
0.956001
0.127623
0.801128
0.978604
0.974087
0.236593
0.296545
0.749684
0.491556
0.322949
0.643949
0.848789
0.327120
0.269851
0.874110
0.744157
0.382926
0.635244
0.940331
0.855893
0.300471
0.626544
0.215763
0.801128
0.304435
0.821730
0.250182
0.829282
0.375911
0.994555
0.603471
0.077446
0.978604
0.704484
0.306500
0.215763
0.758020
0.368979
0.027908
0.779856
0.088340
0.100580
0.681504
0.082732
0.704484
0.574890
0.194957
0.177160
0.816691
0.269851
0.340005
0.978604
0.874110
0.874110
0.612135
0.441715
0.935597
0.051648
0.801128
0.981075
0.779856
0.922090
0.053907
0.589144
0.808960
0.947760
0.690166
0.000675
0.250182
0.721628
0.635244
0.202171
0.304435
0.718717
0.626544
0.003193
0.735726
0.971109
0.907293
0.766291
0.916674
0.758020
0.672823
0.867378
0.695863
0.094284
0.758020
0.203680
0.667094
0.322949
0.958545
0.483494
0.891273
0.927324
0.971109
0.394742
0.829282
0.333520
0.203680
0.483494
0.958545
0.449423
0.795913
0.177160
0.382926
0.483494
0.690166
0.690166
0.375911
0.922090
0.612135
0.010595
0.011974
0.121744
0.483494
0.907293
0.127623
0.821730
0.771705
0.107244
0.009277
0.779856
0.296545
0.414138
0.163153
0.306500
0.513281
0.766291
0.793201
0.779856
0.320806
0.518727
0.409279
0.505064
0.848789
0.672823
0.329292
0.860501
0.984769
0.855893
0.109849
0.860501
0.643949
0.958545
0.672823
0.766291
0.704484
0.549354
0.350951
0.194957
0.594827
0.187953
0.935597
0.816691
0.907293
0.867378
0.779856
0.104694
0.617854
0.891273
0.163153
0.658394
0.228410
0.147829
0.626544
0.855893
0.821730
0.264363
0.867378
0.704484
0.907293
0.027164
0.228410
0.127623
0.935597
0.513281
0.704484
0.922090
0.421575
0.040864
0.513281
0.626544
0.505064
0.380525
0.658394
0.414138
0.907293
0.491556
0.098170
0.000779
0.727244
0.279144
0.015409
0.808960
0.704484
0.635244
0.897436
0.884948
0.421575
0.841556
0.357661
0.077446
0.549354
0.808960
0.787927
0.635244
0.166886
0.124654
0.322949
0.052535
0.454542
0.571972
0.829282
0.801128
0.214182
0.163153
0.039801
0.264363
0.704484
0.499678
0.935597
0.049040
0.891273
0.505064
0.264363
0.159490
0.394742
0.306500
0.173237
0.787927
0.269851
0.001510
0.594827
0.916674
0.329292
0.090535
0.294528
0.357661
0.543791
0.907293
0.478214
0.124654
0.884948
0.250182
0.635244
0.346575
0.758020
0.884948
0.045761
0.658394
0.304435
0.940331
0.368979
0.074303
0.735726
0.333520
0.228410
0.135818
0.947760
0.658394
0.867378
0.571972
0.401971
0.543791
0.197797
0.603471
0.029186
0.401971
0.658394
0.462365
0.991213
0.346575
0.962240
0.025274
0.409279
0.179787
0.549354
0.808960
0.758020
0.457201
0.603471
0.139014
0.986757
0.540922
0.635244
0.681504
0.535389
0.571972
0.821730
0.704484
0.874110
0.052535
0.135818
0.322949
0.153566
0.117048
0.922090
0.401971
0.521553
0.821730
0.166886
0.848789
0.505064
0.117048
0.836720
0.322949
0.580543
0.329292
0.884948
0.549354
0.801128
0.779856
0.000555
0.626544
0.375911
0.891273
0.409279
0.340005
0.962240
0.907293
0.935597
0.612135
0.535389
0.434080
0.057717
0.333520
0.704484
0.089781
0.971109
0.891273
0.020692
0.000097
0.735726
0.505064
0.441715
0.454542
0.499678
0.704484
0.643949
0.947760
0.300471
0.401971
0.635244
0.907293
0.967937
0.401971
0.967937
0.766291
0.758020
0.571972
0.491556
0.901408
0.199280
0.787927
0.024158
0.704484
0.821730
0.808960
0.690166
0.649688
0.801128
0.571972
0.816691
0.698805
0.922090
0.535389
0.499678
0.245003
0.752533
0.771705
0.658394
0.357661
0.284858
0.771705
0.758020
0.690166
0.284858
0.203680
0.414138
0.033659
0.635244
0.527033
0.971109
0.527033
0.082732
0.206623
0.056256
0.951979
0.901408
0.808960
0.483494
0.036127
0.907293
0.589144
0.635244
0.072465
0.273514
0.015409
0.758020
0.884948
0.867378
0.801128
0.211153
0.626544
0.907293
0.808960
0.749684
0.758020
0.041578
0.387593
0.867378
0.394742
0.603471
0.658394
0.255445
0.513281
0.836720
0.998868
0.513281
0.974087
0.426518
0.016595
0.643949
