0.375911
0.005687
0.177160
0.513281
0.829282
0.635244
0.891273
0.513281
0.357661
0.135818
0.626544
0.177160
0.043818
0.913005
0.612135
0.441715
0.094284
0.801128
0.505064
0.597771
0.475494
0.860501
0.045761
0.086192
0.223587
0.901408
0.690166
0.978604
0.735726
0.000359
0.958545
0.848789
0.027164
0.362130
0.084803
0.580543
0.801128
0.333520
0.735726
0.357661
0.215763
0.529876
0.829282
0.177160
0.808960
0.821730
0.038094
0.947760
0.571972
0.454542
0.211153
0.704484
0.974087
0.454542
0.795913
0.279144
0.211153
0.535389
0.483494
0.107244
0.070668
0.322949
0.357661
0.681504
0.612135
0.884948
0.255445
0.901408
0.787927
0.350951
0.449423
0.300471
0.470257
0.179787
0.589144
0.779856
0.816691
0.401971
0.704484
0.940331
0.220452
0.635244
0.513281
0.713075
0.170690
0.088340
0.994555
0.115226
0.749684
0.907293
0.589144
0.735726
0.779856
0.749684
0.483494
0.808960
0.848789
0.891273
0.264363
0.727244
0.258960
0.024596
0.884948
0.713075
0.758020
0.421575
0.206623
0.446787
0.181158
0.916674
0.758020
0.327120
0.306500
0.390021
0.021859
0.535389
0.375911
0.589144
0.989675
0.574890
0.513281
0.848789
0.681504
0.006144
0.281082
0.907293
0.571972
0.829282
0.855893
0.713075
0.626544
0.241635
0.394742
0.612135
0.967937
0.429087
0.766291
0.382926
0.935597
0.414138
0.021268
0.947760
0.971109
0.771705
0.603471
0.057717
0.681504
0.603471
0.549354
0.612135
0.527033
0.135818
0.735726
0.549354
0.109849
0.357661
0.681504
0.552238
0.241635
0.177160
0.695863
0.758020
0.416665
0.884948
0.333520
0.848789
0.735726
0.371333
0.513281
0.306500
0.070668
0.901408
0.884948
0.203680
0.848789
0.535389
0.310521
0.132684
0.382926
0.901408
0.139014
0.028409
0.357661
0.513281
0.978604
0.681504
0.713075
0.021656
0.409279
0.107244
0.991213
0.375911
0.557828
0.922090
0.571972
0.454542
0.543791
0.901408
0.922090
0.329292
0.612135
0.766291
0.571972
0.617854
0.003559
0.549354
0.284858
0.329292
0.940331
0.779856
0.177160
0.603471
0.462365
0.635244
0.704484
0.884948
0.779856
0.112510
0.284858
0.801128
0.264363
0.306500
0.068911
0.658394
0.382926
0.454542
0.202171
0.157114
0.255445
0.649688
0.160731
0.571972
0.075538
0.603471
0.203680
0.231634
0.163153
0.984769
0.713075
0.735726
0.072465
0.187953
0.375911
0.255445
0.658394
0.821730
0.114294
0.758020
0.535389
0.916674
0.441715
0.236593
0.103042
0.690166
0.884948
0.808960
0.901408
0.141156
0.223587
0.211153
0.978604
0.649688
0.306500
0.322949
0.294528
0.935597
0.981075
0.147829
0.907293
0.557828
0.967937
0.535389
0.169385
0.758020
0.340005
0.535389
0.704484
0.841556
0.867378
0.836720
0.620815
0.984769
0.350951
0.808960
0.057717
0.103042
0.901408
0.513281
0.874110
0.758020
0.382926
0.704484
0.793201
0.135818
0.281082
0.829282
0.022875
0.357661
0.513281
0.387593
0.199280
0.394742
0.513281
0.535389
0.401971
0.446787
0.406779
0.681504
0.255445
0.306500
0.658394
0.166886
0.681504
0.281082
0.250182
0.264363
0.695863
0.971109
0.978604
0.735726
0.177160
0.652656
0.962240
0.166886
0.695863
0.836720
0.603471
0.157114
0.117048
0.312615
0.617854
0.047782
0.214182
0.749684
0.250182
0.549354
0.922090
0.434080
0.580543
0.441715
0.470257
0.290658
0.114294
0.300471
0.157114
0.779856
0.434080
0.612135
0.978604
0.997586
0.848789
0.518727
0.134742
0.779856
0.177160
0.801128
0.357661
0.192150
0.922090
0.241635
0.543791
0.000779
0.566341
0.483494
0.284858
0.535389
0.527033
0.144460
0.462365
0.749684
0.521553
0.907293
0.758020
0.169385
0.179787
0.672823
0.194957
0.848789
0.001922
0.316692
0.223587
0.382926
0.571972
0.434080
0.483494
0.984769
0.848789
0.848789
0.159490
0.571972
0.891273
0.801128
0.829282
0.036127
0.449423
0.808960
0.891273
0.947760
0.187953
0.300471
0.801128
0.549354
0.090535
0.758020
0.535389
0.695863
0.194957
0.557828
0.040864
0.499678
0.713075
0.414138
0.566341
0.848789
0.117048
0.787927
0.401971
0.192150
0.801128
0.357661
0.061772
0.505064
0.449423
0.478214
0.958545
0.749684
0.153566
0.557828
0.787927
0.984769
0.589144
0.580543
0.096609
0.580543
0.563435
0.543791
0.766291
0.535389
0.491556
0.414138
0.016595
0.620815
0.922090
0.003850
0.984769
0.368979
0.704484
0.808960
0.891273
0.718717
0.421575
0.855893
0.891273
0.296545
0.306500
0.867378
0.612135
0.258960
0.434080
0.727244
0.841556
0.029186
0.124654
0.658394
0.206623
0.194957
0.127623
0.779856
0.067775
0.031348
0.951979
0.867378
0.649688
0.300471
0.421575
0.483494
0.779856
0.971109
0.713075
0.294528
0.032199
0.779856
0.758020
0.787927
0.414138
0.371333
0.935597
0.387593
0.735726
0.454542
0.478214
0.105557
0.132684
0.580543
0.801128
0.695863
0.170690
0.658394
0.390021
0.340005
0.704484
0.382926
0.491556
0.368979
0.749684
0.027164
0.884948
0.518727
0.821730
0.787927
0.829282
0.617854
0.860501
0.836720
0.771705
0.690166
0.981075
0.643949
0.312615
0.884948
0.024596
0.462365
0.050328
0.793201
0.414138
0.505064
0.855893
0.421575
0.088340
0.037099
0.072465
0.203680
0.891273
0.612135
0.787927
0.779856
0.867378
0.867378
0.935597
0.841556
0.681504
0.658394
0.470257
0.874110
0.940331
0.801128
0.009016
0.612135
0.300471
0.169385
0.080707
0.088340
0.735726
0.364456
0.223587
0.927324
0.922090
0.589144
0.364456
0.015409
0.306500
0.962240
0.597771
0.749684
0.841556
0.150086
0.449423
0.394742
0.913005
0.250182
0.891273
0.364456
0.635244
0.166886
0.011974
0.658394
