0.181158
0.527033
0.375911
0.907293
0.414138
0.382926
0.364456
0.454542
0.002255
0.306500
0.658394
0.199280
0.007739
0.984769
0.626544
0.250182
0.626544
0.829282
0.874110
0.771705
0.727244
0.935597
0.521553
0.300471
0.808960
0.652656
0.658394
0.779856
0.375911
0.721628
0.620815
0.275424
0.368979
0.124654
0.766291
0.557828
0.491556
0.006637
0.704484
0.758020
0.612135
0.855893
0.927324
0.829282
0.698805
0.000254
0.401971
0.394742
0.496903
0.690166
0.434080
0.829282
0.078727
0.306500
0.841556
0.698805
0.166886
0.713075
0.735726
0.066084
0.499678
0.387593
0.144460
0.848789
0.098170
0.117048
0.612135
0.387593
0.228410
0.635244
0.571972
0.962240
0.808960
0.429087
0.867378
0.571972
0.713075
0.119859
0.535389
0.749684
0.177160
0.965738
0.183833
0.041578
0.436675
0.032199
0.787927
0.401971
0.382926
0.333520
0.978604
0.001588
0.836720
0.406779
0.470257
0.467559
0.187953
0.006832
0.241635
0.071276
0.269851
0.867378
0.922090
0.801128
0.003559
0.535389
0.382926
0.981075
0.475494
0.951979
0.005855
0.867378
0.658394
0.177160
0.414138
0.557828
0.594827
0.275424
0.940331
0.779856
0.612135
0.275424
0.483494
0.223587
0.814067
0.922090
0.922090
0.414138
0.549354
0.012907
0.958545
0.735726
0.009104
0.462365
0.329292
0.612135
0.183833
0.080707
0.971109
0.721628
0.801128
0.557828
0.787927
0.978604
0.801128
0.947760
0.051648
0.057717
0.296545
0.322949
0.203680
0.068911
0.505064
0.012317
0.681504
0.357661
0.223587
0.163153
0.787927
0.300471
0.922090
0.068911
0.947760
0.023291
0.962240
0.958545
0.727244
0.483494
0.698805
0.112510
0.135818
0.829282
0.801128
0.518727
0.056750
0.340005
0.766291
0.390021
0.718717
0.922090
0.513281
0.103042
0.082732
0.997586
0.505064
0.467559
0.907293
0.672823
0.935597
0.166886
0.163153
0.965738
0.001310
0.406779
0.441715
0.218844
0.626544
0.793201
0.749684
0.787927
0.009104
0.704484
0.350951
0.016139
0.163153
0.051194
0.848789
0.690166
0.000804
0.787927
0.169385
0.580543
0.940331
0.589144
0.922090
0.406779
0.855893
0.357661
0.594827
0.082732
0.698805
0.380525
0.855893
0.371333
0.816691
0.039801
0.690166
0.322949
0.749684
0.658394
0.147829
0.821730
0.340005
0.779856
0.549354
0.183833
0.231634
0.978604
0.571972
0.483494
0.513281
0.787927
0.016595
0.206623
0.117048
0.454542
0.735726
0.891273
0.947760
0.612135
0.735726
0.984769
0.241635
0.329292
0.127623
0.612135
0.758020
0.454542
0.758020
0.421575
0.549354
0.394742
0.290658
0.571972
0.269851
0.681504
0.290658
0.190711
0.246759
0.690166
0.260793
0.153566
0.333520
0.848789
0.727244
0.130653
0.535389
0.127623
0.884948
0.884948
0.483494
0.041578
0.117048
0.236593
0.288671
0.626544
0.758020
0.119859
0.329292
0.821730
0.626544
0.322949
0.808960
0.173237
0.183833
0.620815
0.557828
0.907293
0.922090
0.118894
0.867378
0.940331
0.821730
0.874110
0.749684
0.771705
0.884948
0.421575
0.044581
0.521553
0.255445
0.940331
0.057717
0.758020
0.139014
0.566341
0.375911
0.079397
0.387593
0.643949
0.246759
0.841556
0.518727
0.019768
0.589144
0.161896
0.986757
0.978604
0.096609
0.429087
0.580543
0.033071
0.713075
0.051648
0.300471
0.002725
0.808960
0.721628
0.507859
0.589144
0.758020
0.690166
0.603471
0.194957
0.635244
0.735726
0.322949
0.658394
0.421575
0.603471
0.649688
0.269851
0.429087
0.203680
0.821730
0.589144
0.589144
0.766291
0.147829
0.483494
0.658394
0.612135
0.704484
0.264363
0.603471
0.518727
0.029186
0.829282
0.233315
0.449423
0.521553
0.160731
0.306500
0.364456
0.478214
0.874110
0.275424
0.749684
0.848789
0.346575
0.163153
0.300471
0.241635
0.704484
0.215763
0.690166
0.153566
0.121744
0.333520
0.064431
0.061772
0.483494
0.491556
0.566341
0.260793
0.173237
0.867378
0.574890
0.505064
0.414138
0.150086
0.322949
0.922090
0.401971
0.079397
0.080707
0.226757
0.079397
0.829282
0.421575
0.002491
0.829282
0.643949
0.829282
0.867378
0.505064
0.649688
0.907293
0.971109
0.505064
0.884948
0.801128
0.727244
0.284858
0.658394
0.808960
0.223587
0.187953
0.306500
0.841556
0.039801
0.513281
0.004591
0.483494
0.603471
0.727244
0.884948
0.364456
0.273514
0.779856
0.848789
0.096609
0.867378
0.449423
0.978604
0.017866
0.121744
0.462365
0.042685
0.808960
0.483494
0.704484
0.462365
0.535389
0.695863
0.206623
0.223587
0.340005
0.491556
0.907293
0.603471
0.718717
0.566341
0.092008
0.658394
0.322949
0.698805
0.357661
0.891273
0.290658
0.157114
0.787927
0.891273
0.223587
0.787927
0.695863
0.296545
0.421575
0.867378
0.513281
0.496903
0.626544
0.157114
0.521553
0.406779
0.779856
0.535389
0.922090
0.543791
0.390021
0.357661
0.658394
0.269851
0.681504
0.064431
0.801128
0.518727
0.643949
0.543791
0.758020
0.801128
0.199280
0.649688
0.816691
0.043818
0.066084
0.075538
0.727244
0.808960
0.329292
0.357661
0.940331
0.836720
0.643949
0.346575
0.344325
0.346575
0.121744
0.860501
0.346575
0.543791
0.962240
0.855893
0.535389
0.821730
0.009104
0.029186
0.721628
0.658394
0.766291
0.260793
0.375911
0.421575
0.255445
0.566341
0.371333
0.414138
0.304435
0.333520
0.749684
0.290658
0.112510
0.808960
0.543791
0.409279
0.462365
0.867378
0.597771
0.704484
0.215763
0.269851
0.658394
0.704484
0.640981
0.758020
0.974087
0.580543
0.549354
0.801128
0.333520
0.320806
0.496903
0.971109
0.721628
0.801128
0.658394
0.922090
0.046970
0.758020
0.735726
0.018368
0.962240
0.855893
0.454542
0.241635
0.855893
