0.713075
0.429087
0.124654
0.067775
0.067775
0.867378
0.000820
0.958545
0.513281
0.978604
0.454542
0.513281
0.907293
0.147829
0.316692
0.322949
0.255445
0.580543
0.643949
0.327120
0.000475
0.513281
0.409279
0.698805
0.441715
0.867378
0.082732
0.566341
0.000544
0.681504
0.322949
0.223587
0.063362
0.387593
0.594827
0.290658
0.841556
0.735726
0.505064
0.163153
0.913005
0.922090
0.649688
0.867378
0.375911
0.855893
0.260793
0.860501
0.727244
0.039801
0.206623
0.793201
0.779856
0.090535
0.658394
0.177160
0.034568
0.841556
0.913005
0.382926
0.019230
0.505064
0.462365
0.580543
0.808960
0.470257
0.848789
0.779856
0.406779
0.597771
0.203680
0.070668
0.144460
0.284858
0.855893
0.962240
0.721628
0.163153
0.421575
0.002255
0.557828
0.907293
0.387593
0.203680
0.994555
0.672823
0.658394
0.922090
0.288671
0.275424
0.258960
0.223587
0.735726
0.513281
0.935597
0.935597
0.994555
0.603471
0.816691
0.626544
0.202171
0.916674
0.779856
0.836720
0.051648
0.779856
0.346575
0.829282
0.434080
0.626544
0.014571
0.048208
0.580543
0.521553
0.092778
0.986757
0.329292
0.518727
0.855893
0.521553
0.571972
0.901408
0.441715
0.744157
0.275424
0.884948
0.039801
0.103042
0.841556
0.434080
0.603471
0.002950
0.357661
0.821730
0.566341
0.848789
0.758020
0.884948
0.241635
0.901408
0.801128
0.787927
0.033071
0.518727
0.557828
0.836720
0.211153
0.139014
0.078727
0.052535
0.049886
0.183833
0.245003
0.681504
0.300471
0.612135
0.594827
0.779856
0.316692
0.264363
0.543791
0.236593
0.264363
0.986757
0.290658
0.183833
0.327120
0.382926
0.454542
0.958545
0.401971
0.549354
0.226757
0.907293
0.681504
0.483494
0.075538
0.513281
0.681504
0.329292
0.978604
0.414138
0.874110
0.253642
0.346575
0.521553
0.997586
0.690166
0.922090
0.836720
0.603471
0.001774
0.098985
0.496903
0.891273
0.000641
0.144460
0.916674
0.060743
0.357661
0.735726
0.744157
0.382926
0.535389
0.821730
0.199280
0.626544
0.401971
0.971109
0.462365
0.478214
0.727244
0.002189
0.978604
0.454542
0.922090
0.241635
0.860501
0.290658
0.284858
0.527033
0.478214
0.940331
0.848789
0.163153
0.306500
0.100580
0.462365
0.394742
0.884948
0.801128
0.316692
0.364456
0.594827
0.344325
0.612135
0.996919
0.245003
0.958545
0.848789
0.092778
0.855893
0.527033
0.603471
0.841556
0.387593
0.157114
0.681504
0.935597
0.022875
0.394742
0.127623
0.956001
0.557828
0.758020
0.549354
0.147829
0.269851
0.947760
0.223587
0.589144
0.094284
0.499678
0.758020
0.192150
0.589144
0.470257
0.475494
0.513281
0.310521
0.935597
0.589144
0.153566
0.109849
0.940331
0.027908
0.860501
0.603471
0.192150
0.907293
0.880693
0.612135
0.228410
0.552238
0.368979
0.795913
0.042685
0.038764
0.454542
0.119859
0.153566
0.300471
0.681504
0.901408
0.426518
0.758020
0.735726
0.141156
0.690166
0.007965
0.130653
0.279144
0.478214
0.848789
0.177160
0.779856
0.884948
0.779856
0.901408
0.462365
0.409279
0.346575
0.527033
0.281082
0.944872
0.441715
0.884948
0.571972
0.187953
0.304435
0.275424
0.306500
0.202171
0.496903
0.269851
0.228410
0.594827
0.094284
0.727244
0.557828
0.821730
0.414138
0.874110
0.787927
0.727244
0.978604
0.382926
0.848789
0.478214
0.350951
0.364456
0.991213
0.470257
0.901408
0.713075
0.454542
0.103042
0.306500
0.735726
0.713075
0.344325
0.787927
0.721628
0.414138
0.841556
0.499678
0.441715
0.626544
0.787927
0.971109
0.021859
0.727244
0.462365
0.978604
0.491556
0.088340
0.891273
0.231634
0.279144
0.951979
0.735726
0.380525
0.421575
0.766291
0.414138
0.801128
0.192150
0.434080
0.793201
0.434080
0.322949
0.042685
0.801128
0.002255
0.141156
0.421575
0.429087
0.086192
0.160731
0.787927
0.603471
0.821730
0.316692
0.380525
0.159490
0.626544
0.236593
0.552238
0.874110
0.922090
0.981075
0.974087
0.681504
0.364456
0.771705
0.580543
0.434080
0.316692
0.626544
0.635244
0.505064
0.603471
0.107244
0.704484
0.829282
0.206623
0.672823
0.124654
0.848789
0.446787
0.612135
0.505064
0.690166
0.322949
0.749684
0.357661
0.284858
0.727244
0.913005
0.513281
0.518727
0.067775
0.114294
0.300471
0.829282
0.483494
0.603471
0.549354
0.421575
0.962240
0.891273
0.643949
0.667094
0.867378
0.779856
0.922090
0.766291
0.527033
0.218844
0.749684
0.984769
0.333520
0.566341
0.874110
0.513281
0.401971
0.535389
0.258960
0.867378
0.483494
0.434080
0.681504
0.082732
0.981075
0.375911
0.079397
0.421575
0.658394
0.449423
0.483494
0.094284
0.454542
0.841556
0.667094
0.159490
0.907293
0.250182
0.927324
0.808960
0.245003
0.672823
0.340005
0.658394
0.011974
0.658394
0.681504
0.672823
0.855893
0.626544
0.082732
0.991213
0.771705
0.375911
0.922090
0.150086
0.310521
0.779856
0.029982
0.214182
0.449423
0.704484
0.667094
0.821730
0.589144
0.454542
0.462365
0.667094
0.086192
0.749684
0.962240
0.521553
0.173237
0.109849
0.758020
0.357661
0.153566
0.362130
0.779856
0.704484
0.978604
0.878466
0.801128
0.779856
0.033659
0.874110
0.147829
0.166886
0.808960
0.441715
0.414138
0.406779
0.496903
0.434080
0.199280
0.617854
0.566341
0.401971
0.735726
0.441715
0.002950
0.042685
0.867378
0.867378
0.019230
0.589144
0.513281
0.571972
0.695863
0.001080
0.758020
0.491556
0.436675
0.390021
0.758020
0.793201
0.566341
0.005418
0.603471
0.922090
0.394742
0.958545
0.375911
0.758020
0.250182
0.749684
0.025274
0.001246
0.672823
0.935597
0.971109
0.094284
0.695863
0.008847
0.316692
0.829282
0.357661
