0.787927
0.940331
0.045761
0.814067
0.173237
0.735726
0.153566
0.626544
0.310521
0.518727
0.867378
0.401971
0.901408
0.860501
0.978604
0.218844
0.429087
0.779856
0.375911
0.357661
0.771705
0.074303
0.264363
0.260793
0.434080
0.571972
0.491556
0.003455
0.350951
0.947760
0.362130
0.329292
0.166886
0.275424
0.535389
0.874110
0.974087
0.236593
0.574890
0.300471
0.635244
0.801128
0.884948
0.316692
0.978604
0.958545
0.549354
0.891273
0.033659
0.075538
0.462365
0.039801
0.603471
0.233315
0.300471
0.787927
0.749684
0.371333
0.594827
0.907293
0.901408
0.079397
0.867378
0.223587
0.848789
0.114294
0.429087
0.681504
0.793201
0.316692
0.357661
0.255445
0.695863
0.199280
0.329292
0.735726
0.974087
0.446787
0.901408
0.300471
0.275424
0.513281
0.387593
0.907293
0.394742
0.951979
0.382926
0.996919
0.010595
0.967937
0.084803
0.327120
0.513281
0.744157
0.907293
0.483494
0.571972
0.163153
0.310521
0.202171
0.549354
0.215763
0.124654
0.978604
0.801128
0.801128
0.841556
0.117048
0.364456
0.821730
0.766291
0.597771
0.340005
0.527033
0.132684
0.483494
0.255445
0.316692
0.421575
0.269851
0.127623
0.322949
0.907293
0.340005
0.713075
0.421575
0.713075
0.401971
0.218844
0.930673
0.989675
0.617854
0.166886
0.727244
0.513281
0.011640
0.984769
0.771705
0.434080
0.935597
0.478214
0.513281
0.072465
0.290658
0.153566
0.264363
0.643949
0.766291
0.375911
0.901408
0.362130
0.658394
0.109849
0.940331
0.907293
0.421575
0.867378
0.421575
0.535389
0.557828
0.505064
0.483494
0.984769
0.007965
0.901408
0.744157
0.816691
0.907293
0.521553
0.401971
0.340005
0.971109
0.962240
0.543791
0.153566
0.681504
0.612135
0.187953
0.177160
0.543791
0.312615
0.713075
0.462365
0.589144
0.421575
0.713075
0.704484
0.713075
0.727244
0.535389
0.766291
0.063362
0.635244
0.316692
0.037752
0.045761
0.132684
0.643949
0.434080
0.940331
0.841556
0.580543
0.829282
0.357661
0.874110
0.206623
0.667094
0.713075
0.958545
0.867378
0.112510
0.401971
0.414138
0.704484
0.766291
0.787927
0.617854
0.681504
0.951979
0.626544
0.922090
0.000102
0.047782
0.426518
0.867378
0.667094
0.255445
0.589144
0.306500
0.491556
0.566341
0.368979
0.375911
0.357661
0.984769
0.414138
0.163153
0.496903
0.002725
0.454542
0.246759
0.141156
0.462365
0.626544
0.816691
0.603471
0.037099
0.228410
0.566341
0.951979
0.766291
0.626544
0.758020
0.513281
0.390021
0.215763
0.327120
0.603471
0.603471
0.771705
0.320806
0.612135
0.327120
0.620815
0.264363
0.096609
0.713075
0.580543
0.727244
0.589144
0.462365
0.199280
0.491556
0.855893
0.357661
0.771705
0.491556
0.316692
0.727244
0.171915
0.922090
0.483494
0.401971
0.829282
0.527033
0.884948
0.449423
0.310521
0.012907
0.467559
0.214182
0.935597
0.922090
0.801128
0.935597
0.848789
0.681504
0.322949
0.250182
0.901408
0.901408
0.246759
0.124654
0.907293
0.735726
0.667094
0.695863
0.620815
0.187953
0.434080
0.250182
0.566341
0.808960
0.462365
0.406779
0.735726
0.971109
0.016595
0.649688
0.228410
0.580543
0.310521
0.695863
0.867378
0.521553
0.589144
0.549354
0.421575
0.462365
0.779856
0.787927
0.612135
0.991213
0.658394
0.841556
0.947760
0.848789
0.251967
0.566341
0.922090
0.053907
0.841556
0.296545
0.986757
0.462365
0.096609
0.357661
0.867378
0.333520
0.284858
0.626544
0.127623
0.801128
0.535389
0.841556
0.250182
0.387593
0.228410
0.681504
0.312615
0.958545
0.571972
0.253642
0.150086
0.284858
0.364456
0.713075
0.491556
0.658394
0.527033
0.821730
0.255445
0.557828
0.704484
0.414138
0.371333
0.935597
0.346575
0.223587
0.704484
0.730141
0.387593
0.414138
0.441715
0.132684
0.521553
0.927324
0.002189
0.368979
0.947760
0.401971
0.483494
0.357661
0.635244
0.296545
0.612135
0.108126
0.635244
0.848789
0.223587
0.793201
0.375911
0.667094
0.194957
0.173237
0.387593
0.470257
0.758020
0.387593
0.721628
0.401971
0.333520
0.829282
0.749684
0.907293
0.170690
0.965738
0.462365
0.144460
0.092778
0.181158
0.401971
0.236593
0.612135
0.635244
0.199280
0.721628
0.513281
0.801128
0.907293
0.901408
0.907293
0.035180
0.135818
0.111596
0.594827
0.727244
0.236593
0.236593
0.421575
0.063362
0.165605
0.681504
0.012317
0.713075
0.333520
0.462365
0.001809
0.612135
0.974087
0.004637
0.094284
0.082732
0.139014
0.594827
0.801128
0.884948
0.215763
0.449423
0.808960
0.040864
0.033071
0.901408
0.284858
0.884948
0.183833
0.667094
0.549354
0.681504
0.014711
0.922090
0.022258
0.971109
0.047782
0.039801
0.855893
0.801128
0.901408
0.704484
0.155897
0.521553
0.758020
0.364456
0.199280
0.003738
0.364456
0.454542
0.067775
0.580543
0.215763
0.103042
0.290658
0.571972
0.350951
0.215763
0.505064
0.462365
0.109849
0.031348
0.774492
0.766291
0.429087
0.704484
0.320806
0.713075
0.394742
0.518727
0.658394
0.884948
0.814067
0.901408
0.787927
0.867378
0.940331
0.758020
0.867378
0.557828
0.787927
0.028409
0.159490
0.907293
0.965738
0.434080
0.986757
0.749684
0.855893
0.462365
0.643949
0.275424
0.072465
0.223587
0.223587
0.667094
0.160731
0.821730
0.429087
0.290658
0.236593
0.290658
0.368979
0.787927
0.681504
0.206623
0.340005
0.907293
0.255445
0.836720
0.491556
0.483494
0.421575
0.808960
0.649688
0.340005
0.119859
0.935597
0.211153
0.991213
0.394742
0.571972
0.535389
0.518727
0.255445
0.643949
0.995551
0.727244
0.658394
0.681504
0.063362
0.429087
0.092008
0.998463
0.163153
0.891273
0.658394
0.368979
0.667094
