0.401971
0.690166
0.233315
0.033659
0.357661
0.962240
0.284858
0.821730
0.672823
0.891273
0.749684
0.070668
0.721628
0.829282
0.848789
0.284858
0.735726
0.357661
0.589144
0.483494
0.867378
0.704484
0.690166
0.255445
0.793201
0.153566
0.478214
0.649688
0.635244
0.958545
0.141156
0.589144
0.922090
0.124654
0.994555
0.571972
0.829282
0.690166
0.721628
0.962240
0.681504
0.860501
0.333520
0.340005
0.951979
0.007378
0.414138
0.017866
0.004372
0.434080
0.978604
0.199280
0.441715
0.603471
0.018368
0.603471
0.117048
0.916674
0.535389
0.284858
0.135818
0.223587
0.935597
0.626544
0.454542
0.003256
0.635244
0.264363
0.874110
0.333520
0.603471
0.681504
0.867378
0.829282
0.907293
0.758020
0.884948
0.215763
0.681504
0.269851
0.170690
0.841556
0.134742
0.434080
0.446787
0.166886
0.228410
0.535389
0.549354
0.874110
0.357661
0.978604
0.177160
0.907293
0.549354
0.454542
0.916674
0.066084
0.019230
0.801128
0.139014
0.713075
0.169385
0.478214
0.713075
0.001271
0.867378
0.350951
0.527033
0.758020
0.848789
0.897436
0.735726
0.698805
0.758020
0.454542
0.626544
0.771705
0.978604
0.880693
0.241635
0.255445
0.322949
0.223587
0.070668
0.033659
0.580543
0.163153
0.059212
0.032771
0.166886
0.421575
0.020320
0.375911
0.947760
0.290658
0.603471
0.620815
0.891273
0.612135
0.713075
0.540922
0.907293
0.382926
0.470257
0.672823
0.163153
0.491556
0.316692
0.571972
0.008197
0.146673
0.704484
0.571972
0.215763
0.060217
0.589144
0.147829
0.787927
0.080707
0.521553
0.103042
0.891273
0.050328
0.922090
0.658394
0.104694
0.034568
0.874110
0.333520
0.704484
0.103042
0.505064
0.758020
0.848789
0.042685
0.139014
0.250182
0.841556
0.681504
0.211153
0.672823
0.163153
0.557828
0.124654
0.255445
0.989675
0.690166
0.971109
0.513281
0.203680
0.401971
0.649688
0.874110
0.264363
0.916674
0.543791
0.012670
0.735726
0.109849
0.971109
0.580543
0.223587
0.808960
0.022875
0.848789
0.496903
0.907293
0.103042
0.557828
0.771705
0.749684
0.603471
0.346575
0.635244
0.620815
0.042685
0.269851
0.935597
0.695863
0.322949
0.462365
0.836720
0.649688
0.042685
0.226757
0.284858
0.855893
0.421575
0.002443
0.704484
0.735726
0.434080
0.135818
0.090535
0.006325
0.704484
0.735726
0.916674
0.649688
0.206623
0.535389
0.718717
0.357661
0.821730
0.045761
0.119859
0.557828
0.284858
0.518727
0.159490
0.922090
0.414138
0.454542
0.190711
0.103042
0.704484
0.426518
0.454542
0.867378
0.284858
0.505064
0.215763
0.223587
0.527033
0.279144
0.603471
0.279144
0.414138
0.401971
0.094284
0.626544
0.855893
0.470257
0.594827
0.549354
0.962240
0.612135
0.643949
0.491556
0.527033
0.787927
0.935597
0.166886
0.744157
0.220452
0.449423
0.394742
0.994555
0.035180
0.589144
0.727244
0.064431
0.549354
0.986757
0.246759
0.672823
0.922090
0.350951
0.306500
0.300471
0.744157
0.063362
0.179787
0.698805
0.589144
0.744157
0.357661
0.867378
0.483494
0.735726
0.406779
0.112510
0.672823
0.171915
0.038764
0.635244
0.470257
0.233315
0.255445
0.549354
0.727244
0.375911
0.483494
0.951979
0.922090
0.841556
0.013276
0.505064
0.141156
0.589144
0.752533
0.414138
0.177160
0.496903
0.117048
0.649688
0.269851
0.801128
0.157114
0.183833
0.808960
0.867378
0.211153
0.346575
0.589144
0.241635
0.801128
0.045761
0.327120
0.300471
0.218844
0.288671
0.203680
0.704484
0.310521
0.000002
0.322949
0.434080
0.771705
0.013909
0.540922
0.557828
0.223587
0.808960
0.635244
0.199280
0.549354
0.170690
0.951979
0.075538
0.801128
0.157114
0.333520
0.884948
0.491556
0.371333
0.690166
0.867378
0.612135
0.080707
0.867378
0.549354
0.429087
0.735726
0.103042
0.735726
0.626544
0.884948
0.016595
0.907293
0.088340
0.203680
0.947760
0.978604
0.394742
0.690166
0.202171
0.681504
0.978604
0.907293
0.758020
0.513281
0.867378
0.758020
0.060743
0.394742
0.821730
0.690166
0.727244
0.130653
0.540922
0.340005
0.187953
0.491556
0.922090
0.429087
0.446787
0.940331
0.940331
0.658394
0.421575
0.026438
0.401971
0.597771
0.543791
0.855893
0.153566
0.187953
0.735726
0.241635
0.382926
0.557828
0.907293
0.557828
0.735726
0.958545
0.112510
0.603471
0.112510
0.019230
0.589144
0.897436
0.557828
0.640981
0.228410
0.981075
0.557828
0.884948
0.014985
0.350951
0.179787
0.414138
0.147829
0.496903
0.401971
0.635244
0.401971
0.223587
0.704484
0.727244
0.801128
0.649688
0.521553
0.223587
0.327120
0.026438
0.821730
0.346575
0.215763
0.874110
0.340005
0.322949
0.549354
0.258960
0.187953
0.290658
0.927324
0.962240
0.223587
0.312615
0.015845
0.032771
0.821730
0.589144
0.913005
0.836720
0.735726
0.603471
0.002324
0.758020
0.294528
0.346575
0.801128
0.009546
0.264363
0.721628
0.535389
0.927324
0.346575
0.643949
0.612135
0.269851
0.290658
0.462365
0.793201
0.327120
0.505064
0.978604
0.049040
0.721628
0.470257
0.181158
0.727244
0.787927
0.787927
0.771705
0.199280
0.620815
0.462365
0.086192
0.779856
0.088340
0.695863
0.039801
0.787927
0.290658
0.901408
0.001048
0.951979
0.483494
0.971109
0.848789
0.744157
0.695863
0.513281
0.566341
0.306500
0.787927
0.821730
0.055312
0.304435
0.346575
0.364456
0.368979
0.177160
0.414138
0.043818
0.635244
0.580543
0.549354
0.264363
0.223587
0.626544
0.779856
0.449423
0.557828
0.049886
0.173237
0.971109
0.462365
0.735726
0.907293
0.795913
0.718717
0.635244
0.449423
0.635244
0.867378
0.316692
0.241635
0.042685
0.394742
0.521553
0.169385
0.183833
