0.557828
0.470257
0.874110
0.027164
0.449423
0.040498
0.250182
0.535389
0.505064
0.312615
0.801128
0.310521
0.589144
0.038094
0.984769
0.255445
0.382926
0.535389
0.836720
0.704484
0.658394
0.829282
0.236593
0.874110
0.907293
0.441715
0.434080
0.177160
0.177160
0.758020
0.007965
0.070668
0.727244
0.978604
0.758020
0.322949
0.357661
0.821730
0.290658
0.014711
0.571972
0.841556
0.290658
0.446787
0.594827
0.394742
0.223587
0.153566
0.483494
0.199280
0.658394
0.434080
0.771705
0.357661
0.012670
0.013276
0.635244
0.690166
0.962240
0.231634
0.382926
0.808960
0.269851
0.449423
0.421575
0.603471
0.141156
0.215763
0.088340
0.549354
0.779856
0.951979
0.105557
0.121744
0.306500
0.223587
0.075538
0.947760
0.557828
0.735726
0.594827
0.594827
0.518727
0.340005
0.758020
0.153566
0.829282
0.390021
0.916674
0.505064
0.635244
0.166886
0.483494
0.163153
0.836720
0.597771
0.735726
0.956001
0.535389
0.787927
0.535389
0.241635
0.766291
0.387593
0.429087
0.867378
0.649688
0.034568
0.357661
0.177160
0.236593
0.146673
0.667094
0.907293
0.787927
0.036765
0.004043
0.947760
0.874110
0.333520
0.589144
0.499678
0.310521
0.241635
0.483494
0.513281
0.907293
0.483494
0.112510
0.159490
0.364456
0.690166
0.713075
0.771705
0.580543
0.947760
0.848789
0.011974
0.758020
0.758020
0.491556
0.735726
0.626544
0.704484
0.496903
0.821730
0.771705
0.589144
0.735726
0.284858
0.264363
0.346575
0.620815
0.643949
0.704484
0.698805
0.513281
0.935597
0.713075
0.771705
0.620815
0.658394
0.394742
0.002443
0.000012
0.199280
0.340005
0.841556
0.626544
0.713075
0.119859
0.841556
0.878466
0.978604
0.891273
0.793201
0.491556
0.275424
0.981075
0.478214
0.566341
0.031348
0.744157
0.002950
0.574890
0.984769
0.029186
0.513281
0.020692
0.103042
0.527033
0.246759
0.454542
0.704484
0.603471
0.749684
0.695863
0.109849
0.603471
0.382926
0.735726
0.867378
0.496903
0.454542
0.275424
0.603471
0.643949
0.357661
0.505064
0.848789
0.467559
0.505064
0.329292
0.713075
0.279144
0.971109
0.913005
0.109849
0.658394
0.475494
0.543791
0.801128
0.821730
0.779856
0.074303
0.166886
0.891273
0.513281
0.848789
0.375911
0.335721
0.002443
0.821730
0.836720
0.557828
0.643949
0.462365
0.735726
0.681504
0.829282
0.704484
0.848789
0.841556
0.382926
0.114294
0.322949
0.672823
0.848789
0.951979
0.223587
0.690166
0.011425
0.713075
0.064990
0.066084
0.068911
0.255445
0.620815
0.169385
0.255445
0.962240
0.462365
0.836720
0.025731
0.713075
0.375911
0.841556
0.513281
0.177160
0.787927
0.713075
0.290658
0.281082
0.177160
0.867378
0.063362
0.643949
0.658394
0.848789
0.239907
0.119859
0.635244
0.626544
0.594827
0.122729
0.643949
0.612135
0.223587
0.527033
0.962240
0.658394
0.793201
0.867378
0.414138
0.984769
0.114294
0.228410
0.100580
0.290658
0.269851
0.855893
0.364456
0.626544
0.288671
0.067775
0.021859
0.779856
0.375911
0.208158
0.401971
0.290658
0.535389
0.357661
0.350951
0.958545
0.032199
0.626544
0.044980
0.300471
0.117048
0.951979
0.713075
0.801128
0.829282
0.491556
0.029186
0.907293
0.153566
0.951979
0.744157
0.735726
0.346575
0.907293
0.612135
0.284858
0.557828
0.215763
0.255445
0.867378
0.891273
0.394742
0.046970
0.255445
0.901408
0.173237
0.206623
0.884948
0.300471
0.527033
0.034568
0.290658
0.368979
0.563435
0.758020
0.947760
0.962240
0.527033
0.364456
0.203680
0.901408
0.557828
0.127623
0.901408
0.429087
0.891273
0.454542
0.962240
0.470257
0.269851
0.658394
0.521553
0.300471
0.163153
0.649688
0.927324
0.008597
0.891273
0.922090
0.603471
0.194957
0.735726
0.170690
0.421575
0.589144
0.580543
0.836720
0.109849
0.163153
0.795913
0.649688
0.808960
0.190711
0.620815
0.580543
0.144460
0.215763
0.414138
0.288671
0.127623
0.927324
0.913005
0.467559
0.801128
0.867378
0.681504
0.327120
0.557828
0.779856
0.962240
0.346575
0.483494
0.891273
0.935597
0.612135
0.603471
0.901408
0.986757
0.721628
0.779856
0.414138
0.284858
0.801128
0.884948
0.152372
0.340005
0.103042
0.848789
0.704484
0.967937
0.935597
0.357661
0.643949
0.916674
0.441715
0.589144
0.000846
0.594827
0.978604
0.340005
0.907293
0.088340
0.043818
0.984769
0.841556
0.050328
0.045761
0.935597
0.667094
0.971109
0.643949
0.855893
0.119859
0.771705
0.340005
0.808960
0.795913
0.236593
0.727244
0.371333
0.042685
0.157114
0.362130
0.589144
0.612135
0.626544
0.855893
0.557828
0.848789
0.735726
0.620815
0.907293
0.681504
0.635244
0.986757
0.192150
0.255445
0.901408
0.103042
0.727244
0.382926
0.084803
0.246759
0.787927
0.088340
0.867378
0.462365
0.071276
0.787927
0.032199
0.454542
0.132684
0.779856
0.013654
0.690166
0.535389
0.713075
0.855893
0.475494
0.153566
0.387593
0.727244
0.350951
0.421575
0.891273
0.816691
0.077446
0.971109
0.090535
0.629509
0.513281
0.147829
0.922090
0.021268
0.681504
0.521553
0.144460
0.255445
0.557828
0.025274
0.557828
0.034568
0.163153
0.829282
0.364456
0.766291
0.626544
0.061772
0.375911
0.935597
0.513281
0.727244
0.231634
0.044581
0.718717
0.187953
0.245003
0.449423
0.855893
0.312615
0.713075
0.406779
0.329292
0.499678
0.571972
0.513281
0.848789
0.170690
0.241635
0.922090
0.147829
0.312615
0.273514
0.153566
0.032199
0.275424
0.874110
0.947760
0.991213
0.626544
0.333520
0.612135
0.449423
0.874110
0.304435
0.848789
0.841556
0.491556
0.075538
0.279144
0.284858
0.044980
0.603471
0.635244
0.258960
0.571972
0.269851
