0.867378
0.406779
0.540922
0.406779
0.649688
0.141156
0.829282
0.387593
0.032771
0.275424
0.566341
0.163153
0.255445
0.557828
0.626544
0.681504
0.258960
0.470257
0.808960
0.566341
0.971109
0.340005
0.121744
0.891273
0.649688
0.117048
0.218844
0.206623
0.922090
0.735726
0.971109
0.821730
0.867378
0.821730
0.848789
0.958545
0.735726
0.643949
0.557828
0.681504
0.884948
0.279144
0.382926
0.478214
0.971109
0.294528
0.414138
0.749684
0.434080
0.119859
0.690166
0.157114
0.406779
0.681504
0.829282
0.211153
0.375911
0.907293
0.735726
0.787927
0.801128
0.454542
0.290658
0.571972
0.421575
0.470257
0.066084
0.913005
0.004122
0.119859
0.612135
0.294528
0.223587
0.117048
0.793201
0.015845
0.649688
0.891273
0.713075
0.935597
0.771705
0.457201
0.713075
0.801128
0.643949
0.273514
0.426518
0.643949
0.793201
0.571972
0.580543
0.658394
0.061772
0.779856
0.150086
0.749684
0.203680
0.962240
0.951979
0.735726
0.681504
0.357661
0.255445
0.017543
0.269851
0.951979
0.727244
0.836720
0.884948
0.635244
0.557828
0.681504
0.667094
0.994555
0.681504
0.491556
0.594827
0.357661
0.967937
0.214182
0.603471
0.727244
0.350951
0.779856
0.194957
0.192150
0.194957
0.787927
0.021859
0.808960
0.127623
0.836720
0.491556
0.801128
0.228410
0.483494
0.340005
0.290658
0.771705
0.752533
0.505064
0.187953
0.010009
0.117048
0.779856
0.999575
0.521553
0.801128
0.518727
0.603471
0.981075
0.177160
0.141156
0.735726
0.571972
0.215763
0.003738
0.658394
0.735726
0.787927
0.860501
0.013276
0.518727
0.603471
0.275424
0.135818
0.218844
0.009822
0.105557
0.635244
0.549354
0.007378
0.986757
0.971109
0.735726
0.884948
0.346575
0.535389
0.951979
0.901408
0.401971
0.029186
0.030518
0.434080
0.787927
0.758020
0.580543
0.801128
0.245003
0.603471
0.580543
0.540922
0.382926
0.483494
0.121744
0.163153
0.947760
0.132684
0.375911
0.454542
0.612135
0.170690
0.690166
0.808960
0.255445
0.643949
0.157114
0.434080
0.566341
0.483494
0.310521
0.061772
0.589144
0.867378
0.306500
0.441715
0.971109
0.617854
0.462365
0.255445
0.713075
0.067775
0.357661
0.597771
0.421575
0.038764
0.127623
0.867378
0.758020
0.951979
0.478214
0.816691
0.808960
0.163153
0.491556
0.294528
0.401971
0.897436
0.816691
0.375911
0.749684
0.483494
0.236593
0.177160
0.649688
0.749684
0.521553
0.063362
0.266225
0.294528
0.173237
0.255445
0.462365
0.695863
0.735726
0.513281
0.880693
0.429087
0.713075
0.626544
0.478214
0.681504
0.971109
0.350951
0.649688
0.727244
0.597771
0.527033
0.808960
0.037099
0.279144
0.434080
0.236593
0.491556
0.421575
0.078727
0.375911
0.177160
0.236593
0.250182
0.401971
0.329292
0.848789
0.535389
0.878466
0.808960
0.922090
0.907293
0.130653
0.329292
0.173237
0.449423
0.557828
0.672823
0.346575
0.874110
0.690166
0.340005
0.114294
0.735726
0.049040
0.264363
0.713075
0.316692
0.735726
0.449423
0.721628
0.571972
0.344325
0.061772
0.203680
0.190711
0.721628
0.829282
0.580543
0.057717
0.971109
0.927324
0.053907
0.491556
0.000092
0.681504
0.322949
0.300471
0.704484
0.027652
0.935597
0.603471
0.462365
0.159490
0.626544
0.947760
0.801128
0.801128
0.860501
0.997586
0.841556
0.635244
0.144460
0.543791
0.046970
0.483494
0.260793
0.163153
0.063362
0.787927
0.011425
0.401971
0.612135
0.223587
0.874110
0.758020
0.401971
0.114294
0.675784
0.038764
0.294528
0.483494
0.357661
0.483494
0.821730
0.922090
0.907293
0.063362
0.300471
0.231634
0.394742
0.713075
0.206623
0.557828
0.006325
0.704484
0.907293
0.713075
0.329292
0.681504
0.518727
0.713075
0.199280
0.079397
0.603471
0.965738
0.658394
0.505064
0.901408
0.594827
0.635244
0.808960
0.306500
0.368979
0.375911
0.053907
0.333520
0.223587
0.127623
0.958545
0.771705
0.935597
0.626544
0.429087
0.744157
0.603471
0.275424
0.117048
0.690166
0.658394
0.269851
0.077446
0.935597
0.060743
0.094284
0.194957
0.907293
0.496903
0.594827
0.718717
0.300471
0.884948
0.513281
0.144460
0.874110
0.901408
0.821730
0.333520
0.346575
0.991213
0.394742
0.829282
0.064431
0.296545
0.916674
0.801128
0.801128
0.316692
0.258960
0.038764
0.681504
0.231634
0.192150
0.340005
0.978604
0.357661
0.002725
0.132684
0.119859
0.672823
0.557828
0.368979
0.394742
0.045761
0.667094
0.231634
0.901408
0.095811
0.571972
0.192150
0.163153
0.003455
0.690166
0.070668
0.978604
0.357661
0.635244
0.183833
0.713075
0.962240
0.758020
0.483494
0.758020
0.771705
0.922090
0.170690
0.935597
0.635244
0.927324
0.082732
0.382926
0.603471
0.997586
0.214182
0.978604
0.194957
0.306500
0.483494
0.067775
0.855893
0.037099
0.300471
0.758020
0.836720
0.223587
0.907293
0.617854
0.013909
0.878466
0.758020
0.306500
0.260793
0.951979
0.681504
0.713075
0.284858
0.549354
0.357661
0.713075
0.874110
0.306500
0.758020
0.306500
0.075538
0.163153
0.907293
0.350951
0.994555
0.067775
0.727244
0.580543
0.603471
0.779856
0.681504
0.429087
0.713075
0.795913
0.891273
0.821730
0.867378
0.947760
0.194957
0.981075
0.816691
0.589144
0.409279
0.848789
0.713075
0.793201
0.930673
0.441715
0.310521
0.357661
0.635244
0.013909
0.018368
0.981075
0.612135
0.199280
0.986757
0.333520
0.357661
0.626544
0.962240
0.571972
0.062816
0.177160
0.316692
0.940331
0.505064
0.255445
0.704484
0.046970
0.173237
0.513281
0.505064
0.971109
0.070668
0.958545
0.962240
0.429087
0.483494
0.316692
0.958545
0.626544
0.357661
0.333520
0.884948
0.434080
0.855893
