0.884948
0.019230
0.394742
0.241635
0.483494
0.589144
0.947760
0.394742
0.658394
0.690166
0.190711
0.004503
0.163153
0.635244
0.704484
0.218844
0.421575
0.867378
0.513281
0.015409
0.947760
0.801128
0.364456
0.891273
0.801128
0.571972
0.713075
0.704484
0.652656
0.597771
0.505064
0.978604
0.620815
0.672823
0.766291
0.994555
0.499678
0.947760
0.735726
0.194957
0.022875
0.119859
0.891273
0.241635
0.382926
0.375911
0.003850
0.749684
0.333520
0.580543
0.401971
0.901408
0.635244
0.612135
0.698805
0.375911
0.658394
0.462365
0.454542
0.441715
0.290658
0.612135
0.223587
0.907293
0.874110
0.735726
0.643949
0.434080
0.033071
0.446787
0.082732
0.449423
0.505064
0.681504
0.690166
0.658394
0.574890
0.884948
0.310521
0.713075
0.006325
0.986757
0.801128
0.994555
0.192150
0.109849
0.414138
0.913005
0.735726
0.984769
0.446787
0.223587
0.771705
0.126604
0.223587
0.603471
0.603471
0.808960
0.394742
0.179787
0.394742
0.121744
0.821730
0.470257
0.704484
0.008847
0.218844
0.626544
0.958545
0.170690
0.483494
0.704484
0.483494
0.046970
0.114294
0.816691
0.350951
0.166886
0.821730
0.499678
0.117048
0.080707
0.401971
0.549354
0.063362
0.574890
0.414138
0.462365
0.907293
0.603471
0.821730
0.513281
0.916674
0.284858
0.971109
0.829282
0.375911
0.159490
0.907293
0.491556
0.758020
0.801128
0.236593
0.206623
0.681504
0.147829
0.557828
0.401971
0.015409
0.284858
0.984769
0.166886
0.971109
0.368979
0.166886
0.144460
0.617854
0.103042
0.935597
0.228410
0.801128
0.135818
0.713075
0.505064
0.603471
0.223587
0.002370
0.322949
0.574890
0.884948
0.001669
0.226757
0.260793
0.038764
0.127623
0.462365
0.434080
0.594827
0.215763
0.255445
0.233315
0.513281
0.290658
0.199280
0.867378
0.223587
0.603471
0.426518
0.978604
0.100580
0.878466
0.848789
0.779856
0.795913
0.333520
0.801128
0.147829
0.580543
0.357661
0.690166
0.704484
0.483494
0.434080
0.535389
0.127623
0.735726
0.401971
0.483494
0.300471
0.958545
0.269851
0.316692
0.117048
0.971109
0.635244
0.211153
0.681504
0.096609
0.603471
0.986757
0.421575
0.766291
0.758020
0.462365
0.667094
0.821730
0.169385
0.855893
0.462365
0.735726
0.612135
0.144460
0.848789
0.387593
0.117048
0.454542
0.441715
0.758020
0.867378
0.994555
0.947760
0.927324
0.387593
0.177160
0.139014
0.382926
0.279144
0.436675
0.808960
0.758020
0.801128
0.368979
0.626544
0.496903
0.766291
0.390021
0.253642
0.223587
0.047782
0.766291
0.695863
0.571972
0.681504
0.922090
0.672823
0.984769
0.505064
0.157114
0.470257
0.024596
0.907293
0.153566
0.426518
0.375911
0.269851
0.589144
0.119859
0.922090
0.626544
0.401971
0.470257
0.860501
0.483494
0.552238
0.260793
0.643949
0.994555
0.346575
0.984769
0.114294
0.721628
0.513281
0.121744
0.787927
0.025970
0.194957
0.409279
0.543791
0.749684
0.024596
0.000555
0.801128
0.505064
0.215763
0.414138
0.935597
0.658394
0.704484
0.589144
0.543791
0.264363
0.549354
0.589144
0.092778
0.203680
0.580543
0.527033
0.350951
0.046970
0.135818
0.649688
0.962240
0.063362
0.153566
0.364456
0.316692
0.749684
0.223587
0.260793
0.037099
0.771705
0.727244
0.496903
0.446787
0.580543
0.421575
0.320806
0.505064
0.884948
0.029186
0.704484
0.513281
0.867378
0.194957
0.002082
0.387593
0.527033
0.721628
0.322949
0.698805
0.962240
0.758020
0.749684
0.884948
0.848789
0.727244
0.986757
0.566341
0.735726
0.787927
0.390021
0.322949
0.808960
0.269851
0.612135
0.884948
0.867378
0.483494
0.951979
0.867378
0.004591
0.073672
0.962240
0.454542
0.114294
0.264363
0.649688
0.454542
0.177160
0.028409
0.891273
0.766291
0.801128
0.841556
0.557828
0.626544
0.350951
0.135818
0.787927
0.357661
0.829282
0.981075
0.867378
0.003738
0.643949
0.829282
0.284858
0.713075
0.535389
0.387593
0.147829
0.787927
0.927324
0.187953
0.848789
0.841556
0.394742
0.922090
0.429087
0.103042
0.535389
0.589144
0.322949
0.626544
0.758020
0.401971
0.021859
0.333520
0.250182
0.744157
0.346575
0.814067
0.409279
0.281082
0.549354
0.557828
0.986757
0.223587
0.589144
0.704484
0.635244
0.978604
0.290658
0.594827
0.368979
0.947760
0.098985
0.758020
0.713075
0.580543
0.922090
0.836720
0.681504
0.316692
0.571972
0.848789
0.713075
0.394742
0.529876
0.884948
0.612135
0.897436
0.589144
0.275424
0.001208
0.223587
0.223587
0.434080
0.340005
0.159490
0.163153
0.513281
0.004288
0.549354
0.333520
0.114294
0.758020
0.129613
0.100580
0.026438
0.357661
0.617854
0.414138
0.829282
0.557828
0.947760
0.848789
0.874110
0.713075
0.060217
0.067775
0.901408
0.758020
0.446787
0.394742
0.566341
0.848789
0.713075
0.672823
0.304435
0.173237
0.211153
0.187953
0.874110
0.571972
0.704484
0.170690
0.264363
0.335721
0.801128
0.033659
0.527033
0.922090
0.505064
0.841556
0.023508
0.713075
0.771705
0.867378
0.947760
0.300471
0.672823
0.626544
0.018883
0.333520
0.061772
0.187953
0.801128
0.470257
0.884948
0.000246
0.483494
0.535389
0.344325
0.483494
0.836720
0.421575
0.862861
0.462365
0.997586
0.112510
0.441715
0.612135
0.045761
0.704484
0.382926
0.132684
0.260793
0.279144
0.527033
0.667094
0.907293
0.187953
0.620815
0.215763
0.727244
0.246759
0.340005
0.199280
0.012907
0.735726
0.597771
0.073672
0.994555
0.971109
0.483494
0.704484
0.649688
0.965738
0.513281
0.066084
0.727244
0.571972
0.940331
0.848789
0.603471
0.316692
0.211153
0.491556
0.132684
0.913005
0.096609
0.695863
0.049040
0.594827
0.907293
