0.626544
0.329292
0.061772
0.009822
0.649688
0.855893
0.612135
0.294528
0.086192
0.177160
0.241635
0.557828
0.246759
0.658394
0.421575
0.901408
0.426518
0.236593
0.884948
0.958545
0.316692
0.333520
0.913005
0.808960
0.867378
0.635244
0.808960
0.103042
0.958545
0.681504
0.475494
0.549354
0.841556
0.658394
0.557828
0.965738
0.052535
0.003099
0.135818
0.841556
0.690166
0.793201
0.190711
0.375911
0.947760
0.401971
0.414138
0.971109
0.860501
0.727244
0.566341
0.375911
0.649688
0.962240
0.457201
0.758020
0.114294
0.557828
0.394742
0.491556
0.269851
0.549354
0.735726
0.695863
0.340005
0.713075
0.681504
0.470257
0.350951
0.421575
0.050328
0.236593
0.449423
0.779856
0.421575
0.698805
0.441715
0.907293
0.020320
0.434080
0.758020
0.626544
0.382926
0.066084
0.079397
0.505064
0.357661
0.127623
0.658394
0.241635
0.922090
0.841556
0.535389
0.153566
0.571972
0.841556
0.801128
0.327120
0.971109
0.449423
0.594827
0.394742
0.527033
0.322949
0.690166
0.580543
0.048208
0.027164
0.000846
0.649688
0.971109
0.513281
0.434080
0.475494
0.179787
0.357661
0.727244
0.841556
0.935597
0.117048
0.808960
0.821730
0.801128
0.612135
0.211153
0.907293
0.077446
0.394742
0.727244
0.848789
0.063362
0.690166
0.916674
0.329292
0.008197
0.704484
0.333520
0.667094
0.891273
0.603471
0.779856
0.078727
0.571972
0.735726
0.643949
0.211153
0.681504
0.580543
0.704484
0.165605
0.496903
0.841556
0.300471
0.821730
0.681504
0.991213
0.867378
0.594827
0.884948
0.340005
0.758020
0.996919
0.956001
0.086192
0.612135
0.228410
0.513281
0.787927
0.580543
0.264363
0.620815
0.147829
0.695863
0.735726
0.801128
0.884948
0.535389
0.566341
0.421575
0.002255
0.829282
0.394742
0.735726
0.935597
0.187953
0.543791
0.357661
0.658394
0.007378
0.991213
0.771705
0.626544
0.375911
0.521553
0.713075
0.000590
0.333520
0.421575
0.483494
0.535389
0.241635
0.082732
0.096609
0.003738
0.429087
0.414138
0.713075
0.284858
0.643949
0.192150
0.236593
0.310521
0.874110
0.744157
0.962240
0.124654
0.199280
0.735726
0.984769
0.038094
0.300471
0.135818
0.643949
0.306500
0.135818
0.774492
0.643949
0.055312
0.874110
0.264363
0.984769
0.491556
0.194957
0.758020
0.177160
0.620815
0.275424
0.409279
0.566341
0.749684
0.245003
0.513281
0.635244
0.589144
0.066084
0.426518
0.344325
0.571972
0.594827
0.401971
0.612135
0.704484
0.821730
0.346575
0.848789
0.160731
0.012670
0.449423
0.090535
0.160731
0.766291
0.951979
0.096609
0.874110
0.470257
0.470257
0.649688
0.441715
0.429087
0.290658
0.100580
0.535389
0.316692
0.603471
0.713075
0.044581
0.643949
0.316692
0.079397
0.978604
0.255445
0.211153
0.429087
0.793201
0.006325
0.088340
0.426518
0.449423
0.681504
0.626544
0.322949
0.549354
0.860501
0.527033
0.907293
0.727244
0.025274
0.643949
0.127623
0.675784
0.543791
0.043818
0.821730
0.867378
0.527033
0.166886
0.713075
0.421575
0.446787
0.029708
0.306500
0.264363
0.735726
0.375911
0.316692
0.215763
0.771705
0.962240
0.310521
0.779856
0.496903
0.000162
0.681504
0.635244
0.304435
0.103042
0.643949
0.033659
0.713075
0.635244
0.735726
0.704484
0.690166
0.312615
0.848789
0.153566
0.922090
0.441715
0.549354
0.626544
0.462365
0.199280
0.163153
0.401971
0.264363
0.052535
0.878466
0.333520
0.884948
0.848789
0.070668
0.543791
0.316692
0.695863
0.397198
0.015845
0.874110
0.527033
0.449423
0.620815
0.051648
0.913005
0.958545
0.874110
0.793201
0.414138
0.891273
0.470257
0.029186
0.880693
0.231634
0.580543
0.867378
0.901408
0.829282
0.130653
0.635244
0.016595
0.867378
0.907293
0.612135
0.735726
0.416665
0.821730
0.449423
0.971109
0.090535
0.779856
0.084803
0.947760
0.121744
0.589144
0.296545
0.390021
0.527033
0.454542
0.264363
0.223587
0.978604
0.821730
0.612135
0.414138
0.841556
0.527033
0.421575
0.414138
0.891273
0.867378
0.505064
0.414138
0.994555
0.649688
0.848789
0.192150
0.766291
0.758020
0.183833
0.901408
0.974087
0.124654
0.635244
0.290658
0.695863
0.004728
0.549354
0.079397
0.635244
0.141156
0.658394
0.333520
0.294528
0.340005
0.329292
0.947760
0.505064
0.855893
0.441715
0.269851
0.382926
0.387593
0.994555
0.041952
0.499678
0.203680
0.681504
0.704484
0.675784
0.658394
0.940331
0.617854
0.426518
0.829282
0.316692
0.635244
0.681504
0.935597
0.139014
0.690166
0.203680
0.454542
0.749684
0.409279
0.867378
0.491556
0.951979
0.681504
0.231634
0.690166
0.179787
0.068911
0.704484
0.357661
0.535389
0.649688
0.228410
0.375911
0.808960
0.744157
0.306500
0.088340
0.626544
0.848789
0.483494
0.566341
0.518727
0.441715
0.540922
0.735726
0.449423
0.127623
0.031348
0.635244
0.177160
0.543791
0.246759
0.855893
0.322949
0.658394
0.055312
0.867378
0.296545
0.758020
0.735726
0.160731
0.907293
0.821730
0.557828
0.290658
0.816691
0.394742
0.735726
0.000804
0.927324
0.801128
0.612135
0.848789
0.096609
0.414138
0.713075
0.260793
0.962240
0.571972
0.441715
0.690166
0.907293
0.597771
0.867378
0.211153
0.153566
0.860501
0.897436
0.375911
0.163153
0.566341
0.470257
0.421575
0.513281
0.808960
0.727244
0.462365
0.626544
0.808960
0.144460
0.557828
0.779856
0.958545
0.749684
0.241635
0.535389
0.153566
0.658394
0.449423
0.891273
0.031348
0.260793
0.088340
0.779856
0.997586
0.300471
0.441715
0.589144
0.084803
0.874110
0.771705
0.215763
0.571972
0.901408
0.187953
0.052535
0.965738
0.350951
0.505064
0.132684
0.808960
0.535389
0.848789
