0.801128
0.580543
0.100580
0.681504
0.848789
0.074303
0.001494
0.649688
0.658394
0.018706
0.143326
0.766291
0.620815
0.808960
0.027164
0.333520
0.375911
0.549354
0.922090
0.199280
0.290658
0.867378
0.513281
0.727244
0.088340
0.672823
0.649688
0.107244
0.620815
0.874110
0.922090
0.907293
0.841556
0.521553
0.159490
0.947760
0.441715
0.375911
0.718717
0.681504
0.922090
0.735726
0.163153
0.527033
0.667094
0.744157
0.967937
0.901408
0.907293
0.505064
0.612135
0.096609
0.971109
0.947760
0.496903
0.867378
0.589144
0.019768
0.527033
0.109849
0.901408
0.483494
0.758020
0.187953
0.829282
0.211153
0.808960
0.829282
0.635244
0.387593
0.649688
0.483494
0.935597
0.026438
0.962240
0.028409
0.612135
0.681504
0.375911
0.049040
0.816691
0.344325
0.580543
0.364456
0.626544
0.483494
0.907293
0.681504
0.907293
0.380525
0.401971
0.855893
0.672823
0.527033
0.382926
0.891273
0.039445
0.491556
0.228410
0.470257
0.635244
0.499678
0.416665
0.713075
0.779856
0.401971
0.940331
0.658394
0.620815
0.008354
0.704484
0.094284
0.603471
0.279144
0.771705
0.836720
0.758020
0.096609
0.649688
0.090535
0.566341
0.228410
0.927324
0.002443
0.310521
0.704484
0.046970
0.867378
0.848789
0.284858
0.935597
0.860501
0.829282
0.962240
0.288671
0.327120
0.981075
0.429087
0.643949
0.667094
0.340005
0.821730
0.901408
0.897436
0.088340
0.462365
0.441715
0.049040
0.612135
0.589144
0.163153
0.727244
0.166886
0.681504
0.173237
0.589144
0.704484
0.014711
0.127623
0.667094
0.124654
0.649688
0.978604
0.003008
0.060743
0.704484
0.658394
0.421575
0.749684
0.340005
0.135818
0.557828
0.971109
0.088340
0.096609
0.836720
0.829282
0.589144
0.981075
0.075538
0.394742
0.153566
0.713075
0.922090
0.000073
0.077446
0.704484
0.236593
0.704484
0.214182
0.612135
0.322949
0.206623
0.727244
0.462365
0.907293
0.012317
0.004164
0.848789
0.499678
0.884948
0.527033
0.273514
0.758020
0.801128
0.475494
0.296545
0.409279
0.233315
0.958545
0.449423
0.446787
0.620815
0.015845
0.153566
0.429087
0.848789
0.658394
0.467559
0.269851
0.010009
0.801128
0.446787
0.836720
0.808960
0.626544
0.401971
0.855893
0.067775
0.649688
0.132684
0.984769
0.848789
0.483494
0.658394
0.940331
0.255445
0.713075
0.072465
0.069506
0.114294
0.316692
0.874110
0.779856
0.127623
0.930673
0.589144
0.206623
0.927324
0.223587
0.454542
0.735726
0.913005
0.771705
0.082732
0.681504
0.749684
0.206623
0.228410
0.264363
0.667094
0.922090
0.667094
0.269851
0.907293
0.011106
0.884948
0.130653
0.626544
0.499678
0.187953
0.166886
0.779856
0.698805
0.470257
0.233315
0.758020
0.223587
0.620815
0.147829
0.483494
0.394742
0.135818
0.597771
0.316692
0.357661
0.421575
0.884948
0.612135
0.771705
0.454542
0.612135
0.024596
0.056256
0.566341
0.157114
0.880693
0.294528
0.735726
0.874110
0.940331
0.829282
0.808960
0.727244
0.907293
0.649688
0.695863
0.368979
0.667094
0.312615
0.160731
0.441715
0.211153
0.721628
0.521553
0.141156
0.080707
0.681504
0.462365
0.527033
0.981075
0.483494
0.150086
0.597771
0.681504
0.218844
0.107244
0.681504
0.513281
0.735726
0.228410
0.626544
0.947760
0.667094
0.829282
0.884948
0.470257
0.521553
0.735726
0.269851
0.986757
0.594827
0.211153
0.375911
0.223587
0.829282
0.316692
0.848789
0.153566
0.801128
0.603471
0.535389
0.115226
0.387593
0.441715
0.978604
0.012317
0.357661
0.718717
0.848789
0.462365
0.409279
0.129613
0.107244
0.793201
0.057717
0.269851
0.194957
0.766291
0.658394
0.223587
0.269851
0.535389
0.306500
0.874110
0.612135
0.681504
0.150086
0.735726
0.735726
0.935597
0.801128
0.055312
0.978604
0.779856
0.215763
0.971109
0.620815
0.681504
0.390021
0.340005
0.496903
0.841556
0.426518
0.727244
0.017378
0.841556
0.603471
0.421575
0.848789
0.429087
0.735726
0.387593
0.603471
0.971109
0.284858
0.333520
0.867378
0.020320
0.211153
0.483494
0.215763
0.499678
0.779856
0.446787
0.059212
0.513281
0.051648
0.681504
0.346575
0.543791
0.223587
0.758020
0.848789
0.935597
0.571972
0.771705
0.535389
0.816691
0.848789
0.364456
0.695863
0.808960
0.206623
0.211153
0.971109
0.109849
0.735726
0.758020
0.527033
0.401971
0.603471
0.290658
0.346575
0.907293
0.626544
0.015409
0.406779
0.518727
0.375911
0.860501
0.749684
0.211153
0.986757
0.513281
0.766291
0.735726
0.008436
0.529876
0.368979
0.935597
0.574890
0.103042
0.496903
0.829282
0.163153
0.194957
0.566341
0.884948
0.406779
0.241635
0.470257
0.557828
0.922090
0.340005
0.357661
0.044980
0.255445
0.771705
0.867378
0.470257
0.649688
0.177160
0.457201
0.008436
0.421575
0.063362
0.704484
0.589144
0.907293
0.787927
0.173237
0.947760
0.527033
0.816691
0.518727
0.965738
0.449423
0.322949
0.801128
0.011640
0.518727
0.603471
0.658394
0.603471
0.935597
0.874110
0.626544
0.779856
0.971109
0.860501
0.721628
0.884948
0.429087
0.787927
0.446787
0.357661
0.521553
0.350951
0.269851
0.589144
0.063362
0.072465
0.269851
0.166886
0.194957
0.535389
0.306500
0.346575
0.749684
0.962240
0.779856
0.901408
0.333520
0.744157
0.801128
0.907293
0.150086
0.414138
0.275424
0.860501
0.603471
0.779856
0.971109
0.867378
0.013276
0.758020
0.333520
0.891273
0.119859
0.787927
0.947760
0.233315
0.540922
0.603471
0.801128
0.658394
0.916674
0.735726
0.470257
0.255445
0.375911
0.058699
0.880693
0.978604
0.603471
0.104694
0.649688
0.965738
0.375911
0.855893
0.312615
0.434080
0.144460
0.296545
0.346575
