0.477241
0.012450
0.256706
0.368905
0.289426
0.895577
0.083097
0.396060
0.304880
0.289426
0.000000
0.372735
0.264671
0.269519
0.793750
0.638343
0.456549
0.074445
0.638343
0.535963
0.304880
0.075084
0.436088
0.803484
0.127979
0.023590
0.761379
0.452436
0.976079
0.432028
0.603202
0.706000
0.022423
0.174053
0.355635
0.058299
0.997942
0.711746
0.721226
0.327960
0.817622
0.087354
0.752491
0.935953
0.954722
0.311888
0.617748
0.128957
0.015924
0.221977
0.361296
0.263066
0.884215
0.806675
0.296240
0.868306
0.189150
0.051392
0.580185
0.010002
0.811408
0.000000
0.508601
0.955927
0.372735
0.366996
0.724984
0.009151
0.370818
0.165649
0.452436
0.427980
0.380446
0.550720
0.259875
0.831187
0.504403
0.094067
0.269519
0.306624
0.617748
0.297957
0.479322
0.485572
0.939037
0.617748
0.711746
0.405941
0.863152
0.088812
0.004131
0.425961
0.135962
0.022652
0.990305
0.912185
0.875808
0.158680
0.644472
0.996379
0.640389
0.902030
0.987278
0.006296
0.763139
0.087354
0.709835
0.771847
0.135962
0.121289
0.055249
0.829709
0.111320
0.471012
0.723108
0.809837
0.995421
0.099566
0.946965
0.764892
0.423944
0.899909
0.382384
0.040771
0.041156
0.313653
0.715553
0.944882
0.139050
0.694386
0.023117
0.696333
0.396060
0.900973
0.113084
0.442199
0.338901
0.157539
0.533855
0.776997
0.219107
0.567572
0.000030
0.355635
0.074445
0.205124
0.131925
0.611526
0.087354
0.322557
0.599030
0.061489
0.000020
0.119427
0.003210
0.286052
0.686558
0.060947
0.764892
0.427980
0.049098
0.780400
0.016093
0.971690
0.611526
0.004990
0.156405
0.011043
0.924282
0.642432
0.048650
0.481403
0.239702
0.839905
0.310128
0.512803
0.521217
0.434057
0.510702
0.546504
0.775287
0.752491
0.182753
0.326154
0.538071
0.232211
0.797022
0.588574
0.401978
0.202401
0.304880
0.853842
0.299680
0.903079
0.496021
0.195699
0.925162
0.676681
0.284373
0.226326
0.709835
0.920691
0.471012
0.861845
0.780400
0.000000
0.154153
0.075726
0.267897
0.557043
0.380446
0.603202
0.001819
0.033038
0.111320
0.308373
0.763139
0.908213
0.054754
0.045608
0.756064
0.403958
0.127006
0.162138
0.721226
0.104478
0.747089
0.015756
0.091035
0.190448
0.684590
0.329771
0.621886
0.709835
0.958837
0.561256
0.632190
0.043536
0.805083
0.814529
0.087354
0.394095
0.082404
0.709835
0.094067
0.034341
0.064256
0.138015
0.322557
0.609448
0.353757
0.071936
0.963187
0.783776
0.044770
0.046891
0.409918
0.065391
0.017322
0.372735
0.235189
0.034341
0.191752
0.269519
0.080352
0.538071
0.913160
0.770117
0.045187
0.146458
0.149721
0.676681
0.212040
0.894475
0.011412
0.450384
0.741635
0.557043
0.664704
0.213441
0.835579
0.743459
0.546504
0.155276
0.415910
0.351884
0.696333
0.668710
0.038889
0.398029
0.652602
0.094837
0.071320
0.308373
0.310128
0.315423
0.696333
0.035689
0.436088
0.403958
0.122228
0.823723
0.601117
0.638343
0.313653
0.042332
0.999204
0.611526
0.538071
0.030860
0.491837
0.732438
0.790452
0.310128
0.822208
0.219107
0.403958
0.778702
0.046891
0.795389
0.368905
0.286052
0.210644
0.747089
0.496021
0.355635
0.324353
0.592760
0.311888
0.187859
0.194377
0.398029
0.355635
0.945583
0.732438
0.032089
0.241218
0.912185
0.154153
0.023829
0.944882
0.224871
0.217681
0.281033
0.168020
0.619818
0.523322
0.783776
0.438122
0.000000
0.986353
0.748895
0.333408
0.284373
0.236687
0.648543
0.768382
0.030560
0.948990
0.436088
0.044770
0.046891
0.209255
0.609448
0.370818
0.037437
0.067126
0.030560
0.259875
0.015590
0.979587
0.803484
0.304880
0.006224
0.264671
0.935953
0.084497
0.646509
0.116676
0.149721
0.294528
0.160979
0.601117
0.266281
0.053775
0.594852
0.021971
0.981181
0.642432
0.554935
0.832659
0.502306
0.552828
0.103646
0.763139
0.276064
0.790452
0.662695
0.415910
0.557043
0.255131
0.023117
0.003579
0.739807
0.214848
0.244268
0.043132
0.255131
0.025825
0.109578
0.992124
0.401978
0.436088
0.709835
0.294528
0.016962
0.571780
0.947646
0.041545
0.374657
0.061489
0.000603
0.739807
0.351884
0.835579
0.158680
0.094067
0.238192
0.162138
0.091035
0.732438
0.284373
0.694386
0.966699
0.737973
0.588574
0.446286
0.198362
0.035689
0.271147
0.773570
0.634244
0.212040
0.512803
0.134944
0.000000
0.508601
0.133932
0.223421
0.891123
0.523322
0.607368
0.010113
0.359404
0.168020
0.911203
0.176509
0.207872
0.761379
0.000028
0.346291
0.688521
0.172834
0.792104
0.912185
0.097179
0.481403
0.187859
0.440159
0.363191
0.263066
0.151925
0.154153
0.022423
0.088812
0.267897
0.177745
0.007306
0.028809
0.917922
0.506502
0.626015
0.707920
0.239702
0.056757
0.185294
0.001752
0.806675
0.442199
0.038521
0.464801
0.632190
0.873338
0.244268
0.318980
0.819158
0.920691
0.607368
0.236687
0.038521
0.954722
0.793750
0.994596
0.145383
0.632190
0.040009
0.198362
0.838470
0.209255
0.872091
0.392133
0.963705
0.652602
0.006592
0.884215
0.930290
0.169215
0.014784
0.310128
0.128957
0.776997
0.108715
0.083097
0.575984
0.306624
0.150820
0.132926
0.388222
0.434057
0.353757
0.987278
0.584382
0.519112
0.182753
0.150820
0.128957
0.851114
0.220539
0.359404
0.122228
0.174053
0.592760
0.197027
0.559150
0.724984
0.126039
0.448334
0.529641
0.101183
0.506502
0.479322
0.842752
0.403958
0.491837
0.168020
0.475163
0.311888
0.281033
0.864452
0.578085
0.668710
0.174053
0.489747
0.166832
0.601117
0.000000
0.752491
0.047764
0.752491
0.825230
0.770117
0.676681
0.220539
0.471012
0.157539
0.277715
