0.151719
0.455450
0.933908
0.840387
0.499499
0.990548
0.291709
0.644058
0.056474
0.499499
0.302688
0.785253
0.499499
0.695834
0.695834
0.767097
0.933908
0.213524
0.387132
0.990548
0.400272
0.561576
0.858955
0.126448
0.767097
0.400272
0.126448
0.933908
0.915088
0.455450
0.644058
0.056474
0.250491
0.188505
0.840387
0.933908
0.028402
0.104582
0.627161
0.514670
0.514670
0.499499
0.291709
0.250491
0.250491
0.441268
0.713428
0.499499
0.990548
0.222374
0.858955
0.387132
0.047878
0.104582
0.104582
0.441268
0.291709
0.933908
0.499499
0.713428
0.188505
0.109745
0.767097
0.499499
0.499499
0.441268
0.577659
0.858955
0.090243
0.400272
0.302688
0.441268
0.627161
0.561576
0.499499
0.933908
0.785253
0.695834
0.561576
0.514670
0.514670
0.337254
0.990548
0.627161
0.260393
0.915088
0.644058
0.499499
0.858955
0.455450
0.990548
0.250491
0.045270
0.213524
0.337254
0.767097
0.627161
0.132436
0.337254
0.441268
0.785253
0.387132
0.990548
0.933908
0.627161
0.441268
0.785253
0.291709
0.514670
0.455450
0.767097
0.644058
0.627161
0.250491
0.695834
0.441268
0.514670
0.337254
0.085831
0.785253
0.577659
0.840387
0.441268
0.499499
0.644058
0.047878
0.038152
0.933908
0.785253
0.840387
0.441268
0.514670
0.933908
0.151719
0.785253
0.090243
0.561576
0.222374
0.577659
0.188505
0.561576
0.158602
0.858955
0.387132
0.260393
0.627161
0.109745
0.005774
0.840387
0.933908
0.023650
0.337254
0.291709
0.644058
0.858955
0.455450
0.337254
0.349319
0.085831
0.785253
0.499499
0.933908
0.260393
0.785253
0.695834
0.400272
0.767097
0.915088
0.180666
0.858955
0.400272
0.250491
0.387132
0.104582
0.260393
0.441268
0.561576
0.455450
0.023650
0.990548
0.337254
0.180666
0.036001
0.387132
0.400272
0.132436
0.085831
0.577659
0.990548
0.002329
0.990548
0.644058
0.858955
0.455450
0.047878
0.933908
0.990548
0.104582
0.695834
0.291709
0.250491
0.126448
0.767097
0.933908
0.561576
0.561576
0.222374
0.767097
0.455450
0.400272
0.387132
0.840387
0.695834
0.387132
0.990548
0.250491
0.990548
0.858955
0.767097
0.627161
0.767097
0.990548
0.126448
0.915088
0.514670
0.441268
0.561576
0.441268
0.158602
0.151719
0.561576
0.455450
0.695834
0.713428
0.337254
0.627161
0.990548
0.455450
0.337254
0.180666
0.441268
0.302688
0.767097
0.158602
0.915088
0.337254
0.499499
0.260393
0.514670
0.069895
0.577659
0.045270
0.291709
0.222374
0.695834
0.056474
0.713428
0.180666
0.627161
0.222374
0.561576
0.499499
0.158602
0.990548
0.713428
0.990548
0.644058
0.349319
0.222374
0.222374
0.577659
0.151719
0.713428
0.045270
0.713428
0.180666
0.158602
0.858955
0.915088
0.213524
0.455450
0.577659
0.785253
0.047878
0.008245
0.627161
0.260393
0.767097
0.441268
0.387132
0.514670
0.858955
0.499499
0.291709
0.767097
0.840387
0.126448
0.840387
0.767097
0.291709
0.291709
0.767097
0.003431
0.158602
0.387132
0.260393
0.577659
0.069895
0.047878
0.441268
0.132436
0.644058
0.933908
0.858955
0.933908
0.840387
0.915088
0.840387
0.858955
0.036001
0.213524
0.627161
0.056474
0.069895
0.915088
0.250491
0.561576
0.126448
0.126448
0.577659
0.222374
0.387132
0.933908
0.213524
0.627161
0.499499
0.499499
0.514670
0.188505
0.047878
0.627161
0.695834
0.644058
0.337254
0.400272
0.858955
0.085831
0.387132
0.151719
0.695834
0.644058
0.785253
0.180666
0.644058
0.933908
0.840387
0.158602
0.514670
0.441268
0.213524
0.038152
0.933908
0.349319
0.400272
0.767097
0.250491
0.644058
0.858955
0.695834
0.387132
0.915088
0.302688
0.915088
0.499499
0.213524
0.337254
0.455450
0.933908
0.858955
0.561576
0.014194
0.349319
0.785253
0.840387
0.188505
0.291709
0.695834
0.349319
0.695834
0.222374
0.627161
0.291709
0.767097
0.085831
0.260393
0.577659
0.158602
0.085831
0.990548
0.840387
0.933908
0.260393
0.713428
0.933908
0.561576
0.499499
0.840387
0.499499
0.291709
0.499499
0.933908
0.337254
0.499499
0.387132
0.400272
0.291709
0.627161
0.260393
0.644058
0.933908
0.018396
0.260393
0.013286
0.785253
0.990548
0.499499
0.085831
0.022227
0.695834
0.514670
0.577659
0.933908
0.045270
0.004302
0.441268
0.069895
0.222374
0.250491
0.713428
0.104582
0.455450
0.455450
0.840387
0.455450
0.349319
0.158602
0.337254
0.337254
0.767097
0.499499
0.213524
0.180666
0.180666
0.767097
0.000949
0.840387
0.499499
0.056474
0.018396
0.577659
0.785253
0.990548
0.260393
0.302688
0.010147
0.222374
0.085831
0.644058
0.915088
0.260393
0.069895
0.933908
0.455450
0.499499
0.250491
0.250491
0.387132
0.695834
0.302688
0.213524
0.260393
0.180666
0.644058
0.514670
0.180666
0.644058
0.499499
0.302688
0.000474
0.151719
0.644058
0.158602
0.004302
0.158602
0.858955
0.499499
0.713428
0.858955
0.222374
0.222374
0.260393
0.455450
0.499499
0.561576
0.713428
0.915088
0.045270
0.695834
0.695834
0.990548
0.188505
0.499499
0.291709
0.260393
0.260393
0.695834
0.577659
0.085831
0.302688
0.577659
0.250491
0.260393
0.499499
0.349319
0.018396
0.561576
0.302688
0.695834
0.713428
0.767097
0.990548
0.302688
0.514670
0.514670
0.056474
0.785253
0.933908
0.180666
0.180666
0.767097
0.577659
0.785253
0.915088
0.291709
0.109745
0.188505
0.400272
0.090243
0.785253
0.840387
0.767097
0.250491
0.337254
0.499499
0.644058
0.990548
0.933908
0.400272
0.222374
0.858955
0.915088
0.627161
0.104582
0.260393
0.785253
0.514670
0.291709
0.126448
0.059610
0.785253
0.577659
0.644058
0.561576
0.713428
0.514670
0.499499
