0.579203
0.292047
0.257897
0.151829
0.450069
0.257935
0.481765
0.031910
0.316063
0.630132
0.017539
0.946676
0.374856
0.699517
0.889295
0.871936
0.319327
0.459336
0.726014
0.871945
0.281541
0.130766
0.300764
0.003308
0.719376
0.067012
0.505862
0.753372
0.085341
0.743172
0.104691
0.695429
0.787508
0.051368
0.244551
0.864088
0.220689
0.439041
0.741982
0.421652
0.703348
0.598406
0.786886
0.264440
0.224022
0.957841
0.853819
0.887590
0.100033
0.641990
0.797907
0.889344
0.067310
0.432606
0.380767
0.740911
0.892954
0.775407
0.323915
0.263183
0.035740
0.000000
0.197994
0.219108
0.316018
0.788455
0.712208
0.366587
0.241821
0.426259
0.986712
0.626216
0.564577
0.171194
0.143612
0.238535
0.995384
0.575224
0.092053
0.733522
0.434853
0.767000
0.972202
0.051596
0.281793
0.560350
0.338288
0.733946
0.277849
0.267431
0.135540
0.000742
0.459601
0.104234
0.925082
0.806742
0.262629
0.350675
0.276011
0.655236
0.047834
0.504026
0.974239
0.351631
0.662924
0.314252
0.449266
0.469764
0.711338
0.089067
0.405301
0.619884
0.825701
0.175831
0.648988
0.880149
0.852173
0.015519
0.349137
0.761948
0.464932
0.300011
0.975201
0.218281
0.088494
0.794966
0.083647
0.631893
0.324818
0.415220
0.543863
0.495074
0.283389
0.440689
0.040438
0.300283
0.633794
0.221397
0.516279
0.934430
0.025715
0.365219
0.002503
0.853777
0.374047
0.108126
0.238784
0.023318
0.376486
0.322549
0.299534
0.397475
0.369812
0.927657
0.099125
0.625997
0.745498
0.552647
0.017133
0.025716
0.071646
0.155847
0.816424
0.251400
0.504972
0.163699
0.000173
0.007019
0.595400
0.164609
0.471699
0.856272
0.436464
0.121816
0.795602
0.906427
0.968760
0.534712
0.227986
0.508932
0.073547
0.958608
0.625089
0.022169
0.092826
0.772713
0.073500
0.791138
0.326319
0.755030
0.866214
0.697084
0.003104
0.982132
0.852375
0.569953
0.716772
0.410602
0.656499
0.848991
0.317853
0.931826
0.579054
0.468947
0.726992
0.000000
0.834515
0.120591
0.930838
0.062856
0.026186
0.005655
0.787027
0.701343
0.059431
0.242828
0.697541
0.462147
0.828414
0.105206
0.728206
0.152316
0.613356
0.071238
0.951058
0.507622
0.115506
0.401652
0.303276
0.863368
0.827385
0.302724
0.329801
0.983798
0.680827
0.907187
0.397012
0.576100
0.502623
0.709619
0.904807
0.261407
0.785647
0.547417
0.888466
0.986088
0.330942
0.254722
0.017744
0.801718
0.521417
0.007183
0.023849
0.824870
0.621562
0.385755
0.052159
0.147341
0.170405
0.008527
0.758014
0.003285
0.281109
0.509758
0.978779
0.108729
0.348407
0.029301
0.497678
0.261501
0.871250
0.261134
0.747706
0.776661
0.187989
0.100547
0.789547
0.461209
0.774040
0.329496
0.512161
0.145088
0.769045
0.641878
0.302564
0.613057
0.195226
0.384332
0.726953
0.117623
0.318726
0.599741
0.270679
0.795642
0.873184
0.912119
0.013300
0.556160
0.774236
0.541665
0.675388
0.697227
0.803016
0.938301
0.077464
0.408027
0.478604
0.695797
0.066840
0.949104
0.981937
0.878038
0.900924
0.893431
0.618005
0.701796
0.899299
0.417304
0.769779
0.067713
0.514251
0.072122
0.378166
0.972613
0.885569
0.109920
0.619782
0.072867
0.691682
0.408190
0.313533
0.461320
0.225525
0.079215
0.292498
0.310300
0.934847
0.011930
0.124082
0.490487
0.347143
0.662809
0.256783
0.006303
0.247612
0.803778
0.426102
0.577574
0.507254
0.000002
0.524001
0.271403
0.655180
0.699424
0.066655
0.764005
0.612095
0.421703
0.411922
0.834840
0.021149
0.208646
0.883517
0.015538
0.695023
0.763231
0.154453
0.068460
0.453249
0.034600
0.350015
0.554628
0.177818
0.864239
0.676873
0.587089
0.020002
0.439575
0.085222
0.146970
0.308240
0.217686
0.596907
0.174396
0.357845
0.263020
0.294982
0.798797
0.811130
0.922898
0.591073
0.021488
0.219234
0.503317
0.167553
0.485151
0.941202
0.166759
0.124331
0.004303
0.528776
0.707566
0.023750
0.887889
0.664769
0.062373
0.287978
0.582836
0.903744
0.006810
0.167475
0.758561
0.741637
0.216641
0.262380
0.174102
0.095524
0.234899
0.336113
0.429244
0.598990
0.220260
0.365305
0.627777
0.670673
0.526895
0.015119
0.701767
0.787685
0.425366
0.876213
0.833062
0.632153
0.362615
0.583805
0.898287
0.528476
0.387163
0.074577
0.856381
0.785148
0.484206
0.586155
0.579174
0.360510
0.000000
0.881408
0.809568
0.880342
0.001962
0.606123
0.878505
0.266244
0.410058
0.987530
0.625277
0.851636
0.353086
0.940973
0.416271
0.493972
0.631469
0.302020
0.578650
0.839414
0.621139
0.246414
0.064692
0.089343
0.551130
0.527876
0.325126
0.170972
0.180923
0.223964
0.457448
0.955710
0.001483
0.008152
0.500046
0.002179
0.022451
0.565152
0.660531
0.143105
0.273804
0.232829
0.720510
0.654025
0.142004
0.489265
0.863092
0.934453
0.809437
0.402989
0.074273
0.632370
0.588445
0.147326
0.488246
0.313842
0.623797
0.030710
0.614813
0.044413
0.292165
0.687350
0.856659
0.162740
0.690983
0.092516
0.584136
0.862684
0.670080
0.790447
0.839591
0.547798
0.190330
0.110860
0.272273
0.937386
0.340199
0.313962
0.018147
0.409819
0.230747
0.458358
0.392105
0.990878
0.382139
0.620536
0.630959
0.925356
0.554780
0.586145
0.480569
0.700928
0.917920
0.711779
0.591520
0.294011
0.171392
0.112030
0.951395
0.995047
0.261089
0.519165
0.014881
0.854508
0.117214
0.062340
0.360138
0.406083
0.039131
0.206314
0.157444
0.014299
0.973904
0.756502
0.285157
0.911645
0.017517
0.342300
0.975654
0.026737
0.000000
0.968625
0.286013
0.935054
0.902858
0.232630
0.875145
0.044867
0.439453
0.059311
0.805630
