0.884472
0.417543
0.493673
0.554426
0.441692
0.674340
0.319136
0.818818
0.062975
0.021270
0.681484
0.351453
0.209926
0.492618
0.206640
0.624643
0.184822
0.436623
0.601154
0.935595
0.890345
0.935595
0.812070
0.717303
0.443660
0.156293
0.251074
0.008433
0.329378
0.797091
0.701607
0.410798
0.867438
0.251717
0.554426
0.352634
0.109759
0.012305
0.717303
0.720878
0.844010
0.268903
0.368524
0.418492
0.959450
0.883482
0.581761
0.822183
0.172348
0.283467
0.489459
0.541222
0.491400
0.600150
0.164958
0.541222
0.287736
0.092876
0.800526
0.585188
0.581589
0.322270
0.669389
0.920683
0.943438
0.200723
0.423094
0.453995
0.000909
0.598842
0.905643
0.994346
0.047298
0.216560
0.812070
0.598842
0.394175
0.883482
0.205554
0.010127
0.480087
0.397407
0.224357
0.772918
0.911105
0.938859
0.051060
0.818818
0.594853
0.084074
0.585188
0.304927
0.890345
0.670770
0.905643
0.162816
0.488242
0.094923
0.681484
0.578155
0.850454
0.840760
0.372747
0.417543
0.119392
0.502133
0.742280
0.920683
0.512821
0.884472
0.527864
0.449599
0.994346
0.047889
0.048760
0.275071
0.728018
0.751585
0.377275
0.994346
0.542317
0.700402
0.118440
0.800526
0.227060
0.674340
0.041443
0.867438
0.491986
0.378509
0.483046
0.184822
0.873581
0.304927
0.742280
0.646845
0.156293
0.800526
0.812070
0.108221
0.596703
0.371002
0.867438
0.720878
0.532413
0.372747
0.431779
0.994346
0.673149
0.173280
0.421328
0.753945
0.524754
0.423094
0.490518
0.522580
0.100223
0.101656
0.818818
0.411877
0.451997
0.104597
0.735164
0.212928
0.391944
0.481124
0.670770
0.188316
0.010069
0.938859
0.209926
0.431779
0.004411
0.730219
0.378016
0.012908
0.822183
0.738720
0.994346
0.216299
0.980941
0.347628
0.822183
0.673149
0.158438
0.692224
0.763550
0.214945
0.542317
0.122986
0.598842
0.336633
0.723082
0.911105
0.524754
0.753945
0.532413
0.245258
0.512821
0.502133
0.335335
0.541222
0.421718
0.624643
0.701607
0.963248
0.943438
0.144737
0.070837
0.767070
0.479931
0.096569
0.020285
0.391944
0.263502
0.441692
0.216560
0.554426
0.674340
0.169966
0.751585
0.994346
0.681484
0.963248
0.965781
0.492618
0.408932
0.172348
0.753945
0.025372
0.318257
0.386919
0.328478
0.634032
0.812070
0.443660
0.644483
0.489459
0.576057
0.282057
0.634032
0.179860
0.762186
0.101656
0.685071
0.172344
0.812070
0.285604
0.010127
0.556665
0.384375
0.980941
0.449599
0.751585
0.920683
0.160352
0.624643
0.522580
0.176035
0.379041
0.254850
0.000447
0.233870
0.310677
0.674340
0.720878
0.057053
0.767070
0.524754
0.371002
0.027578
0.624643
0.156657
0.112912
0.513756
0.343160
0.959450
0.492618
0.493673
0.200723
0.563407
0.214945
0.368001
0.416972
0.133207
0.911105
0.930768
0.621128
0.336633
0.800526
0.003629
0.371002
0.322270
0.563407
0.935595
0.751585
0.406276
0.379041
0.491986
0.994346
0.108836
0.574724
0.810769
0.491400
0.920683
0.603639
0.284183
0.184826
0.649383
0.184826
0.767070
0.640403
0.832159
0.180906
0.624643
0.011440
0.347628
0.054133
0.994346
0.278125
0.965781
0.920683
0.310975
0.281339
0.495144
0.938859
0.522580
0.634032
0.719685
0.554426
0.225206
0.479931
0.343026
0.980941
0.397407
0.048760
0.431779
0.315583
0.256900
0.539018
0.144737
0.144737
0.510532
0.490518
0.769238
0.396118
0.853659
0.994346
0.690861
0.767070
0.692224
0.233533
0.853659
0.728018
0.905643
0.501960
0.421328
0.495780
0.553306
0.935595
0.040900
0.108836
0.849384
0.131368
0.179453
0.920683
0.959450
0.527864
0.674340
0.623468
0.646845
0.530032
0.379929
0.849384
0.657511
0.235081
0.738720
0.384375
0.537249
0.717303
0.084561
0.818818
0.938859
0.669389
0.776245
0.645819
0.168376
0.048760
0.468766
0.963248
0.260455
0.883482
0.137651
0.136563
0.594853
0.333401
0.174679
0.064290
0.062414
0.237880
0.169559
0.391450
0.930768
0.381704
0.493673
0.623468
0.812070
0.067581
0.774086
0.436623
0.225295
0.493673
0.762186
0.020952
0.481124
0.165042
0.621128
0.657511
0.670770
0.554426
0.883482
0.532413
0.480087
0.075320
0.938859
0.251074
0.867438
0.640403
0.381704
0.670770
0.717303
0.064641
0.169966
0.223541
0.384375
0.276733
0.471829
0.144737
0.317596
0.370129
0.594853
0.082183
0.532413
0.920683
0.742280
0.512834
0.507900
0.096569
0.594853
0.753945
0.812070
0.014404
0.524754
0.890345
0.723082
0.389230
0.471829
0.890345
0.920683
0.542317
0.598842
0.578155
0.225295
0.513756
0.220635
0.387065
0.494089
0.281339
0.867438
0.720878
0.292073
0.381704
0.493673
0.107731
0.201787
0.800526
0.358220
0.439570
0.930768
0.763550
0.277849
0.994346
0.194636
0.920683
0.563407
0.458600
0.539018
0.073542
0.471829
0.581761
0.767070
0.281339
0.634032
0.495621
0.379929
0.539018
0.096569
0.777595
0.867438
0.198608
0.303016
0.751585
0.800526
0.807359
0.883482
0.258769
0.418492
0.327683
0.720878
0.731596
0.483200
0.763550
0.490518
0.657511
0.439570
0.738720
0.156883
0.113866
0.594853
0.731596
0.034056
0.818818
0.943438
0.965781
0.130274
0.428439
0.767070
0.419301
0.173280
0.459609
0.655140
0.432875
0.318257
0.130274
0.719685
0.278125
0.431779
0.867438
0.920683
0.844010
0.920683
0.303131
0.670770
0.383354
0.965781
0.532413
0.943438
0.822183
0.130274
0.495780
0.822183
0.394175
0.818818
0.731596
0.495621
0.881497
0.554426
0.351453
0.531128
0.084074
0.343160
0.021082
0.149346
0.490518
0.822183
0.399646
0.692224
0.276733
0.674340
0.731596
0.657511
0.169559
0.164958
0.853659
0.867438
0.822183
