0.713852
0.499514
0.159044
0.159044
0.648387
0.499514
0.648387
0.949536
0.039717
0.374306
0.159044
0.862457
0.374306
0.587007
0.374306
0.066920
0.159044
0.648387
0.949536
0.862457
0.862457
0.374306
0.441306
0.648387
0.949536
0.203766
0.862457
0.648387
0.949536
0.037210
0.153190
0.499514
0.094702
0.439868
0.949536
0.374306
0.157494
0.212245
0.713852
0.499514
0.037210
0.713852
0.439868
0.014014
0.587007
0.374306
0.862457
0.125969
0.648387
0.439868
0.949536
0.949536
0.587007
0.374306
0.374306
0.037210
0.374306
0.212245
0.862457
0.157494
0.330688
0.648387
0.862457
0.862457
0.374306
0.862457
0.587007
0.499514
0.441306
0.499514
0.949536
0.374306
0.499514
0.439868
0.374306
0.157494
0.587007
0.374306
0.713852
0.374306
0.153190
0.125969
0.713852
0.374306
0.499514
0.862457
0.212245
0.374306
0.157494
0.159044
0.094702
0.587007
0.713852
0.587007
0.157494
0.862457
0.439868
0.330688
0.499514
0.949536
0.441306
0.374306
0.020590
0.153190
0.330688
0.159044
0.713852
0.949536
0.374306
0.157494
0.862457
0.066920
0.949536
0.157494
0.157494
0.439868
0.157494
0.330688
0.713852
0.713852
0.499514
0.157494
0.037210
0.374306
0.441306
0.499514
0.949536
0.374306
0.441306
0.862457
0.499514
0.159044
0.094702
0.648387
0.949536
0.374306
0.499514
0.862457
0.374306
0.949536
0.949536
0.439868
0.441306
0.439868
0.441306
0.157494
0.125969
0.157494
0.499514
0.157494
0.094702
0.949536
0.862457
0.862457
0.020590
0.374306
0.439868
0.212245
0.862457
0.862457
0.862457
0.374306
0.862457
0.648387
0.374306
0.648387
0.949536
0.157494
0.648387
0.441306
0.862457
0.499514
0.441306
0.439868
0.022669
0.212245
0.374306
0.439868
0.949536
0.499514
0.153190
0.587007
0.159044
0.587007
0.713852
0.949536
0.212245
0.587007
0.374306
0.587007
0.212245
0.713852
0.949536
0.094702
0.157494
0.157494
0.587007
0.713852
0.157494
0.212245
0.587007
0.949536
0.713852
0.157494
0.862457
0.212245
0.862457
0.949536
0.159044
0.157494
0.713852
0.066920
0.648387
0.587007
0.010501
0.441306
0.862457
0.125969
0.949536
0.153190
0.862457
0.862457
0.949536
0.862457
0.862457
0.713852
0.949536
0.441306
0.020590
0.374306
0.159044
0.153190
0.949536
0.862457
0.648387
0.587007
0.203766
0.499514
0.949536
0.587007
0.949536
0.587007
0.441306
0.330688
0.587007
0.862457
0.157494
0.862457
0.862457
0.499514
0.094702
0.587007
0.713852
0.330688
0.212245
0.094702
0.157494
0.587007
0.439868
0.499514
0.587007
0.439868
0.203766
0.862457
0.125969
0.374306
0.862457
0.157494
0.157494
0.713852
0.374306
0.949536
0.862457
0.439868
0.439868
0.374306
0.374306
0.648387
0.374306
0.713852
0.862457
0.862457
0.157494
0.157494
0.441306
0.125969
0.949536
0.439868
0.159044
0.587007
0.713852
0.713852
0.212245
0.862457
0.374306
0.648387
0.374306
0.441306
0.374306
0.862457
0.439868
0.713852
0.862457
0.862457
0.713852
0.439868
0.374306
0.713852
0.648387
0.159044
0.439868
0.862457
0.374306
0.203766
0.949536
0.015229
0.020590
0.499514
0.862457
0.949536
0.330688
0.862457
0.066920
0.648387
0.587007
0.499514
0.713852
0.648387
0.000592
0.713852
0.862457
0.949536
0.713852
0.020590
0.374306
0.441306
0.001375
0.499514
0.374306
0.212245
0.125969
0.713852
0.374306
0.157494
0.203766
0.713852
0.439868
0.157494
0.949536
0.374306
0.094702
0.587007
0.587007
0.439868
0.949536
0.949536
0.066920
0.949536
0.949536
0.587007
0.862457
0.949536
0.949536
0.862457
0.203766
0.015229
0.157494
0.330688
0.374306
0.499514
0.587007
0.499514
0.587007
0.212245
0.862457
0.587007
0.203766
0.949536
0.949536
0.713852
0.587007
0.949536
0.949536
0.587007
0.157494
0.330688
0.499514
0.949536
0.862457
0.439868
0.587007
0.374306
0.015811
0.374306
0.066920
0.159044
0.374306
0.157494
0.374306
0.499514
0.648387
0.499514
0.441306
0.713852
0.713852
0.159044
0.862457
0.949536
0.153190
0.157494
0.648387
0.441306
0.439868
0.499514
0.439868
0.203766
0.587007
0.374306
0.157494
0.949536
0.374306
0.441306
0.949536
0.862457
0.330688
0.648387
0.374306
0.374306
0.212245
0.066920
0.949536
0.949536
0.374306
0.125969
0.441306
0.441306
0.037210
0.862457
0.066920
0.862457
0.374306
0.949536
0.157494
0.587007
0.949536
0.441306
0.587007
0.439868
0.648387
0.094702
0.159044
0.157494
0.648387
0.157494
0.157494
0.949536
0.949536
0.713852
0.648387
0.713852
0.587007
0.094702
0.949536
0.374306
0.499514
0.203766
0.949536
0.499514
0.330688
0.066920
0.862457
0.374306
0.648387
0.499514
0.713852
0.439868
0.499514
0.587007
0.153190
0.212245
0.374306
0.949536
0.862457
0.441306
0.587007
0.374306
0.862457
0.862457
0.862457
0.374306
0.203766
0.039717
0.441306
0.212245
0.499514
0.439868
0.439868
0.949536
0.330688
0.094702
0.066920
0.949536
0.713852
0.862457
0.648387
0.374306
0.587007
0.212245
0.499514
0.499514
0.439868
0.374306
0.499514
0.587007
0.037210
0.648387
0.125969
0.862457
0.066920
0.330688
0.587007
0.949536
0.374306
0.439868
0.066920
0.153190
0.157494
0.648387
0.374306
0.949536
0.203766
0.374306
0.125969
0.439868
0.439868
0.862457
0.374306
0.037210
0.713852
0.862457
0.066920
0.439868
0.499514
0.648387
0.949536
0.374306
0.330688
0.862457
0.022669
0.949536
0.439868
0.037210
0.862457
0.862457
0.713852
0.330688
0.648387
0.862457
0.203766
0.648387
0.862457
0.949536
0.159044
0.374306
0.020590
0.159044
0.441306
0.212245
0.949536
0.587007
0.203766
0.439868
0.374306
0.203766
0.439868
0.439868
