0.618155
0.372205
0.332684
0.242664
0.021483
0.008730
0.704356
0.924389
0.665695
0.762440
0.903184
0.903184
0.924389
0.477258
0.704356
0.545196
0.791040
0.035057
0.104358
0.196875
0.837097
0.684982
0.694661
0.590279
0.469159
0.477258
0.675324
0.461150
0.519081
0.036050
0.563006
0.590279
0.924389
0.781565
0.991590
0.723765
0.339045
0.910508
0.365391
0.032220
0.563006
0.000314
0.879828
0.845961
0.781565
0.090221
0.386107
0.052768
0.879828
0.845961
0.982328
0.871626
0.135085
0.290627
0.493724
0.818985
0.772028
0.590279
0.138214
0.982328
0.937166
0.000000
0.646543
0.075803
0.627566
0.209823
0.772028
0.519081
0.895620
0.099452
0.572025
0.772028
0.273894
0.430027
0.910508
0.068481
0.453232
0.493724
0.733464
0.132014
0.879828
0.400378
0.214287
0.665695
0.345496
0.379110
0.656099
0.963785
0.684982
0.024883
0.097073
0.590279
0.061771
0.887831
0.114776
0.903184
0.618155
0.445405
0.083781
0.656099
0.871626
0.112094
0.237740
0.279387
0.887831
0.072062
0.733464
0.205434
0.485447
0.044922
0.120301
0.320229
0.151331
0.845961
0.097073
0.209823
0.477258
0.379110
0.209823
0.407651
0.097073
0.694661
0.903184
0.165447
0.572025
0.646543
0.263158
0.752811
0.733464
0.437670
0.218825
0.675324
0.903184
0.959098
0.393196
0.982328
0.047417
0.646543
0.358668
0.646543
0.554062
0.004319
0.694661
0.263158
0.352037
0.024167
0.723765
0.477258
0.242664
0.781565
0.999365
0.169138
0.954088
0.675324
0.386107
0.665695
0.112094
0.637030
0.519081
0.887831
0.608801
0.879828
0.590279
0.930921
0.196875
0.684982
0.618155
0.627566
0.242664
0.000733
0.379110
0.070252
0.627566
0.895620
0.485447
0.161822
0.930921
0.563006
0.314134
0.320229
0.675324
0.415017
0.247667
0.997555
0.618155
0.752811
0.144651
0.903184
0.772028
0.081722
0.393196
0.196875
0.684982
0.845961
0.126045
0.599508
0.963785
0.493724
0.453232
0.088029
0.279387
0.536409
0.684982
0.618155
0.599508
0.006938
0.172895
0.871626
0.365391
0.845961
0.268484
0.273894
0.743149
0.828101
0.135085
0.161822
0.407651
0.358668
0.733464
0.903184
0.704356
0.781565
0.536409
0.088029
0.302207
0.453232
0.365391
0.536409
0.214287
0.040274
0.887831
0.055634
0.176719
0.599508
0.201118
0.169138
0.453232
0.828101
0.012020
0.011284
0.332684
0.358668
0.205434
0.800443
0.590279
0.161822
0.129001
0.863239
0.828101
0.033142
0.854679
0.599508
0.502090
0.036050
0.554062
0.854679
0.138214
0.714060
0.469159
0.201118
0.469159
0.743149
0.590279
0.407651
0.818985
0.437670
0.042543
0.656099
0.694661
0.502090
0.477258
0.106885
0.114776
0.818985
0.372205
0.075803
0.527703
0.646543
0.400378
0.055634
0.223438
0.379110
0.723765
0.818985
0.040274
0.345496
0.743149
0.910508
0.637030
0.545196
0.218825
0.863239
0.828101
0.273894
0.129001
0.308127
0.379110
0.188603
0.995789
0.010589
0.147960
0.954088
0.519081
0.871626
0.954088
0.081722
0.228128
0.014494
0.752811
0.252749
0.656099
0.943115
0.001971
0.158261
0.320229
0.694661
0.845961
0.469159
0.158261
0.308127
0.196875
0.599508
0.627566
0.015415
0.453232
0.016896
0.762440
0.060185
0.502090
0.094742
0.290627
0.895620
0.563006
0.772028
0.975882
0.302207
0.192703
0.205434
0.772028
0.042543
0.627566
0.083781
0.097073
0.554062
0.196875
0.188603
0.800443
0.407651
0.461150
0.290627
0.733464
0.332684
0.554062
0.085883
0.743149
0.694661
0.044922
0.502090
0.485447
0.081722
0.132014
0.599508
0.034088
0.704356
0.296374
0.762440
0.828101
0.863239
0.554062
0.223438
0.184573
0.279387
0.358668
0.519081
0.247667
0.094742
0.257913
0.608801
0.752811
0.123145
0.665695
0.214287
0.320229
0.752811
0.144651
0.987535
0.437670
0.545196
0.714060
0.308127
0.948758
0.527703
0.791040
0.608801
0.910508
0.263158
0.308127
0.837097
0.180612
0.581117
0.415017
0.733464
0.132014
0.075803
0.009017
0.073913
0.684982
0.180612
0.126045
0.242664
0.818985
0.232895
0.214287
0.393196
0.247667
0.386107
0.379110
0.314134
0.437670
0.228128
0.959098
0.854679
0.106885
0.618155
0.818985
0.903184
0.818985
0.895620
0.358668
0.863239
0.445405
0.781565
0.063393
0.485447
0.352037
0.910508
0.903184
0.422476
0.581117
0.469159
0.948758
0.510543
0.308127
0.223438
0.818985
0.020242
0.818985
0.781565
0.563006
0.590279
0.599508
0.963785
0.733464
0.879828
0.536409
0.237740
0.743149
0.828101
0.302207
0.180612
0.279387
0.519081
0.257913
0.895620
0.979264
0.400378
0.188603
0.930921
0.772028
0.903184
0.290627
0.415017
0.022790
0.172895
0.752811
0.001167
0.948758
0.646543
0.545196
0.979264
0.132014
0.879828
0.930921
0.809762
0.106885
0.675324
0.415017
0.273894
0.043718
0.196875
0.563006
0.656099
0.445405
0.637030
0.828101
0.800443
0.998691
0.743149
0.743149
0.031320
0.461150
0.972177
0.581117
0.733464
0.379110
0.762440
0.039179
0.968145
0.723765
0.704356
0.386107
0.627566
0.284965
0.144651
0.954088
0.791040
0.879828
0.563006
0.704356
0.000733
0.581117
0.656099
0.184573
0.510543
0.972177
0.345496
0.527703
0.006071
0.129001
0.485447
0.572025
0.437670
0.048708
0.332684
0.800443
0.485447
0.975882
0.112094
0.563006
0.791040
0.223438
0.743149
0.372205
0.581117
0.554062
0.743149
0.073913
0.039179
0.837097
0.943115
0.536409
0.393196
0.070252
0.007660
0.991590
0.828101
0.502090
0.502090
0.172895
0.959098
0.917581
0.646543
0.527703
0.714060
0.627566
0.068481
0.991590
0.339045
0.879828
0.477258
0.158261
0.887831
0.871626
0.268484
0.257913
0.837097
