0.365391
0.762440
0.800443
0.684982
0.004470
0.007171
0.800443
0.694661
0.572025
0.554062
0.493724
0.982328
0.800443
0.151331
0.296374
0.273894
0.527703
0.073913
0.415017
0.147960
0.684982
0.308127
0.871626
0.656099
0.242664
0.545196
0.477258
0.372205
0.205434
0.039179
0.937166
0.937166
0.665695
0.314134
0.993223
0.714060
0.493724
0.963785
0.791040
0.072062
0.854679
0.000327
0.415017
0.752811
0.675324
0.437670
0.828101
0.048708
0.917581
0.618155
0.714060
0.963785
0.141402
0.400378
0.422476
0.461150
0.352037
0.237740
0.055634
0.972177
0.684982
0.000025
0.975882
0.097073
0.837097
0.510543
0.646543
0.332684
0.800443
0.151331
0.430027
0.646543
0.169138
0.781565
0.536409
0.090221
0.772028
0.326412
0.937166
0.088029
0.684982
0.184573
0.296374
0.536409
0.326412
0.477258
0.743149
0.948758
0.379110
0.006071
0.106885
0.675324
0.040274
0.733464
0.188603
0.675324
0.714060
0.257913
0.028752
0.837097
0.554062
0.120301
0.099452
0.123145
0.924389
0.273894
0.800443
0.257913
0.252749
0.218825
0.252749
0.109463
0.073913
0.637030
0.214287
0.184573
0.422476
0.752811
0.581117
0.527703
0.081722
0.903184
0.809762
0.169138
0.469159
0.781565
0.800443
0.581117
0.723765
0.273894
0.302207
0.954088
0.752811
0.985082
0.372205
0.863239
0.028752
0.599508
0.104358
0.536409
0.345496
0.001358
0.684982
0.519081
0.308127
0.050031
0.828101
0.379110
0.461150
0.845961
0.996761
0.733464
0.694661
0.963785
0.453232
0.694661
0.218825
0.545196
0.545196
0.837097
0.733464
0.930921
0.132014
0.772028
0.485447
0.545196
0.910508
0.675324
0.232895
0.001259
0.618155
0.176719
0.527703
0.536409
0.400378
0.400378
0.930921
0.800443
0.818985
0.184573
0.257913
0.502090
0.581117
0.982328
0.854679
0.646543
0.247667
0.887831
0.493724
0.223438
0.809762
0.083781
0.627566
0.422476
0.129001
0.437670
0.656099
0.743149
0.599508
0.112094
0.232895
0.510543
0.924389
0.477258
0.723765
0.012404
0.273894
0.975882
0.453232
0.485447
0.223438
0.554062
0.563006
0.871626
0.065052
0.144651
0.493724
0.232895
0.400378
0.477258
0.772028
0.554062
0.296374
0.247667
0.800443
0.430027
0.527703
0.352037
0.268484
0.038111
0.994616
0.290627
0.114776
0.818985
0.112094
0.161822
0.400378
0.407651
0.007412
0.008450
0.510543
0.781565
0.290627
0.895620
0.563006
0.129001
0.147960
0.800443
0.752811
0.002636
0.903184
0.192703
0.223438
0.085883
0.196875
0.656099
0.075803
0.184573
0.863239
0.043718
0.430027
0.828101
0.279387
0.284965
0.809762
0.415017
0.094742
0.854679
0.818985
0.430027
0.675324
0.099452
0.101880
0.828101
0.218825
0.114776
0.608801
0.188603
0.618155
0.025618
0.094742
0.345496
0.895620
0.937166
0.033142
0.161822
0.675324
0.930921
0.924389
0.772028
0.477258
0.510543
0.314134
0.714060
0.123145
0.618155
0.161822
0.083781
0.924389
0.101880
0.237740
0.968145
0.879828
0.772028
0.963785
0.147960
0.123145
0.054185
0.372205
0.379110
0.743149
0.445405
0.007660
0.379110
0.290627
0.646543
0.684982
0.445405
0.068481
0.218825
0.296374
0.232895
0.437670
0.001358
0.209823
0.012799
0.618155
0.039179
0.665695
0.030443
0.120301
0.917581
0.818985
0.863239
0.828101
0.400378
0.151331
0.228128
0.943115
0.112094
0.675324
0.090221
0.332684
0.895620
0.161822
0.273894
0.675324
0.733464
0.627566
0.407651
0.393196
0.263158
0.332684
0.090221
0.975882
0.590279
0.040274
0.863239
0.545196
0.058634
0.129001
0.257913
0.010589
0.743149
0.407651
0.379110
0.903184
0.554062
0.714060
0.627566
0.527703
0.247667
0.723765
0.296374
0.279387
0.151331
0.477258
0.704356
0.675324
0.172895
0.948758
0.407651
0.845961
0.453232
0.257913
0.930921
0.232895
0.237740
0.723765
0.257913
0.989700
0.214287
0.407651
0.937166
0.917581
0.608801
0.279387
0.959098
0.302207
0.379110
0.141402
0.854679
0.073913
0.290627
0.006711
0.094742
0.791040
0.290627
0.022790
0.279387
0.627566
0.314134
0.024167
0.252749
0.415017
0.144651
0.073913
0.232895
0.493724
0.218825
0.917581
0.519081
0.068481
0.714060
0.415017
0.372205
0.733464
0.871626
0.485447
0.599508
0.308127
0.982328
0.252749
0.332684
0.510543
0.837097
0.998691
0.694661
0.493724
0.800443
0.627566
0.818985
0.485447
0.135085
0.937166
0.284965
0.762440
0.987535
0.502090
0.510543
0.223438
0.656099
0.519081
0.762440
0.201118
0.637030
0.987535
0.545196
0.263158
0.393196
0.135085
0.332684
0.126045
0.684982
0.999076
0.646543
0.188603
0.772028
0.407651
0.637030
0.437670
0.646543
0.034088
0.176719
0.437670
0.002636
0.871626
0.733464
0.247667
0.959098
0.302207
0.415017
0.733464
0.743149
0.138214
0.762440
0.379110
0.393196
0.043718
0.030443
0.963785
0.943115
0.151331
0.314134
0.743149
0.675324
0.959098
0.205434
0.268484
0.013623
0.519081
0.772028
0.314134
0.469159
0.828101
0.800443
0.038111
0.800443
0.510543
0.968145
0.268484
0.169138
0.223438
0.042543
0.879828
0.536409
0.845961
0.895620
0.665695
0.001308
0.502090
0.461150
0.637030
0.887831
0.845961
0.112094
0.800443
0.007412
0.120301
0.581117
0.743149
0.694661
0.057117
0.637030
0.948758
0.445405
0.954088
0.083781
0.854679
0.572025
0.252749
0.519081
0.252749
0.963785
0.656099
0.791040
0.016896
0.029587
0.991590
0.982328
0.895620
0.279387
0.158261
0.201118
0.993223
0.781565
0.332684
0.637030
0.205434
0.863239
0.545196
0.772028
0.837097
0.572025
0.527703
0.223438
0.979264
0.772028
0.733464
0.510543
0.430027
0.982328
0.752811
0.326412
0.393196
0.372205
