0.618155
0.365391
0.372205
0.762440
0.332684
0.800443
0.242664
0.684982
0.021483
0.004470
0.008730
0.007171
0.704356
0.800443
0.924389
0.694661
0.665695
0.572025
0.762440
0.554062
0.903184
0.493724
0.903184
0.982328
0.924389
0.800443
0.477258
0.151331
0.704356
0.296374
0.545196
0.273894
0.791040
0.527703
0.035057
0.073913
0.104358
0.415017
0.196875
0.147960
0.837097
0.684982
0.684982
0.308127
0.694661
0.871626
0.590279
0.656099
0.469159
0.242664
0.477258
0.545196
0.675324
0.477258
0.461150
0.372205
0.519081
0.205434
0.036050
0.039179
0.563006
0.937166
0.590279
0.937166
0.924389
0.665695
0.781565
0.314134
0.991590
0.993223
0.723765
0.714060
0.339045
0.493724
0.910508
0.963785
0.365391
0.791040
0.032220
0.072062
0.563006
0.854679
0.000314
0.000327
0.879828
0.415017
0.845961
0.752811
0.781565
0.675324
0.090221
0.437670
0.386107
0.828101
0.052768
0.048708
0.879828
0.917581
0.845961
0.618155
0.982328
0.714060
0.871626
0.963785
0.135085
0.141402
0.290627
0.400378
0.493724
0.422476
0.818985
0.461150
0.772028
0.352037
0.590279
0.237740
0.138214
0.055634
0.982328
0.972177
0.937166
0.684982
0.000000
0.000025
0.646543
0.975882
0.075803
0.097073
0.627566
0.837097
0.209823
0.510543
0.772028
0.646543
0.519081
0.332684
0.895620
0.800443
0.099452
0.151331
0.572025
0.430027
0.772028
0.646543
0.273894
0.169138
0.430027
0.781565
0.910508
0.536409
0.068481
0.090221
0.453232
0.772028
0.493724
0.326412
0.733464
0.937166
0.132014
0.088029
0.879828
0.684982
0.400378
0.184573
0.214287
0.296374
0.665695
0.536409
0.345496
0.326412
0.379110
0.477258
0.656099
0.743149
0.963785
0.948758
0.684982
0.379110
0.024883
0.006071
0.097073
0.106885
0.590279
0.675324
0.061771
0.040274
0.887831
0.733464
0.114776
0.188603
0.903184
0.675324
0.618155
0.714060
0.445405
0.257913
0.083781
0.028752
0.656099
0.837097
0.871626
0.554062
0.112094
0.120301
0.237740
0.099452
0.279387
0.123145
0.887831
0.924389
0.072062
0.273894
0.733464
0.800443
0.205434
0.257913
0.485447
0.252749
0.044922
0.218825
0.120301
0.252749
0.320229
0.109463
0.151331
0.073913
0.845961
0.637030
0.097073
0.214287
0.209823
0.184573
0.477258
0.422476
0.379110
0.752811
0.209823
0.581117
0.407651
0.527703
0.097073
0.081722
0.694661
0.903184
0.903184
0.809762
0.165447
0.169138
0.572025
0.469159
0.646543
0.781565
0.263158
0.800443
0.752811
0.581117
0.733464
0.723765
0.437670
0.273894
0.218825
0.302207
0.675324
0.954088
0.903184
0.752811
0.959098
0.985082
0.393196
0.372205
0.982328
0.863239
0.047417
0.028752
0.646543
0.599508
0.358668
0.104358
0.646543
0.536409
0.554062
0.345496
0.004319
0.001358
0.694661
0.684982
0.263158
0.519081
0.352037
0.308127
0.024167
0.050031
0.723765
0.828101
0.477258
0.379110
0.242664
0.461150
0.781565
0.845961
0.999365
0.996761
0.169138
0.733464
0.954088
0.694661
0.675324
0.963785
0.386107
0.453232
0.665695
0.694661
0.112094
0.218825
0.637030
0.545196
0.519081
0.545196
0.887831
0.837097
0.608801
0.733464
0.879828
0.930921
0.590279
0.132014
0.930921
0.772028
0.196875
0.485447
0.684982
0.545196
0.618155
0.910508
0.627566
0.675324
0.242664
0.232895
0.000733
0.001259
0.379110
0.618155
0.070252
0.176719
0.627566
0.527703
0.895620
0.536409
0.485447
0.400378
0.161822
0.400378
0.930921
0.930921
0.563006
0.800443
0.314134
0.818985
0.320229
0.184573
0.675324
0.257913
0.415017
0.502090
0.247667
0.581117
0.997555
0.982328
0.618155
0.854679
0.752811
0.646543
0.144651
0.247667
0.903184
0.887831
0.772028
0.493724
0.081722
0.223438
0.393196
0.809762
0.196875
0.083781
0.684982
0.627566
0.845961
0.422476
0.126045
0.129001
0.599508
0.437670
0.963785
0.656099
0.493724
0.743149
0.453232
0.599508
0.088029
0.112094
0.279387
0.232895
0.536409
0.510543
0.684982
0.924389
0.618155
0.477258
0.599508
0.723765
0.006938
0.012404
0.172895
0.273894
0.871626
0.975882
0.365391
0.453232
0.845961
0.485447
0.268484
0.223438
0.273894
0.554062
0.743149
0.563006
0.828101
0.871626
0.135085
0.065052
0.161822
0.144651
0.407651
0.493724
0.358668
0.232895
0.733464
0.400378
0.903184
0.477258
0.704356
0.772028
0.781565
0.554062
0.536409
0.296374
0.088029
0.247667
0.302207
0.800443
0.453232
0.430027
0.365391
0.527703
0.536409
0.352037
0.214287
0.268484
0.040274
0.038111
0.887831
0.994616
0.055634
0.290627
0.176719
0.114776
0.599508
0.818985
0.201118
0.112094
0.169138
0.161822
0.453232
0.400378
0.828101
0.407651
0.012020
0.007412
0.011284
0.008450
0.332684
0.510543
0.358668
0.781565
0.205434
0.290627
0.800443
0.895620
0.590279
0.563006
0.161822
0.129001
0.129001
0.147960
0.863239
0.800443
0.828101
0.752811
0.033142
0.002636
0.854679
0.903184
0.599508
0.192703
0.502090
0.223438
0.036050
0.085883
0.554062
0.196875
0.854679
0.656099
0.138214
0.075803
0.714060
0.184573
0.469159
0.863239
0.201118
0.043718
0.469159
0.430027
0.743149
0.828101
0.590279
0.279387
0.407651
0.284965
0.818985
0.809762
0.437670
0.415017
0.042543
0.094742
0.656099
0.854679
0.694661
0.818985
0.502090
0.430027
0.477258
0.675324
0.106885
0.099452
0.114776
0.101880
0.818985
0.828101
0.372205
0.218825
0.075803
0.114776
0.527703
0.608801
0.646543
0.188603
0.400378
0.618155
0.055634
0.025618
0.223438
0.094742
0.379110
0.345496
0.723765
0.895620
0.818985
0.937166
0.040274
0.033142
0.345496
0.161822
0.743149
0.675324
0.910508
0.930921
0.637030
0.924389
0.545196
0.772028
0.218825
0.477258
0.863239
0.510543
0.828101
0.314134
0.273894
0.714060
0.129001
0.123145
0.308127
0.618155
0.379110
0.161822
0.188603
0.083781
0.995789
0.924389
0.010589
0.101880
0.147960
0.237740
0.954088
0.968145
0.519081
0.879828
0.871626
0.772028
0.954088
0.963785
0.081722
0.147960
0.228128
0.123145
0.014494
0.054185
0.752811
0.372205
0.252749
0.379110
0.656099
0.743149
0.943115
0.445405
0.001971
0.007660
0.158261
0.379110
0.320229
0.290627
0.694661
0.646543
0.845961
0.684982
0.469159
0.445405
0.158261
0.068481
0.308127
0.218825
0.196875
0.296374
0.599508
0.232895
0.627566
0.437670
0.015415
0.001358
0.453232
0.209823
0.016896
0.012799
0.762440
0.618155
0.060185
0.039179
0.502090
0.665695
0.094742
0.030443
0.290627
0.120301
0.895620
0.917581
0.563006
0.818985
0.772028
0.863239
0.975882
0.828101
0.302207
0.400378
0.192703
0.151331
0.205434
0.228128
0.772028
0.943115
0.042543
0.112094
0.627566
0.675324
0.083781
0.090221
0.097073
0.332684
0.554062
0.895620
0.196875
0.161822
0.188603
0.273894
0.800443
0.675324
0.407651
0.733464
0.461150
0.627566
0.290627
0.407651
0.733464
0.393196
0.332684
0.263158
0.554062
0.332684
0.085883
0.090221
0.743149
0.975882
0.694661
0.590279
0.044922
0.040274
0.502090
0.863239
0.485447
0.545196
0.081722
0.058634
0.132014
0.129001
0.599508
0.257913
0.034088
0.010589
0.704356
0.743149
0.296374
0.407651
0.762440
0.379110
0.828101
0.903184
0.863239
0.554062
0.554062
0.714060
0.223438
0.627566
0.184573
0.527703
0.279387
0.247667
0.358668
0.723765
0.519081
0.296374
0.247667
0.279387
0.094742
0.151331
0.257913
0.477258
0.608801
0.704356
0.752811
0.675324
0.123145
0.172895
0.665695
0.948758
0.214287
0.407651
0.320229
0.845961
0.752811
0.453232
0.144651
0.257913
0.987535
0.930921
0.437670
0.232895
0.545196
0.237740
0.714060
0.723765
0.308127
0.257913
0.948758
0.989700
0.527703
0.214287
0.791040
0.407651
0.608801
0.937166
0.910508
0.917581
0.263158
0.608801
0.308127
0.279387
0.837097
0.959098
0.180612
0.302207
0.581117
0.379110
0.415017
0.141402
0.733464
0.854679
0.132014
0.073913
0.075803
0.290627
0.009017
0.006711
0.073913
0.094742
0.684982
0.791040
0.180612
0.290627
0.126045
0.022790
0.242664
0.279387
0.818985
0.627566
0.232895
0.314134
0.214287
0.024167
0.393196
0.252749
0.247667
0.415017
0.386107
0.144651
0.379110
0.073913
0.314134
0.232895
0.437670
0.493724
0.228128
0.218825
0.959098
0.917581
0.854679
0.519081
0.106885
0.068481
0.618155
0.714060
0.818985
0.415017
0.903184
0.372205
0.818985
0.733464
0.895620
0.871626
0.358668
0.485447
0.863239
0.599508
0.445405
0.308127
0.781565
0.982328
0.063393
0.252749
0.485447
0.332684
0.352037
0.510543
0.910508
0.837097
0.903184
0.998691
0.422476
0.694661
0.581117
0.493724
0.469159
0.800443
0.948758
0.627566
0.510543
0.818985
0.308127
0.485447
0.223438
0.135085
0.818985
0.937166
0.020242
0.284965
0.818985
0.762440
0.781565
0.987535
0.563006
0.502090
0.590279
0.510543
0.599508
0.223438
0.963785
0.656099
0.733464
0.519081
0.879828
0.762440
0.536409
0.201118
0.237740
0.637030
0.743149
0.987535
0.828101
0.545196
0.302207
0.263158
0.180612
0.393196
0.279387
0.135085
0.519081
0.332684
0.257913
0.126045
0.895620
0.684982
0.979264
0.999076
0.400378
0.646543
0.188603
0.188603
0.930921
0.772028
0.772028
0.407651
0.903184
0.637030
0.290627
0.437670
0.415017
0.646543
0.022790
0.034088
0.172895
0.176719
0.752811
0.437670
0.001167
0.002636
0.948758
0.871626
0.646543
0.733464
0.545196
0.247667
0.979264
0.959098
0.132014
0.302207
0.879828
0.415017
0.930921
0.733464
0.809762
0.743149
0.106885
0.138214
0.675324
0.762440
0.415017
0.379110
0.273894
0.393196
0.043718
0.043718
0.196875
0.030443
0.563006
0.963785
0.656099
0.943115
0.445405
0.151331
0.637030
0.314134
0.828101
0.743149
0.800443
0.675324
0.998691
0.959098
0.743149
0.205434
0.743149
0.268484
0.031320
0.013623
0.461150
0.519081
0.972177
0.772028
0.581117
0.314134
0.733464
0.469159
0.379110
0.828101
0.762440
0.800443
0.039179
0.038111
0.968145
0.800443
0.723765
0.510543
0.704356
0.968145
0.386107
0.268484
0.627566
0.169138
0.284965
0.223438
0.144651
0.042543
0.954088
0.879828
0.791040
0.536409
0.879828
0.845961
0.563006
0.895620
0.704356
0.665695
0.000733
0.001308
0.581117
0.502090
0.656099
0.461150
0.184573
0.637030
0.510543
0.887831
0.972177
0.845961
0.345496
0.112094
0.527703
0.800443
0.006071
0.007412
0.129001
0.120301
0.485447
0.581117
0.572025
0.743149
0.437670
0.694661
0.048708
0.057117
0.332684
0.637030
0.800443
0.948758
0.485447
0.445405
0.975882
0.954088
0.112094
0.083781
0.563006
0.854679
0.791040
0.572025
0.223438
0.252749
0.743149
0.519081
0.372205
0.252749
0.581117
0.963785
0.554062
0.656099
0.743149
0.791040
0.073913
0.016896
0.039179
0.029587
0.837097
0.991590
0.943115
0.982328
0.536409
0.895620
0.393196
0.279387
0.070252
0.158261
0.007660
0.201118
0.991590
0.993223
0.828101
0.781565
0.502090
0.332684
0.502090
0.637030
0.172895
0.205434
0.959098
0.863239
0.917581
0.545196
0.646543
0.772028
0.527703
0.837097
0.714060
0.572025
0.627566
0.527703
0.068481
0.223438
0.991590
0.979264
0.339045
0.772028
0.879828
0.733464
0.477258
0.510543
0.158261
0.430027
0.887831
0.982328
0.871626
0.752811
0.268484
0.326412
0.257913
0.393196
0.837097
0.372205
