0.132926
0.481403
0.464801
0.692436
0.014784
0.485572
0.743459
0.812972
0.077025
0.817622
0.039259
0.682619
0.256706
0.297957
0.303141
0.780400
0.279371
0.092541
0.398029
0.951600
0.190448
0.011791
0.615676
0.872091
0.724984
0.590668
0.223421
0.912185
0.739807
0.805083
0.884215
0.097969
0.396060
0.075084
0.264671
0.104478
0.698275
0.357517
0.662695
0.194377
0.658668
0.041156
0.723108
0.795389
0.787127
0.142190
0.045187
0.040771
0.236687
0.891123
0.405941
0.646509
0.630134
0.040771
0.109578
0.952867
0.388222
0.286052
0.456549
0.286052
0.025568
0.000000
0.413909
0.730582
0.817622
0.073811
0.479322
0.059347
0.648543
0.417913
0.276064
0.202401
0.035009
0.069497
0.911203
0.091035
0.660683
0.630134
0.938277
0.475163
0.885385
0.324353
0.646509
0.834122
0.292822
0.059876
0.351884
0.487659
0.392133
0.122228
0.808259
0.771847
0.256706
0.271147
0.638343
0.933568
0.329771
0.388222
0.849739
0.696333
0.607368
0.800267
0.885385
0.113084
0.407928
0.034341
0.764892
0.195699
0.719340
0.366996
0.538071
0.666709
0.664704
0.954722
0.205124
0.770117
0.187859
0.239702
0.238192
0.036380
0.175278
0.590668
0.378512
0.256706
0.719340
0.489747
0.750696
0.984862
0.656649
0.468940
0.155276
0.584382
0.458608
0.454491
0.958267
0.623952
0.380446
0.194377
0.374657
0.434057
0.787127
0.143249
0.682619
0.517009
0.496021
0.828223
0.611526
0.382384
0.944882
0.075084
0.959959
0.946965
0.957109
0.496021
0.380446
0.504403
0.194377
0.337065
0.113974
0.500209
0.226326
0.925162
0.636295
0.605286
0.226326
0.311888
0.717449
0.832659
0.479322
0.726855
0.656649
0.615676
0.634244
0.909217
0.670708
0.909217
0.077025
0.903079
0.527534
0.573882
0.575984
0.918852
0.271147
0.205124
0.241218
0.242740
0.171622
0.776997
0.075084
0.217681
0.885385
0.353757
0.450384
0.337065
0.129941
0.582284
0.533855
0.985120
0.877032
0.792104
0.398029
0.057267
0.003892
0.707920
0.458608
0.000000
0.879457
0.790452
0.668710
0.728721
0.342587
0.728721
0.670708
0.914127
0.264671
0.732438
0.348151
0.244268
0.596942
0.180237
0.640389
0.816079
0.466869
0.448334
0.672703
0.107004
0.787127
0.508601
0.095613
0.238192
0.571780
0.015426
0.648543
0.706000
0.510702
0.376582
0.500209
0.552828
0.003329
0.216262
0.974156
0.303141
0.737973
0.754280
0.935165
0.737973
0.366996
0.396060
0.601117
0.411912
0.213441
0.512803
0.155276
0.355635
0.271147
0.759613
0.201048
0.704076
0.436088
0.070708
0.077682
0.097179
0.514906
0.678664
0.971690
0.180237
0.055249
0.089548
0.266281
0.976450
0.310128
0.958837
0.756064
0.452436
0.000958
0.043132
0.337065
0.489747
0.943461
0.822208
0.337065
0.123172
0.132926
0.998992
0.350015
0.502306
0.938277
0.632190
0.206495
0.301408
0.311888
0.442199
0.475163
0.427980
0.185294
0.353757
0.299680
0.238192
0.914127
0.128957
0.926900
0.144313
0.775287
0.351884
0.267897
0.003846
0.962134
0.041156
0.983522
0.392133
0.732438
0.680643
0.498114
0.464801
0.652602
0.902030
0.489747
0.493928
0.247342
0.217681
0.342587
0.458608
0.217681
0.292822
0.434057
0.075084
0.232211
0.770117
0.878248
0.409918
0.256706
0.723108
0.939037
0.970391
0.988363
0.134944
0.448334
0.946965
0.959401
0.599030
0.640389
0.169215
0.686558
0.485572
0.952236
0.504403
0.266281
0.452436
0.337065
0.817622
0.728721
0.550720
0.132926
0.888851
0.041545
0.073811
0.806675
0.392133
0.460670
0.035689
0.809837
0.992422
0.985120
0.544396
0.351884
0.603202
0.857877
0.713652
0.209255
0.335234
0.820687
0.072557
0.113084
0.164473
0.887703
0.405941
0.329771
0.644472
0.752491
0.248888
0.573882
0.165649
0.460670
0.623952
0.015756
0.933568
0.110446
0.193061
0.613602
0.995967
0.994919
0.005479
0.171622
0.883037
0.229257
0.361296
0.135962
0.636295
0.034341
0.419920
0.678664
0.496021
0.997687
0.660683
0.578085
0.713652
0.962134
0.640389
0.707920
0.828223
0.592760
0.632190
0.223421
0.019025
0.068303
0.284373
0.434057
0.326154
0.617748
0.430003
0.527534
0.717449
0.652602
0.172834
0.861845
0.519112
0.828223
0.413909
0.527534
0.266281
0.805083
0.450384
0.000958
0.045608
0.944882
0.105315
0.157539
0.142190
0.584382
0.521217
0.955328
0.491837
0.342587
0.176509
0.870837
0.000000
0.883037
0.912185
0.475163
0.460670
0.998966
0.533855
0.510702
0.795389
0.863152
0.554935
0.062583
0.825230
0.972113
0.303141
0.269519
0.533855
0.317199
0.032719
0.489747
0.599030
0.759613
0.826730
0.977535
0.619818
0.880658
0.793750
0.660683
0.160979
0.169215
0.178988
0.834122
0.071320
0.075726
0.750696
0.116676
0.970391
0.034674
0.413909
0.895577
0.020662
0.768382
0.717449
0.442199
0.127006
0.440159
0.957109
0.554935
0.498114
0.468940
0.728721
0.350015
0.346291
0.446286
0.400001
0.809837
0.831187
0.434057
0.721226
0.182753
0.800267
0.069497
0.082404
0.370818
0.171622
0.538071
0.506502
0.979587
0.112199
0.485572
0.680643
0.975704
0.269519
0.145383
0.057267
0.159826
0.130930
0.303141
0.021527
0.704076
0.277715
0.945583
0.054754
0.617748
0.001624
0.039632
0.322557
0.138015
0.646509
0.974156
0.656649
0.888851
0.452436
0.879457
0.335234
0.554935
0.401978
0.996457
0.887703
0.842752
0.819158
0.366996
0.390176
0.759613
0.828223
0.962134
0.654627
0.930290
0.006592
0.912185
0.180237
0.664704
0.700213
0.793750
0.266281
0.281033
0.962134
0.376582
0.477241
0.599030
0.000270
0.748895
0.226326
0.491837
0.099566
0.242740
0.958837
0.405941
0.841332
0.156405
0.607368
