0.161822
0.252749
0.887831
0.092458
0.554062
0.158261
0.079707
0.302207
0.887831
0.879828
0.001040
0.314134
0.284965
0.694661
0.572025
0.400378
0.129001
0.296374
0.959098
0.762440
0.247667
0.818985
0.176719
0.138214
0.694661
0.135085
0.987535
0.948758
0.828101
0.320229
0.024883
0.627566
0.079707
0.228128
0.485447
0.352037
0.837097
0.871626
0.120301
0.665695
0.407651
0.477258
0.675324
0.372205
0.854679
0.762440
0.590279
0.887831
0.030443
0.924389
0.214287
0.743149
0.046155
0.469159
0.013205
0.144651
0.147960
0.437670
0.493724
0.218825
0.284965
0.000002
0.279387
0.863239
0.024883
0.358668
0.510543
0.075803
0.252749
0.284965
0.510543
0.477258
0.308127
0.028752
0.209823
0.714060
0.845961
0.379110
0.637030
0.917581
0.393196
0.800443
0.572025
0.165447
0.034088
0.871626
0.809762
0.151331
0.791040
0.572025
0.009017
0.948758
0.154764
0.024883
0.684982
0.066747
0.665695
0.943115
0.845961
0.903184
0.781565
0.242664
0.863239
0.041394
0.704356
0.147960
0.608801
0.445405
0.070252
0.151331
0.910508
0.393196
0.608801
0.218825
0.572025
0.461150
0.991590
0.228128
0.646543
0.863239
0.493724
0.809762
0.445405
0.743149
0.510543
0.545196
0.714060
0.930921
0.510543
0.581117
0.828101
0.536409
0.599508
0.400378
0.141402
0.937166
0.694661
0.005870
0.147960
0.704356
0.176719
0.104358
0.141402
0.694661
0.268484
0.937166
0.332684
0.985082
0.192703
0.590279
0.205434
0.257913
0.201118
0.704356
0.109463
0.154764
0.684982
0.400378
0.743149
0.047417
0.477258
0.046155
0.809762
0.493724
0.214287
0.791040
0.284965
0.218825
0.320229
0.379110
0.079707
0.982328
0.326412
0.114776
0.581117
0.060185
0.871626
0.510543
0.161822
0.675324
0.828101
0.618155
0.903184
0.781565
0.184573
0.461150
0.218825
0.618155
0.120301
0.104358
0.618155
0.527703
0.088029
0.493724
0.837097
0.563006
0.061771
0.079707
0.837097
0.572025
0.237740
0.519081
0.694661
0.022128
0.205434
0.073913
0.723765
0.665695
0.415017
0.001040
0.372205
0.937166
0.129001
0.365391
0.223438
0.903184
0.972177
0.079707
0.924389
0.477258
0.126045
0.407651
0.314134
0.453232
0.800443
0.781565
0.772028
0.090221
0.314134
0.214287
0.665695
0.752811
0.022790
0.161822
0.563006
0.485447
0.879828
0.268484
0.290627
0.818985
0.002832
0.290627
0.036050
0.572025
0.209823
0.063393
0.147960
0.237740
0.845961
0.975882
0.527703
0.581117
0.257913
0.223438
0.066747
0.205434
0.088029
0.057117
0.025618
0.209823
0.209823
0.910508
0.627566
0.910508
0.694661
0.057117
0.781565
0.563006
0.422476
0.684982
0.161822
0.828101
0.477258
0.545196
0.493724
0.352037
0.675324
0.572025
0.279387
0.314134
0.863239
0.144651
0.599508
0.694661
0.365391
0.135085
0.809762
0.762440
0.563006
0.196875
0.599508
0.415017
0.079707
0.723765
0.141402
0.791040
0.527703
0.675324
0.070252
0.545196
0.781565
0.296374
0.493724
0.415017
0.268484
0.536409
0.358668
0.637030
0.809762
0.527703
0.358668
0.968145
0.180612
0.151331
0.837097
0.017416
0.845961
0.252749
0.453232
0.704356
0.519081
0.094742
0.599508
0.704356
0.223438
0.723765
0.917581
0.665695
0.572025
0.461150
0.027938
0.302207
0.263158
0.993223
0.979264
0.135085
0.296374
0.129001
0.581117
0.415017
0.618155
0.627566
0.563006
0.365391
0.445405
0.963785
0.453232
0.854679
0.762440
0.001700
0.910508
0.104358
0.684982
0.800443
0.114776
0.995789
0.618155
0.461150
0.554062
0.372205
0.290627
0.656099
0.352037
0.007412
0.242664
0.032220
0.201118
0.196875
0.302207
0.339045
0.407651
0.184573
0.903184
0.519081
0.809762
0.379110
0.085883
0.502090
0.030443
0.120301
0.415017
0.485447
0.461150
0.656099
0.365391
0.365391
0.493724
0.854679
0.627566
0.184573
0.871626
0.791040
0.169138
0.358668
0.437670
0.176719
0.863239
0.092458
0.800443
0.837097
0.809762
0.332684
0.527703
0.675324
0.365391
0.365391
0.704356
0.618155
0.979264
0.665695
0.024883
0.165447
0.284965
0.733464
0.997555
0.445405
0.627566
0.752811
0.151331
0.943115
0.809762
0.510543
0.828101
0.415017
0.975882
0.393196
0.665695
0.646543
0.723765
0.063393
0.979264
0.910508
0.646543
0.791040
0.895620
0.339045
0.590279
0.165447
0.887831
0.887831
0.273894
0.910508
0.365391
0.665695
0.296374
0.000015
0.572025
0.176719
0.263158
0.132014
0.445405
0.608801
0.968145
0.308127
0.714060
0.141402
0.015895
0.723765
0.581117
0.068481
0.863239
0.791040
0.024167
0.854679
0.422476
0.112094
0.545196
0.036050
0.469159
0.196875
0.073913
0.572025
0.608801
0.339045
0.502090
0.694661
0.510543
0.132014
0.077734
0.453232
0.070252
0.085883
0.109463
0.279387
0.242664
0.126045
0.010932
0.502090
0.081722
0.314134
0.151331
0.279387
0.910508
0.314134
0.072062
0.400378
0.326412
0.502090
0.290627
0.263158
0.141402
0.386107
0.493724
0.320229
0.147960
0.172895
0.924389
0.781565
0.192703
0.743149
0.386107
0.205434
0.017952
0.675324
0.618155
0.101880
0.063393
0.132014
0.714060
0.290627
0.704356
0.008179
0.126045
0.879828
0.088029
0.257913
0.290627
0.791040
0.723765
0.072062
0.545196
0.158261
0.930921
0.132014
0.903184
0.519081
0.581117
0.871626
0.386107
0.791040
0.263158
0.437670
0.618155
0.469159
0.675324
0.352037
0.147960
0.684982
0.477258
0.028752
0.263158
0.752811
0.461150
0.009619
0.214287
0.126045
0.172895
0.172895
0.627566
0.879828
0.694661
0.228128
0.590279
0.871626
0.991590
0.000000
0.637030
0.000436
0.845961
0.599508
0.284965
0.656099
0.002121
0.581117
0.092458
0.572025
