0.026372
0.135085
0.445405
0.063393
0.845961
0.302207
0.037068
0.519081
0.895620
0.554062
0.079707
0.180612
0.453232
0.800443
0.809762
0.129001
0.075803
0.437670
0.999365
0.772028
0.704356
0.372205
0.066747
0.151331
0.314134
0.205434
0.943115
0.987535
0.781565
0.379110
0.018502
0.656099
0.075803
0.554062
0.581117
0.284965
0.943115
0.924389
0.132014
0.332684
0.386107
0.123145
0.563006
0.627566
0.937166
0.510543
0.214287
0.590279
0.188603
0.828101
0.237740
0.937166
0.129001
0.415017
0.023470
0.188603
0.314134
0.469159
0.101880
0.386107
0.400378
0.000000
0.762440
0.903184
0.014053
0.800443
0.828101
0.209823
0.302207
0.627566
0.809762
0.352037
0.590279
0.009017
0.581117
0.845961
0.871626
0.781565
0.493724
0.393196
0.800443
0.675324
0.656099
0.284965
0.055634
0.554062
0.352037
0.117512
0.743149
0.332684
0.009933
0.714060
0.252749
0.332684
0.704356
0.060185
0.477258
0.994616
0.871626
0.743149
0.502090
0.326412
0.993223
0.030443
0.637030
0.085883
0.493724
0.158261
0.047417
0.209823
0.590279
0.393196
0.895620
0.192703
0.581117
0.386107
0.930921
0.223438
0.214287
0.954088
0.393196
0.273894
0.469159
0.365391
0.684982
0.247667
0.704356
0.989700
0.903184
0.379110
0.581117
0.188603
0.590279
0.627566
0.527703
0.608801
0.879828
0.075803
0.144651
0.937166
0.055634
0.158261
0.365391
0.485447
0.263158
0.743149
0.599508
0.723765
0.063393
0.437670
0.386107
0.158261
0.332684
0.752811
0.296374
0.656099
0.982328
0.332684
0.863239
0.048708
0.437670
0.048708
0.809762
0.772028
0.694661
0.723765
0.120301
0.581117
0.144651
0.733464
0.104358
0.903184
0.637030
0.154764
0.502090
0.006491
0.656099
0.818985
0.263158
0.477258
0.954088
0.477258
0.910508
0.791040
0.180612
0.339045
0.132014
0.818985
0.141402
0.279387
0.943115
0.800443
0.147960
0.437670
0.930921
0.352037
0.050031
0.132014
0.903184
0.863239
0.088029
0.445405
0.646543
0.024167
0.192703
0.000146
0.379110
0.845961
0.192703
0.001001
0.279387
0.684982
0.031320
0.675324
0.263158
0.554062
0.733464
0.097073
0.910508
0.837097
0.358668
0.302207
0.169138
0.510543
0.948758
0.963785
0.665695
0.161822
0.752811
0.161822
0.704356
0.818985
0.038111
0.493724
0.684982
0.637030
0.430027
0.694661
0.675324
0.772028
0.002636
0.201118
0.097073
0.386107
0.218825
0.188603
0.129001
0.180612
0.581117
0.994616
0.339045
0.903184
0.101880
0.762440
0.050031
0.314134
0.101880
0.302207
0.044922
0.065052
0.296374
0.714060
0.493724
0.903184
0.743149
0.019647
0.704356
0.536409
0.326412
0.502090
0.242664
0.407651
0.379110
0.572025
0.437670
0.184573
0.665695
0.910508
0.694661
0.184573
0.837097
0.218825
0.400378
0.273894
0.665695
0.656099
0.871626
0.917581
0.536409
0.048708
0.637030
0.818985
0.176719
0.461150
0.097073
0.608801
0.205434
0.704356
0.060185
0.437670
0.477258
0.665695
0.781565
0.290627
0.279387
0.608801
0.781565
0.138214
0.393196
0.743149
0.129001
0.989700
0.372205
0.201118
0.895620
0.036050
0.536409
0.172895
0.554062
0.809762
0.477258
0.109463
0.268484
0.809762
0.099452
0.290627
0.887831
0.917581
0.879828
0.646543
0.047417
0.704356
0.599508
0.995789
0.791040
0.326412
0.445405
0.094742
0.415017
0.083781
0.837097
0.284965
0.129001
0.608801
0.694661
0.733464
0.599508
0.581117
0.554062
0.002453
0.743149
0.117512
0.461150
0.372205
0.184573
0.924389
0.129001
0.218825
0.141402
0.879828
0.209823
0.445405
0.502090
0.009314
0.510543
0.135085
0.563006
0.599508
0.461150
0.109463
0.791040
0.510543
0.637030
0.365391
0.563006
0.581117
0.028752
0.772028
0.009619
0.161822
0.379110
0.895620
0.536409
0.608801
0.493724
0.845961
0.665695
0.887831
0.477258
0.365391
0.998191
0.519081
0.232895
0.073913
0.386107
0.437670
0.837097
0.052768
0.554062
0.828101
0.781565
0.590279
0.201118
0.871626
0.752811
0.863239
0.618155
0.252749
0.963785
0.379110
0.029587
0.205434
0.519081
0.854679
0.879828
0.536409
0.879828
0.572025
0.154764
0.752811
0.379110
0.172895
0.818985
0.527703
0.762440
0.445405
0.257913
0.618155
0.545196
0.051384
0.998191
0.809762
0.895620
0.365391
0.800443
0.393196
0.772028
0.279387
0.910508
0.752811
0.618155
0.627566
0.762440
0.320229
0.684982
0.000002
0.791040
0.554062
0.637030
0.132014
0.332684
0.714060
0.837097
0.627566
0.519081
0.061771
0.017952
0.296374
0.326412
0.445405
0.581117
0.608801
0.030443
0.684982
0.871626
0.320229
0.502090
0.073913
0.563006
0.345496
0.386107
0.618155
0.599508
0.165447
0.284965
0.519081
0.752811
0.114776
0.284965
0.437670
0.055634
0.151331
0.196875
0.192703
0.684982
0.232895
0.003629
0.675324
0.094742
0.085883
0.072062
0.752811
0.937166
0.263158
0.085883
0.279387
0.733464
0.684982
0.358668
0.694661
0.192703
0.510543
0.339045
0.117512
0.284965
0.042543
0.903184
0.959098
0.214287
0.618155
0.314134
0.345496
0.138214
0.284965
0.665695
0.469159
0.039179
0.485447
0.684982
0.477258
0.845961
0.015415
0.161822
0.963785
0.047417
0.083781
0.158261
0.554062
0.800443
0.205434
0.608801
0.290627
0.854679
0.114776
0.887831
0.430027
0.608801
0.554062
0.063393
0.887831
0.237740
0.694661
0.502090
0.733464
0.781565
0.477258
0.180612
0.519081
0.302207
0.060185
0.386107
0.627566
0.172895
0.003892
0.151331
0.151331
0.393196
0.120301
0.828101
0.903184
0.502090
0.694661
0.196875
0.345496
0.743149
0.000000
0.752811
0.000578
0.599508
0.762440
0.684982
0.252749
0.000355
0.675324
0.085883
0.791040
