0.026372
0.161822
0.135085
0.252749
0.445405
0.887831
0.063393
0.092458
0.845961
0.554062
0.302207
0.158261
0.037068
0.079707
0.519081
0.302207
0.895620
0.887831
0.554062
0.879828
0.079707
0.001040
0.180612
0.314134
0.453232
0.284965
0.800443
0.694661
0.809762
0.572025
0.129001
0.400378
0.075803
0.129001
0.437670
0.296374
0.999365
0.959098
0.772028
0.762440
0.704356
0.247667
0.372205
0.818985
0.066747
0.176719
0.151331
0.138214
0.314134
0.694661
0.205434
0.135085
0.943115
0.987535
0.987535
0.948758
0.781565
0.828101
0.379110
0.320229
0.018502
0.024883
0.656099
0.627566
0.075803
0.079707
0.554062
0.228128
0.581117
0.485447
0.284965
0.352037
0.943115
0.837097
0.924389
0.871626
0.132014
0.120301
0.332684
0.665695
0.386107
0.407651
0.123145
0.477258
0.563006
0.675324
0.627566
0.372205
0.937166
0.854679
0.510543
0.762440
0.214287
0.590279
0.590279
0.887831
0.188603
0.030443
0.828101
0.924389
0.237740
0.214287
0.937166
0.743149
0.129001
0.046155
0.415017
0.469159
0.023470
0.013205
0.188603
0.144651
0.314134
0.147960
0.469159
0.437670
0.101880
0.493724
0.386107
0.218825
0.400378
0.284965
0.000000
0.000002
0.762440
0.279387
0.903184
0.863239
0.014053
0.024883
0.800443
0.358668
0.828101
0.510543
0.209823
0.075803
0.302207
0.252749
0.627566
0.284965
0.809762
0.510543
0.352037
0.477258
0.590279
0.308127
0.009017
0.028752
0.581117
0.209823
0.845961
0.714060
0.871626
0.845961
0.781565
0.379110
0.493724
0.637030
0.393196
0.917581
0.800443
0.393196
0.675324
0.800443
0.656099
0.572025
0.284965
0.165447
0.055634
0.034088
0.554062
0.871626
0.352037
0.809762
0.117512
0.151331
0.743149
0.791040
0.332684
0.572025
0.009933
0.009017
0.714060
0.948758
0.252749
0.154764
0.332684
0.024883
0.704356
0.684982
0.060185
0.066747
0.477258
0.665695
0.994616
0.943115
0.871626
0.845961
0.743149
0.903184
0.502090
0.781565
0.326412
0.242664
0.993223
0.863239
0.030443
0.041394
0.637030
0.704356
0.085883
0.147960
0.493724
0.608801
0.158261
0.445405
0.047417
0.070252
0.209823
0.151331
0.590279
0.910508
0.393196
0.393196
0.895620
0.608801
0.192703
0.218825
0.581117
0.572025
0.386107
0.461150
0.930921
0.991590
0.223438
0.228128
0.214287
0.646543
0.954088
0.863239
0.393196
0.493724
0.273894
0.809762
0.469159
0.445405
0.365391
0.743149
0.684982
0.510543
0.247667
0.545196
0.704356
0.714060
0.989700
0.930921
0.903184
0.510543
0.379110
0.581117
0.581117
0.828101
0.188603
0.536409
0.590279
0.599508
0.627566
0.400378
0.527703
0.141402
0.608801
0.937166
0.879828
0.694661
0.075803
0.005870
0.144651
0.147960
0.937166
0.704356
0.055634
0.176719
0.158261
0.104358
0.365391
0.141402
0.485447
0.694661
0.263158
0.268484
0.743149
0.937166
0.599508
0.332684
0.723765
0.985082
0.063393
0.192703
0.437670
0.590279
0.386107
0.205434
0.158261
0.257913
0.332684
0.201118
0.752811
0.704356
0.296374
0.109463
0.656099
0.154764
0.982328
0.684982
0.332684
0.400378
0.863239
0.743149
0.048708
0.047417
0.437670
0.477258
0.048708
0.046155
0.809762
0.809762
0.772028
0.493724
0.694661
0.214287
0.723765
0.791040
0.120301
0.284965
0.581117
0.218825
0.144651
0.320229
0.733464
0.379110
0.104358
0.079707
0.903184
0.982328
0.637030
0.326412
0.154764
0.114776
0.502090
0.581117
0.006491
0.060185
0.656099
0.871626
0.818985
0.510543
0.263158
0.161822
0.477258
0.675324
0.954088
0.828101
0.477258
0.618155
0.910508
0.903184
0.791040
0.781565
0.180612
0.184573
0.339045
0.461150
0.132014
0.218825
0.818985
0.618155
0.141402
0.120301
0.279387
0.104358
0.943115
0.618155
0.800443
0.527703
0.147960
0.088029
0.437670
0.493724
0.930921
0.837097
0.352037
0.563006
0.050031
0.061771
0.132014
0.079707
0.903184
0.837097
0.863239
0.572025
0.088029
0.237740
0.445405
0.519081
0.646543
0.694661
0.024167
0.022128
0.192703
0.205434
0.000146
0.073913
0.379110
0.723765
0.845961
0.665695
0.192703
0.415017
0.001001
0.001040
0.279387
0.372205
0.684982
0.937166
0.031320
0.129001
0.675324
0.365391
0.263158
0.223438
0.554062
0.903184
0.733464
0.972177
0.097073
0.079707
0.910508
0.924389
0.837097
0.477258
0.358668
0.126045
0.302207
0.407651
0.169138
0.314134
0.510543
0.453232
0.948758
0.800443
0.963785
0.781565
0.665695
0.772028
0.161822
0.090221
0.752811
0.314134
0.161822
0.214287
0.704356
0.665695
0.818985
0.752811
0.038111
0.022790
0.493724
0.161822
0.684982
0.563006
0.637030
0.485447
0.430027
0.879828
0.694661
0.268484
0.675324
0.290627
0.772028
0.818985
0.002636
0.002832
0.201118
0.290627
0.097073
0.036050
0.386107
0.572025
0.218825
0.209823
0.188603
0.063393
0.129001
0.147960
0.180612
0.237740
0.581117
0.845961
0.994616
0.975882
0.339045
0.527703
0.903184
0.581117
0.101880
0.257913
0.762440
0.223438
0.050031
0.066747
0.314134
0.205434
0.101880
0.088029
0.302207
0.057117
0.044922
0.025618
0.065052
0.209823
0.296374
0.209823
0.714060
0.910508
0.493724
0.627566
0.903184
0.910508
0.743149
0.694661
0.019647
0.057117
0.704356
0.781565
0.536409
0.563006
0.326412
0.422476
0.502090
0.684982
0.242664
0.161822
0.407651
0.828101
0.379110
0.477258
0.572025
0.545196
0.437670
0.493724
0.184573
0.352037
0.665695
0.675324
0.910508
0.572025
0.694661
0.279387
0.184573
0.314134
0.837097
0.863239
0.218825
0.144651
0.400378
0.599508
0.273894
0.694661
0.665695
0.365391
0.656099
0.135085
0.871626
0.809762
0.917581
0.762440
0.536409
0.563006
0.048708
0.196875
0.637030
0.599508
0.818985
0.415017
0.176719
0.079707
0.461150
0.723765
0.097073
0.141402
0.608801
0.791040
0.205434
0.527703
0.704356
0.675324
0.060185
0.070252
0.437670
0.545196
0.477258
0.781565
0.665695
0.296374
0.781565
0.493724
0.290627
0.415017
0.279387
0.268484
0.608801
0.536409
0.781565
0.358668
0.138214
0.637030
0.393196
0.809762
0.743149
0.527703
0.129001
0.358668
0.989700
0.968145
0.372205
0.180612
0.201118
0.151331
0.895620
0.837097
0.036050
0.017416
0.536409
0.845961
0.172895
0.252749
0.554062
0.453232
0.809762
0.704356
0.477258
0.519081
0.109463
0.094742
0.268484
0.599508
0.809762
0.704356
0.099452
0.223438
0.290627
0.723765
0.887831
0.917581
0.917581
0.665695
0.879828
0.572025
0.646543
0.461150
0.047417
0.027938
0.704356
0.302207
0.599508
0.263158
0.995789
0.993223
0.791040
0.979264
0.326412
0.135085
0.445405
0.296374
0.094742
0.129001
0.415017
0.581117
0.083781
0.415017
0.837097
0.618155
0.284965
0.627566
0.129001
0.563006
0.608801
0.365391
0.694661
0.445405
0.733464
0.963785
0.599508
0.453232
0.581117
0.854679
0.554062
0.762440
0.002453
0.001700
0.743149
0.910508
0.117512
0.104358
0.461150
0.684982
0.372205
0.800443
0.184573
0.114776
0.924389
0.995789
0.129001
0.618155
0.218825
0.461150
0.141402
0.554062
0.879828
0.372205
0.209823
0.290627
0.445405
0.656099
0.502090
0.352037
0.009314
0.007412
0.510543
0.242664
0.135085
0.032220
0.563006
0.201118
0.599508
0.196875
0.461150
0.302207
0.109463
0.339045
0.791040
0.407651
0.510543
0.184573
0.637030
0.903184
0.365391
0.519081
0.563006
0.809762
0.581117
0.379110
0.028752
0.085883
0.772028
0.502090
0.009619
0.030443
0.161822
0.120301
0.379110
0.415017
0.895620
0.485447
0.536409
0.461150
0.608801
0.656099
0.493724
0.365391
0.845961
0.365391
0.665695
0.493724
0.887831
0.854679
0.477258
0.627566
0.365391
0.184573
0.998191
0.871626
0.519081
0.791040
0.232895
0.169138
0.073913
0.358668
0.386107
0.437670
0.437670
0.176719
0.837097
0.863239
0.052768
0.092458
0.554062
0.800443
0.828101
0.837097
0.781565
0.809762
0.590279
0.332684
0.201118
0.527703
0.871626
0.675324
0.752811
0.365391
0.863239
0.365391
0.618155
0.704356
0.252749
0.618155
0.963785
0.979264
0.379110
0.665695
0.029587
0.024883
0.205434
0.165447
0.519081
0.284965
0.854679
0.733464
0.879828
0.997555
0.536409
0.445405
0.879828
0.627566
0.572025
0.752811
0.154764
0.151331
0.752811
0.943115
0.379110
0.809762
0.172895
0.510543
0.818985
0.828101
0.527703
0.415017
0.762440
0.975882
0.445405
0.393196
0.257913
0.665695
0.618155
0.646543
0.545196
0.723765
0.051384
0.063393
0.998191
0.979264
0.809762
0.910508
0.895620
0.646543
0.365391
0.791040
0.800443
0.895620
0.393196
0.339045
0.772028
0.590279
0.279387
0.165447
0.910508
0.887831
0.752811
0.887831
0.618155
0.273894
0.627566
0.910508
0.762440
0.365391
0.320229
0.665695
0.684982
0.296374
0.000002
0.000015
0.791040
0.572025
0.554062
0.176719
0.637030
0.263158
0.132014
0.132014
0.332684
0.445405
0.714060
0.608801
0.837097
0.968145
0.627566
0.308127
0.519081
0.714060
0.061771
0.141402
0.017952
0.015895
0.296374
0.723765
0.326412
0.581117
0.445405
0.068481
0.581117
0.863239
0.608801
0.791040
0.030443
0.024167
0.684982
0.854679
0.871626
0.422476
0.320229
0.112094
0.502090
0.545196
0.073913
0.036050
0.563006
0.469159
0.345496
0.196875
0.386107
0.073913
0.618155
0.572025
0.599508
0.608801
0.165447
0.339045
0.284965
0.502090
0.519081
0.694661
0.752811
0.510543
0.114776
0.132014
0.284965
0.077734
0.437670
0.453232
0.055634
0.070252
0.151331
0.085883
0.196875
0.109463
0.192703
0.279387
0.684982
0.242664
0.232895
0.126045
0.003629
0.010932
0.675324
0.502090
0.094742
0.081722
0.085883
0.314134
0.072062
0.151331
0.752811
0.279387
0.937166
0.910508
0.263158
0.314134
0.085883
0.072062
0.279387
0.400378
0.733464
0.326412
0.684982
0.502090
0.358668
0.290627
0.694661
0.263158
0.192703
0.141402
0.510543
0.386107
0.339045
0.493724
0.117512
0.320229
0.284965
0.147960
0.042543
0.172895
0.903184
0.924389
0.959098
0.781565
0.214287
0.192703
0.618155
0.743149
0.314134
0.386107
0.345496
0.205434
0.138214
0.017952
0.284965
0.675324
0.665695
0.618155
0.469159
0.101880
0.039179
0.063393
0.485447
0.132014
0.684982
0.714060
0.477258
0.290627
0.845961
0.704356
0.015415
0.008179
0.161822
0.126045
0.963785
0.879828
0.047417
0.088029
0.083781
0.257913
0.158261
0.290627
0.554062
0.791040
0.800443
0.723765
0.205434
0.072062
0.608801
0.545196
0.290627
0.158261
0.854679
0.930921
0.114776
0.132014
0.887831
0.903184
0.430027
0.519081
0.608801
0.581117
0.554062
0.871626
0.063393
0.386107
0.887831
0.791040
0.237740
0.263158
0.694661
0.437670
0.502090
0.618155
0.733464
0.469159
0.781565
0.675324
0.477258
0.352037
0.180612
0.147960
0.519081
0.684982
0.302207
0.477258
0.060185
0.028752
0.386107
0.263158
0.627566
0.752811
0.172895
0.461150
0.003892
0.009619
0.151331
0.214287
0.151331
0.126045
0.393196
0.172895
0.120301
0.172895
0.828101
0.627566
0.903184
0.879828
0.502090
0.694661
0.694661
0.228128
0.196875
0.590279
0.345496
0.871626
0.743149
0.991590
0.000000
0.000000
0.752811
0.637030
0.000578
0.000436
0.599508
0.845961
0.762440
0.599508
0.684982
0.284965
0.252749
0.656099
0.000355
0.002121
0.675324
0.581117
0.085883
0.092458
0.791040
0.572025
