0.010862
0.000014
0.455450
0.400272
0.387132
0.250491
0.915088
0.767097
0.132436
0.260393
0.158602
0.004634
0.387132
0.158602
0.713428
0.337254
0.188505
0.302688
0.073632
0.499499
0.222374
0.400272
0.455450
0.785253
0.126448
0.990548
0.499499
0.441268
0.499499
0.561576
0.045270
0.337254
0.441268
0.056474
0.036001
0.337254
0.990548
0.840387
0.010147
0.337254
0.126448
0.387132
0.349319
0.577659
0.514670
0.188505
0.302688
0.250491
0.260393
0.387132
0.915088
0.915088
0.013286
0.017254
0.004302
0.644058
0.455450
0.695834
0.260393
0.990548
0.387132
0.073632
0.188505
0.561576
0.840387
0.250491
0.514670
0.188505
0.499499
0.000474
0.858955
0.104582
0.713428
0.455450
0.713428
0.785253
0.499499
0.069895
0.561576
0.104582
0.627161
0.045270
0.022227
0.126448
0.104582
0.933908
0.337254
0.213524
0.561576
0.387132
0.013286
0.126448
0.915088
0.455450
0.767097
0.627161
0.010147
0.441268
0.990548
0.695834
0.387132
0.126448
0.840387
0.627161
0.302688
0.644058
0.858955
0.291709
0.400272
0.915088
0.104582
0.104582
0.858955
0.767097
0.337254
0.222374
0.250491
0.577659
0.073632
0.577659
0.577659
0.090243
0.126448
0.213524
0.180666
0.022227
0.387132
0.915088
0.400272
0.499499
0.644058
0.990548
0.010147
0.090243
0.499499
0.990548
0.858955
0.499499
0.069895
0.059610
0.126448
0.713428
0.188505
0.158602
0.695834
0.158602
0.158602
0.038152
0.349319
0.767097
0.400272
0.158602
0.561576
0.018396
0.644058
0.337254
0.577659
0.644058
0.222374
0.627161
0.561576
0.349319
0.006207
0.188505
0.455450
0.090243
0.109745
0.337254
0.017254
0.785253
0.302688
0.990548
0.151719
0.455450
0.213524
0.090243
0.455450
0.990548
0.337254
0.337254
0.915088
0.713428
0.514670
0.291709
0.213524
0.695834
0.337254
0.104582
0.400272
0.561576
0.441268
0.644058
0.073632
0.222374
0.644058
0.627161
0.250491
0.695834
0.695834
0.455450
0.577659
0.151719
0.045270
0.188505
0.561576
0.000014
0.627161
0.151719
0.695834
0.561576
0.400272
0.387132
0.695834
0.767097
0.785253
0.017254
0.132436
0.222374
0.337254
0.767097
0.767097
0.291709
0.785253
0.126448
0.695834
0.056474
0.713428
0.499499
0.561576
0.180666
0.126448
0.291709
0.085831
0.151719
0.785253
0.250491
0.441268
0.695834
0.337254
0.441268
0.695834
0.990548
0.990548
0.561576
0.291709
0.627161
0.441268
0.260393
0.337254
0.561576
0.013286
0.499499
0.250491
0.499499
0.441268
0.126448
0.085831
0.915088
0.400272
0.007686
0.291709
0.767097
0.561576
0.858955
0.337254
0.644058
0.767097
0.990548
0.455450
0.045270
0.104582
0.180666
0.499499
0.644058
0.349319
0.713428
0.180666
0.003431
0.915088
0.767097
0.291709
0.302688
0.387132
0.441268
0.933908
0.933908
0.109745
0.915088
0.499499
0.387132
0.302688
0.151719
0.713428
0.627161
0.337254
0.104582
0.695834
0.785253
0.627161
0.126448
0.561576
0.109745
0.260393
0.441268
0.104582
0.455450
0.644058
0.840387
0.627161
0.047878
0.499499
0.213524
0.785253
0.260393
0.104582
0.291709
0.222374
0.250491
0.213524
0.499499
0.499499
0.260393
0.441268
0.713428
0.695834
0.767097
0.627161
0.250491
0.577659
0.695834
0.018396
0.713428
0.915088
0.915088
0.767097
0.990548
0.785253
0.644058
0.499499
0.188505
0.499499
0.260393
0.250491
0.627161
0.104582
0.441268
0.858955
0.561576
0.933908
0.644058
0.785253
0.010147
0.109745
0.695834
0.990548
0.337254
0.090243
0.030159
0.038152
0.059610
0.008245
0.014194
0.933908
0.250491
0.767097
0.441268
0.188505
0.915088
0.713428
0.785253
0.188505
0.059610
0.188505
0.337254
0.090243
0.840387
0.767097
0.441268
0.047878
0.499499
0.644058
0.109745
0.036001
0.561576
0.644058
0.840387
0.441268
0.713428
0.627161
0.085831
0.561576
0.577659
0.840387
0.349319
0.767097
0.561576
0.441268
0.023650
0.933908
0.858955
0.767097
0.056474
0.001835
0.695834
0.151719
0.006207
0.455450
0.387132
0.222374
0.695834
0.933908
0.047878
0.056474
0.561576
0.695834
0.109745
0.017254
0.158602
0.349319
0.499499
0.785253
0.514670
0.915088
0.514670
0.499499
0.349319
0.400272
0.337254
0.858955
0.455450
0.915088
0.840387
0.126448
0.213524
0.337254
0.010147
0.933908
0.455450
0.713428
0.840387
0.695834
0.915088
0.056474
0.337254
0.561576
0.030159
0.644058
0.767097
0.561576
0.785253
0.337254
0.222374
0.045270
0.109745
0.000434
0.441268
0.188505
0.222374
0.030159
0.713428
0.627161
0.499499
0.990548
0.010862
0.222374
0.109745
0.644058
0.695834
0.158602
0.349319
0.577659
0.499499
0.028402
0.260393
0.349319
0.090243
0.010862
0.038152
0.018396
0.400272
0.126448
0.455450
0.455450
0.250491
0.933908
0.349319
0.337254
0.455450
0.291709
0.514670
0.695834
0.785253
0.561576
0.499499
0.056474
0.337254
0.151719
0.151719
0.514670
0.400272
0.085831
0.644058
0.514670
0.017254
0.915088
0.222374
0.441268
0.104582
0.222374
0.126448
0.400272
0.018396
0.180666
0.441268
0.499499
0.104582
0.441268
0.109745
0.069895
0.056474
0.644058
0.400272
0.132436
0.915088
0.400272
0.213524
0.090243
0.387132
0.627161
0.090243
0.933908
0.441268
0.627161
0.713428
0.132436
0.933908
0.337254
0.400272
0.260393
0.260393
0.933908
0.785253
0.023650
0.840387
0.387132
0.644058
0.008245
0.785253
0.045270
0.222374
0.349319
0.990548
0.222374
0.933908
0.695834
0.017254
0.514670
0.056474
0.441268
0.400272
0.291709
0.022227
0.577659
0.441268
0.858955
0.003431
0.188505
0.028402
0.627161
0.915088
0.577659
0.644058
0.767097
0.695834
0.151719
0.785253
